818,2020
713,2013
2305,291
700,1953
949,2293
1796,1239
1787,1403
931,1006
1295,1193
1359,1514
1794,1873
99,1755
2457,209
2491,758
549,1917
965,1503
657,1216
790,418
1639,2437
2208,1812
1263,1780
2171,1938
456,2117
1147,257
298,1891
1375,1080
1906,2320
2365,537
316,2134
1006,1999
1812,817
802,1176
2025,1829
306,1733
487,1728
840,835
345,1690
342,1188
509,998
594,926
2076,1608
1101,1590
464,2011
1917,201
759,1629
1221,2425
1067,834
2145,1550
2310,224
1275,2080
1973,857
1176,2004
798,1609
2104,1824
2324,1841
256,250
1001,2320
2130,365
408,914
756,1851
1037,1899
1219,1590
1671,1487
139,1117
1543,1393
1219,1432
1468,319
652,1983
185,1631
887,2191
2198,2287
1616,279
2367,220
950,1616
1744,352
1554,2292
1649,1854
2460,272
331,1159
138,497
2035,2002
2190,214
582,1823
1381,1837
346,1561
788,2266
891,569
842,1301
752,1335
420,2282
1047,1594
1881,841
1632,1858
518,708
778,1465
794,1921
1492,1330
553,472
2251,2394
1400,1234
1014,2368
2107,3
1256,2446
2477,1863
787,1887
382,2313
2032,62
826,1719
8,197
333,850
715,1307
96,366
1616,676
748,1664
1713,200
2251,1058
1289,395
2335,1999
2348,447
61,1052
2098,1372
1510,1815
2447,704
2104,2088
1295,1479
968,544
1891,394
985,2111
2269,2292
1129,2044
1832,2472
768,618
2111,2314
1412,2277
711,828
987,2319
2132,1637
1025,1741
566,2120
1650,883
554,1605
535,1849
675,1515
1178,2341
909,1748
1504,1094
2219,2497
730,2030
1782,2047
42,1601
1627,1727
875,2436
1447,1133
479,477
1447,1179
2344,1768
1207,767
112,2423
909,865
2397,720
1287,1933
1880,1090
1468,723
2002,179
950,603
2356,617
220,1140
2194,65
726,1258
1327,1983
1137,2225
1359,1568
860,1957
244,1826
2392,1607
2296,1746
1137,2170
553,2193
1402,1066
600,2151
2496,643
2225,2281
1787,891
182,2415
282,2004
1222,1008
2418,83
2348,2427
2034,1399
1268,2240
1416,518
1330,2445
1574,1678
108,42
1533,1486
1921,2157
249,1644
1022,1570
569,2002
1438,1072
1984,542
1198,2291
951,1955
1175,1954
866,1226
1976,313
467,1115
543,1377
702,1431
1843,481
1111,2042
2465,124
2265,2420
1406,1686
1380,2368
1014,2293
812,2020
425,834
2194,2122
2264,1245
620,1117
1781,1732
1645,2314
1218,800
1724,1469
1589,447
330,2117
1113,170
1517,1702
1773,1504
1085,1290
2189,2034
1777,1819
382,1902
39,928
2029,115
1554,92
2208,1920
1340,2285
2010,277
1780,1675
1471,490
675,1908
1308,711
2403,1244
368,1373
2080,350
1503,1630
2311,377
1566,1935
1783,1612
885,1506
1135,1958
1162,2384
1915,106
423,1271
2370,1887
477,1668
2132,443
2027,334
1,1938
933,1627
1478,1231
853,1964
1454,816
2470,67
211,1429
2335,1554
634,1905
2308,184
1707,2296
124,1609
472,2472
2058,2363
1388,405
1717,2031
1193,2424
1521,1565
1506,1029
2211,1269
1948,1874
764,2139
1754,163
1892,618
509,543
425,1275
802,1348
2378,1724
2048,1304
2333,1444
2192,2211
178,1281
600,1988
1005,1388
1295,1193
1623,2362
1597,1473
792,2226
948,1919
834,1117
923,1145
71,954
725,1693
2138,848
2428,1901
1307,1790
2051,1593
758,2359
1106,520
1899,535
2226,2209
256,1888
2495,2317
2402,840
1078,2059
1827,1865
621,541
951,1998
2119,1957
1127,1078
2031,2172
1777,1819
2493,2064
1115,1528
1301,967
2136,1499
1318,1447
1780,1675
1228,279
487,1853
1510,1626
1782,799
913,784
617,615
1950,1709
2185,907
1243,120
2167,2132
2241,40
669,1893
1321,2326
2206,7
516,1483
1935,458
2355,336
1784,724
225,1077
819,1419
1145,1741
2091,2016
1566,1935
844,1714
560,2314
2417,402
1460,223
808,1266
2423,225
1194,2154
464,1353
1355,1009
959,1325
2077,100
1580,1196
1954,1113
1840,2068
756,767
476,2199
51,1242
2083,1694
1261,1198
670,677
1035,998
1887,972
924,1992
1965,2443
1732,1056
1088,2103
938,436
2038,1141
767,1386
1008,1323
1695,1876
408,1149
1626,1610
1407,1299
2347,1280
1271,2048
1650,1672
2199,1713
1049,1718
1199,1767
812,2170
124,1503
1865,643
1907,2048
1992,1504
995,1800
61,1121
1484,1685
1701,1730
2484,298
1991,1632
2010,2109
994,1593
2359,582
358,211
751,2433
2496,165
139,2486
1050,2148
1707,1064
1382,1581
1125,1197
2035,1542
1125,78
2393,72
1015,1969
618,1944
1215,1473
2341,977
1102,1480
186,51
1160,386
1150,661
849,1898
724,1922
282,2499
967,2399
2165,1607
2003,2276
1141,2114
1799,599
1818,658
2449,1075
1324,1528
159,702
2256,322
762,679
924,147
1046,1135
969,917
2206,1976
2065,2498
1196,591
1506,1671
1035,748
1673,2491
2136,2160
1552,1281
1050,811
1799,2367
974,872
2035,1881
796,1342
973,1589
232,2160
2250,452
2207,612
906,1406
425,2149
2387,1639
944,2135
1611,598
2138,1854
1794,221
1145,1741
1008,1226
2323,1498
736,1277
1345,2268
1341,1313
787,1954
1968,1423
1934,2158
2091,173
1441,1461
1630,1397
1151,2450
2494,430
1794,1873
1458,576
2243,1936
1558,132
2176,1453
2064,1789
1899,791
1976,1950
2239,2260
1312,1473
2225,273
790,2432
717,1855
1487,977
227,2302
846,1376
1009,1322
909,1748
1601,859
383,1314
355,2395
1943,2493
2458,162
1715,998
1854,2395
756,1852
800,527
2104,1824
1738,1429
870,184
820,1424
1251,2390
1783,1612
1326,2234
107,2059
6,2092
1960,2210
1543,1305
2465,1365
300,1231
381,1853
857,1859
1777,1819
696,2401
2234,1408
160,2399
2165,236
2405,1417
1256,2258
431,116
2275,1145
919,2303
1064,2020
941,1409
996,1732
1142,2113
74,2349
1551,66
2173,770
2477,1968
1173,1792
472,1076
2098,223
2221,1870
1014,2293
97,1153
335,1399
373,135
785,2167
2150,1800
1372,607
2253,2063
951,1441
1064,1635
1279,329
149,889
1617,746
1337,1321
2233,1667
1471,490
2008,1843
887,630
1915,1534
2214,1141
1216,1078
2461,809
1417,709
886,972
2428,1901
1818,63
1930,1935
257,134
2060,1018
1199,1197
2081,2127
19,150
1944,721
851,1782
981,1292
2353,1615
1763,2307
1957,2307
304,296
435,2245
2413,127
2465,1634
1099,1854
889,2270
1071,1780
1943,1926
1693,29
839,2113
1662,423
319,90
2378,2253
1846,2213
1519,617
242,703
283,2455
833,1649
880,1576
1970,2054
1017,1285
2157,1344
593,1140
66,1948
1245,1148
1444,1291
521,2429
2036,1703
1062,873
1712,935
486,1243
1847,1854
2459,1177
711,1382
1057,600
1653,1364
2452,2100
2008,1843
8,1685
1462,99
1378,1426
1303,1419
201,2384
870,1588
1264,2142
814,2089
660,1374
1177,1679
1808,534
55,1825
775,851
1102,1406
962,319
2248,124
2243,735
248,1473
1601,34
1136,2169
2257,981
1002,2110
1268,2023
321,7
1783,1612
2315,1107
1568,317
1584,2253
958,2153
268,2398
1064,2022
1733,527
2424,2415
62,1147
596,1763
1908,1745
2030,2145
1671,557
1979,1572
1023,415
1881,26
653,1522
664,1706
1827,1865
97,283
2141,1828
1695,1876
1695,1876
1326,1014
1909,1381
775,57
1839,2058
1689,2208
1831,2337
633,1850
1252,926
578,713
1738,2413
1924,1702
1487,1381
2109,263
2398,1508
21,79
91,1342
597,1302
1874,2273
1816,1357
2426,494
219,153
1305,1608
2030,717
575,777
2477,1555
1672,832
975,2254
139,2317
1249,1855
334,1480
1827,1865
1024,1856
468,2037
1491,1812
850,936
1862,1684
1847,1866
1019,1909
1030,1940
2394,1580
854,1961
1229,2093
91,2022
531,2252
2249,2074
1004,2060
572,1709
674,1136
2066,2075
1007,2064
1924,1979
1574,573
2384,1030
696,544
976,189
2044,2455
981,463
1365,1603
1962,1353
1627,1727
1734,1571
264,1124
2433,2286
1186,1764
585,1051
215,2444
2062,610
1285,478
1823,894
1139,1240
430,391
1850,1266
2471,1923
1012,1660
944,639
1804,1689
1051,1346
356,1775
65,2465
2110,1724
2060,1948
2032,2260
1584,1314
2459,1998
1649,1854
876,1067
435,1774
2476,2190
2403,2039
1632,1858
614,2386
1725,1961
668,2204
2419,1545
2208,518
2048,44
990,665
745,1923
1381,215
698,1538
69,105
1549,364
1474,1517
2104,1824
1400,1137
1269,916
2035,1881
953,1186
2092,640
387,1560
1049,2148
1844,918
548,896
1162,1601
104,1767
1329,2218
2410,1917
945,1693
734,1046
797,1145
1925,2277
2361,636
2257,349
489,1165
1893,93
1788,1525
400,3
1547,1079
110,528
10,2002
679,2351
799,946
2134,2114
2222,2314
2455,1452
314,721
884,1780
1309,1899
1404,1606
2072,283
74,1579
2058,2079
1770,2273
560,1467
1732,2208
745,1173
1507,1028
2324,1839
14,1147
2291,2396
900,2389
757,2288
1973,1615
2268,591
314,1353
816,2087
2136,115
2358,787
2241,1185
912,2120
886,1806
593,263
975,2253
696,1181
1607,511
1116,119
799,700
668,1081
1663,1809
1520,1827
2026,2307
783,1588
406,2087
312,604
2190,856
1883,2058
944,2135
1487,389
2465,1603
1199,1197
123,727
2253,931
2390,2425
1222,192
2034,524
2300,1252
23,801
1012,578
2198,937
2008,1843
1615,814
1187,1072
1357,1288
1024,2392
663,1382
1255,729
1959,1765
990,100
988,239
697,1553
2388,1216
618,872
1304,1294
536,164
210,1353
869,2025
128,155
1719,1518
731,2299
2357,35
1569,1392
1032,1447
789,2223
424,1031
2496,512
1351,755
1448,1738
2418,1307
1758,2468
415,2009
1583,1629
2276,1324
897,2014
983,1129
1517,796
602,1516
383,2456
1007,1999
1560,628
1285,1128
1101,1640
903,270
235,2296
2453,773
975,1001
1875,2243
1792,1430
56,1440
1206,2478
2263,1537
2045,1361
415,1124
1057,28
1134,1461
1867,1936
41,155
2041,1476
1704,1270
818,2319
1064,192
2166,661
1358,444
1355,2420
160,1691
491,973
312,154
979,2153
975,1001
2499,1752
1670,1427
2087,1932
2030,491
2141,1828
2165,1042
1790,1489
963,1684
1125,2473
462,2433
427,687
1337,45
825,1716
1517,902
766,1506
42,1564
2351,1003
1854,1420
1520,166
1948,1874
1418,622
1168,910
1192,1545
1941,2412
1486,1480
941,1409
285,2350
2089,2171
1140,2480
1501,982
2461,892
609,1769
2314,1021
1648,1125
1872,2199
188,563
812,462
2293,918
1068,955
2304,2355
467,168
582,1823
2319,1075
2203,1520
2362,657
603,114
2125,2477
401,1734
1673,1787
666,190
2177,337
649,2065
945,2113
306,585
1398,1732
510,1277
1869,2114
305,950
2296,1593
618,2020
2332,368
950,1561
2121,1683
1919,1660
1922,1943
1537,1114
1132,1006
302,2248
1142,1990
2172,2020
148,1270
1343,1667
2089,721
594,1387
928,2109
1812,440
898,515
2457,666
1464,1018
2271,1773
2167,1933
1724,1193
944,1907
2358,779
2421,6
1408,495
706,1611
2281,1810
2414,1414
284,2004
961,1324
2193,554
1035,2458
798,270
1113,2407
521,1965
1243,2303
1110,1732
1946,1303
1592,1032
2099,2264
2412,335
1414,2282
879,1274
2365,537
958,1713
1337,568
235,1934
1674,1057
940,1072
1270,2496
1281,1670
34,1803
832,51
147,104
1798,1516
2139,717
603,1583
2370,1887
1494,1613
1536,1164
984,1082
293,1304
2363,1252
1595,1860
345,1072
584,2225
375,93
763,1429
1221,2426
1715,735
1557,1658
310,1449
2303,2476
141,658
1916,2123
750,48
2035,1881
515,1545
2361,1149
476,1396
1422,170
447,1900
1054,1098
337,1928
540,2019
2030,77
693,1817
1432,1405
575,2469
651,1618
1182,2251
1815,1010
2099,2493
1803,1311
2055,426
471,2354
228,1525
662,1305
1374,2499
2224,1574
1009,1322
927,1794
1633,1859
818,2020
1991,1429
898,749
732,1215
2377,933
1638,1195
512,1601
250,1589
2129,1915
2493,2273
2136,538
1525,456
485,1852
1076,656
702,1431
1150,249
1341,963
1420,2393
380,298
2045,2240
1114,1949
955,2054
1781,1732
2080,676
2413,2475
670,1776
700,422
1970,424
2403,2487
142,1382
2072,568
1258,1590
1833,730
1893,1284
1781,1732
1595,1118
2065,825
1080,266
1621,1808
891,2269
2237,1583
1984,750
656,2126
559,1349
2103,1468
196,1722
2315,1210
595,2056
397,1488
1149,310
195,2498
1488,978
408,1523
110,2426
1233,2462
1711,1060
2217,1331
1009,1784
595,679
2492,2447
504,2165
813,2167
1110,2068
771,233
1034,344
676,1486
84,1650
2451,1310
2131,745
1365,1761
390,2360
2298,745
909,2155
1683,1940
2300,58
2434,1724
1628,1246
2305,867
1866,442
647,454
726,584
2465,551
597,1654
954,1262
2195,1784
1411,1522
1460,1613
560,1103
122,1847
187,2233
1954,2332
869,2347
1639,2168
887,1375
2347,2499
338,1605
331,1851
666,1770
1993,1291
1797,1132
1578,2123
1665,2037
1142,1788
2129,466
429,1956
392,1700
2062,176
539,1980
825,315
1272,2109
1087,2185
690,58
2357,1542
745,2200
94,2267
2095,64
2043,864
922,815
274,190
1230,1040
1466,1659
432,1642
721,2245
2307,2036
681,492
154,2180
2178,496
1205,689
766,1782
1557,723
33,1455
2412,1170
1025,1540
1756,88
72,429
2214,1485
2135,426
2309,2120
2454,1285
1924,1818
321,1078
1834,977
787,1954
843,55
1345,175
2083,463
1235,880
2001,2492
198,1502
2082,2437
403,2010
222,1710
1071,1788
1922,1582
1042,2247
122,1847
2153,2290
2371,1789
309,1032
1649,154
369,1043
1889,2001
636,1414
588,1223
2286,1952
737,2096
1271,996
512,784
2245,1131
2276,1037
2202,245
1132,2322
376,2167
700,2395
992,83
2408,2133
1902,1844
2175,2177
2394,282
2257,510
2290,470
367,1426
1657,340
848,1666
1241,637
1379,1794
71,217
581,1173
1231,332
670,1406
2256,2195
2262,2244
413,2480
1184,1287
1237,1936
2361,2000
1662,1128
2379,2179
1428,919
2238,642
561,50
2116,1676
1081,1159
1021,1187
1345,318
545,1282
65,2286
1795,2147
886,814
2324,1841
818,167
1476,2294
2131,1913
507,1788
1263,1780
2213,676
488,1727
723,1092
2130,2016
1854,1627
2243,1845
496,72
249,609
794,1922
548,950
649,1076
949,2428
2136,1757
1596,1280
1607,562
714,1715
2435,1924
176,1483
2276,822
1976,1687
1909,2474
168,1554
602,2274
622,820
870,1192
1119,952
1376,863
962,1547
1355,2042
378,460
726,964
1926,566
1100,1544
1922,2389
1183,1288
2342,2289
1634,1107
692,1511
2335,300
1747,1487
467,801
1943,757
1124,778
1726,1329
1786,696
80,37
648,989
1086,1925
1845,613
808,1010
1831,349
1433,30
885,1506
626,2233
1923,292
2234,2353
2075,1973
1729,440
1938,154
5,1501
1102,1406
2104,614
403,172
2457,707
538,1231
273,2156
616,2416
2198,401
2103,1536
2059,2282
648,245
1369,1491
1194,2154
2041,360
2385,482
2219,435
2172,681
848,2299
1213,1735
2445,2355
2214,1694
2139,2369
785,1532
21,973
1882,991
1584,485
2319,117
1246,27
1953,2082
685,2293
2358,2201
1702,655
652,1514
2225,2416
2324,1224
741,2202
2164,1942
895,1837
1917,2350
1083,1290
1519,213
2150,2441
1332,793
1438,2335
2359,2339
2395,1783
1136,1866
250,532
1714,379
1687,74
454,1179
2360,2176
1365,1603
1127,1908
1249,1984
1721,860
809,2438
826,2239
1923,339
2368,168
484,1931
1229,1347
900,1237
1215,1473
1215,2033
1213,2028
1372,1638
2035,1769
161,973
2199,1713
858,684
1090,1109
519,1871
2411,2321
1184,1819
109,1
824,15
1289,1072
1905,1467
887,2084
1101,1962
1305,1855
2408,308
1637,1536
2143,1289
1828,279
2005,611
440,1854
1666,1230
2106,695
1234,2377
2354,1348
2245,1436
1956,245
349,2272
88,2159
1793,1875
593,353
9,2000
924,63
1673,1787
741,1673
2349,2065
2306,1606
1913,2200
2324,1625
1135,852
2053,1818
1432,1797
1584,898
