2461,2487
2408,2061
2310,2286
2442,1842
2406,1908
2319,2023
2164,2366
2213,2146
2151,2091
2200,2228
2295,1790
2352,1421
2254,1469
2467,1542
2322,1567
2245,1344
2353,981
1965,2431
1966,2364
2369,2475
2395,2418
1985,2156
1964,2163
1989,2235
1948,2297
1995,1948
1872,2437
1846,2144
1871,2293
1864,2214
1850,2072
1734,2260
2069,1497
1967,1340
2155,1352
1042,2229
334,2451
429,2189
512,2044
394,2396
154,2332
260,2476
97,2271
243,2399
2368,583
2373,192
2428,2361
2161,951
2183,1075
2132,616
2147,575
2195,747
2177,143
2123,98
1607,1466
1598,1385
1836,1285
1810,1364
1516,1378
1721,1416
1901,702
1924,554
1957,201
1911,115
1548,522
1659,634
1575,420
1697,470
1652,228
1655,87
1688,325
1251,812
1121,586
1293,907
1162,966
1119,716
1238,704
1099,803
1372,309
1394,268
1234,225
1294,196
1360,140
2326,2483
1017,642
1094,416
1080,177
1064,303
1108,55
803,814
822,595
774,904
879,900
891,444
715,1114
159,1701
74,1890
577,944
583,755
948,164
891,129
418,1160
433,983
426,713
467,635
482,741
733,217
709,262
660,275
674,337
679,69
755,119
484,243
507,53
2260,2460
291,1006
314,899
183,1317
74,1286
85,1367
206,967
168,1008
86,802
95,970
296,569
270,258
247,396
292,57
234,108
100,589
52,567
2189,2470
103,133
79,132
2453,2314
2384,2293
2429,2207
