517,213,1730.888916
519,215,1758.145386
519,216,162.680008
534,217,176.423477
521,218,273.066956
484,221,107.501984
488,221,134.231384
489,221,160.531158
492,225,116.027679
493,225,272.688477
493,226,109.144791
440,227,225.896805
439,228,480.220245
450,229,1563.420044
537,256,108.899483
534,257,154.754929
538,257,107.522293
539,257,218.504211
540,257,172.383896
538,260,113.799408
539,263,108.799484
541,264,132.69989
543,265,286.59906
543,266,113.799408
543,267,113.799408
543,268,113.799408
546,269,219.055557
547,270,289.142853
437,191,154.238983
