284,2464,226.449448
282,2465,680.426575
289,2468,179.12529
206,2471,186.806946
250,2475,102.767944
251,2476,108.386009
251,2477,149.419418
252,2477,145.23938
251,2478,129.261383
251,2479,144.429443
251,2480,128.337769
252,2480,205.777985
252,2481,154.475235
268,2481,148.464645
269,2481,181.217346
253,2482,658.841248
268,2482,103.382523
269,2482,164.591919
254,2483,139.219437
269,2488,123.765106
270,2488,181.402176
254,2494,102.237946
282,2499,106.518349
253,2262,154.122299
222,2264,160.040405
220,2269,134.306747
221,2269,122.225471
181,2280,512.765686
182,2280,494.35498
169,2281,169.700897
170,2281,200.824234
171,2281,103.235107
172,2281,101.14222
173,2281,159.030533
174,2281,134.098328
207,2321,114.885063
197,2323,162.444931
186,2324,497.443298
254,2356,252.879639
278,2356,259.462799
232,2357,159.098923
233,2357,127.171295
232,2358,152.580109
190,2359,215.770844
232,2359,101.049622
233,2359,134.921692
239,2359,217.375549
232,2360,143.62088
233,2360,420.167938
234,2360,203.900284
235,2360,202.960007
236,2360,183.046616
237,2360,105.708817
243,2360,164.876495
244,2360,419.582581
231,2361,441.14566
232,2361,229.013519
233,2361,224.528809
234,2361,135.624908
235,2361,182.843735
236,2361,245.11142
237,2361,149.009583
231,2362,337.319702
232,2362,214.087784
233,2362,238.77948
234,2362,372.454041
235,2362,682.569275
199,2363,268.827576
231,2363,206.997696
232,2363,227.794922
233,2363,100.692009
234,2363,201.971344
201,2364,135.913712
202,2364,104.448418
203,2364,105.639442
204,2364,194.854889
205,2364,142.961395
231,2364,167.500916
232,2364,158.371185
234,2364,145.741714
201,2365,289.781525
205,2365,215.223877
231,2365,171.685532
232,2365,225.863159
231,2366,274.269989
232,2366,135.317734
232,2367,305.687195
233,2367,316.20813
204,2373,110.220245
205,2373,224.069839
253,2377,121.75425
254,2377,142.860626
246,2381,377.7771
244,2382,239.399918
246,2382,226.063705
247,2382,101.034904
246,2383,401.012695
200,2386,140.528473
201,2386,312.001831
201,2387,3332.876465
201,2388,1557.545654
246,2390,761.854126
217,2392,163.704056
217,2393,160.813232
239,2393,601.775696
240,2393,235.111633
241,2393,334.620605
233,2394,197.765182
236,2394,140.571655
237,2394,185.86235
238,2394,180.102234
239,2394,211.437241
240,2394,233.055405
241,2394,147.246628
242,2394,234.274414
243,2395,266.71698
269,2396,200.656036
157,2398,210.729492
158,2398,106.09935
159,2398,192.241653
157,2399,245.969925
226,2407,295.49588
227,2407,434.579865
231,2407,996.862061
230,2408,102.111984
235,2408,247.045868
239,2408,124.243248
239,2409,318.450653
240,2409,423.271667
237,2410,128.302505
239,2410,263.53949
240,2410,479.680328
241,2410,741.569824
239,2411,492.862274
240,2411,359.494141
287,2411,140.96759
239,2412,116.220726
240,2412,165.569687
288,2412,214.575989
239,2413,164.343109
240,2413,184.053101
251,2413,157.723297
291,2413,164.045944
292,2413,158.073273
251,2414,364.357086
292,2414,176.766739
216,2415,794.723267
217,2415,348.049133
251,2415,135.324387
290,2415,1089.565674
217,2416,470.946838
218,2416,293.910278
219,2416,112.701797
290,2416,200.027512
216,2417,440.238129
217,2417,350.31781
218,2417,194.03212
219,2417,199.508179
290,2417,198.81395
217,2418,462.248688
218,2418,242.227509
219,2418,152.987305
217,2419,381.008484
218,2419,379.242798
219,2419,186.888824
217,2420,426.294983
218,2420,271.939575
286,2420,391.669983
287,2420,198.264252
217,2421,327.047333
218,2421,269.862976
219,2421,110.62188
286,2421,547.858154
287,2421,205.625534
289,2421,716.949829
217,2422,383.714783
218,2422,449.088562
286,2422,353.434845
287,2422,277.743713
216,2423,252.263214
217,2423,489.58078
291,2423,295.156555
165,2424,490.770874
203,2424,102.676971
208,2424,390.597778
219,2424,319.09198
220,2424,161.885086
290,2424,221.646729
291,2424,202.620331
291,2425,438.262543
289,2426,263.474884
290,2426,197.308197
244,2427,101.689621
276,2428,1110.691406
159,2429,231.113373
160,2429,135.1931
161,2429,149.819122
