2134,2460,101.88089
2137,2460,110.208023
2138,2460,161.062912
2141,2462,148.699371
2100,2463,262.519745
2128,2463,353.955719
2100,2465,414.508453
2107,2465,241.483002
2142,2466,165.408966
2101,2469,169.490509
2101,2470,138.025665
2188,2475,115.090591
2192,2475,200.775711
2188,2477,194.185028
2148,2497,105.619293
2118,2292,121.186081
2201,2313,401.94873
2190,2316,173.685318
2198,2316,109.69857
2195,2317,293.680817
2197,2317,171.46077
2102,2344,193.091293
2103,2345,127.664932
2200,2345,102.104424
2169,2360,136.705109
2169,2361,454.517914
2170,2361,155.178268
2170,2362,165.271255
2173,2363,190.975128
2147,2365,101.024902
2102,2367,188.849289
2208,2374,618.804199
2200,2375,114.060936
2185,2376,208.456924
2189,2376,113.567009
2187,2377,110.089302
2210,2377,119.558609
2178,2381,105.519104
2099,2386,101.363258
2208,2391,169.80249
2210,2391,233.766708
2098,2400,109.847443
