713,440,377.540222
713,441,204.232956
713,443,196.867035
713,444,132.751053
712,446,106.105911
714,454,2654.747803
715,454,1378.649902
716,454,1229.203857
717,454,1265.889526
700,455,654.357849
701,455,621.306763
702,455,561.302673
703,455,486.120758
704,455,488.642944
709,455,904.247864
710,455,1012.659668
711,455,1474.092163
712,455,1237.120605
713,455,1334.964722
714,455,1205.693359
715,455,559.716614
716,455,454.728699
717,455,1004.33252
718,455,506.93515
702,456,164.49617
703,456,139.326752
705,456,113.246101
706,456,103.043365
707,456,132.007904
708,456,162.298355
710,456,120.46067
711,456,136.191299
712,456,192.853516
713,456,218.798828
714,456,228.106369
715,456,110.729126
716,456,235.800919
717,456,112.697098
718,456,487.188843
715,457,102.854271
716,457,123.505905
718,457,371.066132
715,458,227.349609
716,458,120.570885
717,458,230.284897
718,458,268.427826
706,468,100.518158
711,469,109.240532
712,469,179.355835
713,469,210.274918
714,469,197.505295
717,469,159.943985
