1961,1901,126.272903
1979,1907,214.69342
1979,1908,230.194885
1979,1913,221.857849
1980,1913,102.30439
1979,1914,348.90741
1980,1914,141.53006
1947,1915,436.921204
1979,1915,247.754242
1983,1916,280.357697
1987,1917,118.727341
1988,1917,146.443085
1990,1917,201.741928
1992,1917,217.941025
1993,1917,196.675446
1994,1917,201.291534
1995,1917,121.625122
1994,1918,338.441284
1995,1918,342.894257
1997,1918,254.448929
1998,1918,312.278381
1999,1918,268.644226
2000,1918,244.960327
2001,1918,214.387085
2002,1918,184.784164
2003,1918,239.62262
2004,1918,210.610016
2005,1918,196.579163
1999,1919,357.993439
2000,1919,526.59137
2003,1919,666.860962
2004,1919,333.89917
2005,1919,657.372742
2006,1919,216.212067
2008,1920,104.09507
1982,1951,269.47229
1983,1951,138.174393
1980,1952,172.893158
1983,1952,372.108856
1948,1958,2692.553223
2007,1961,412.626709
2008,1961,112.322998
2008,1962,283.871246
1980,1981,191.913071
1961,1982,113.753845
1981,1982,205.064728
1982,1982,237.715576
1977,1985,240.233719
1975,1986,143.066635
1975,1988,136.145798
1976,1988,111.1483
1976,1991,262.327576
1977,1991,127.646896
1977,1992,113.828392
2011,1992,102.574356
2011,1993,101.388733
1978,1994,105.611519
2011,1994,285.405182
1978,1996,172.530228
1979,1996,123.199036
1938,2008,234.145203
1939,2008,106.717789
1938,2009,234.27887
1939,2009,106.717789
1961,2050,111.840355
1981,2054,180.65712
