1381,1167,423.592743
1381,1168,3296.608887
1373,1176,1336.488647
1319,1183,3622.564941
1320,1183,310.273132
1280,889,115.469147
1409,1213,266.504883
1416,1213,261.977356
1408,1214,529.301392
1409,1214,241.500137
1410,1214,112.585007
1409,1215,221.235001
1410,1215,109.694321
1415,1215,118.390144
1285,900,109.981216
1408,1216,849.871338
1409,1216,154.713776
1411,1216,347.435486
1408,1217,887.649902
1409,1217,227.23938
1285,902,216.221252
1286,902,184.709946
1408,1218,347.041779
1409,1218,143.177994
1289,903,112.849838
1290,903,427.447968
1306,904,116.479767
1307,904,175.500015
1308,904,174.727448
1409,1219,509.681702
1410,1219,119.740829
1409,1220,315.083557
1410,1220,131.707947
1408,1221,200.19902
1316,908,102.735825
1317,908,107.908386
1319,908,173.931625
1320,908,220.214005
1320,909,126.847229
1321,909,147.005859
1407,1223,326.311737
1408,1223,444.601807
1409,1223,166.85788
1274,911,128.858078
1409,1224,207.794968
1410,1224,210.593887
1412,1224,164.089203
1314,921,132.738815
1314,922,248.150131
1315,922,411.666687
1316,922,222.112701
1313,923,290.406036
1288,924,200.619141
1318,924,213.096802
1319,924,548.004211
1320,924,116.968399
1319,925,439.807831
1304,926,147.02533
1305,927,137.467865
1304,928,139.471878
1305,928,1983.663696
1274,929,302.777344
1275,929,104.656662
1304,929,108.088539
1305,929,449.763153
1304,930,267.994812
1289,932,117.853455
1290,932,120.390404
1291,932,109.549423
1292,932,180.412796
1293,932,222.507324
1224,936,336.008179
1323,936,302.608734
1269,951,101.287094
1270,951,109.662697
1227,961,732.576965
1402,961,126.253937
1404,961,144.383347
1406,961,162.786133
1281,962,128.427887
1410,962,1469.862305
1411,962,1525.94458
1227,963,256.446991
1281,963,238.049072
1227,964,131.584778
1227,965,250.381805
1264,966,597.067993
1265,967,350.022308
1264,968,161.353195
1265,969,281.671936
1226,970,581.179199
1264,970,233.846375
1425,970,219.850815
1426,970,546.165894
1222,971,299.91922
1227,971,303.786499
1418,971,110.55117
1264,975,308.705231
1400,982,207.150635
1401,982,185.831085
1401,983,214.134552
1268,985,180.201965
1251,986,376.884033
1268,986,127.615448
1269,986,128.148056
1270,986,111.244583
1262,987,142.456116
1252,988,924.535767
1393,990,651.359863
1271,993,160.659164
1293,994,217.789047
1294,994,122.863823
1293,995,311.819489
1258,1009,128.608749
1263,1010,401.731903
1258,1011,129.498703
1290,1013,108.674767
1218,1017,3104.640137
1216,1018,4105.583984
1298,1021,208.521347
1298,1022,216.57251
1368,1026,182.928558
1323,1028,741.384583
1314,1045,148.977051
1315,1045,138.047607
1316,1045,230.666672
1217,1059,2514.248535
1217,1060,4530.142578
1218,1060,6228.681152
1219,1060,2519.897949
1221,1060,3242.399902
1222,1060,1752.026855
1225,1060,3736.647461
1226,1060,1644.644165
1217,1061,4143.960449
1218,1061,4428.70752
1246,1068,3547.348389
1245,1069,944.322754
1232,1080,1049.065186
1357,1086,20138.017578
1221,1095,384.992676
1222,1096,520.494629
1338,1124,8126.308105
1314,1125,14569.311523
1292,1126,1620.124023
1381,1127,875.966919
1382,1127,912.363953
1383,1127,809.775574
1384,1127,538.771973
1215,809,110.370613
1375,1145,190.007065
1374,1146,559.222961
1373,1147,389.429596
1372,1148,1331.113281
1297,1154,2354.013672
1298,1154,3325.886963
1299,1154,2373.471924
1393,1161,110.454819
