564,848,124.519508
570,848,101.739471
586,848,347.842651
586,849,525.777344
586,850,506.493591
567,724,495.036774
568,724,184.64447
566,725,399.671295
567,725,340.803314
568,725,166.112152
564,726,840.805054
565,726,414.586365
566,726,277.442627
567,726,107.978317
565,727,515.420471
566,727,249.879333
567,727,153.3284
566,728,569.999451
567,728,187.583191
566,729,635.850403
568,734,126.921059
541,736,977.588379
567,736,112.657326
566,737,120.900833
565,738,102.091705
568,738,1022.116882
563,739,487.916962
564,739,265.117493
564,740,351.251556
565,740,128.262146
565,741,216.842621
566,741,140.958572
566,742,147.039215
567,742,105.160286
568,743,374.019073
584,743,176.925385
585,743,183.796249
586,743,139.416046
546,744,237.703201
583,744,331.493256
584,744,279.667236
585,744,302.374298
586,744,116.121605
585,745,278.698486
586,745,191.485779
588,745,100.866585
589,745,321.382385
545,746,153.343903
585,746,236.282196
586,746,216.851166
587,746,190.120712
545,747,717.612732
587,747,259.9729
545,748,549.203247
588,748,191.091507
545,749,149.26709
585,749,105.942589
586,749,105.421539
587,749,122.03595
588,749,207.97197
587,750,156.216599
545,751,119.001251
587,751,116.142021
590,752,615.798767
591,753,252.646286
547,754,139.121277
588,755,250.667938
588,757,384.798462
600,761,203.883713
604,761,107.974083
600,762,222.322342
602,762,684.322632
603,762,302.408447
604,762,107.323891
605,762,350.216736
603,763,633.662537
604,763,292.769501
605,763,329.094025
606,763,549.574585
605,764,432.477081
605,765,126.564018
605,766,211.253647
605,767,193.429596
604,768,319.445099
605,768,132.928375
606,768,198.236252
608,768,393.143188
604,769,309.896271
605,770,454.882751
607,770,100.523094
608,770,132.438644
609,770,252.683945
602,771,252.89064
607,771,116.055077
608,771,155.092957
609,771,305.362549
608,772,102.519676
609,772,262.875763
610,772,549.058472
602,773,148.101776
607,773,748.676086
608,773,111.482239
609,773,249.757599
610,773,659.675842
609,774,213.165237
610,774,464.219147
605,775,107.194313
609,775,245.465836
610,775,569.789917
603,776,302.64917
604,776,197.340591
605,776,427.422546
606,776,132.147797
608,776,147.787369
609,776,342.949371
610,776,548.227722
604,777,828.618042
606,777,374.449799
607,777,173.512268
609,777,233.982773
610,777,607.859619
607,778,111.010902
609,778,189.184036
608,779,106.929077
616,790,186.794922
596,801,103.959747
597,801,331.304779
579,802,140.790756
581,802,160.476822
596,802,201.382141
597,802,128.740387
579,803,176.97345
580,803,452.522614
581,803,245.166809
582,803,128.449203
594,803,154.284622
595,803,625.594604
596,803,247.039764
579,804,146.8116
580,804,657.717346
610,804,373.258423
611,804,215.771759
580,805,813.509155
610,805,332.548279
608,807,110.148232
564,810,167.378204
622,819,371.918213
567,823,111.256126
577,825,265.503906
579,826,3165.928223
593,826,162.57222
593,827,214.945679
592,828,100.478409
619,828,307.627075
550,842,103.827385
551,842,232.324783
586,847,858.167725
