66,1486,140.58139
67,1486,140.518829
531,1487,346.943726
531,1488,157.344986
361,1490,139.678116
394,1492,159.043274
245,1493,337.827332
382,1493,299.943848
383,1493,702.973877
387,1493,526.555542
244,1494,1174.849854
381,1494,372.245361
382,1494,535.230225
383,1494,1025.692993
382,1495,800.938293
383,1495,739.466248
370,1496,315.186127
371,1496,429.838837
373,1496,123.05674
376,1496,304.980133
382,1496,921.349365
383,1496,762.59491
0,1814,316.070496
1,1814,896.836792
2,1814,328.796997
3,1814,421.865112
4,1814,203.988998
5,1814,727.965454
6,1814,297.088867
7,1814,299.068848
8,1814,263.284058
9,1814,152.052765
10,1814,879.728699
369,1497,120.942368
370,1497,1030.751221
371,1497,941.898987
372,1497,164.735596
373,1497,104.196106
383,1497,121.495682
384,1497,403.688263
1,1815,431.152618
2,1815,119.644241
3,1815,123.547569
4,1815,273.283875
5,1815,204.670471
6,1815,145.55928
7,1815,157.41452
8,1815,160.870667
9,1815,101.604187
1,1816,100.616631
4,1816,156.51033
5,1816,102.303871
8,1816,128.364349
7,1818,286.157471
6,1819,215.36824
7,1819,291.220245
6,1820,331.045776
7,1820,249.930115
8,1820,364.677979
9,1820,463.145752
6,1821,159.543411
7,1821,236.011078
7,1822,110.797142
8,1822,220.432999
9,1822,562.210999
6,1823,198.606995
8,1823,262.252136
6,1824,190.793259
7,1824,288.059814
8,1824,118.676079
9,1824,288.625732
7,1825,255.832214
73,1518,313.523468
59,1552,148.286285
60,1552,309.98172
61,1553,106.467346
53,1556,584.284241
47,1558,240.21048
55,1558,216.496658
47,1559,133.746323
47,1560,179.130997
56,1561,115.963402
58,1561,111.03392
48,1562,278.637665
49,1562,157.646851
50,1562,110.585243
4,1875,429.917725
44,1563,127.999039
45,1563,117.482712
45,1564,394.00119
9,1879,149.061584
59,1882,209.512497
71,1886,144.122955
76,1886,598.364807
85,1886,210.678726
86,1886,187.075653
87,1886,242.941101
62,1887,102.521523
68,1887,101.948906
70,1887,127.614532
71,1887,112.957413
72,1887,122.623009
73,1887,129.577896
77,1887,317.803223
78,1887,171.740982
79,1887,120.666252
80,1887,116.659805
81,1887,115.585648
82,1887,124.215675
83,1887,171.674942
84,1887,323.917236
85,1887,150.064041
86,1887,175.505585
92,1887,182.233948
93,1887,131.39241
94,1887,192.678635
96,1887,176.367325
97,1887,220.81871
99,1887,162.64064
100,1887,110.024612
64,1888,334.259216
65,1888,239.739166
66,1888,262.679169
67,1888,237.875137
77,1888,144.639984
4,1579,324.110504
7,1579,635.713989
8,1579,458.295135
9,1579,399.392151
74,1579,150.520401
75,1579,158.578857
48,1585,149.082794
104,1909,120.28231
102,1919,108.493126
79,1608,154.521866
80,1608,159.807419
44,1619,648.496582
45,1619,264.083344
46,1619,330.145508
46,1620,101.761429
49,1620,104.758728
80,1620,110.128159
81,1620,328.858612
82,1620,223.287384
84,1620,110.655174
50,1622,201.912979
50,1624,344.524139
49,1637,212.05365
53,1637,121.439972
54,1637,164.66684
56,1637,328.908081
47,1638,235.824783
65,1638,252.772614
67,1638,155.049072
58,1639,299.542694
65,1639,190.880081
58,1640,110.471046
59,1640,172.224045
59,1641,389.859558
46,1644,149.120636
47,1644,149.80394
59,1645,371.01239
25,1956,137.236618
26,1956,143.452759
26,1957,282.189117
27,1957,418.880096
22,1958,539.323181
23,1958,600.999084
27,1958,120.826859
28,1958,217.586426
21,1959,341.627075
22,1959,203.35994
23,1959,136.043411
28,1959,117.73999
21,1960,157.993301
51,1653,108.224892
53,1653,151.004944
57,1653,117.333961
31,1655,204.466888
40,1655,101.449989
40,1656,119.069664
64,1656,142.759018
65,1656,841.368164
40,1657,104.128006
40,1659,456.47876
40,1660,372.504608
53,1660,369.580505
40,1661,306.856171
40,1662,521.872131
33,1670,636.927063
34,1670,244.753174
8,1679,434.563324
9,1679,128.09314
10,1679,159.716843
79,1679,485.192627
9,1680,164.147842
9,1681,405.717194
66,1685,168.684296
8,1691,208.0401
8,1692,561.417786
8,1693,282.946838
8,1702,423.209381
6,1703,478.815125
6,1704,209.920929
7,1704,229.107101
7,1705,249.483246
7,1706,195.880066
8,1708,100.28698
8,1710,122.325943
80,2024,5315.397949
66,1735,104.517448
6,1738,225.392593
6,1739,148.358963
6,1740,164.182968
0,1742,152.607452
104,1423,200.438019
106,1423,227.150406
107,1423,436.524231
108,1423,423.152863
464,1424,208.699768
4,1743,111.528336
32,1746,1263.023926
33,1746,161.494781
34,1746,657.62262
38,1746,184.221268
70,1746,149.561951
38,1747,428.573761
7,1748,128.770111
38,1748,135.281128
296,1430,384.423645
7,1749,168.130203
8,1749,208.182327
7,1750,244.84494
8,1750,546.713257
38,1750,247.020767
6,1751,206.240158
8,1751,415.813904
366,1434,541.640076
351,1435,276.321838
352,1435,702.669006
353,1435,212.489838
355,1435,366.9263
356,1435,339.632019
357,1435,455.733704
361,1435,820.967773
34,1754,101.198174
35,1754,102.779465
351,1436,714.05542
352,1436,524.786255
353,1436,169.734177
354,1436,154.827911
355,1436,664.707458
34,1755,120.946754
34,1756,317.625824
34,1757,297.097046
34,1758,183.317474
33,1759,212.68721
34,1759,458.48642
10,1760,228.837936
33,1760,212.68721
34,1760,708.168945
10,1761,120.299423
11,1761,172.631866
33,1761,216.062866
34,1761,647.447449
35,1761,202.960205
36,1761,145.477631
88,1761,525.241699
108,1444,128.31131
120,1444,452.917175
10,1762,169.717041
33,1762,194.273407
34,1762,373.992188
35,1762,431.57428
40,1762,351.323639
74,1762,102.475632
76,1762,765.768127
10,1763,292.056458
34,1763,236.948654
41,1763,180.549484
48,1763,334.412811
56,1763,284.257629
184,1445,298.879669
9,1764,406.578583
10,1764,301.00946
41,1764,209.509842
122,1446,491.21524
170,1446,189.025574
182,1446,557.595886
183,1446,331.269867
184,1446,334.045715
185,1446,445.15741
42,1765,139.376709
122,1447,147.336563
125,1447,177.135193
126,1447,121.373596
127,1447,158.8974
180,1447,244.210861
181,1447,142.14801
181,1448,166.092194
125,1449,169.823074
126,1449,181.277527
127,1449,196.200867
184,1449,121.359634
169,1450,201.559708
184,1450,151.264542
171,1451,114.165077
385,1451,118.091057
384,1452,106.833771
385,1452,193.527832
384,1453,111.7285
385,1453,407.514313
386,1453,228.472778
383,1454,118.30069
384,1454,159.717072
383,1455,123.958092
384,1455,228.472778
56,1456,289.950012
335,1456,780.260254
335,1457,220.909088
155,1460,126.955917
179,1465,127.019089
72,1795,391.273895
70,1796,189.044495
175,1481,118.232452
284,1481,114.351501
175,1482,111.602859
284,1482,170.806259
284,1483,401.582184
176,1484,107.788895
284,1484,221.554718
176,1485,714.446777
284,1485,247.064087
