724,20,155.405609
727,20,111.536629
471,28,102.88591
381,33,116.029076
383,33,111.562645
384,33,102.371208
385,33,151.68663
386,33,104.985252
501,33,141.049774
501,34,115.049774
472,35,140.948547
503,35,335.5
519,36,147.937927
504,40,421.899841
520,40,129.735779
409,53,109.037903
410,53,140.131439
411,53,201.2724
412,53,246.576157
413,53,225.04126
414,53,361.770569
365,54,144.990372
378,55,209.206055
502,55,132.850494
522,56,133.82605
522,57,101.040588
344,73,581.839417
477,73,182.214996
478,73,124.146301
511,73,100.968231
308,75,116.894211
499,75,932.635193
325,76,136.266602
478,77,120.387901
325,79,142.077286
504,80,184.116882
504,81,113.918854
505,82,154.398956
503,86,109.945946
316,89,434.198181
417,99,116.549133
418,102,107.634308
498,103,178.893463
498,104,184.436798
431,115,239.929092
