320,849,106.620094
237,850,183.531342
288,857,162.705658
289,857,192.745285
283,865,166.075089
285,866,122.721039
260,867,386.610962
291,867,128.369476
280,871,121.240913
263,875,149.560303
347,886,132.799973
349,886,119.0933
350,886,105.222328
321,890,199.664032
244,891,169.749741
330,895,139.868546
257,898,165.163803
293,900,119.897354
296,900,194.093887
300,904,102.527153
301,904,112.000648
302,904,126.9981
303,904,215.753586
270,919,629.619324
267,920,430.684509
268,920,493.171844
226,928,783.82135
281,929,113.414085
282,929,119.830154
324,932,922.547424
329,932,381.110962
281,933,128.132721
331,933,1161.123657
281,934,148.683731
281,935,314.096619
281,936,192.789688
282,936,125.564331
217,949,206.379028
218,949,160.937622
259,975,117.03466
260,975,233.379166
261,975,245.458405
248,978,105.345299
275,978,110.368538
247,979,158.025116
262,982,101.025963
343,990,165.389633
323,994,131.510056
333,995,231.763382
334,995,248.030487
336,995,193.983398
299,996,374.713684
300,996,501.371429
301,996,638.170532
323,996,197.992737
333,996,257.73053
302,997,113.711456
250,998,152.361115
300,998,256.412018
302,998,132.18692
252,1002,101.209473
255,1002,136.193939
256,1002,135.59697
253,1003,218.310989
254,1004,123.24424
255,1004,511.737274
256,1006,644.0
254,1007,369.682678
255,1007,179.25795
261,1013,228.105392
232,1017,488.687195
252,1031,108.838943
260,1055,100.689522
240,1056,205.0
282,1056,150.077179
287,1056,133.550415
288,1056,148.090118
290,1056,149.140289
220,1057,141.121552
297,1057,100.245926
270,1061,133.004715
247,1063,100.252243
250,1065,227.27034
246,1066,123.747536
225,1072,201.230652
225,1075,167.916061
319,1078,576.389771
288,1081,122.627251
300,1081,852.419495
301,1082,227.673431
297,832,104.705109
391,832,261.256592
291,835,123.49015
292,835,153.421371
237,845,123.074059
284,847,275.1651
