1619,2458,279.31076
1621,2487,103.810371
1622,2487,235.766251
1623,2487,177.951065
1628,2493,186.39476
1628,2496,357.781769
1625,2498,233.199799
1589,2376,125.808388
1586,2377,172.602844
1586,2378,788.127075
1598,2381,125.548279
1624,2386,1411.281128
1624,2387,877.293701
1652,2387,434.431152
1610,2388,250.604584
1609,2390,163.505585
1609,2391,294.484222
1647,2391,300.80896
1624,2392,440.623535
1647,2392,265.084442
1624,2393,327.622437
1645,2393,300.80896
1646,2393,265.084442
1611,2394,980.102234
1625,2394,736.306396
1610,2395,742.562195
1625,2395,151.603256
1626,2395,526.857239
1617,2396,110.306046
1626,2396,361.177246
1627,2396,391.050598
1657,2396,153.97522
1626,2397,363.577271
1627,2397,454.51947
1626,2398,1181.161255
1627,2398,1000.473999
1627,2404,901.631104
1617,2412,600.73175
1611,2416,569.448608
1622,2416,2582.157227
1621,2417,421.684692
1675,2418,156.223892
1633,2419,3288.275635
1611,2428,1918.024902
1613,2429,253.250122
