2331,540,122.887749
2353,223,117.279945
2376,223,102.283508
2372,225,140.354187
2374,225,156.725876
2272,226,107.025406
2282,546,126.473236
2379,227,146.809509
2306,228,129.300079
2331,228,195.523849
2355,228,195.486649
2378,228,161.234528
2331,229,123.911644
2391,229,142.907059
2391,230,177.874695
2394,230,119.761391
2389,231,266.130249
2389,232,242.554901
2392,232,111.578796
2389,233,102.324173
2391,233,109.053741
2392,233,174.256866
2393,233,211.68045
2391,234,137.717896
2391,235,258.48587
2388,236,161.325439
2391,236,205.357132
2388,237,320.872101
2371,241,111.260582
2372,241,133.39032
2329,247,110.583549
2292,568,147.359955
2434,570,105.808517
2435,570,105.182503
2348,261,476.812592
2451,261,135.144836
2447,263,139.842651
2451,263,240.824097
2448,267,117.962112
2449,267,120.076347
2450,267,128.537827
2422,583,226.108948
2478,272,111.925385
2440,280,178.856003
2355,599,122.254639
2351,604,111.721443
2352,604,143.11673
2354,604,156.538055
2355,604,203.643066
2378,608,134.96933
2381,609,110.991112
2382,610,184.1539
2383,610,101.353416
2290,612,229.192825
2308,614,104.039116
2274,2,112.068718
2275,2,137.159256
2276,2,248.536575
2277,2,114.193558
2312,322,122.902489
2420,6,195.572174
2315,13,236.629593
2352,14,111.743233
2318,330,154.628662
2420,15,169.296906
2477,18,159.055649
2353,24,226.434982
2356,24,215.792755
2464,24,113.747635
2354,25,135.365143
2363,25,214.572342
2463,26,536.015076
2464,26,156.263947
2463,27,274.915131
2464,27,198.006195
2464,28,172.719315
2324,344,545.452271
2323,345,266.727783
2324,345,321.894836
2325,345,383.744049
2324,346,210.707367
2372,346,107.739975
2492,30,104.526894
2465,33,105.655052
2355,34,196.929398
2356,34,147.386566
2357,34,157.474686
2359,34,131.404449
2360,349,109.894119
2355,35,182.908539
2356,35,183.318375
2357,35,136.446899
2359,35,221.62941
2361,350,240.981522
2355,36,246.497635
2356,36,248.789383
2357,36,224.366196
2359,36,136.456116
2286,37,268.047943
2314,37,117.838341
2355,37,245.367981
2356,37,230.638885
2357,37,146.242676
2470,37,308.032227
2285,38,184.333481
2355,38,206.887299
2356,38,167.099625
2471,39,175.003326
2471,40,117.305176
2474,40,132.400726
2487,40,133.291672
2327,663,189.958664
2324,664,131.634567
2368,367,110.410721
2316,370,183.770187
2351,370,117.182007
2282,683,179.28212
2436,65,148.780426
2447,67,189.047607
2317,686,193.496964
2353,384,103.047173
2297,71,110.764786
2349,389,102.457436
2316,696,134.011826
2295,85,114.741173
2293,86,333.758423
2331,86,165.923965
2292,87,195.45665
2332,87,105.652275
2290,90,325.641754
2330,709,132.401337
2274,418,102.267014
2332,112,146.865738
2331,423,151.065598
2332,426,153.275436
2336,731,167.060272
2341,732,362.559692
2342,732,481.54007
2345,732,288.447601
2347,732,608.451294
2348,732,455.648285
2335,118,149.891907
2323,733,105.946907
2335,119,105.943726
2337,119,123.506241
2322,431,119.669357
2409,431,148.173004
2444,435,119.361549
2442,125,133.730804
2333,740,166.481094
2334,740,156.497574
2335,740,153.707901
2336,740,157.647186
2331,741,268.452942
2332,741,132.479126
2333,741,121.454681
2334,741,379.302032
2335,741,339.658539
2466,128,224.37236
2466,129,288.602386
2340,743,134.018051
2393,133,581.381836
2366,135,125.353897
2378,135,262.266846
2365,136,107.006035
2378,136,180.852249
2379,136,194.403519
2347,752,283.055969
2365,137,115.72422
2379,137,113.338211
2349,753,261.469635
2366,138,451.561005
2367,138,175.391602
2435,142,110.459244
2368,761,134.563156
2473,146,145.145569
2475,146,135.05162
2476,146,320.877533
2473,147,173.152649
2474,147,209.127869
2335,765,435.48349
2336,765,246.164948
2412,766,140.576096
2284,151,148.082367
2412,767,172.375397
2280,152,171.046738
2284,152,135.184723
2285,152,206.254974
2289,153,116.392921
2309,770,146.059067
2283,772,108.925461
2310,772,118.991714
2339,772,147.828232
2274,159,119.417564
2283,773,210.966034
2311,773,157.426285
2339,773,114.716537
2283,774,179.036713
2311,774,117.356941
2319,776,110.26638
2283,173,198.771469
2284,173,188.40831
2381,490,102.582825
2430,192,119.738037
2374,504,153.640686
2332,508,104.175316
2381,197,105.804703
2332,510,112.240768
2332,511,126.931732
2363,511,174.351181
2370,511,219.846985
2332,512,142.965103
2331,513,116.986183
2331,514,165.773682
2271,519,163.82132
2423,525,100.498161
2384,527,154.83107
