158,1805,134.738083
178,1805,122.249359
277,1805,681.299194
178,1806,209.417023
277,1806,850.409668
178,1807,108.38163
277,1807,1811.212036
278,1807,955.458374
279,1807,462.784973
177,1808,138.515045
178,1808,203.545441
277,1808,1103.802246
278,1808,881.812622
279,1808,314.95929
177,1809,280.643768
178,1809,311.842621
277,1809,1041.572876
278,1809,673.925354
279,1809,320.939087
280,1809,112.302361
277,1810,942.48468
278,1810,757.464783
279,1810,274.022766
282,1810,233.096985
283,1810,200.5
288,1810,211.163498
277,1811,1142.169678
278,1811,652.952881
279,1811,309.44458
277,1812,1215.9646
278,1812,612.078796
279,1812,324.620514
216,1813,145.657806
217,1813,254.522614
277,1813,1241.157837
278,1813,708.5271
279,1813,313.723114
215,1814,215.303299
216,1814,166.303711
217,1814,327.085236
218,1814,319.528748
219,1814,250.01712
220,1814,250.418015
277,1814,1354.344238
278,1814,582.3396
279,1814,328.719391
277,1815,1239.535889
278,1815,385.891144
277,1816,1033.80603
349,1498,125.447929
369,1498,579.39801
368,1499,1186.751465
369,1499,326.595154
351,1502,292.784149
258,2140,306.200012
257,2141,149.333328
375,1520,166.514587
271,1863,155.195084
274,1864,121.044853
275,1864,105.689209
279,1864,286.654633
269,1865,401.90036
280,1865,147.233322
281,1865,191.942703
282,1865,210.439407
284,1865,193.321884
223,1866,170.956528
269,1866,330.591034
270,1866,158.415833
283,1866,151.033875
285,1866,153.031769
286,1866,122.639015
287,1866,150.587463
269,1867,661.171265
270,1867,427.217896
270,1868,381.726257
280,1868,100.014297
269,1869,339.535095
289,1869,102.730804
259,1556,251.187195
287,1870,112.181351
288,1870,189.534668
288,1871,139.704269
288,1872,164.27243
301,1560,122.409126
302,1560,179.87709
295,1561,113.845924
302,1561,292.1745
301,1562,193.897125
302,1562,273.80484
302,1563,108.753952
303,1563,223.616425
288,1564,282.181152
302,1564,107.267807
303,1564,463.582001
351,1564,3609.87085
298,1565,106.714287
302,1565,122.559692
303,1565,163.311615
205,1566,231.986801
277,1566,158.240051
298,1566,155.880905
302,1566,122.559692
303,1566,163.311615
206,1567,435.385864
207,1567,265.67453
298,1567,220.916626
302,1567,137.295425
303,1567,217.969604
206,1568,382.412689
207,1568,164.601898
302,1568,123.102173
303,1568,314.076782
350,1568,2568.553955
363,1568,160.765244
235,1881,109.748146
236,1881,108.820717
205,1569,117.848396
206,1569,135.846344
207,1569,271.231537
302,1569,136.780029
303,1569,309.750336
108,1882,252.530563
236,1882,102.741402
107,1883,108.054214
108,1883,273.569458
109,1883,539.513733
237,1883,103.430511
303,1570,125.032379
208,1571,433.264282
106,1884,223.644058
107,1884,109.802177
108,1884,300.048889
106,1885,281.327911
107,1885,127.68824
108,1885,350.63382
352,1571,205.32312
105,1886,922.277466
106,1886,425.892853
107,1886,119.332375
108,1886,344.522095
350,1573,2826.304199
351,1574,885.038086
106,1887,158.341812
107,1887,109.961494
108,1887,227.817398
432,1575,165.124756
433,1575,216.202209
105,1888,113.244873
106,1888,109.584213
107,1888,233.81456
108,1888,311.375732
210,1576,374.500763
211,1576,296.34906
212,1576,293.330933
213,1576,156.773224
351,1576,987.169434
352,1576,174.13147
107,1889,129.665527
108,1889,298.984253
108,1890,165.416443
208,1577,108.691353
209,1577,192.069839
210,1577,325.407104
211,1577,304.281128
212,1577,267.055176
352,1577,184.056595
210,1578,211.978943
211,1578,216.579376
212,1578,145.385101
213,1578,100.288208
210,1579,474.170898
211,1579,623.700256
213,1580,272.80545
217,1580,526.753723
108,1892,175.022919
207,1581,171.599304
220,1581,132.544785
108,1893,182.794174
107,1900,137.320801
448,1593,3215.709229
449,1593,4028.841309
184,1596,343.464233
385,1596,109.833992
173,1597,133.626373
174,1597,166.644287
175,1597,496.733246
184,1598,109.06813
185,1599,116.088547
184,1600,459.562988
184,1601,148.826981
165,1606,169.335175
170,1606,182.888977
181,1607,159.851913
307,1612,121.478165
202,1926,447.380737
234,1926,114.181015
270,1927,214.394501
270,1928,262.83075
270,1620,1999.392456
310,1620,562.413757
311,1620,338.365784
556,1621,2034.864136
559,1622,2849.692139
433,1623,738.875977
329,1624,164.691742
329,1625,110.068802
329,1626,232.816116
226,1627,493.11438
329,1627,498.493439
226,1628,437.993073
329,1628,259.18515
330,1628,130.625519
329,1629,286.631104
329,1630,167.055817
328,1633,196.848877
329,1633,308.799896
105,1634,716.082886
328,1634,235.464935
329,1634,224.294998
329,1635,160.278427
585,1636,4114.101563
328,1637,503.68866
329,1637,114.89035
329,1638,385.581299
329,1639,177.542953
217,1950,1077.967163
430,1641,276.693726
217,1951,200.387939
216,1952,261.910797
217,1952,423.137695
216,1953,355.632904
430,1643,10100.022461
215,1954,140.480103
216,1954,296.280548
151,1644,126.675819
215,1955,210.359558
216,1955,396.039337
151,1645,134.581253
386,1645,228.19873
387,1645,466.339172
388,1645,270.176331
215,1956,237.544846
215,1957,190.613007
152,1646,292.256226
153,1646,462.672363
385,1646,119.515175
386,1646,264.843079
388,1646,271.0
153,1647,246.115921
213,1958,170.854874
153,1648,262.572052
152,1649,112.540779
153,1649,262.539978
386,1649,684.418396
387,1649,161.819412
152,1650,132.043106
153,1650,304.121979
386,1650,132.249451
387,1650,341.638306
388,1650,178.799561
153,1651,287.49295
163,1651,625.783325
388,1651,178.799561
153,1652,232.966339
165,1652,130.463181
167,1652,563.071411
165,1653,310.704041
166,1653,301.204895
167,1653,302.114319
181,1655,276.518921
180,1656,116.466866
181,1656,354.535431
182,1656,606.122131
181,1657,693.2995
182,1657,386.42807
183,1657,105.63736
178,1658,144.846405
181,1658,468.04483
182,1658,283.008423
183,1658,101.794724
181,1659,282.008881
182,1659,198.525711
181,1660,231.117737
182,1660,220.017715
181,1661,154.468414
182,1661,239.07959
174,1662,141.874359
176,1662,250.36972
181,1662,242.505249
182,1662,191.877686
181,1663,303.913971
182,1663,193.475464
182,1664,127.87645
181,1673,107.056061
328,1673,1338.022827
327,1674,523.670288
171,1990,359.883545
172,1990,149.850098
164,1991,101.961174
165,1991,101.961174
166,1991,117.041237
167,1991,120.934402
168,2004,260.749695
170,2004,148.33696
201,1707,104.405678
201,1708,135.232346
124,1709,255.780533
125,1709,133.972916
112,1710,364.880951
124,1710,228.926788
129,1710,109.780106
131,1710,307.922882
134,1710,268.238495
135,1710,416.610474
136,1710,212.97464
142,1710,179.632797
143,1710,259.084412
174,1710,308.643707
146,2013,104.917412
124,1711,236.507263
131,1711,148.731491
169,1711,988.685425
170,1711,198.973358
172,1711,1409.965332
173,1711,453.742737
174,1711,177.838364
175,1711,488.114258
178,1711,401.279388
179,1711,218.615143
180,1711,632.207825
181,1711,268.852448
121,1712,831.914124
123,1712,205.552643
124,1712,100.865723
126,1712,101.600113
127,1712,118.1278
169,1712,299.562256
170,1712,516.228394
171,1712,157.5289
172,1712,264.605621
173,1712,159.898071
174,1712,350.886169
175,1712,196.738449
176,1712,184.968826
177,1712,703.215637
178,1712,605.40509
179,1712,282.74939
180,1712,228.874802
111,1713,123.399498
169,1713,109.270172
171,1713,110.115417
174,1713,138.788177
177,1713,381.750122
179,1713,168.408096
180,1713,165.609314
181,1713,220.384964
173,1714,101.925484
181,1714,222.412415
182,1714,178.904495
175,1715,549.865234
180,1715,100.92321
181,1715,221.890778
182,1715,339.876892
168,1716,110.235489
181,1716,231.869812
182,1716,341.534576
182,1717,372.521759
181,1718,127.618782
182,1718,167.870712
226,1718,142.000168
178,1719,109.02359
179,1719,141.934219
180,1719,126.692566
181,1719,108.934853
182,1719,317.28363
178,1720,167.087036
179,1720,137.431213
200,1730,667.937317
200,1731,961.888794
110,1735,125.041077
110,1736,193.379868
178,1742,214.671051
163,1746,438.089722
164,1746,251.336685
165,1746,270.989746
166,1746,183.40744
167,1746,207.47821
169,1746,258.572754
173,1746,239.954956
179,1747,245.033463
178,1749,212.137283
179,1749,214.671051
201,1753,521.157654
202,1753,559.336975
201,1754,462.43512
202,1754,252.917007
204,1754,7156.300293
175,1758,100.30806
122,1760,104.017715
139,1763,904.370667
206,1764,374.684418
298,2063,110.983131
298,2064,107.360664
207,1766,211.10878
298,2065,207.514114
293,2066,108.63607
297,2068,165.738449
297,2069,191.540924
296,1772,109.847878
294,2070,118.227493
295,2070,141.353165
292,2071,125.380692
297,1775,253.28981
296,1776,408.923615
297,1776,101.267548
296,1777,214.223206
297,1777,130.758057
218,1778,966.839844
286,1778,1627.763184
287,1778,492.551208
288,1778,541.441101
289,1778,221.135818
291,1778,102.368233
293,1778,134.190796
294,1778,120.952072
295,1778,123.788567
296,1778,111.944931
298,1778,1043.647217
281,1779,119.878403
282,1779,184.423645
283,1779,184.423645
284,1779,175.211563
285,1779,213.89505
286,1779,179.09137
287,1779,138.856201
288,1779,147.147842
289,1779,524.189819
343,1781,1871.41272
204,1785,121.780067
206,1785,222.572815
207,1785,1000.848145
216,1787,415.46817
216,1788,750.561951
216,1789,396.784149
217,1789,131.38533
217,1790,271.828339
217,1791,939.397583
218,1791,270.480682
218,1792,313.166351
206,1794,201.915909
206,1795,300.187714
205,1796,103.709785
206,1796,310.308411
178,1799,365.699493
178,1800,323.358887
210,1800,131.362152
177,1801,168.53952
178,1801,246.214188
210,1801,118.283211
178,1802,135.327026
177,1803,136.785294
178,1803,122.249359
169,1804,122.047623
177,1804,147.102493
178,1804,191.003891
291,2105,126.205154
292,2105,126.373962
292,2106,157.47377
291,2107,102.466507
