1392,211,107.541809
1381,214,611.651917
1448,214,120.458488
1384,215,115.552673
1459,223,808.976379
1460,223,455.399628
1459,224,167.233841
1460,224,149.188675
1431,545,139.733871
1432,545,196.196732
1433,545,194.555496
1434,545,117.090683
1436,545,145.741837
1430,546,200.065079
1431,547,140.912033
1432,547,205.301605
1380,230,101.729126
1381,230,111.489838
1468,554,168.037689
1469,554,181.994324
1470,554,175.711426
1506,235,123.803398
1465,555,173.144958
1468,555,122.025589
1464,556,391.645752
1465,556,113.396484
1454,560,181.774033
1218,240,154.40419
1228,241,165.750427
1246,242,106.327553
1247,244,156.322754
1247,245,260.629517
1245,246,158.677872
1246,246,135.032776
1247,246,159.667175
1321,248,136.804611
1321,249,231.060989
1366,249,486.016968
1494,252,108.576355
1374,255,135.114853
1401,255,144.821228
1375,256,114.927864
1383,256,861.169373
1384,256,539.418701
1385,256,189.085541
1386,256,197.119949
1387,256,131.526535
1388,256,141.788895
1383,257,884.209106
1384,257,169.735519
1387,257,144.857864
1389,257,118.588844
1383,258,150.500061
1383,259,136.862549
1409,259,194.557404
1210,577,105.991127
1211,577,250.03064
1391,260,236.595169
1383,261,237.415314
1425,581,108.34507
1402,585,135.765579
1399,586,330.145416
1400,586,152.962173
1401,586,513.330261
1402,586,372.963654
1403,586,130.911499
1417,586,162.594711
1399,587,163.80954
1402,587,343.697327
1403,587,233.469894
1404,587,244.762985
1405,587,116.333656
1406,587,116.333656
1407,587,116.239624
1418,587,705.352966
1399,588,201.312683
1402,588,250.350723
1444,590,3800.29248
1326,277,229.217117
1377,278,177.659027
1379,278,204.738434
1378,279,244.119476
1396,594,2255.384277
1397,594,2512.860352
1398,594,992.910828
1317,282,251.800598
1397,282,565.892517
1419,282,162.945221
1420,282,196.635071
1428,282,313.273407
1429,282,180.049026
1430,282,100.672348
1431,282,140.83374
1440,282,263.631989
1441,282,104.378616
1408,283,124.081184
1410,283,117.825806
1417,283,185.071426
1419,283,102.662178
1420,283,214.926422
1361,284,102.066299
1368,284,144.760483
1419,284,122.727524
1420,284,101.932968
1428,284,138.500397
1440,284,147.16658
1368,285,1183.084106
1420,285,112.437881
1473,285,139.430008
1405,598,526.929138
1412,286,196.207703
1438,286,148.751404
1408,287,216.291687
1438,287,198.336838
1413,289,136.314087
1472,290,169.452194
1321,293,133.401138
1370,296,147.943604
1410,306,117.516518
1410,307,142.70578
1424,616,625.786682
1436,312,184.240158
1438,312,234.008392
1439,313,114.971878
1440,313,196.665543
1451,313,163.31691
1451,314,288.218781
1451,315,119.111168
1725,0,147.552719
1726,0,242.215149
1450,2,1658.496826
1450,318,130.059875
1453,318,124.114571
1454,318,692.110901
1467,318,102.394348
1468,319,218.779068
1450,5,436.783691
1430,321,167.798492
1433,321,109.621353
1416,322,145.127914
1419,322,141.426544
1430,322,276.08905
1433,322,119.946869
1416,323,165.643631
1469,323,131.986618
1559,8,418.141479
1417,324,271.533203
1418,324,171.805832
1449,10,629.78894
1452,10,457.623108
1417,325,205.862854
1417,326,152.407089
1449,11,650.670654
1453,12,408.317841
1745,12,182.969299
1277,328,218.625763
1278,328,224.144119
1280,329,170.514832
1583,14,125.951065
1659,15,138.52359
1641,16,233.971512
1584,17,128.57077
1559,18,143.976044
1560,18,170.286209
1561,18,155.527298
1562,18,210.832718
1583,18,130.577271
1550,19,120.900032
1562,19,368.284821
1567,19,107.059258
1410,336,115.649719
1253,647,186.446838
1331,350,112.242737
1190,352,209.38327
1341,38,214.671982
1191,353,208.576431
1269,359,167.207169
1484,58,197.267517
1217,72,112.374634
1232,693,282.724091
1233,693,162.33902
1235,693,174.671585
1231,694,102.838318
1232,694,126.144814
1236,694,106.491264
1242,694,130.512802
1243,694,162.241638
1244,694,240.552399
1245,694,138.669113
1246,694,195.724701
1229,695,154.933472
1243,695,136.649292
1245,695,109.695526
1228,696,116.408134
1341,393,286.241302
1345,82,112.790199
1297,394,110.344612
1396,394,103.567719
1229,699,118.655617
1230,700,119.303047
1397,395,153.068863
1397,396,164.319702
1230,701,154.907013
1397,397,172.394592
1230,702,118.859131
1235,702,271.118042
1234,703,268.743011
1236,703,481.409851
1237,703,392.432129
1238,703,681.083557
1230,704,129.072372
1230,705,106.223389
1397,401,120.728104
1259,89,180.187378
1259,90,218.598328
1262,90,105.590126
1230,706,100.187965
1397,402,123.612183
1230,707,194.720779
1231,707,105.521873
1397,403,107.284607
1230,708,204.728668
1230,709,107.040039
1396,405,144.060974
1229,711,151.118835
1230,711,129.895538
1227,713,211.518692
1227,714,227.153137
1386,410,216.2491
1383,411,113.172714
1257,101,126.459282
1347,102,110.787994
1348,102,114.028053
1382,412,323.023071
1383,412,140.556046
1384,412,108.462738
1257,103,188.244232
1253,105,155.287933
1257,106,171.863174
1234,722,299.628693
1337,418,226.436859
1338,418,211.458984
1339,418,222.198471
1340,418,271.143738
1313,111,120.224785
1323,423,105.372009
1324,423,132.557083
1325,423,190.807831
1319,424,262.592743
1320,424,264.305298
1321,424,330.499908
1312,425,413.083862
1313,425,387.89209
1314,425,497.962769
1315,425,383.96817
1316,425,467.115601
1324,732,582.754395
1325,732,378.254395
1315,116,101.76474
1324,733,707.952148
1332,733,353.386566
1385,429,115.978371
1197,431,168.894836
1198,431,194.085464
1444,120,156.102325
1199,432,283.610107
1432,432,204.106186
1349,121,101.582344
1444,121,138.827774
1445,121,110.791214
1200,433,145.128464
1201,433,159.767288
1340,122,155.555008
1347,122,121.675346
1444,122,201.280029
1445,122,106.583908
1446,122,123.73632
1444,123,281.278168
1445,123,126.778183
1446,123,164.277176
1447,123,186.37027
1302,435,358.386597
1494,124,117.274323
1495,124,132.743622
1497,124,112.039169
1492,125,172.616028
1464,126,124.404457
1465,126,157.389053
1466,126,161.369659
1467,126,149.353409
1208,437,155.676727
1302,437,214.557526
1303,437,173.422791
1463,127,116.295174
1464,127,197.953796
1467,127,244.839218
1356,128,190.410721
1463,128,366.99353
1464,128,289.788391
1442,129,115.311493
1438,439,105.421005
1439,439,123.044487
1411,131,325.23111
1412,132,195.432663
1206,442,115.842896
1207,443,110.482025
1208,443,166.582169
1209,444,107.051674
1214,448,131.514496
1494,138,300.473999
1495,138,442.122131
1396,140,112.197029
1461,140,127.645706
1355,141,127.844597
1396,141,127.791031
1397,141,309.553802
1461,141,133.24791
1496,141,103.240005
1396,142,122.85437
1443,142,167.948761
1461,142,171.051788
1462,142,237.574738
1396,143,173.103043
1244,144,136.785583
1373,144,222.125259
1396,144,151.875656
1444,144,176.656265
1360,148,138.523621
1367,148,299.776672
1368,150,268.759125
1360,151,126.268715
1359,152,128.491272
1360,152,312.834839
1361,152,440.545868
1470,465,143.372986
1470,466,157.540787
1358,153,195.539734
1359,153,419.727173
1360,153,161.172058
1357,154,143.853394
1358,154,187.839401
1293,155,186.382889
1355,155,114.066055
1470,468,109.079597
1295,157,1614.5
1296,158,144.400009
1297,159,540.241455
1298,159,356.049988
1469,469,177.168106
1470,469,114.817253
1469,470,224.23175
1470,470,171.079727
1298,160,335.033905
1344,160,235.30072
1345,160,716.090942
1242,472,498.425598
1243,472,135.862198
1377,163,100.142517
1369,164,246.668259
1365,165,222.079971
1366,165,402.040375
1367,165,850.807983
1368,165,224.658554
1369,165,216.475586
1364,166,111.276077
1365,166,131.466537
1366,166,145.769104
1367,166,315.173462
1353,479,124.841881
1362,479,343.349182
1385,479,265.055908
1363,168,111.049759
1345,170,1576.025635
1348,170,263.694977
1304,171,126.963913
1299,172,176.190445
1275,174,148.198669
1300,176,187.627457
1354,488,205.501114
1361,488,275.449768
1362,488,293.166412
1499,180,141.315689
1403,181,142.658966
1317,493,1308.611938
1428,493,139.403397
1430,493,121.413284
1318,494,497.270538
1429,494,110.307182
1430,494,165.798599
1431,494,148.06488
1430,500,167.458115
1317,501,537.553528
1289,196,150.09758
1313,196,152.797089
1218,198,149.686386
1289,198,124.322632
1286,199,113.161491
1288,199,100.530273
1289,199,103.164238
1308,199,103.417961
1309,199,135.250824
1310,199,151.625107
1313,199,124.512329
1285,200,198.228638
1286,200,189.248779
1351,200,1334.077393
1402,512,305.144287
1297,201,102.342026
1393,513,129.85495
1395,513,168.104568
1398,513,203.807739
1399,513,204.923996
1296,202,161.013351
1398,202,100.565765
1447,514,452.511475
1448,514,427.166412
1296,203,189.703949
1297,203,115.02005
1279,204,208.5802
1296,204,309.620667
1339,515,339.117828
1447,515,363.294769
1273,205,101.62117
1279,205,123.4459
1277,206,175.481766
1278,206,138.05629
1279,206,142.371185
1240,207,122.936195
1241,207,117.918633
1391,207,166.518921
1391,208,101.852562
