2314,1168,125.974907
2315,1168,157.8396
2332,1170,150.461578
2328,1172,123.225266
2328,1173,307.590637
2332,1174,109.574173
2327,1175,168.063034
2326,1177,168.75415
2325,1179,778.003174
2290,1189,715.378784
2291,1189,520.140747
2240,1190,211.193344
2241,1191,156.982132
2270,1202,101.510063
2271,1203,196.698898
2273,1204,112.898941
2290,1204,340.058716
2289,1206,162.345535
2347,1207,498.785217
2288,1208,163.403778
2314,1208,202.848282
2315,1208,204.561661
2316,1208,112.679604
2355,1208,510.573761
2280,1209,250.150391
2314,1209,124.164108
2315,1209,190.657532
2287,1211,157.219696
2287,1212,349.265045
2285,1213,289.935883
2286,1213,168.438934
2282,1225,123.343925
2282,1226,228.139343
2250,1234,129.493881
2242,1236,186.449432
2258,1266,110.06485
2254,1269,128.453156
2248,1272,266.968231
2247,1273,148.137283
2248,1274,105.254494
2268,1278,210.911209
2267,1280,294.174072
2267,1281,251.244781
2247,1290,109.347473
2219,1302,106.648628
2231,1304,105.230133
2231,1316,106.774193
2226,1317,201.01738
2211,1320,646.592773
2211,1321,353.125488
2210,1322,794.667114
2211,1324,1281.941162
2210,1325,837.395325
2280,1325,306.39978
2233,1327,124.055664
2233,1328,281.823914
2234,1328,122.260605
2235,1328,103.823219
2234,1329,678.213989
2239,1335,122.745789
2237,1340,115.181938
2238,1342,104.229919
2218,1350,162.519135
2237,1351,106.017632
2234,1352,100.15712
2244,1354,117.038048
2246,1355,161.519867
2256,1359,290.250977
2256,1362,269.817719
2257,1367,438.091125
2343,1135,100.19664
2351,1136,154.928986
2344,1138,142.040619
2344,1139,109.767822
2349,1139,186.096924
2350,1139,230.227676
2343,1143,139.421631
