887,217,347.919769
958,224,150.490067
959,224,168.015594
956,225,142.636398
957,225,154.105927
958,225,105.124748
959,225,112.464996
959,226,128.571884
945,229,198.529404
946,229,283.445343
667,230,106.968796
942,230,117.707367
944,234,119.343964
945,234,522.8927
672,235,107.705284
931,235,276.641663
943,235,119.967239
609,238,138.238052
918,238,105.633667
608,239,186.440109
673,239,186.610855
932,239,257.472656
646,241,341.454987
647,242,322.839905
711,242,393.0
711,243,718.133362
738,243,395.070526
712,244,329.0
671,255,156.172653
668,256,123.171844
721,259,115.055901
701,266,106.021194
703,267,175.573273
704,267,139.697449
706,267,118.667366
721,269,184.974152
740,274,171.097809
677,277,157.121262
678,277,138.577011
642,278,167.07132
643,278,114.561432
660,278,335.134247
664,278,219.838486
666,278,187.209671
677,278,413.114044
679,278,198.335617
680,278,255.920532
682,278,109.570366
627,279,149.903671
628,279,106.228004
629,279,114.668976
630,279,114.283508
635,279,206.602829
799,279,132.427567
608,281,124.222542
798,281,130.493668
795,282,334.432648
796,282,155.218491
857,286,147.886993
857,287,144.754898
726,299,130.985306
726,305,115.089981
726,306,363.289978
731,306,287.950073
917,317,113.60791
765,323,449.257721
768,323,118.791084
769,323,170.856049
664,333,122.998878
758,333,104.850082
760,333,106.792122
758,334,341.287476
759,334,198.672943
700,337,337.262177
679,338,618.56134
722,341,209.394821
713,342,197.308426
715,342,225.363907
716,342,174.128372
711,343,119.499634
711,344,108.953003
673,350,167.304749
698,350,158.662109
703,350,509.645966
705,350,462.809784
708,350,616.741211
701,351,235.916718
702,351,276.434784
726,356,342.112549
727,356,466.039734
762,358,122.024773
805,358,255.055344
742,359,101.412338
662,360,470.826477
739,360,129.147446
756,363,282.411621
757,363,155.936783
758,364,368.709076
719,370,103.158218
720,370,181.085464
724,370,178.263687
648,375,142.200485
649,375,459.464905
648,376,597.62207
765,379,255.236084
882,382,112.22982
882,383,128.520523
937,202,104.752441
939,202,214.518036
936,203,171.23999
939,206,144.942078
939,207,112.80822
