2278,1550,312.134644
2279,1550,288.773926
2291,1550,102.056015
2279,1551,205.367569
2291,1551,222.777145
2292,1552,585.30658
2315,1559,191.743164
2296,1561,228.684143
2297,1561,121.214333
2296,1562,196.891403
2296,1563,333.660553
2318,1563,142.019562
2296,1564,309.029846
2281,1572,119.136642
2282,1572,163.879868
2283,1572,179.472687
2308,1574,109.099182
2297,1581,146.07547
2319,1593,370.8591
2318,1594,107.774498
2316,1610,113.434532
2317,1610,147.984756
2296,1613,834.845825
2296,1614,444.661682
2296,1615,352.597229
2296,1616,173.854813
2299,1616,240.593704
2300,1616,416.123871
2308,1616,389.66629
2296,1617,159.902405
2323,1657,128.035507
2324,1659,102.670525
