742,537,281.312439
855,542,137.654785
776,543,154.063049
824,543,111.542595
863,544,188.055817
768,545,164.318954
769,545,141.413208
772,551,1209.229858
827,551,582.220093
828,551,249.591797
829,551,121.979568
856,551,486.893494
771,552,347.499176
773,552,315.207153
826,552,1061.728027
827,552,358.888794
828,552,307.767334
829,552,258.306732
856,552,119.828125
857,552,101.139153
768,553,596.004333
770,553,254.247375
771,553,285.466461
772,553,383.680328
802,553,102.444687
803,553,252.739914
804,553,157.315384
829,553,114.634888
854,553,224.414017
769,554,132.922913
771,554,105.079926
772,554,270.64447
800,554,732.924683
805,554,104.790215
809,554,102.986305
772,555,198.51918
800,555,167.203445
806,555,235.542099
826,555,581.733582
829,555,151.630157
854,555,175.921799
855,555,123.245644
802,556,265.542938
803,556,420.800415
819,556,144.570358
825,556,868.604553
826,556,349.873108
827,556,267.49411
855,556,312.112152
863,556,482.5802
772,557,428.28418
825,557,217.96666
826,557,243.619995
841,560,174.270096
840,562,151.093384
771,563,107.370491
787,563,106.302246
839,563,203.884689
840,563,125.909378
808,564,371.217468
819,564,901.26886
820,564,225.600418
821,564,137.959641
808,565,142.608871
819,565,829.891113
820,565,243.299728
821,565,138.533432
819,566,382.342285
820,566,208.58577
809,567,272.508148
819,569,278.559906
809,570,127.05439
818,570,499.346375
819,570,228.25415
796,571,937.190918
797,571,501.342072
798,571,152.477707
810,571,188.500366
817,571,335.882965
818,571,168.952744
796,572,203.794235
797,572,111.545959
810,572,112.971214
788,573,119.257477
796,573,220.832336
788,574,121.319283
796,574,119.308578
796,575,151.220581
795,576,167.770248
796,576,103.519409
834,576,115.334129
794,577,333.344391
795,577,215.472839
796,577,118.138435
834,577,163.048416
835,577,135.117981
754,578,160.764557
794,578,271.984009
795,578,180.001801
754,579,313.849854
794,579,202.391312
843,581,161.619537
788,582,126.122215
831,582,103.568069
723,583,709.979736
724,583,158.858521
776,583,801.28656
777,583,782.104248
788,583,144.939728
789,583,491.196136
835,583,160.349625
836,583,117.560257
841,583,155.369019
873,583,195.747833
789,584,370.012909
842,584,298.121552
872,584,116.139893
825,585,139.642273
822,586,187.204376
822,587,497.130493
823,587,272.365204
771,593,156.558304
825,593,151.9711
771,594,191.174362
824,594,322.22937
772,595,167.079391
753,596,149.180511
767,596,268.580322
931,596,209.936691
844,599,145.818161
714,600,115.705612
895,603,109.74498
715,604,195.101929
716,604,134.266068
808,604,260.911774
813,604,258.645416
814,604,220.91304
815,604,220.495224
718,605,639.339844
808,605,311.407715
815,605,226.535782
808,606,142.535049
809,606,105.461945
819,606,113.993874
814,607,105.406761
813,608,101.003105
815,608,159.948135
853,608,111.375259
809,609,104.269455
812,609,219.0979
813,609,243.385147
814,609,634.432922
815,609,468.79303
852,609,103.029892
799,610,375.21402
808,610,913.692261
809,610,211.995316
810,610,204.927353
811,610,514.112976
812,610,372.190796
813,610,365.781128
814,610,898.421631
716,611,167.205627
741,611,100.40329
809,611,358.909332
715,612,375.471313
746,613,125.532669
853,613,260.387299
715,614,278.88623
718,614,105.150009
719,614,129.638031
721,614,132.779266
824,622,110.122169
824,623,157.462173
825,623,123.739929
840,624,670.154236
841,624,737.220215
842,624,320.138092
843,624,128.587341
844,624,225.623703
831,626,149.208252
852,627,119.290962
855,627,119.152809
859,627,173.086716
991,631,194.191483
812,632,108.146179
818,633,113.66198
786,634,261.998291
838,634,140.284592
786,635,206.117218
775,636,103.721512
782,636,152.356674
783,636,115.359367
784,636,209.878845
786,636,134.793152
705,639,276.945465
821,640,217.302414
778,642,139.823441
778,643,145.383972
789,643,197.032257
810,643,113.090584
808,644,407.86441
839,644,127.808243
715,645,198.731995
716,645,113.215202
718,645,199.92955
777,645,129.238068
708,646,203.153839
709,646,210.545883
710,646,113.815834
712,646,390.942688
714,646,370.369019
716,646,278.082123
717,646,242.057175
719,646,242.497833
720,646,929.129395
777,646,188.3508
778,646,100.391228
742,647,100.632629
818,648,172.612122
743,649,274.078125
818,656,104.210396
818,657,193.748886
889,663,184.745605
889,664,100.027542
989,664,109.990845
990,664,179.397522
991,664,305.32074
992,664,179.01619
990,665,151.34346
991,665,184.795013
970,666,116.292419
991,666,181.464401
970,668,133.836746
990,668,104.534492
920,669,100.130409
930,669,113.897949
824,670,115.232109
724,671,364.722198
990,671,147.013947
988,678,128.384705
856,680,515.273804
857,680,299.815979
989,680,281.940826
736,681,340.514069
854,681,662.05011
855,681,671.167053
851,682,112.997749
850,683,102.390572
851,683,143.380997
990,683,121.250526
826,684,274.086212
830,684,141.375763
837,684,172.107071
956,692,115.751106
955,700,174.986465
