1951,2133,275.778809
1949,2140,157.462982
1950,2140,141.759964
1951,2140,132.504562
1952,2140,193.458176
1953,2140,172.70871
1954,2140,199.861862
1982,2140,149.214279
1985,2140,236.589355
1986,2140,111.788536
1955,2141,114.600037
1963,2141,162.158737
1981,2141,103.6632
1982,2141,152.775284
1955,2142,107.624557
1982,2142,139.446045
1964,2146,102.012894
1980,2148,166.351105
1958,2149,659.678467
1959,2149,183.967239
1982,2149,341.463562
1959,2150,1365.146362
1971,2150,113.443802
1965,2152,644.754883
1959,2159,170.175919
1964,2159,211.179382
1965,2159,163.004333
1967,2159,110.92794
1951,2160,202.338318
1962,2160,154.300705
1971,2161,186.552811
1972,2161,155.125122
1973,2161,154.681091
1974,2161,153.859467
1951,2162,160.544601
1952,2162,151.564209
1971,2162,181.25618
1950,2163,231.261383
1951,2163,141.935059
1952,2163,131.514084
1953,2163,166.300644
1934,2164,108.367996
1943,2164,133.715149
1944,2164,112.858208
1956,2165,242.925766
1936,2166,180.896408
1941,2166,158.237473
1942,2166,125.865768
1979,2166,865.667725
1940,2168,116.804161
1942,2168,180.896408
1943,2168,116.945152
1979,2168,107.973923
1980,2168,114.092728
1950,2169,232.400055
1977,2169,131.693802
1978,2169,127.629288
1937,2170,142.215424
1940,2170,103.197914
1951,2170,154.306259
1939,2171,162.420761
1942,2171,103.329895
1943,2171,103.197914
1945,2171,108.367996
1946,2171,109.875008
1950,2171,273.521973
1951,2171,118.35257
1942,2172,114.034279
1944,2172,174.263626
1949,2172,103.233536
1971,2172,289.118744
1948,2173,102.556885
1971,2173,200.358704
1942,2174,154.129974
1971,2181,132.384003
1971,2182,196.559906
1972,2182,138.93306
1971,2183,195.373795
1971,2184,226.1642
1972,2185,139.124939
1973,2185,118.967522
1967,2186,147.394501
1957,2192,132.192184
1972,2192,205.310974
1958,2197,132.192184
1962,2197,130.11203
1963,2197,130.262894
1961,2203,156.559113
1945,2212,318.582153
1940,2087,292.647827
1935,2089,355.887299
1936,2089,234.350433
1937,2089,122.047867
1938,2089,213.161469
1939,2089,269.203461
1940,2089,262.465149
1941,2089,225.52063
1935,2090,711.076416
1936,2090,377.863007
1937,2090,223.328949
1938,2090,204.111206
1940,2109,163.138474
1944,2109,371.361481
1941,2110,139.008789
1942,2110,146.705536
1943,2110,110.034508
1952,2110,142.216644
1945,2123,449.76532
1946,2123,188.268066
1947,2123,198.216599
