1628,1652,107.841293
1616,1653,143.78772
1635,1653,126.294014
1615,1665,154.792236
1639,1665,679.384216
1639,1666,730.192139
1625,1668,129.112885
1626,1668,148.574463
1627,1668,159.333496
1628,1668,108.29953
1629,1668,242.521683
1630,1668,108.29953
1634,1668,194.065582
1635,1668,117.259239
1623,1669,164.869598
1629,1669,436.203522
1630,1669,158.516937
1634,1669,406.173828
1635,1669,501.196045
1639,1669,397.202454
1615,1681,112.872734
1630,1687,200.64595
1631,1687,118.024261
1634,1688,122.394905
1636,1688,121.727379
1659,1690,244.33194
1659,1691,370.000519
1660,1691,1438.001831
1658,1697,456.728271
1627,1726,219.659424
1628,1728,333.101013
1620,1748,135.020309
1618,1749,280.935303
1610,1753,548.194946
1611,1753,271.804321
1612,1753,213.544754
1613,1753,245.610336
1614,1753,103.236946
