121,210,163.749786
122,210,198.942017
124,210,214.968338
118,211,248.46846
119,211,162.983353
120,211,226.742401
121,211,270.42453
120,212,870.810242
148,212,126.390503
145,213,163.664413
148,213,266.169037
139,215,126.757111
279,218,132.594925
257,220,111.923882
250,227,235.929688
270,238,100.564415
279,239,104.183998
279,240,403.023682
280,240,259.517395
288,242,307.984283
256,248,125.906998
257,248,109.590149
258,249,174.862213
66,267,225.152847
66,270,179.792297
67,270,270.654358
67,271,288.529022
262,273,111.620178
259,292,173.565918
356,174,132.427185
339,181,150.629654
340,181,114.23893
341,181,141.552368
274,186,308.083557
139,194,187.191711
140,194,194.791611
141,194,102.016891
143,194,334.300659
137,195,114.986511
156,202,285.474274
275,203,228.791656
275,204,450.181335
275,205,329.290588
276,205,199.941711
275,207,115.243317
120,209,161.914093
121,209,197.191055
124,209,101.505058
128,209,266.046814
225,209,115.261818
