1832,848,138.715302
1839,848,108.808594
1880,848,145.89209
1881,848,123.933693
1812,849,216.948349
1963,849,274.137756
1783,1172,145.136292
1952,852,132.92215
1953,852,202.727631
1954,852,352.51355
1956,852,380.241852
1928,853,100.806328
1929,853,105.245193
1938,853,427.038208
1824,855,159.947174
1830,855,161.370926
1831,855,214.010818
1828,856,123.375336
1838,856,109.449631
1861,857,107.071609
1862,857,171.977737
1913,860,377.478241
1914,860,355.583984
1954,861,379.834564
1995,861,118.792305
2022,861,308.916443
1986,862,343.346405
1994,862,115.283859
2007,862,131.640579
2008,862,131.640579
2009,862,130.61969
2010,862,136.899002
2017,862,105.81636
2018,862,114.890968
2019,862,197.110001
2020,862,857.325684
1783,1499,270.325256
1803,863,2458.809326
1805,863,285.048004
1809,863,553.980957
1815,863,135.187958
2020,863,102.409332
2021,863,254.585358
1906,864,276.029816
1900,865,414.448425
1901,865,410.967072
1906,865,207.665939
1958,865,142.479172
1959,865,212.384109
1813,1184,266.381683
1900,866,113.748505
1907,866,402.279999
1910,866,107.635551
1912,866,195.914642
1913,866,291.517639
1916,866,236.459991
1917,866,226.457489
1918,866,192.048599
1919,866,186.640427
1920,866,170.594788
1921,866,162.758133
1960,866,126.318405
1967,866,176.410767
1899,867,138.315887
1921,867,189.121658
1922,867,211.352386
1923,867,391.994293
1924,867,188.671021
1925,867,172.696686
1926,867,184.334
1927,867,196.708557
1928,867,196.708557
1929,867,140.573349
1930,867,140.992188
1931,867,140.481552
1932,867,108.248894
1934,867,166.781189
1935,867,124.962784
1936,867,124.837784
1937,867,135.118073
1938,867,126.312866
1939,867,102.120728
1940,867,156.251511
1941,867,173.956924
1960,867,174.039017
1967,867,130.438858
1977,867,119.987373
1808,868,176.87561
1880,868,1456.0625
1958,868,137.996719
1959,868,220.512466
1960,868,141.175339
1961,868,169.038666
1962,868,176.572266
1963,868,172.017548
1970,868,267.410828
1971,868,169.740372
1986,868,116.063187
1808,869,131.508713
1824,869,104.631378
1880,869,211.813248
1881,869,216.628357
1882,869,205.117691
1893,869,595.669434
1962,869,119.529266
1963,869,135.155502
1967,869,162.862823
1808,870,123.50032
1889,870,338.38678
1903,870,125.864708
1966,870,168.92981
1980,870,166.95665
1981,870,164.202698
1809,871,170.47789
1870,871,106.141953
1899,871,263.32663
1901,871,108.014771
1922,871,270.363312
1923,871,270.363312
1924,871,270.363312
1967,874,157.415619
1968,874,299.456299
1970,874,276.889221
1973,874,226.855347
2020,877,260.122742
1881,880,162.597305
1854,886,175.31601
1869,886,226.193008
1826,889,116.84877
1867,891,233.307602
1854,892,137.426666
1857,892,128.878967
1859,892,143.28418
1860,892,106.845711
1861,892,116.215828
1865,892,557.893616
1866,892,612.898254
1867,892,539.463135
1897,892,186.858368
1898,892,102.585945
1892,893,100.093506
1884,896,144.206253
1885,896,279.049988
1885,897,230.107559
1857,899,129.434067
1872,899,190.578613
2007,910,149.748581
1995,914,443.37619
1879,930,416.174774
1877,932,1127.444214
1878,932,204.45314
1860,933,156.704819
1876,933,673.502686
1877,933,328.560242
1859,936,273.79184
1859,937,197.688736
1854,938,288.103729
1855,938,182.536713
1854,939,247.543396
1865,943,235.769669
1866,943,283.577637
1830,944,138.880585
1865,944,176.391571
1857,946,155.023911
1857,947,127.81208
1858,947,113.86203
1857,948,110.258904
1857,949,180.593475
1857,950,214.409698
1857,951,200.588974
1857,952,149.006195
1857,953,200.803284
1858,953,162.479248
1857,954,216.23584
1849,955,292.241364
1851,955,383.029785
1852,955,475.099426
1853,955,130.827759
1854,955,175.963379
1855,955,283.178192
1856,955,125.772537
1864,955,203.287094
1865,955,114.263702
1861,956,170.288727
1862,956,126.034599
1863,956,142.9729
1843,1582,298.213043
1830,1267,2978.802734
1818,1272,158.902649
1819,1272,108.809006
1809,1273,110.581261
1853,1275,106.928093
1820,1276,252.471985
1856,1276,134.781754
1834,976,875.42572
1835,976,297.010284
1836,976,2138.763916
1834,977,157.844208
1835,977,1130.232178
1839,977,467.340973
1840,977,423.859497
1841,978,1063.074219
1950,981,137.32576
1823,983,215.316544
1822,984,401.835663
1823,984,125.845314
1835,1291,108.303864
1836,1291,101.210678
1832,1292,271.282745
1833,1292,205.907257
1839,1293,965.651978
1840,1293,727.703674
1815,990,523.342041
1818,990,319.613251
1851,1295,155.100983
1849,1296,172.962662
1851,1296,260.935577
1852,1296,147.565475
1849,1297,104.478554
1841,1298,149.654785
1846,1303,130.037598
1792,1304,322.892456
1834,1005,110.832809
1791,1307,149.583481
1792,1307,163.135269
1822,1308,687.362793
1823,1308,112.119774
1831,1308,291.618835
1832,1308,294.26178
1835,1308,146.707718
1785,1311,274.757874
1785,1312,757.108521
1784,1313,223.213272
1785,1314,164.183578
1811,1017,1903.2052
1845,1318,117.457039
1811,1023,1908.519287
1812,1023,1874.600952
1813,1023,1039.5896
1827,1024,851.652161
1837,1024,1779.060059
1821,1326,122.769371
1822,1326,100.862892
1824,1326,124.051704
1855,1028,1775.060669
1820,1327,117.436981
1821,1327,119.591949
1822,1327,160.098267
1823,1327,126.689713
1824,1327,158.835648
1843,1327,105.497734
1849,1029,1944.101929
1922,1029,139.318039
1923,1029,137.718079
1922,1030,139.114868
1923,1030,586.40741
1924,1030,104.397034
1925,1030,133.959625
1922,1031,262.170837
1923,1031,187.04068
1924,1031,170.351852
1925,1031,454.025391
1926,1031,106.714447
1821,1329,228.649414
1822,1329,300.682495
1823,1329,232.817322
1824,1329,201.548782
1825,1329,230.372833
1843,1329,102.725319
1934,1032,613.224915
1824,1330,228.464539
1826,1330,954.93219
1834,1330,1180.232422
1835,1330,650.340881
1842,1330,708.227539
1843,1330,127.575722
1826,1331,236.457932
1827,1331,546.88562
1842,1331,466.229034
1822,1339,387.274292
1837,1339,179.175919
1838,1339,115.555779
1839,1339,213.570694
1840,1339,120.883133
1833,1340,403.557098
1834,1340,353.862793
1835,1340,215.392792
1836,1340,164.230011
1837,1340,236.835281
1838,1340,238.611374
1840,1340,218.691483
1841,1340,166.220001
1872,1054,244.046402
1805,1350,174.562775
1806,1350,194.149307
1808,1350,108.515457
1809,1350,360.163971
1810,1350,472.820831
1811,1350,267.063049
1812,1350,315.309357
1814,1350,306.463654
1815,1350,291.693146
1816,1350,1516.962524
1817,1350,1166.92627
1854,1055,181.462875
1872,1055,330.631134
1873,1055,220.888763
1837,1056,279.742645
1847,1056,107.997101
1848,1056,129.660385
1849,1056,115.781998
1854,1056,105.76136
1806,1351,246.987396
1809,1351,535.305664
1810,1351,296.851471
1811,1351,232.837418
1812,1351,304.78595
1813,1351,307.027283
1814,1351,766.312256
1815,1351,158.670074
1816,1351,1487.941162
1817,1351,1238.977417
1818,1351,506.343079
1833,1351,210.879349
1813,1352,135.324493
1814,1352,201.172913
1815,1352,180.6297
1816,1352,169.682571
1817,1352,153.432755
1818,1352,212.966751
1819,1352,135.882202
1820,1352,399.38443
1821,1352,203.195236
1837,1352,220.151276
1859,1674,278.620392
1817,1353,103.520096
1822,1353,128.653458
1828,1353,192.252533
1838,1353,330.848846
1840,1353,142.403702
1841,1353,273.715302
1859,1675,374.688293
1836,1354,206.933105
1839,1354,104.707924
1840,1354,197.848633
1841,1355,152.644012
1842,1355,215.034897
1861,1355,118.545639
1840,1356,206.601974
1841,1356,261.52774
1795,1061,310.0
1818,1359,149.090912
1842,1363,146.01387
1842,1364,135.016495
1842,1365,226.178925
1842,1366,186.911362
1842,1367,186.194855
1770,1368,156.543228
1803,1368,328.95166
1842,1368,133.234222
1775,1369,120.985481
1803,1369,559.043762
1821,1369,101.000595
1822,1369,120.9711
1841,1369,120.599632
1842,1369,533.910828
1777,1370,111.641754
1803,1370,227.075684
1827,1370,134.006073
1828,1370,102.633018
1842,1370,171.905487
1779,1371,143.157486
1781,1371,331.182678
1782,1371,477.654938
1803,1371,260.989868
1804,1371,156.828995
1812,1371,181.013611
1815,1371,201.107086
1816,1371,198.292206
1817,1371,106.56337
1829,1371,242.25708
1786,1372,106.283974
1803,1372,140.809341
1841,1372,153.432907
1842,1373,186.282196
1831,1375,376.910614
1834,1375,202.432556
1888,1091,122.491104
1772,1389,114.482956
1888,1094,136.756134
1774,1391,126.445961
1775,1391,122.81208
1777,1392,282.164948
1881,1098,148.728516
1780,1397,226.594284
1777,1398,104.274765
1784,1399,101.579941
1833,771,100.881599
1781,1400,183.116486
1784,1400,176.067352
1785,1400,184.756363
1783,1401,173.220108
1866,773,126.836525
1940,782,148.013306
1940,783,315.325592
1941,784,197.479736
1943,784,100.709885
1944,785,294.395996
1870,1416,315.595367
1872,1416,369.397827
1980,796,113.78302
1947,797,318.223175
1942,798,443.4776
1948,798,227.114075
1950,798,321.956329
1972,798,124.799225
1775,1127,174.302322
1974,799,336.076447
1974,800,159.655151
1975,800,124.462753
1774,1128,422.696503
1775,1128,781.749146
1776,1139,378.880798
1774,1140,161.538223
1775,1140,377.821899
1776,1140,317.877472
1774,1141,195.041702
1775,1141,867.822388
1773,1142,132.100601
1774,1142,537.296387
1775,1142,637.989868
1774,1143,683.950867
1775,1143,790.699158
1784,1443,119.248077
1773,1144,172.510727
1774,1144,281.92923
1775,1144,1299.414063
1772,1145,217.270676
1773,1145,266.751221
1774,1146,115.582916
1785,1447,470.378418
1774,1147,187.715347
1785,1448,183.675583
1842,1448,155.257248
1785,1449,232.209534
1785,1450,187.83075
1785,1451,129.469452
1786,1452,513.982361
1785,1456,170.504822
1920,842,325.258545
1924,842,183.242065
1817,843,210.682968
