632,6,215.517319
221,19,108.611771
240,28,133.399689
110,32,232.397675
259,32,206.28096
262,32,585.708374
173,34,117.733887
176,35,215.479462
79,36,309.776215
171,36,142.891327
110,40,126.297539
174,40,107.637978
109,41,194.352844
166,42,131.636688
167,42,163.507553
260,52,190.760849
257,54,115.677193
258,56,101.532745
258,57,187.241302
259,57,101.096985
253,58,121.899811
255,60,101.262558
263,62,134.407867
100,67,137.700974
116,81,136.591736
117,82,343.339508
116,83,145.8862
117,83,111.347572
2,86,220.308212
114,94,178.854065
117,94,115.144836
65,101,112.70919
250,102,177.525055
251,102,113.33345
219,103,148.77272
217,107,108.099762
253,107,101.693497
215,108,171.059204
239,108,154.764206
214,109,132.203964
215,109,113.93232
245,109,213.780624
244,110,260.046234
232,111,108.826004
254,111,366.461761
236,112,217.411942
237,112,120.717644
243,112,163.322922
244,113,671.218323
245,113,158.417648
246,114,298.247162
241,115,200.018982
246,115,129.66423
94,120,183.32283
95,120,137.802704
96,120,176.876678
90,121,170.70134
91,121,101.829247
92,121,185.508667
93,121,279.957214
94,121,123.076599
84,122,475.968079
85,122,524.472839
86,122,128.714233
87,122,109.123077
88,122,219.809814
89,122,373.40683
90,122,157.730881
93,122,113.178001
82,123,446.832397
84,123,222.110489
85,123,218.134735
88,123,154.765839
108,123,814.433167
77,124,432.707458
78,124,114.739632
79,124,131.41008
80,124,362.928802
81,124,227.071091
82,124,221.618378
85,124,118.943336
72,125,260.221802
77,125,212.550552
95,125,233.627274
89,126,113.249359
90,126,468.280457
91,126,1133.516602
93,126,154.833298
111,127,168.528214
112,127,171.504761
113,127,201.175385
111,128,221.313309
112,128,222.355621
108,129,120.579971
109,129,155.429855
110,129,170.11972
111,129,236.617722
42,130,121.231918
106,130,117.107841
107,130,165.653625
108,130,209.208893
109,130,411.746429
41,131,119.277878
93,131,214.669769
94,131,144.4086
95,131,133.605743
85,132,131.896164
92,132,118.285454
43,134,110.818382
144,136,108.010094
145,139,184.70047
146,139,156.102844
12,142,161.083328
15,143,171.804459
81,143,104.305771
15,144,217.419327
16,144,238.870209
16,145,150.941116
16,146,165.422028
60,147,136.496506
64,147,203.123093
70,152,108.713081
65,156,103.518967
50,157,132.749176
