2005,2169,190.168915
2005,2170,177.718658
2000,2177,152.471252
1998,2178,145.357117
1998,2179,306.433594
1999,2179,357.387482
1998,2180,305.183899
1999,2180,218.123398
1998,2181,167.627365
1999,2181,189.326263
1998,2182,147.101761
1999,2182,185.969986
1997,2183,136.250107
1998,2183,250.057449
1999,2183,193.079117
1996,2184,470.454285
1997,2184,176.468857
2000,2186,130.791046
2003,2186,281.143311
1999,2187,108.589493
2000,2187,281.111938
2001,2187,199.741119
2002,2187,163.314499
2003,2187,103.410545
2006,2187,340.032593
