505,2477,198.86348
506,2477,234.463989
505,2479,269.347351
506,2479,283.486145
504,2480,232.907715
505,2480,247.026688
506,2480,198.299347
505,2481,278.347595
506,2481,212.895218
505,2482,404.118927
506,2482,167.646652
505,2483,306.918701
506,2483,205.073944
506,2228,366.420349
508,2228,291.299561
506,2229,279.426361
508,2229,682.127319
496,2232,123.506828
508,2232,220.154709
495,2233,110.819901
496,2233,174.89032
495,2234,120.167679
496,2234,134.269272
495,2235,407.289581
497,2235,115.956802
508,2235,307.768982
508,2236,187.233032
508,2238,100.458679
493,2239,144.137222
509,2239,172.814484
487,2240,267.375641
488,2240,174.877777
493,2240,156.754562
494,2240,124.238998
520,2241,231.913254
521,2241,153.590714
496,2242,105.948219
520,2242,387.975952
521,2242,1894.018921
522,2242,137.92215
496,2243,222.06395
471,2251,261.450806
463,2260,130.879044
463,2261,262.499329
526,2265,273.941071
527,2265,651.230957
491,2269,1983.25
491,2270,137.878265
469,2276,126.58651
462,2278,364.716339
463,2278,200.355011
464,2278,127.44313
462,2279,707.081909
463,2279,131.156311
464,2279,108.0
464,2280,327.408844
454,2314,215.91156
500,2314,448.032318
501,2314,160.443848
501,2315,245.354919
502,2316,304.786377
503,2316,218.335297
502,2318,928.703918
453,2319,183.44252
454,2319,177.18573
467,2319,203.43074
507,2319,198.932434
508,2319,280.910553
501,2320,255.682281
507,2320,869.523315
470,2321,124.258453
501,2321,250.687195
471,2322,113.701935
501,2322,135.376389
471,2323,178.573547
501,2323,129.569504
471,2324,169.789734
474,2328,351.437988
474,2329,171.701477
473,2331,164.913162
473,2332,251.781143
526,2334,538.921997
523,2340,258.810913
471,2351,468.950439
472,2351,215.862
471,2352,411.779388
471,2353,1060.371826
471,2354,613.895203
472,2354,139.314529
472,2355,1555.040283
471,2356,3696.804932
472,2356,854.476929
457,2357,119.030754
472,2357,1252.921753
473,2358,693.394348
463,2390,117.84893
474,2390,120.355255
479,2390,131.836899
472,2391,316.198151
472,2394,222.861877
503,2394,461.154297
472,2398,164.092422
477,2400,169.813721
478,2400,206.720825
479,2400,169.813721
490,2400,124.311569
491,2400,235.605591
479,2401,396.438995
480,2401,631.085938
482,2401,420.138794
494,2401,126.686653
501,2401,220.817749
491,2402,107.509964
492,2402,403.073242
493,2402,196.682434
501,2402,205.130676
488,2403,145.495728
491,2403,101.821335
492,2403,145.158707
501,2403,279.926758
491,2404,126.400246
501,2404,329.937866
441,2419,181.229965
440,2420,211.867126
440,2421,130.76683
443,2421,109.833908
439,2422,148.154861
440,2422,703.894165
441,2422,270.842194
443,2422,2918.214355
444,2422,295.064941
467,2427,167.414078
457,2429,257.55127
491,2431,432.897064
490,2432,199.618164
491,2432,178.625397
461,2433,155.822418
462,2433,173.008591
463,2433,272.267365
482,2433,252.206482
