1611,1486,103.05574
1618,1486,137.549713
1617,1488,483.087036
1707,1488,118.407402
1591,1489,857.853394
1599,1492,159.96933
1625,1493,184.728241
1610,1494,113.607407
1736,1495,108.220741
1736,1496,131.898254
1598,1497,495.178345
1736,1500,339.480743
1736,1501,185.492401
1638,1502,214.053192
1647,1502,401.124084
1646,1503,105.397072
1647,1503,139.604462
1646,1504,150.72464
1668,1504,110.093224
1669,1504,155.851532
1674,1504,263.021698
1675,1504,161.669815
1676,1504,150.406204
1674,1505,183.237778
1675,1505,229.874496
1676,1505,168.596771
1675,1506,230.100494
1676,1506,106.927841
1677,1506,258.851837
1646,1507,294.096069
1709,1507,154.83783
1709,1508,204.017563
1710,1508,345.765015
1644,1509,286.600433
1645,1509,200.772949
1710,1509,327.282684
1711,1509,326.165405
1712,1509,1125.710571
1710,1510,101.541634
1711,1510,420.855652
1712,1510,620.157166
1711,1511,3026.930908
1736,1511,594.24054
1642,1515,178.742767
1701,1515,123.0
1692,1518,808.834351
1703,1524,1308.123901
1626,1526,841.174561
1623,1528,501.737946
1707,1529,765.0
1711,1529,1162.692261
1628,1531,957.600464
1639,1531,201.472382
1716,1531,259.122131
1713,1532,605.0
1715,1532,296.569519
1758,1535,145.5
1593,1541,274.886719
1614,1562,112.448875
1641,1563,241.655869
1712,1565,108.260948
1705,1566,106.135323
1629,1568,259.825073
1707,1568,104.635323
1614,1570,1054.078979
1621,1570,134.885727
1621,1571,100.31189
1560,1581,341.433563
1648,1581,595.844849
1649,1581,196.926743
1625,1598,201.409943
1626,1599,119.999199
1616,1600,296.106506
1625,1600,101.791
1626,1600,145.813721
1568,1606,104.731979
1571,1606,316.176697
1572,1606,241.274551
1573,1606,213.111832
1586,1606,120.394745
1587,1606,170.30452
1585,1607,148.322891
1586,1607,192.891098
1588,1607,106.572891
1589,1607,256.179016
1589,1608,154.699524
1590,1608,293.443939
1590,1609,103.604431
1604,1610,416.208435
1579,1654,199.353912
1577,1677,342.355865
1568,1678,130.388199
1572,1678,416.9599
1576,1692,117.306145
1576,1693,117.306145
1713,1423,139.267105
1631,1424,126.385948
1713,1424,125.425064
1714,1424,115.199898
1634,1425,112.005814
1713,1425,113.47287
1716,1425,104.477142
1717,1425,124.092201
1718,1426,148.910858
1710,1427,153.750458
1711,1427,263.392059
1710,1429,195.90451
1636,1430,120.417427
1739,1430,167.967133
1642,1431,134.193954
1714,1432,118.729874
1670,1434,142.968994
1741,1434,291.934753
1566,1441,127.973808
1567,1441,185.221939
1592,1446,120.359772
1592,1447,138.907272
1606,1448,139.116211
1607,1448,130.046524
1608,1449,127.970657
1585,1450,128.543015
1608,1450,128.523285
1609,1450,130.836761
1584,1451,128.561218
1609,1451,1559.546997
1717,1451,275.000824
1581,1454,112.419731
1671,1454,106.055511
1672,1454,457.942413
1681,1454,108.598701
1578,1455,111.476334
1671,1455,186.095093
1673,1455,303.376801
1682,1456,414.228699
1683,1457,274.102417
1659,1459,176.450531
1576,1460,239.122269
1577,1460,232.429382
1659,1460,102.981956
1749,1460,323.600739
1750,1460,145.544479
1751,1460,173.061493
1752,1460,183.34668
1753,1460,153.719772
1755,1460,153.606552
1577,1461,543.263916
1610,1461,3078.868896
1611,1461,646.496216
1750,1461,109.840271
1751,1461,188.686905
1752,1461,177.896149
1753,1461,178.615067
1756,1461,565.564453
1757,1461,529.616089
1758,1461,386.795837
1759,1461,101.422012
1612,1462,544.49939
1613,1462,631.624817
1747,1462,135.441925
1748,1462,123.971924
1750,1462,106.874268
1755,1462,101.609612
1756,1462,299.957855
1757,1462,209.050903
1758,1462,103.079132
1756,1463,175.496216
1614,1464,107.448044
1687,1464,137.779755
1688,1464,623.313477
1582,1465,338.85202
1639,1465,184.303009
1687,1465,487.350128
1688,1465,453.311371
1717,1465,306.325378
1638,1466,138.201752
1641,1466,134.652344
1643,1466,111.087791
1617,1470,145.809921
1749,1470,497.349762
1748,1471,176.664703
1749,1471,291.058044
1750,1471,568.007263
1752,1471,130.221664
1753,1471,136.787704
1749,1472,207.949677
1752,1472,135.46785
1753,1472,138.281021
1754,1472,171.320175
1755,1472,171.896851
1756,1472,153.407288
1757,1472,158.144455
1616,1473,132.419556
1638,1473,189.717438
1750,1473,263.726196
1751,1473,250.347961
1752,1473,159.89743
1753,1473,200.395508
1757,1473,146.358673
1638,1474,280.866882
1750,1474,460.901215
1751,1474,275.386292
1638,1475,211.764038
1631,1477,238.567749
1630,1479,134.885391
1618,1483,142.654663
1748,1485,129.442841
