2472,2267,342.623566
2459,2268,619.330566
2460,2268,515.693054
2459,2269,530.181335
2460,2272,381.780762
2393,2277,252.343231
2396,2284,107.547974
2375,2285,307.912537
2376,2285,1084.343384
2397,2285,196.969833
2372,2286,200.900589
2373,2286,136.048645
2376,2286,165.914749
2352,2287,201.594162
2373,2287,117.769447
2375,2287,121.063515
2367,2289,121.701805
2343,2290,158.751572
2350,2291,121.418671
2383,2294,245.267807
2382,2295,269.258331
2392,2295,268.399902
2400,2295,712.521423
2404,2295,179.215683
2380,2296,662.208862
2392,2296,356.233551
2393,2296,129.974701
2396,2296,659.577026
2397,2296,174.8871
2404,2296,265.13443
2405,2296,1167.248047
2409,2296,929.265259
2367,2300,126.50396
2373,2300,216.596573
2374,2300,109.372612
2376,2301,114.205879
2388,2307,198.34935
2388,2308,174.623032
2415,2309,274.414917
