1117,219,130.259476
1032,220,137.178452
1115,549,439.625061
1094,559,143.148026
1093,560,122.662186
1094,560,149.999649
1107,561,118.55648
1108,561,178.553864
1109,561,181.808884
1110,561,346.293213
1121,561,218.194565
1121,562,199.140182
1122,562,160.313751
1123,562,267.431702
1124,562,121.860321
1123,563,469.572571
1124,563,111.139664
1086,246,154.007019
1085,247,102.104057
1131,566,112.118019
1133,569,125.528336
1129,574,181.311264
1132,575,446.162933
1133,576,143.179871
1134,576,106.355202
1131,577,104.810364
1128,578,104.398018
1129,578,176.837723
1131,578,267.931824
1109,579,113.587463
1128,579,107.864494
1108,580,214.886459
1109,580,280.373291
1128,580,173.783752
1020,264,102.880363
1107,581,101.088158
1133,581,183.4189
1134,581,139.763657
1135,582,181.63472
1032,267,302.421753
1033,267,118.829094
1032,268,260.584351
1087,591,145.346725
1088,591,203.638016
1089,591,195.713974
1086,592,178.84137
1087,592,137.551956
1088,592,105.561195
1027,278,212.968857
1026,279,266.572723
1040,279,230.606262
1041,279,255.721802
1053,279,135.106384
1142,593,153.009857
1143,593,278.210541
1144,593,479.956177
1145,593,600.806946
1087,594,110.800209
1141,594,144.356888
1026,280,197.492462
1030,280,210.263489
1096,596,101.106918
1142,596,156.24588
1123,289,150.622604
1134,601,298.374847
1024,291,106.186211
1025,291,135.605286
1026,291,104.19606
1039,291,103.46386
1066,291,126.081863
1171,603,104.149178
1172,603,113.964149
1066,292,513.680542
1080,292,292.777039
1020,294,326.284363
1079,294,103.898422
1080,295,121.874382
1041,296,291.076599
1080,296,108.394722
1081,296,175.624908
1156,606,209.877975
1026,298,145.781418
1111,609,223.607513
1031,299,125.061241
1047,299,124.128815
999,610,100.244087
1129,610,135.899628
1130,610,115.956665
1030,300,112.5
1044,300,132.630096
1128,611,505.554535
1031,301,109.360588
1037,301,111.575417
1036,302,913.433899
1037,302,743.221619
1060,302,210.859253
1036,303,1135.308716
1059,303,145.617981
1061,303,115.881836
1081,303,727.167908
1141,612,149.523026
1142,612,151.499207
1092,304,142.56842
1093,304,133.33429
1024,305,128.888321
1093,305,154.463684
1145,614,171.86763
1160,615,100.069565
1161,615,138.166199
1162,615,210.320099
1163,615,124.66909
1166,615,105.777237
1167,615,117.098656
1163,616,212.749039
1068,309,142.222351
1069,310,109.109749
1106,311,170.200684
1113,312,180.950455
1114,312,199.839218
1114,313,157.498047
1108,314,155.132828
1115,314,126.390076
1117,316,126.220993
1118,316,149.122269
1075,318,187.763702
1076,318,212.414337
1076,319,105.328934
1073,320,259.590088
1099,630,117.381561
1075,324,559.822693
1091,325,129.572937
1092,325,185.121964
1000,632,127.399567
1002,632,155.315994
1080,326,121.544769
1094,326,120.478699
1100,635,117.195839
1094,330,186.953659
1089,331,301.660889
1090,331,210.338974
1088,332,154.004425
1090,332,260.758423
1092,332,107.543304
1107,332,110.609177
996,639,126.916855
1109,333,108.339127
1110,333,225.458038
1182,640,165.763
1085,641,137.195343
1086,641,162.335648
1093,641,101.657181
1174,641,132.123047
1175,641,139.942078
1106,334,133.78801
999,643,399.161713
1104,336,235.044708
1107,336,262.918884
1108,336,159.505493
1109,336,130.216766
1109,337,110.268784
1106,338,131.204666
1173,338,621.527832
996,645,115.287018
1083,645,102.577232
996,646,201.305908
998,646,216.923172
1057,27,1022.677551
1080,650,339.640594
1081,650,395.113464
1082,650,103.615273
1100,28,173.83667
1101,28,110.134995
1095,651,236.274551
1056,31,128.03566
1056,32,188.519867
1118,33,115.465889
1140,35,118.889191
1185,350,211.625549
1186,350,219.242081
1187,350,221.656631
1140,36,192.578201
1185,352,203.328323
1118,38,101.419342
1185,353,127.635201
1185,354,120.108246
1140,39,193.837067
1141,39,168.276825
1185,356,146.617371
1094,42,164.175186
1095,42,152.926224
1077,664,111.341537
1093,44,142.635071
1095,44,158.000046
1162,45,236.9552
1002,671,107.112144
1003,671,116.225029
1005,671,121.712662
1006,671,148.210907
1002,683,125.594208
1005,683,133.656174
1007,683,134.475342
1011,683,125.774101
1115,64,156.674271
1011,684,120.394333
1107,67,1250.635132
1108,67,720.141968
1110,67,431.327911
1104,68,178.045776
1111,68,191.188187
1006,381,231.219437
1104,69,159.878311
1105,69,112.586555
1105,70,181.799759
1079,384,170.888824
1080,384,106.515602
1081,384,145.583817
1107,71,104.378654
1114,72,369.754578
1070,387,144.792038
1069,388,102.084679
1088,391,126.624702
1093,391,381.512329
1094,391,196.669998
1095,391,137.177383
1076,392,107.93084
1079,393,158.351807
1060,82,134.61911
1098,400,189.452377
1100,400,337.563141
1105,400,113.826744
1114,88,200.762146
1184,705,109.696709
1115,401,149.407364
1112,89,143.925949
1119,402,666.275635
1184,708,131.666794
1120,404,139.72963
1121,404,432.952209
1061,99,116.886734
1082,99,330.631042
1023,410,207.102478
1045,100,103.805786
1062,100,221.363159
1065,100,108.275063
1119,100,179.517471
1022,411,107.670341
1102,102,369.49057
1085,412,109.219437
1119,103,153.257584
1022,413,131.887955
1116,104,618.23877
1123,414,104.415733
1023,415,231.829117
1094,415,149.166687
1123,416,107.396561
1069,105,494.74411
1068,106,221.34967
1069,106,349.707642
1068,107,430.005829
1069,107,504.469849
1117,419,185.761993
1118,419,110.151794
1109,421,101.75145
1111,421,162.357849
1125,425,201.516998
1125,426,222.403091
1126,426,217.552078
1091,441,114.201477
1018,137,141.814514
1024,137,116.886581
1025,137,214.775574
1055,137,346.098389
1055,138,246.222061
1056,138,274.21286
1068,138,186.686813
1052,139,705.648071
1053,139,180.158569
1054,139,188.542175
1025,140,205.744873
1053,140,288.104523
1122,140,239.605316
1115,141,126.102074
1120,141,118.030327
1129,454,110.424789
1079,145,190.888229
1041,147,109.241776
1153,149,135.28093
1089,462,102.763969
1092,462,166.078903
1006,469,387.374298
1023,469,129.455902
1020,470,124.949562
1021,470,113.624893
1023,470,147.884506
1019,471,153.422714
1020,471,114.065079
1163,475,174.935501
1164,476,176.228485
1118,167,180.340607
1062,482,242.33931
1063,482,313.975159
1077,482,142.779861
1086,482,112.705437
1061,483,177.448517
1062,483,242.817474
1060,484,164.955704
1061,484,202.347549
1062,484,149.225403
1061,485,267.910919
1062,485,1177.745728
1063,485,181.000793
1062,486,318.036743
1069,175,269.596069
1025,176,154.797455
1148,488,194.001465
1148,490,104.462898
1077,492,194.737305
1078,492,135.501236
1110,496,123.995155
1066,500,111.924782
1068,500,111.194458
1066,501,122.483704
1067,501,128.332489
1096,502,175.777054
1027,503,127.259903
1028,505,265.425751
1028,506,484.171204
1030,506,157.465637
