577,888,195.137558
544,891,140.357269
558,914,185.729706
558,918,282.889374
559,918,228.961487
560,918,197.313354
511,919,126.096146
577,937,350.394012
548,939,327.469269
549,939,328.828674
550,939,192.343216
551,939,141.580399
556,939,116.599167
559,939,128.765152
560,939,138.843872
561,939,194.560211
562,939,213.81662
563,939,191.83252
564,939,190.77655
565,939,168.86911
547,940,488.745605
548,940,379.936188
549,940,373.728485
550,940,382.032562
551,940,353.460449
552,940,410.308044
553,940,160.395035
554,940,131.737823
555,940,175.65947
556,940,157.698288
557,940,621.600586
558,940,167.179108
559,940,166.38562
560,940,161.337906
561,940,140.518295
562,940,231.650787
563,940,178.979263
564,940,206.862076
565,940,198.224838
566,940,178.121933
552,941,287.154968
553,941,202.250122
554,941,177.212296
555,941,140.510712
519,945,105.179703
516,946,135.162567
508,947,174.530334
509,947,166.020386
510,947,165.758316
511,947,162.704712
512,947,164.384949
513,947,354.29718
514,947,114.546906
517,948,133.877411
607,952,110.03775
609,953,115.713982
560,955,261.571686
549,956,832.583374
550,956,242.885941
560,956,261.537231
561,956,461.35083
562,956,427.712433
563,956,423.087677
564,956,412.684845
565,956,256.226288
580,956,130.329208
581,956,188.811035
610,956,538.866882
548,957,285.334991
549,957,173.275894
560,957,142.288483
561,957,260.847656
562,957,476.135559
563,957,499.925842
564,957,249.314911
565,957,139.15062
610,957,657.250854
547,958,202.109741
548,958,164.662643
549,958,142.974594
560,958,161.322189
580,959,116.329735
582,960,330.923035
521,982,726.033997
521,983,125.971184
603,986,302.691284
563,991,380.128479
519,1011,179.80127
558,1014,298.302765
599,1022,164.677689
598,1023,278.386993
599,1023,320.632874
596,1029,577.680359
597,1029,218.794632
598,1030,134.634583
600,1032,238.003662
601,1032,247.553497
602,1032,212.14743
603,1032,403.459351
604,1032,141.530212
566,1033,117.347725
602,1033,298.602417
603,1033,272.467072
604,1033,189.041718
605,1033,168.681183
606,1033,133.508926
604,1034,146.82785
605,1034,453.108063
567,1035,606.046814
600,1041,245.164993
601,1041,301.898804
599,1042,336.954712
600,1042,201.795898
601,1042,253.421082
603,1042,563.289917
628,1042,160.48317
628,1043,288.7659
498,1050,169.066986
499,1050,113.104401
553,1061,101.672409
515,1062,338.19693
597,1078,292.588898
598,1078,221.104095
599,1078,235.217697
600,1078,242.950745
601,1078,244.794662
602,1078,213.884018
603,1078,309.014191
604,1078,252.451508
605,1078,214.033325
597,1079,392.514984
618,1087,110.872757
619,1087,515.521484
619,1088,484.308228
620,1088,383.603973
618,1089,526.47644
619,1089,317.559448
620,1089,391.706573
617,1090,445.917297
618,1090,734.353638
618,1091,1836.472778
618,1092,1869.582642
617,1093,869.638977
617,1095,486.325134
617,1096,688.224487
