2444,2140,246.201675
2444,2141,242.655029
2444,2142,562.57959
2395,2010,107.043106
2377,2019,223.520386
2377,2020,121.093002
2385,2022,107.940697
2386,2022,130.905075
2393,2022,112.318062
2407,2023,122.358337
2376,2041,317.021545
2481,2044,120.223778
2387,2047,566.025818
2388,2047,357.34021
2388,2051,111.777542
2390,2051,116.265152
2492,2052,112.192078
2404,2083,105.829498
2403,2085,106.037865
2400,2097,137.59111
2403,2097,280.753662
2402,2098,101.823395
2451,2099,143.628967
2398,2111,141.115936
2372,2114,153.827301
