1853,2446,110.215546
1853,2447,118.448997
1846,2448,151.923538
1739,2452,241.838257
1790,2452,107.92308
1738,2453,137.024719
1745,2455,159.712357
1835,2459,177.595688
1716,2460,104.337936
1842,2462,125.14843
1751,2464,151.015976
1759,2464,243.208923
1758,2472,138.757248
1825,2473,142.323502
1752,2476,117.048775
1743,2479,159.440125
1742,2480,162.365326
1745,2483,136.953384
1743,2484,172.828751
1744,2484,152.943359
1841,2484,307.431396
1739,2485,328.349609
1744,2486,227.256531
1737,2490,101.755676
1834,2495,199.386627
1835,2496,150.817245
1887,2294,152.322342
1895,2295,242.556488
1896,2295,228.007751
1897,2295,166.766449
1898,2295,130.49791
1899,2295,134.655746
1961,2295,153.571838
1897,2296,605.022095
1930,2296,108.096092
1895,2297,525.939392
1896,2297,568.590576
1897,2297,131.085388
1930,2297,151.340851
1892,2298,137.181564
1896,2299,205.860245
1897,2299,110.992142
1897,2300,565.309265
1941,2302,278.21701
1942,2312,138.986984
1943,2312,139.759155
1941,2313,130.168686
1942,2313,149.287613
1939,2314,114.59668
1940,2314,133.04213
1944,2314,116.42234
1947,2315,241.574066
1769,2317,113.075218
1950,2317,105.567162
1936,2318,121.487816
1943,2318,208.953384
1938,2319,240.600754
1835,2335,126.034851
1798,2337,223.226654
1799,2337,139.036316
1877,2337,101.419769
1859,2340,167.31662
1822,2341,308.898987
1798,2342,341.000824
1799,2342,415.324951
1800,2342,283.800995
1801,2342,318.377686
1838,2343,263.854553
1862,2353,382.428986
1818,2363,210.712067
1860,2365,121.146675
1861,2365,168.637497
1814,2367,183.771271
1847,2370,163.360428
1863,2376,342.89801
1807,2381,160.612305
1842,2389,230.448105
1780,2404,200.841064
1747,2414,317.827637
1862,2414,122.70034
1863,2414,127.000343
1864,2414,122.000343
1746,2415,1147.514526
1747,2415,889.805542
1773,2416,220.717911
1773,2417,188.243027
1773,2419,111.207489
1857,2422,126.14695
1719,2424,244.984421
1720,2424,216.603088
1774,2427,158.165283
1714,2428,500.75824
1726,2432,381.780792
1767,2433,101.580772
1864,2435,120.813431
1865,2435,108.259628
1866,2435,101.09465
1730,2437,198.062012
1781,2437,122.038696
1771,2440,155.072601
