2232,533,200.964066
2182,213,106.216316
2233,534,297.841431
2234,534,208.505768
2235,534,149.268204
2177,215,103.44381
2234,536,100.96418
2235,536,102.991219
2233,537,109.305222
2225,539,106.795029
2070,220,100.907112
2213,542,108.995483
2107,225,191.45105
2128,552,178.690247
2147,556,107.427094
2149,558,116.484406
2148,559,160.244003
2149,559,198.210892
2150,559,145.619644
2151,559,148.809906
2142,561,203.163971
2151,564,186.695999
2152,564,324.859161
2148,565,141.275925
2141,573,107.411064
2162,575,120.476341
2163,575,132.510483
2059,261,323.870056
2058,262,226.640472
2144,581,272.940155
2223,584,169.713654
2052,588,307.716553
2053,588,193.079102
2050,591,435.780273
2051,591,177.394836
2043,592,163.724899
2176,281,218.313751
2089,596,131.171112
2155,600,154.777191
2041,604,127.188637
2026,605,230.572479
2027,605,1179.834351
2049,618,121.41671
2050,618,246.871918
2049,619,121.41671
2050,619,150.962921
2039,620,168.237457
2148,623,226.81279
2151,623,195.308884
2152,623,209.463898
2039,624,301.783783
2148,624,349.55954
2149,624,164.547913
2150,624,199.088577
2163,624,314.73407
2036,625,238.966721
2149,625,166.933105
2150,625,130.102081
2161,6,164.32222
2207,8,104.871277
2055,9,196.779587
2056,9,135.059036
2055,10,160.249786
2084,11,109.158089
2117,633,103.505203
2084,12,142.560669
2085,12,122.825829
2084,13,713.091614
2081,14,106.244461
2060,16,211.671356
2065,16,331.813782
2066,16,222.592178
2067,16,199.90271
2080,16,268.441284
2084,16,185.813995
2079,17,271.690308
2084,17,385.592773
2038,18,135.170547
2039,18,105.393982
2042,18,143.702942
2043,18,157.582535
2045,18,110.187653
2055,18,230.87471
2040,19,224.716492
2051,334,144.356033
2117,643,156.74501
2127,643,140.575974
2062,21,317.096222
2063,21,132.240692
2064,21,102.938347
2061,22,272.685089
2066,23,165.907532
2072,23,129.679855
2073,23,117.186813
2074,23,185.045776
2075,23,133.073151
2116,646,128.022415
2060,24,118.646561
2061,24,167.670517
2067,24,160.341034
2074,24,223.90213
2061,25,299.204559
2063,25,138.732697
2065,25,224.549149
2071,25,611.68689
2114,25,121.676003
2071,648,168.082123
2063,26,244.941315
2064,26,104.820648
2115,26,229.213806
2064,27,200.04863
2084,653,160.950089
2112,653,106.228127
2113,653,113.25856
2050,657,108.429199
2072,661,107.013626
2116,661,191.471832
2123,661,113.661316
2124,661,123.778397
2125,661,129.328369
2027,994,103.746094
2102,665,107.464592
2064,361,127.65229
2104,671,173.522034
2105,671,254.29924
2106,671,197.981216
2062,674,142.789169
2099,679,171.058884
2194,65,453.270691
2115,66,175.220413
2117,66,100.681061
2194,66,100.988861
2195,66,149.92691
2064,685,110.446968
2193,67,360.380035
2194,67,153.977753
2085,76,116.666061
2205,696,101.294334
2206,696,251.405716
2093,697,100.763237
2205,697,114.516533
2206,697,149.389862
2207,697,115.397247
2072,81,125.564941
2209,698,118.082306
2072,82,189.442932
2073,82,148.108597
2073,83,186.211243
2153,699,134.080399
2153,700,147.401611
2074,84,827.167847
2187,397,103.632149
2105,702,184.920517
2113,85,106.971184
2114,85,112.299316
2117,86,273.16394
2119,86,278.682251
2168,703,152.539597
2185,400,144.236603
2145,88,121.796509
2061,91,113.02211
2110,92,922.711731
2192,92,534.295471
2193,92,1029.28479
2196,92,300.470612
2109,93,119.468666
2110,93,443.227692
2084,94,118.842407
2110,94,275.902435
2110,95,134.426102
2117,95,264.085205
2179,407,104.778061
2108,96,130.516724
2118,96,111.6315
2139,715,260.304016
2108,99,137.499802
2121,100,200.899078
2122,100,207.671143
2123,100,266.738892
2124,100,188.726044
2130,100,139.034027
2139,716,156.486664
2108,101,322.607697
2131,101,217.19426
2108,102,201.453323
2122,103,254.118637
2086,104,466.544983
2251,414,168.398743
2085,105,272.383331
2085,106,365.102661
2114,722,365.014771
2115,722,207.936798
2116,722,138.096878
2118,722,159.778381
2121,722,122.961761
2181,107,117.904129
2250,418,322.157166
2108,108,119.3274
2119,108,294.525238
2120,108,125.697647
2121,108,145.738525
2179,108,311.600616
2180,108,358.068054
2128,109,120.222816
2210,109,106.455902
2193,110,193.381348
2210,110,364.333862
2206,111,228.400223
2210,111,540.718201
2234,112,151.116058
2188,118,113.477776
2111,736,126.166954
2038,1069,240.167419
2039,1069,176.107239
2218,122,338.762817
2218,123,158.234894
2185,738,154.584122
2033,129,113.782173
2197,129,101.252739
2198,129,130.102386
2046,744,176.023682
2191,745,128.674454
2110,132,586.787842
2146,132,143.984741
2147,132,341.338837
2148,132,716.030151
2152,132,206.276245
2196,132,120.354713
2109,442,157.070969
2047,747,128.690323
2048,747,121.915909
2169,747,105.335304
2169,748,159.694244
2170,748,180.528595
2206,748,122.448181
2030,133,125.967606
2113,133,109.200981
2115,133,104.913185
2147,133,101.080566
2155,133,358.796661
2156,133,558.2146
2156,134,145.241669
2157,134,178.728836
2158,134,178.127167
2212,750,170.523224
2157,135,122.423317
2106,753,165.151688
2107,753,219.80867
2204,753,193.374573
2108,754,161.96199
2203,754,125.478264
2206,754,117.892006
2052,453,351.230499
2079,759,249.295471
2212,760,177.12117
2027,457,175.933685
2099,763,202.45639
2096,764,122.472267
2097,764,189.405853
2098,764,362.600494
2129,766,216.76384
2130,766,499.047607
2209,772,445.192413
2210,772,159.690842
2101,773,114.344765
2101,774,105.299919
2090,778,178.056137
2070,478,128.515228
2075,478,102.84198
2075,479,104.945381
2090,782,144.561127
2103,783,118.665405
2109,784,127.505547
2111,784,118.810013
2163,171,126.876518
2164,171,113.817513
2165,171,141.405655
2167,171,122.239067
2168,171,156.887192
2125,787,149.01355
2075,489,112.789261
2075,491,103.788551
2027,1425,186.383179
2092,495,139.410736
2177,495,607.036621
2178,495,285.034729
2225,495,151.940399
2177,496,216.897919
2179,496,143.536194
2092,498,127.693298
2184,186,101.85746
2108,801,124.132591
2092,500,118.887611
2091,502,126.777679
2060,191,113.277634
2141,809,121.344994
2141,810,117.075539
2141,811,253.712494
2142,811,159.149048
2143,811,167.635025
2142,812,218.352417
2143,812,143.071167
2142,813,156.214127
2140,814,240.826797
2141,814,101.367928
2180,814,133.228897
2103,508,261.403015
2103,509,226.598785
2149,198,106.097778
2150,198,128.035248
2139,815,127.300331
2103,511,443.491425
2103,512,298.619202
2198,201,235.919907
2203,202,105.05706
2161,516,289.507385
2167,519,220.699982
2168,519,233.516388
2169,519,122.655075
2194,519,102.661316
2111,525,123.433434
