390,533,689.217346
403,533,337.173065
389,534,572.255432
389,535,277.11319
402,536,179.406036
327,537,176.971466
399,539,109.816772
400,539,108.482117
260,554,105.496635
290,554,344.038208
268,555,164.709915
289,555,101.173187
268,556,139.389771
266,579,214.73642
267,579,386.861206
223,585,135.878937
224,585,126.946266
272,590,106.790092
307,591,186.306
304,595,157.98056
247,599,213.171616
330,608,119.65107
285,625,2229.446289
263,627,725.912109
273,627,158.857254
274,627,172.8508
273,628,207.529724
277,629,688.458435
278,629,137.059601
280,629,117.753365
281,629,131.593063
277,630,125.754982
264,654,529.444214
264,655,312.709137
279,656,119.516441
283,656,252.989746
286,656,280.468292
301,657,288.738586
301,658,168.610229
301,659,105.833855
300,662,158.461578
263,671,734.190002
264,671,502.746521
265,671,556.033997
262,672,565.887512
263,672,500.752411
264,672,290.995667
265,672,564.571838
267,672,378.255524
268,672,414.474274
269,672,241.388565
261,673,474.760742
262,673,243.778992
263,673,243.535599
264,673,200.446915
265,673,235.444809
266,673,233.992661
267,673,174.911026
268,673,305.498779
269,673,467.914551
288,673,203.170929
268,674,266.574585
289,674,106.726112
289,675,196.598633
389,511,128.06105
368,515,135.011398
382,528,134.111572
