324,2447,151.962524
325,2447,155.132019
323,2448,266.085327
321,2449,681.473572
322,2449,391.119354
351,2449,121.477066
318,2451,973.026855
324,2451,122.311272
325,2451,184.011078
326,2451,581.981689
328,2451,137.811035
320,2452,156.675812
321,2452,194.432983
322,2452,183.54039
323,2452,253.724091
324,2452,252.383392
325,2452,174.986694
326,2452,735.216492
327,2452,478.278687
327,2453,432.745941
327,2454,242.23053
327,2455,216.144684
383,2455,571.575989
327,2456,221.800873
383,2456,463.744812
327,2457,519.163452
323,2458,311.662994
324,2458,118.868652
327,2458,376.379608
326,2465,137.766083
321,2466,106.375977
322,2466,137.084625
323,2466,158.821808
324,2466,205.37442
325,2466,169.139587
326,2466,237.692673
327,2466,108.191414
327,2467,114.302353
325,2468,161.795959
327,2468,108.849945
338,2476,199.432785
339,2476,246.634354
346,2476,104.691887
402,2476,458.235016
359,2482,158.014099
358,2483,365.303741
358,2484,222.171783
319,2488,106.015854
320,2488,112.634201
321,2488,191.460876
319,2489,110.085899
322,2489,334.416656
318,2490,307.979858
319,2490,188.786407
328,2491,104.907745
318,2492,218.81221
319,2492,103.784088
318,2493,265.524078
384,2497,220.291275
299,2242,225.167282
299,2243,156.481079
391,2250,123.514046
394,2251,149.62532
384,2253,276.426514
385,2253,109.237968
387,2253,185.967636
388,2253,131.534592
389,2253,141.604279
390,2253,146.788055
395,2253,108.510834
340,2254,117.978714
341,2254,169.550674
385,2254,427.889313
386,2254,251.529053
387,2254,169.979431
388,2254,163.799332
389,2254,113.145439
395,2254,200.036438
404,2255,131.666977
405,2255,166.467819
403,2256,166.753876
404,2256,239.464417
405,2256,351.909821
403,2257,195.879395
415,2257,324.724396
331,2259,182.104874
331,2260,196.954208
346,2260,411.55127
331,2261,138.373642
369,2312,243.027451
373,2312,189.923843
368,2313,279.316711
373,2313,343.325012
368,2314,121.059555
368,2315,127.224098
347,2322,105.282784
337,2326,239.962769
338,2326,212.916321
339,2326,131.881302
340,2326,145.015381
343,2326,117.023758
323,2330,183.513031
361,2347,454.832611
301,2358,165.473267
301,2359,313.806854
395,2366,206.63089
395,2367,116.501442
382,2368,149.333252
366,2373,186.543823
367,2373,552.528931
368,2373,201.131714
370,2373,149.065735
371,2373,155.566452
372,2373,132.685913
373,2373,503.614441
368,2374,142.361938
372,2374,152.678726
373,2374,406.313324
372,2375,149.418961
374,2376,122.579483
388,2390,152.173538
420,2391,101.575294
420,2392,220.277557
420,2394,107.050674
352,2395,326.229004
420,2396,698.728516
428,2397,1781.601318
408,2398,117.864685
410,2398,100.710938
415,2398,295.398285
395,2399,102.930923
396,2399,116.736061
407,2399,163.402115
409,2399,108.979507
410,2399,239.96283
411,2399,531.327209
412,2399,304.617584
413,2399,175.800568
394,2400,103.533333
370,2405,175.733337
372,2405,137.454865
373,2405,252.802124
373,2406,252.055283
374,2406,497.926147
351,2407,102.9002
352,2407,162.261337
354,2407,162.20369
371,2407,123.037086
373,2407,181.875198
374,2407,470.319397
412,2407,161.118774
413,2407,204.162155
372,2408,174.509735
373,2408,308.389069
411,2408,112.104614
412,2408,101.839821
372,2409,429.564514
373,2410,357.051575
293,2414,240.950073
336,2414,167.283768
337,2414,106.026138
337,2415,111.453316
293,2418,216.487564
337,2418,105.857887
337,2419,112.565155
293,2420,341.478394
321,2420,246.794296
338,2420,102.536636
337,2421,160.868103
338,2421,135.70134
337,2422,257.102509
338,2422,257.281158
337,2423,423.995392
400,2424,225.251801
401,2424,114.923058
328,2426,146.98497
346,2433,102.549942
321,2434,154.427277
