1340,2136,335.274323
1340,2137,304.158508
1339,2138,383.492676
1323,2182,766.47467
1323,2183,811.274902
1323,2184,686.060364
1323,2186,337.335876
1322,2189,143.79895
1335,2206,21331.800781
1356,2220,433.478973
1356,2236,111.268448
1357,2236,125.802872
1356,2271,43295.0
1351,2295,940.690674
1362,2302,150.25
1363,2303,7974.056641
1364,2303,3158.521729
1415,2303,10183.760742
1417,2304,326.0
1380,2310,447.369324
1379,2311,382.436646
1377,2312,342.04776
1378,2312,122.888489
1379,2312,6026.120117
1380,2312,2191.125488
1366,2313,2973.758545
1367,2313,2409.938477
1377,2313,1299.727783
1378,2313,1338.517578
1379,2313,1338.517578
1380,2313,1782.028809
1386,2313,1760.280884
1443,2320,2982.36499
1384,2323,142.939255
1384,2324,181.269913
1323,2326,6613.276855
1368,2328,184.320938
1368,2329,709.11145
1368,2330,599.401978
1368,2331,122.75
1369,2331,743.404297
1370,2331,942.682495
1369,2332,3306.5
1370,2332,1947.161011
1369,2333,604.185303
1370,2333,9875.611328
1371,2333,9726.910156
1369,2334,1707.101685
1368,2341,5681.582031
1369,2350,178.941864
1370,2350,585.941895
1369,2351,1618.080811
1347,2353,397.544098
1348,2353,399.100891
1350,2354,109.42942
1351,2354,116.513237
1315,2359,122.660355
1318,2359,261.74823
1319,2359,401.580292
1317,2362,224.5
1317,2363,188.469452
1318,2363,336.958374
1317,2364,259.547272
1318,2364,742.101685
1318,2365,106.602547
1319,2366,118.554611
1349,2371,100.268478
