73,1167,187.597946
220,1167,111.249771
101,1178,123.630394
53,1179,189.421875
54,1179,269.183441
60,1179,300.756409
61,1179,394.088928
62,1179,524.63031
93,1180,125.5056
83,1182,118.709045
225,1182,189.540283
124,1184,167.971848
125,1184,130.562302
323,1186,211.363312
102,1187,122.858772
111,1187,159.493042
322,1187,446.181885
323,1187,195.801132
95,1188,232.789825
96,1188,252.094284
119,1188,163.330643
321,1188,169.365906
322,1188,162.820709
323,1188,185.419495
323,1189,279.79126
322,1190,114.743507
95,1191,180.650772
96,1191,116.600754
116,1191,239.885513
323,1191,147.447266
324,1191,142.502579
95,1192,165.200745
96,1192,111.15596
95,1193,124.847748
96,1193,140.563431
121,1197,206.526031
95,1201,107.553886
119,1203,240.998077
120,1203,154.62233
278,1205,267.324982
278,1206,111.982857
279,1206,122.25975
280,1206,200.633606
280,1207,182.106186
281,1207,311.9328
5,1208,211.07431
117,1209,227.534103
289,1213,154.121735
166,1228,127.823479
0,1232,154.731934
150,1235,580.439026
109,1236,132.488647
148,1236,186.26593
132,1237,164.076904
147,1238,128.923141
257,1239,181.280228
146,1240,168.79837
147,1241,180.79306
207,1244,399.131165
166,1246,112.763031
167,1247,133.302536
131,1248,519.984985
165,1248,177.423584
173,1248,118.357521
183,1248,294.844391
184,1248,200.09407
241,1248,129.959702
242,1248,243.374283
131,1249,159.679169
145,1249,118.089523
210,1249,107.972733
211,1249,142.705246
241,1249,169.175079
242,1249,401.810516
243,1249,310.158936
240,1250,100.64415
241,1250,158.571716
196,1251,145.978867
197,1251,116.541222
198,1251,158.478577
199,1251,150.973587
207,1256,262.606476
211,1259,251.711227
212,1259,112.511658
211,1260,272.270142
239,1261,141.509171
240,1261,214.809723
246,1262,251.495026
247,1262,659.609009
248,1262,225.642654
249,1262,307.306427
248,1263,829.425354
237,1266,222.573639
238,1266,200.558289
87,1267,154.85994
237,1267,155.766037
238,1267,131.416916
239,1267,208.743103
1,1268,353.39328
2,1268,147.616394
5,1268,187.256454
223,1268,135.341843
237,1268,596.914734
238,1268,250.742767
261,1268,306.606628
238,1269,131.416916
239,1269,213.948105
272,1269,690.232117
210,1271,388.242645
226,1271,591.206421
119,1273,154.883377
120,1273,124.334114
121,1273,172.433563
124,1273,284.299286
118,1274,162.644928
120,1274,184.737381
122,1274,346.169922
124,1274,154.604874
127,1274,269.541107
118,1275,152.171921
121,1275,392.519745
122,1275,327.308838
123,1275,206.157684
124,1275,162.81868
125,1275,611.097046
126,1275,223.163513
127,1275,195.766418
128,1275,129.974182
28,1278,115.6604
4,1279,151.476074
59,1281,101.459885
59,1282,230.047607
251,1291,187.161301
171,1298,168.967026
147,1308,2273.33667
148,1308,1509.571167
151,1308,836.960449
152,1308,690.84436
153,1308,817.229431
155,1308,1706.36145
190,1308,269.637787
66,1309,109.679649
146,1309,617.036682
147,1309,1252.757935
148,1309,1008.364807
149,1309,566.578735
150,1309,833.24054
151,1309,488.738373
152,1309,262.46698
153,1309,344.88028
154,1309,693.924438
190,1309,305.312439
146,1310,706.131897
147,1310,247.665436
148,1310,731.522461
149,1310,630.235779
150,1310,467.302704
151,1310,215.219666
152,1310,123.01432
153,1310,176.020432
154,1310,105.838814
190,1310,274.119141
146,1311,504.93277
147,1311,353.000916
148,1311,119.51133
149,1311,275.681305
150,1311,254.461548
152,1311,205.529053
81,1312,101.078812
146,1312,651.996704
147,1312,361.31427
148,1312,173.532623
150,1312,170.664703
151,1312,276.351532
146,1313,477.209747
147,1313,334.017181
148,1313,136.869034
151,1313,197.554993
146,1314,601.332153
147,1314,297.445923
148,1314,127.474876
147,1315,141.306976
148,1315,249.77092
153,1315,104.507095
147,1316,279.063263
149,1316,112.619179
154,1316,176.145996
155,1316,142.271744
163,1318,1037.346313
4,1348,148.547211
351,1349,306.378723
6,1350,133.755157
351,1350,137.645401
352,1350,232.531448
352,1351,157.564362
348,1352,177.433029
349,1352,105.312172
351,1352,344.387451
352,1352,324.089661
6,1353,111.829666
348,1353,295.56308
349,1353,246.773926
350,1353,149.136719
351,1353,497.375153
352,1353,665.97406
347,1354,757.485901
348,1354,402.944031
349,1354,336.493286
350,1354,226.457291
351,1354,502.833832
352,1354,861.883118
5,1355,115.722382
69,1355,662.363464
73,1355,232.192337
74,1355,499.810974
171,1355,152.210205
347,1355,635.185486
348,1355,404.146271
349,1355,419.84433
350,1355,376.143433
351,1355,449.575226
352,1355,398.352081
6,1356,200.836456
100,1356,340.714142
171,1356,153.416336
348,1356,652.412903
349,1356,464.270477
350,1356,368.443909
351,1356,375.460327
352,1356,367.16333
94,1357,170.590836
95,1357,195.046982
96,1357,126.083466
100,1357,172.533966
113,1357,124.76561
147,1357,206.02211
96,1358,167.036392
97,1358,100.909523
97,1359,107.332878
98,1359,100.890358
114,1359,115.352341
58,1360,647.550293
98,1360,188.90918
99,1360,227.832733
145,1360,341.252594
146,1360,172.531189
147,1360,134.855377
99,1361,209.706146
141,1361,103.808937
144,1361,123.393799
145,1361,665.856384
146,1361,605.285767
100,1362,214.823975
101,1362,213.211441
102,1362,108.575195
101,1363,296.367065
102,1363,172.288055
107,1363,310.338074
109,1363,686.316162
115,1363,156.727219
102,1364,112.305252
108,1364,304.744629
114,1364,139.674194
115,1364,215.708847
181,1364,103.96637
102,1365,271.989838
103,1365,358.453827
115,1365,173.262695
162,1365,193.661453
103,1366,296.529449
104,1366,122.77578
114,1366,146.552277
115,1366,239.546417
103,1367,156.549347
114,1367,204.83522
115,1367,262.706146
114,1368,176.1772
115,1368,203.396362
109,1369,112.295647
110,1369,100.105911
112,1369,184.792618
113,1369,120.307884
114,1369,249.622345
115,1369,278.380554
77,1370,105.441078
108,1370,178.665253
115,1370,558.391296
43,1372,107.372536
42,1374,161.643951
42,1375,139.782471
43,1375,108.347015
42,1376,137.665482
43,1376,123.288017
215,1376,525.696594
216,1376,380.391602
44,1377,205.226318
214,1377,517.388428
312,1380,135.826233
312,1381,281.610962
195,1382,513.841858
312,1382,156.246216
195,1383,352.778259
197,1383,421.347595
198,1383,186.56955
199,1383,329.882813
200,1383,228.542191
201,1383,291.07135
312,1383,180.28006
54,1384,114.01963
194,1384,252.144516
195,1384,174.131332
197,1384,186.633667
198,1384,124.978813
199,1384,210.750549
200,1384,258.921631
201,1384,135.497757
312,1384,205.090225
58,1385,124.06369
195,1385,139.710403
199,1385,246.279037
200,1385,219.305161
201,1385,161.170822
312,1385,273.441315
53,1386,206.839279
195,1386,161.057922
200,1386,149.842865
201,1386,335.798279
53,1387,268.937073
54,1387,243.665573
55,1387,120.802696
200,1387,172.794525
201,1387,183.770416
55,1388,119.282341
79,1388,200.731033
80,1388,258.347778
201,1388,222.740799
79,1389,109.78553
219,1389,138.067474
80,1392,158.643661
178,1392,131.045334
80,1393,337.042786
216,1396,111.964478
217,1396,126.115303
335,1100,121.480125
216,1397,117.665642
217,1397,279.777435
217,1398,223.955017
217,1399,114.226929
162,1400,929.351563
162,1401,115.694092
165,1402,122.328468
165,1403,107.593796
117,1110,140.839554
192,1111,188.579575
211,1114,195.697784
211,1115,148.770752
212,1115,158.346725
212,1116,337.455109
112,1416,185.621765
192,1118,117.75016
151,1417,210.870926
112,1418,256.460052
157,1418,110.615295
158,1418,229.778534
159,1418,473.778778
49,1119,132.768555
50,1119,127.832275
192,1120,166.969589
193,1120,116.762764
212,1121,101.534843
165,1122,485.0
284,1122,112.929268
192,1123,161.893341
49,1124,369.835358
192,1124,145.088501
44,1125,101.103462
46,1125,125.412254
192,1132,118.589424
99,1142,383.877106
98,1147,689.480957
114,1149,461.861023
114,1152,875.412415
115,1152,632.79364
114,1153,474.785248
184,1154,357.354065
185,1156,136.206635
34,1160,103.715805
79,1163,164.718201
79,1164,110.393524
71,1166,417.526825
