171,917,248.0
43,919,216.907089
170,919,236.0
171,919,229.0
29,920,181.572433
30,920,136.450195
41,920,140.772385
28,921,108.741196
168,921,197.693466
41,922,170.59166
28,926,109.426773
141,928,142.546463
142,928,107.462296
206,928,100.146072
210,928,110.583801
132,929,222.588287
133,929,112.988182
136,929,112.858788
141,929,173.997223
143,929,107.671425
144,929,137.743149
145,929,160.118637
159,929,100.165916
160,929,124.154861
130,930,170.635345
131,930,101.206573
133,930,119.77314
206,931,125.927658
129,946,169.995804
130,947,176.349594
0,948,294.1008
1,948,154.369858
1,949,111.597473
0,950,127.504562
118,955,151.968597
120,955,159.057129
121,955,111.594528
121,956,113.226212
122,957,179.190582
125,959,181.025894
118,960,563.214722
125,960,190.057068
126,961,211.898392
127,962,143.483978
127,963,238.906525
127,964,110.915924
127,965,125.159508
127,966,118.613708
128,966,229.746292
125,967,162.603333
125,968,174.732559
126,968,193.02124
126,969,182.614197
183,973,115.201691
154,979,138.889008
33,988,120.335587
29,989,142.300583
1,990,139.607834
1,991,111.970345
28,991,111.255127
1,992,160.850677
0,993,259.592804
1,993,428.580719
3,993,177.960663
58,993,134.997101
1,994,385.365753
58,994,163.777847
101,994,104.290306
59,995,198.774963
119,997,122.382515
156,999,109.581352
157,999,141.387283
164,1003,148.794464
167,1003,170.654419
154,1006,102.810081
155,1006,237.149261
132,1009,138.948349
132,1010,130.779205
132,1011,247.101517
59,1012,106.723663
132,1012,124.26487
132,1013,160.052063
154,1013,102.83181
31,1014,127.873924
56,1014,270.584717
132,1015,112.658272
29,1016,129.985611
32,1016,129.404984
33,1016,255.447906
34,1016,140.896118
169,1016,102.023331
29,1017,205.036484
30,1017,348.84024
31,1017,387.702759
32,1017,490.134338
34,1017,379.618805
35,1017,216.662567
168,1017,104.471931
127,1018,277.59079
168,1018,149.422562
127,1019,196.790604
128,1020,105.206741
98,1022,106.564743
127,1023,105.603714
41,1024,113.887062
42,1024,163.955139
43,1024,125.299042
44,1024,164.080185
45,1024,129.563431
42,1025,317.783447
81,1048,104.761703
126,1048,116.493706
130,1048,312.276611
110,1049,146.623749
130,1049,118.021194
130,1050,106.296188
62,1051,349.047394
63,1051,204.76506
130,1051,114.349953
130,1056,106.573235
130,1057,105.249702
207,1058,157.624969
195,1059,132.997742
204,1059,157.209686
195,1060,137.980743
206,1060,142.521179
60,1062,160.136887
213,1062,235.832764
58,1063,128.242035
3,1072,104.60347
1,1073,229.472092
2,1073,211.035736
4,1073,128.761215
