1035,848,210.283737
1036,848,208.483246
1037,848,207.322418
1038,848,208.515396
1039,848,165.456161
1040,848,160.381927
1041,848,135.784485
1042,848,138.456024
1164,851,117.289536
1027,852,139.502228
1028,852,376.053467
1164,852,124.918678
1166,853,198.225784
1028,860,894.799072
1027,861,310.929321
1028,861,833.914001
1028,862,631.943848
1052,1182,6934.246094
1028,863,258.337219
1029,863,144.800705
1028,864,258.337219
1029,864,143.332397
1028,865,406.350281
1028,866,597.62085
1028,867,143.701294
1190,867,317.228699
1028,868,362.739868
959,869,163.550751
958,870,158.560745
1086,870,104.32267
1087,871,387.327606
1087,872,267.140076
1086,873,106.863075
1087,873,227.541016
1084,874,1936.95459
1085,874,1524.215942
1086,874,762.979248
1087,874,428.506897
1084,875,122.323997
1086,875,168.082306
1015,876,504.00415
1012,877,177.453918
1055,1195,3375.702637
1190,896,117.585602
1182,897,811.544495
1182,898,388.766418
1186,898,176.948578
1188,901,373.228821
1111,904,334.75
1131,907,2274.356445
1132,907,345.309143
1163,907,158.036041
1164,907,130.332581
1156,908,107.958313
1160,908,139.154526
1163,908,119.866089
1164,908,115.29351
1165,908,110.79882
1028,1223,5164.066406
1098,910,582.93927
1099,910,640.490051
1100,910,719.098938
1161,910,323.746918
1162,910,299.805939
1163,910,297.854675
1146,928,484.997437
972,1238,15063.482422
1145,929,481.049988
1146,929,697.471497
1148,929,665.486877
1149,929,532.767761
1144,930,136.850235
1145,930,231.578583
1146,930,131.354263
1148,930,308.557098
1149,930,362.685791
1152,930,177.968307
1153,930,204.541321
1145,931,117.583405
1151,931,117.828094
1018,934,2633.527344
1140,947,130.91098
1147,947,234.298706
1151,947,136.256104
1152,947,136.256104
1153,947,147.906982
1158,947,196.790573
981,1255,7186.644531
1109,948,112.614937
981,1256,10387.786133
1169,949,470.740112
981,1257,190.419174
1150,951,589.002869
1096,959,943.899231
1147,959,359.379974
1148,959,234.972717
1149,959,376.210114
1150,959,252.143814
1151,959,226.781097
1152,959,224.781525
1153,959,198.308258
1167,959,105.857986
1145,960,538.064575
1146,960,566.178589
1147,960,519.19873
1148,960,451.319
1149,960,310.486084
1150,960,337.677399
1151,960,413.526337
1152,960,160.821411
1167,960,206.086685
1146,961,148.450485
1147,961,190.863525
1148,961,195.539642
1149,961,213.268005
1150,961,269.083496
1151,961,290.362823
1152,961,193.145828
1149,962,123.477737
1150,962,116.273254
1151,962,104.497337
1168,966,165.999908
1170,967,207.199509
1169,970,109.539001
1176,980,142.287994
1177,980,104.823051
1164,981,826.094116
1166,982,104.167557
1171,982,143.833649
1175,982,196.551697
1176,982,117.752762
1166,983,176.018784
1167,983,154.253937
1168,983,100.902184
1169,983,104.860756
1171,983,134.657349
1176,983,245.962418
1129,984,331.674622
1130,984,211.917328
1131,984,166.370117
1132,984,128.82373
1129,985,115.210114
1040,1293,3568.84082
989,999,1633.555664
1053,1004,2472.537842
1148,1005,218.395523
1165,1007,248.983978
1137,1013,129.509567
1127,1015,1438.054199
1158,1019,210.654999
1159,1019,164.567856
1160,1019,213.883667
1161,1019,255.134323
1146,1027,831.856812
1155,1028,171.132217
1156,1028,181.226761
1162,1028,152.604996
1153,1035,203.123749
1178,1062,171.182098
1175,1063,256.922333
1176,1063,590.395508
1174,1064,185.676727
1175,1064,165.694702
1174,1065,165.173401
1175,1065,597.71283
1176,1065,397.96817
1102,1066,1389.517212
1174,1066,165.173401
1175,1066,220.542511
1176,1066,982.548584
1175,1067,165.847153
1176,1067,507.100189
1177,1067,120.955986
1174,1068,254.512817
1175,1068,212.542953
1176,1068,314.702423
1174,1069,515.988037
1175,1069,1794.310669
1176,1069,614.061584
1177,1069,199.616989
1175,1070,3962.205322
1176,1070,1603.794067
1177,1070,126.363228
1062,1071,463.476776
1176,1071,1081.577271
1059,1072,915.628845
1059,1077,631.063843
1062,1077,155.655167
1064,1077,156.822357
1065,1077,116.551178
1173,1078,2613.248291
1006,1080,880.647156
1006,1081,4172.318848
1007,1081,982.703064
983,1082,943.919067
984,1082,563.35968
1066,1085,396.5401
991,1086,1357.863037
1066,1086,229.653976
995,1087,123.978806
1066,1087,380.636719
977,1094,799.280029
978,1094,551.86792
979,1094,662.978516
980,1094,709.194824
983,1095,507.363403
984,1095,325.681549
987,1096,275.856873
1187,1096,313.405518
1187,1100,176.349854
1166,1106,401.859375
995,1109,1684.80896
1158,1109,105.812485
1187,1110,432.022003
1187,1111,1092.744263
1187,1113,435.941345
994,782,446.718689
994,783,198.373001
995,783,313.469147
992,784,337.34845
994,784,196.683838
995,784,222.778122
996,784,231.051895
997,784,470.799255
1025,784,101.115913
1053,784,921.254333
1053,785,705.63208
1053,786,335.355499
1146,1117,166.65625
1147,1117,103.836464
985,787,238.26767
986,787,144.909317
987,787,511.070648
988,787,252.658478
985,788,262.664398
986,788,225.151459
987,788,152.802673
988,788,142.49707
989,788,168.421844
985,789,214.375259
986,789,407.643005
987,789,456.766724
985,790,194.984177
986,790,207.850494
987,790,206.454102
988,790,129.419861
1053,790,133.728882
985,791,443.885956
986,791,498.374054
987,791,201.506287
988,791,225.877625
984,792,725.484192
987,792,532.19342
1053,792,106.371109
1088,1122,140.357239
1084,794,236.903336
1088,1123,155.720734
1107,1123,970.180603
1083,795,101.218887
1084,795,190.678574
1119,795,201.199905
1080,796,479.228058
1084,796,112.457581
1085,796,263.286621
1105,796,121.183449
1106,796,201.213852
1119,796,210.869827
1120,796,517.569702
1080,1125,560.232849
1081,1125,506.518066
1081,797,476.024658
1085,797,105.676086
1086,797,144.993317
1087,797,160.442291
1093,797,214.413376
1094,797,171.521332
1107,797,156.246902
1109,797,132.195648
1119,797,156.927109
1120,797,226.419128
1102,1126,5309.501953
1103,1126,4671.038086
1081,798,808.198425
1083,798,102.746872
1084,798,206.831482
1095,798,135.373703
1098,798,127.584793
1099,798,125.386314
1107,798,122.171921
985,799,622.185486
986,799,235.01738
1084,799,128.484467
1096,799,244.393021
1097,799,138.076279
1077,1128,338.2052
1078,1128,407.605408
1079,1128,122.317574
985,800,195.532089
986,800,262.150116
987,800,162.794235
988,800,153.819397
992,800,109.613205
993,800,268.49646
994,800,344.092407
1096,800,152.005905
1106,800,102.956619
985,801,342.315735
1095,801,500.568359
1097,801,170.729553
1144,801,136.340958
986,802,267.780273
988,802,124.327644
1097,802,121.035858
1098,802,153.113647
1104,802,113.869003
986,803,307.598419
987,803,170.324509
1098,803,160.216019
1099,803,248.982864
1106,803,199.649536
1110,803,207.021423
986,804,397.530914
1094,804,198.782227
1095,804,275.878876
1096,804,256.724976
1097,804,324.530579
1098,804,351.710419
1096,805,502.218353
986,806,178.3367
1093,808,195.713318
1110,810,400.102539
1111,810,243.617584
1109,811,355.79184
1110,811,244.512695
1168,812,102.830307
1169,812,146.24147
1171,812,227.786102
1018,1144,227.461044
1173,819,105.411987
1174,819,122.174484
1136,820,128.583649
1171,820,135.735092
1136,821,146.862183
1136,822,102.149078
1091,823,266.742371
984,1149,170.32106
1092,827,114.65097
1092,828,160.958893
1135,828,124.258324
995,1155,570.240723
996,1155,115.306099
1010,1156,6944.081543
1049,1157,259.856506
1050,1157,417.608276
1051,1157,305.17569
1050,1158,313.194763
