1651,212,100.435905
1618,214,166.464905
1619,214,139.753418
1627,214,124.711784
1628,214,124.923729
1629,214,227.863022
1630,214,301.845245
1631,214,592.369141
1632,214,209.107208
1668,214,188.088196
1712,214,134.001541
1631,215,126.481369
1685,215,105.274239
1712,215,210.552261
1670,216,100.824867
1674,216,150.347443
1671,217,142.429001
1687,218,103.926102
1697,225,213.782211
1696,226,427.296906
1697,226,163.337936
1698,226,172.974808
1599,227,302.961273
1605,227,123.16642
1606,227,213.666626
1696,227,193.112518
1697,227,136.89386
1582,228,234.376816
1583,228,295.813751
1584,228,292.008636
1595,228,105.293205
1597,228,341.710968
1598,228,171.222412
1599,228,235.703857
1605,228,165.50827
1696,228,157.479889
1583,229,392.041443
1597,229,418.799713
1598,229,414.821777
1652,229,211.874176
1696,229,142.742889
1698,229,165.443481
1592,230,135.962433
1698,230,184.070435
1697,231,133.58075
1605,232,101.456551
1633,233,245.851288
1634,233,119.364342
1653,233,102.015411
1597,235,168.313675
1741,236,165.144852
1698,238,163.798065
1657,239,216.490173
1697,239,391.456238
1596,240,146.383133
1664,240,203.059174
1685,240,318.873535
1686,240,391.12674
1687,240,250.247162
1688,240,131.065155
1689,240,111.075699
1690,240,114.334633
1696,240,193.089752
1697,240,186.383026
1575,241,167.413925
1576,241,167.126785
1666,241,105.283752
1697,241,112.339508
1698,241,129.918823
1575,242,159.708374
1695,242,138.595886
1697,242,159.286301
1698,242,209.285873
1713,242,334.986908
1694,243,238.788361
1695,243,233.920929
1696,243,147.181229
1697,243,318.390289
1698,243,380.579742
1753,243,100.634819
1749,245,113.24868
1739,251,339.750671
1712,258,142.369675
1716,260,250.14447
1695,264,116.37822
1696,264,129.616394
1697,264,224.509186
1661,265,208.297058
1662,265,133.442993
1698,265,107.144218
1605,266,195.136459
1662,266,348.984192
1612,267,167.828766
1657,267,510.767944
1658,267,550.822205
1663,267,270.487762
1664,267,248.003235
1670,267,160.45108
1671,267,201.645416
1672,267,103.797119
1684,267,112.10891
1685,267,106.206055
1691,267,145.656555
1682,268,172.624817
1683,268,139.983917
1684,268,177.034103
1685,268,232.62558
1690,268,194.143356
1691,268,128.797638
1692,268,250.197769
1693,268,370.97757
1697,268,597.723877
1698,268,456.809814
1690,269,388.830048
1691,269,270.895905
1692,269,455.83078
1693,269,525.148804
1694,269,843.903809
1533,271,101.776741
1531,281,151.95665
1532,287,243.009003
1531,288,437.862183
1721,290,427.638611
1721,291,105.144844
1697,293,434.620056
1698,293,185.316254
1697,294,465.887299
1698,294,623.070374
1663,295,136.670349
1664,295,106.254417
1665,295,114.92701
1663,296,173.550781
1664,296,165.646255
1665,296,106.667274
1638,300,424.049103
1626,303,152.691269
1724,310,291.138885
1695,313,106.061935
1696,317,109.112732
1694,318,112.070374
1729,320,101.555229
1729,321,145.140228
1623,323,183.119263
1624,323,100.92746
1626,323,110.515366
1627,323,130.02742
1729,323,266.043365
1623,324,164.83725
1738,325,267.092621
1729,330,100.236458
1730,332,110.67794
1623,333,120.427917
1734,333,102.150208
1623,334,184.546585
1624,334,177.164047
1735,334,210.919785
1625,335,111.626991
1550,20,123.473404
1654,338,130.131149
1655,338,153.886276
1657,338,253.323593
1680,338,181.215027
1656,339,112.250999
1658,339,338.319458
1659,339,322.970825
1660,339,101.534492
1670,339,112.966583
1675,339,221.826187
1744,339,128.789734
1741,23,108.667137
1731,344,155.51712
1616,345,337.152069
1752,345,299.465302
1614,346,166.291092
1616,346,253.140762
1749,346,111.417587
1750,346,200.194489
1751,346,470.653748
1752,346,1208.418335
1621,347,144.143768
1651,347,205.816452
1747,347,171.9552
1748,347,173.078339
1749,347,136.551102
1750,347,570.286194
1751,347,742.495239
1621,348,220.950043
1694,348,165.485596
1695,348,138.060959
1749,348,614.468933
1621,349,429.715057
1695,349,154.945328
1673,51,112.074074
1674,51,118.334633
1671,52,179.613083
1671,53,276.691681
1764,73,129.55661
1585,76,135.210892
1666,91,181.516403
1761,99,189.069855
1762,99,259.193542
1762,100,327.880096
1763,100,247.503082
1764,100,276.488617
1763,104,103.42218
1605,105,142.202118
1605,106,215.204529
1743,111,151.928345
1746,112,186.311951
1575,115,222.084167
1621,120,113.315208
1751,120,179.70369
1755,124,105.405945
1759,177,115.734077
1544,180,246.684448
1545,180,272.817078
1546,180,135.928085
1547,180,114.514893
1729,180,432.026947
1730,180,212.215347
1731,180,229.358185
1733,180,123.722923
1545,181,148.72052
1546,182,308.100616
1547,182,109.809181
1545,183,311.552826
1546,183,226.32811
1672,184,160.949677
1673,184,234.212708
1686,185,122.470123
1658,188,174.203903
1658,191,129.604721
1658,192,138.872162
1658,194,151.872253
1658,195,153.232483
1657,196,232.887512
1658,196,190.929016
1657,197,224.954605
1748,199,245.307892
1748,200,220.051651
1547,202,185.925537
1548,202,167.007874
1548,203,108.911148
1607,203,121.294403
1616,205,155.688812
1628,205,117.329933
1723,208,191.190536
