239,331,161.462708
242,331,130.938492
243,331,178.284409
244,331,288.552979
245,332,306.307068
237,364,123.013184
283,376,128.995285
326,377,114.653618
344,383,245.667099
344,384,210.325821
225,394,2826.878418
234,394,132.504318
275,396,191.057922
279,397,149.149643
199,401,329.12381
204,401,204.648712
205,401,214.395691
206,401,714.139282
207,401,1136.588257
208,401,1376.883545
210,401,226.503616
212,401,788.659424
213,401,291.930695
214,401,234.570038
215,401,220.735992
218,401,105.934441
219,401,153.66716
259,401,116.751068
199,402,638.746826
200,402,1098.89563
204,402,139.900284
205,402,508.631958
206,402,687.849792
207,402,787.393311
208,402,880.869141
209,402,1115.824463
210,402,350.512085
212,402,188.729141
213,402,307.847107
214,402,316.436829
215,402,220.743942
216,402,244.359116
196,403,349.566162
197,403,322.371521
201,403,450.889709
202,403,2479.383545
203,403,1552.297485
207,403,394.971802
208,403,1162.982788
209,403,418.590851
210,403,172.80423
214,403,169.001892
215,403,177.505936
216,403,112.644135
272,405,166.142151
227,410,479.819336
228,410,161.547882
253,417,180.087875
253,418,129.796524
254,418,112.490524
248,420,100.882767
246,421,452.976135
247,421,120.580475
251,421,126.412254
512,421,278.0
235,422,144.706726
246,422,148.108139
240,424,110.082161
549,439,122.065918
551,439,112.502029
552,439,148.671494
553,439,114.050995
554,439,106.875572
555,439,118.350334
182,440,141.158737
224,443,104.657089
551,443,124.723022
558,445,133.904892
558,446,150.680084
550,451,103.452957
548,457,261.665375
