121,848,209.668289
122,848,214.639999
123,848,463.644104
122,849,693.743042
52,856,557.193481
86,857,150.026596
89,858,129.385406
91,859,128.286545
206,859,150.322113
50,860,246.730362
97,861,115.05275
97,862,193.205124
152,870,108.079605
89,874,118.901695
158,875,114.291611
159,879,180.528366
158,881,346.832153
159,881,156.547409
164,881,400.584534
32,886,225.572327
33,886,266.635071
180,887,109.196884
180,888,116.526283
181,888,124.332596
197,893,170.833298
198,894,179.672272
199,894,150.194565
199,895,108.373009
200,895,115.606331
207,895,117.67688
208,914,1481.181641
209,914,453.214478
208,915,516.147949
209,915,768.958252
115,711,182.770187
141,736,178.978195
142,736,162.55658
309,740,191.537125
34,741,242.501297
240,742,130.262787
293,743,658.382446
242,744,136.93924
243,744,174.665039
34,747,100.593323
293,756,130.542267
293,757,626.351685
293,758,322.784943
294,758,1383.594482
295,758,312.727539
296,758,361.10083
297,758,226.936157
298,758,267.969696
299,758,260.392365
300,758,278.109009
301,758,359.151733
51,760,247.165756
48,761,128.265228
49,761,193.075699
50,761,164.04039
51,761,353.815308
52,761,222.816559
280,761,186.127472
284,761,342.790771
285,761,490.44574
48,762,187.084503
51,762,111.02523
72,762,107.419708
278,762,122.159973
280,762,221.957291
281,762,359.348022
282,762,388.287903
283,762,429.196716
284,762,271.90741
285,762,232.58844
287,762,495.257874
72,763,123.315926
279,763,107.81691
48,764,161.100037
72,767,168.875885
72,768,355.2901
55,769,197.612259
56,769,159.966797
72,769,139.880783
73,769,1208.006226
47,770,234.980103
48,770,223.981171
51,770,162.419434
53,770,222.781448
54,770,303.730347
55,770,348.223755
56,770,216.210266
279,771,102.216339
285,771,2828.51709
275,772,137.479645
276,772,310.153687
277,772,104.311722
282,772,230.878403
284,772,681.67926
285,772,1714.815063
277,773,391.699738
278,773,456.221313
279,773,195.059677
280,773,325.489716
281,773,595.036621
282,773,325.196625
283,773,196.966431
284,773,213.853195
285,773,166.592346
79,774,867.76123
79,775,229.60144
80,775,112.693863
82,775,120.644447
79,776,144.816071
77,777,604.335938
78,777,220.160217
84,777,219.769867
77,778,344.079102
79,780,141.172089
79,781,860.141113
80,781,421.390839
81,781,330.397095
76,782,138.473129
124,782,269.493683
76,783,117.687637
125,783,269.161316
250,783,132.627747
76,784,143.743408
250,785,148.016739
223,788,101.642654
225,788,164.887344
227,788,100.885834
249,788,249.451126
101,789,509.202728
239,789,110.529343
243,789,137.146774
246,789,144.868469
248,789,107.07592
48,791,522.955688
254,791,372.574493
48,792,486.206573
49,792,138.322479
48,793,431.80899
48,794,249.932816
63,796,142.68483
83,796,105.909187
63,797,103.845154
63,798,129.68071
66,798,180.183334
67,798,151.407028
80,798,202.519302
81,798,107.256668
82,798,254.966995
128,798,140.319839
129,798,103.541283
63,799,315.831787
64,799,288.694885
65,799,365.301666
66,799,398.821533
67,799,301.977478
68,799,329.353088
81,799,179.154282
82,799,196.720779
114,801,161.120239
126,804,147.060654
111,807,122.871452
191,807,141.300827
126,808,108.876221
131,819,114.402725
63,823,169.248062
63,824,107.303322
118,826,155.511551
119,826,185.666351
120,826,462.412659
119,827,192.627167
120,827,809.418823
99,828,363.905914
102,828,319.62854
121,828,813.176331
98,830,243.77298
121,831,184.463242
97,832,714.226929
121,832,274.245789
98,833,107.077217
99,834,310.650787
100,834,188.085709
107,836,192.942154
108,836,207.564392
109,836,164.511246
107,837,141.330078
117,837,145.390625
119,837,115.039513
118,838,107.549866
105,839,237.809479
112,841,113.144897
113,841,132.546371
114,841,103.435471
110,842,329.898773
111,842,173.922699
113,842,138.073318
114,843,101.029007
126,843,170.37561
117,845,118.686813
124,845,281.8367
125,845,176.12999
124,846,249.55394
