2120,854,131.285721
2199,854,188.132339
2137,868,121.114838
2081,873,148.772995
2218,885,131.006531
2178,901,125.372414
2175,943,1029.348999
2180,943,131.140747
2181,943,173.863541
2173,948,225.415451
2062,952,169.275986
2063,952,121.462677
2062,953,114.070335
2062,954,116.447342
2174,954,100.067787
2175,954,176.796509
2184,957,898.686584
2184,958,156.976807
2175,960,143.745575
2105,964,634.302979
2107,964,140.740173
2192,964,345.838043
2184,965,1556.311768
2183,967,138.315903
2134,968,190.880234
2146,968,176.808716
2117,969,108.074905
2117,970,106.824272
2117,971,117.790436
2134,971,451.794983
2135,971,490.463715
2136,971,190.954742
2142,971,176.306168
2230,971,159.339157
2120,972,127.089569
2121,972,171.805908
2122,972,298.548767
2123,972,310.05835
2124,972,122.009834
2133,972,160.268524
2141,972,315.480438
2143,972,151.258347
2123,973,182.724182
2134,973,528.330688
2146,977,241.223633
2230,977,143.998199
2231,981,109.302635
2231,983,129.559097
2231,984,113.800751
2231,987,174.294281
2231,988,163.413956
2231,989,187.221603
2231,990,191.750793
2231,991,190.497147
2231,992,253.137146
2231,993,232.26091
2231,994,558.843872
2065,998,279.754181
2228,1005,126.445068
2218,1036,130.855225
2200,1056,111.866142
2197,1060,168.418198
2199,1060,131.029022
2197,1061,145.194824
2212,1065,119.895126
2212,1066,333.571777
2040,1067,339.576691
2040,1069,314.763336
2193,1077,340.373657
2172,1090,195.770508
2173,1090,131.774155
2174,1090,108.628662
2169,1092,121.934616
2182,1106,140.923828
2182,1108,107.807961
2047,1123,270.254395
2047,1124,435.096039
2047,1125,493.015686
2047,1126,147.723358
