2368,2344,290.935211
2369,2344,237.004227
2368,2345,110.530121
2412,2360,122.234055
2412,2361,285.109741
2411,2362,265.586487
2412,2362,339.869873
2404,2363,174.415833
2405,2363,100.475914
2408,2363,197.920441
2409,2363,155.045624
2410,2363,245.615692
2411,2363,559.186462
2412,2363,301.596802
2404,2364,307.856842
2405,2364,272.131805
2406,2364,147.531372
2407,2364,380.295959
2409,2364,719.710999
2405,2365,270.687927
2406,2365,121.860306
2407,2365,103.935448
2408,2365,245.382462
2376,2368,253.672195
2422,2372,214.593262
2423,2372,392.552521
2424,2372,217.445511
2387,2373,103.105499
2407,2376,373.751526
2407,2377,230.619614
2406,2378,411.802612
2407,2378,510.979401
2403,2379,184.041199
2404,2379,382.86377
2405,2379,137.742249
2406,2379,744.812744
2407,2379,140.955185
2404,2380,227.637604
2405,2380,745.533386
2405,2381,147.810089
2392,2382,211.381607
2392,2383,160.161072
2400,2390,440.379089
2379,2404,104.642082
2380,2404,100.035378
2382,2405,110.598259
2424,2412,109.479233
2425,2413,159.003052
2378,2414,119.149803
2425,2414,168.36409
2424,2415,341.751312
