1337,2444,138.911148
1348,2448,222.132568
1350,2448,633.096741
1351,2448,849.671082
1352,2448,887.658203
1347,2449,427.895935
1348,2449,476.532928
1350,2449,154.553497
1351,2449,154.689346
1352,2449,1607.018311
1353,2449,333.753052
1354,2449,372.194885
1355,2449,221.370148
1356,2449,295.66861
1357,2449,255.460754
1358,2449,226.119476
1339,2450,166.434784
1346,2450,798.735962
1347,2450,196.146088
1339,2451,343.956421
1333,2456,2198.728027
1341,2457,363.761841
1342,2457,244.259903
1343,2457,114.024406
1340,2458,213.393387
1332,2467,280.013031
1332,2468,283.867737
1310,2469,283.470184
1311,2469,491.625275
1331,2469,228.826675
1311,2470,891.5
1312,2470,1187.102661
1331,2470,289.429932
1332,2470,283.867737
1302,2471,1740.880981
1311,2471,1415.053345
1312,2471,1007.565186
1331,2471,273.266083
1332,2471,131.738159
1310,2472,129.5
1311,2472,611.087097
1310,2473,248.50145
1311,2473,2249.622559
1364,2473,205.580154
1310,2474,1126.61145
1364,2474,150.16655
1365,2474,499.864868
1364,2475,582.0
1365,2475,1260.050903
1339,2476,204.602646
1365,2476,1370.615967
1366,2476,794.303833
1338,2477,226.881882
1339,2477,206.220032
1340,2477,393.713562
1341,2477,299.861694
1342,2477,403.483307
1343,2477,403.483307
1345,2478,168.063354
1346,2478,169.658188
1347,2478,100.364059
1348,2478,118.952225
1349,2478,118.952225
1350,2478,118.952225
1351,2478,281.775543
1352,2478,295.215973
1364,2487,142.939255
1364,2488,1284.775513
1364,2489,413.34436
1385,2489,1046.193115
1386,2489,1046.193115
1354,2490,191.342499
1359,2490,117.603004
1361,2490,589.437866
1364,2490,1975.880737
1365,2490,2720.607666
1329,2495,125.877029
1357,2499,163.501862
1358,2499,190.387665
1359,2499,181.816284
1360,2499,175.499649
1317,2392,1277.531128
1337,2392,328.21283
1315,2393,261.40741
1316,2393,158.220413
1318,2397,895.758911
1317,2401,327.308136
1311,2402,525.807556
1312,2402,313.374939
1313,2402,415.926788
1342,2412,146.02269
1353,2415,114.490082
1295,2417,442.860382
1297,2417,306.02417
1298,2417,415.339661
1296,2418,254.870972
1297,2418,473.278595
1358,2424,736.930176
