885,2454,240.212372
887,2454,103.548401
889,2454,104.471199
903,2454,570.644348
923,2454,184.599533
924,2454,145.430588
926,2455,223.275803
927,2455,171.741196
833,2461,783.046082
833,2462,1552.186279
908,2462,607.907715
1030,2462,1410.900879
1031,2462,319.701172
1032,2462,251.52739
1033,2462,211.664322
909,2463,302.689209
909,2465,252.279648
909,2466,173.921143
909,2467,208.384201
826,2470,476.990875
827,2470,178.419373
828,2470,423.669403
829,2470,205.102341
826,2471,141.676361
827,2471,117.606041
828,2471,136.116852
829,2471,161.781128
830,2471,276.379791
831,2471,193.91449
832,2471,117.025093
1010,2472,452.009796
1013,2472,795.38855
908,2474,103.220963
879,2475,201.954147
906,2475,299.734619
907,2475,307.261536
823,2480,205.130432
824,2480,249.096069
825,2480,101.394257
991,2480,300.744568
1016,2480,637.484741
825,2481,2099.74292
826,2481,523.84845
827,2481,675.274963
828,2481,278.812683
829,2481,658.596008
830,2481,583.538879
831,2481,685.278809
832,2481,228.999466
922,2481,126.565659
1010,2481,357.716309
1012,2481,522.713013
1076,2481,221.503571
825,2482,3022.326416
826,2482,2441.354492
827,2482,2392.114502
828,2482,1805.959717
829,2482,1815.570313
830,2482,2554.291992
831,2482,1419.132446
832,2482,590.694519
1082,2485,190.643631
996,2489,139.382874
1013,2489,179.328506
1017,2489,531.37207
1011,2490,686.867126
1042,2492,169.794861
860,2185,3496.629395
861,2185,4697.22168
860,2186,528.126343
861,2186,1703.684937
862,2186,6715.397949
863,2186,9835.331055
861,2187,1239.747559
862,2187,1692.45459
863,2187,2930.62915
864,2187,9415.285156
865,2187,8537.537109
932,2210,18680.960938
869,2292,32200.953125
1100,2309,1656.246582
1074,2379,480.182068
1075,2379,161.871613
1076,2379,384.961639
1077,2379,318.19165
1078,2379,2217.312988
1074,2380,164.871552
1075,2380,617.674133
1076,2380,945.892578
1074,2381,342.998413
1075,2381,780.539795
1001,2388,358.628143
902,2399,4024.313477
1101,2403,1463.153076
1101,2404,728.341553
967,2415,175.357788
1094,2435,104.285858
1095,2435,204.547195
1094,2436,373.641296
867,2438,582.855713
868,2438,218.997864
1105,2438,2172.775879
867,2439,181.0
940,2439,221.983032
