1795,2128,603.415039
1583,2131,5075.0
1584,2131,4725.0
1768,2168,116.781425
1716,2180,140.5
1710,2181,105.333221
1780,2186,305.490814
1690,2188,193.166611
1691,2188,115.000221
1734,2188,100.444458
1690,2191,114.415649
1690,2192,102.666946
1643,2195,318.0
1679,2195,124.333641
1689,2195,184.66713
1736,2195,170.0
1736,2196,557.0
1757,2196,109.325333
1736,2199,186.520905
1738,2199,186.520905
1739,2199,176.843597
1740,2199,100.333389
1741,2199,170.333405
1741,2200,142.36409
1703,2207,114.229401
1916,1890,111.069939
1708,2208,227.247162
1709,2208,192.762344
1710,2209,230.668045
1711,2209,221.235031
1717,2210,135.399216
1732,2210,135.399216
1737,2210,135.399216
1718,2211,219.201645
1718,2212,151.744385
1737,2212,135.399216
1718,2213,192.979584
1917,1894,192.262375
1718,2214,195.732712
1737,2215,180.500076
1635,2223,659.0
1708,2225,132.79277
1611,2233,11579.516602
1612,2233,994.095642
1611,2234,3734.764404
1746,2243,167.14296
1756,2249,124.302132
1776,2249,219.628662
1776,2250,242.319885
1777,2250,251.04921
1778,2250,223.273407
1779,2250,210.373535
1780,2250,367.182892
1781,2250,232.243774
1756,2251,102.157089
1778,2251,102.486046
1779,2251,444.369324
1780,2251,361.400085
1781,2251,256.255249
1782,2251,412.124878
1779,2252,253.623352
1782,2252,102.256554
1750,2254,101.628937
1790,2255,212.551666
1677,1936,281.0
1751,2256,120.111664
1790,2256,102.045258
1790,2257,122.336021
1745,2259,692.55249
1788,2261,161.678345
1789,2261,100.783401
1790,2261,111.787842
1828,1945,504.347748
1747,1951,329.861053
1748,1951,1109.14502
1869,1954,3419.127441
1852,1960,3181.0
1558,2293,251.318176
1574,2298,474.333374
1575,2298,834.311157
1574,2299,195.134079
1576,2302,279.0
1910,1987,101.160889
1593,2315,253.51178
1643,2318,463.764526
1900,2000,298.527771
1698,2023,212.23497
1875,2023,296.907227
1876,2023,264.695282
1698,2024,437.426544
1700,2024,215.400543
1875,2024,219.137451
1876,2024,344.962982
1877,2024,227.146606
1708,2025,175.880829
1710,2025,175.534531
1711,2025,113.301392
1713,2025,201.738281
1715,2025,100.459763
1749,2037,323.685272
1753,2037,196.4375
1909,2037,120.972961
1905,2043,130.617203
1830,2044,460.857849
1828,2052,240.461731
1829,2052,188.750183
1829,2053,254.509399
1863,2054,252.808594
1864,2054,423.616333
1829,2055,1165.657837
1859,2055,227.336212
1858,2056,321.967743
1653,2057,164.999817
1883,2057,120.089058
1759,2061,1265.544678
1650,2067,122.566322
1650,2068,125.66671
1652,2068,115.717278
1653,2068,115.717278
1654,2068,175.999725
1764,2068,124.598206
1850,2068,256.05545
1829,2069,261.536224
1850,2069,753.636841
1869,2069,228.771423
1828,2070,499.949219
1832,2070,123.924675
1849,2071,191.59581
1768,2072,1049.0
1847,2073,448.614258
1848,2073,407.677338
1797,2074,131.824097
1849,2074,111.793274
1847,2075,319.670166
1529,2401,6581.398926
1842,2079,115.283508
1843,2086,477.436127
1910,2096,124.280594
1832,2098,191.135223
1832,2099,111.59874
1827,2101,115.345894
1798,2102,137.856308
1829,2102,299.851074
1830,2102,339.923584
1831,2102,429.769562
1798,2103,245.164429
1828,2103,145.053299
1829,2103,281.125275
1831,2103,305.443878
1832,2103,479.100616
1832,2104,344.22879
1584,2108,1033.5
1907,2111,196.090057
1903,2112,363.723572
