341,2162,529.032959
346,2162,197.414154
558,2167,209.48111
587,2178,328.264771
526,2180,939.415466
491,2186,566.466125
208,2188,302.959564
257,2189,148.068039
187,2190,314.347443
188,2190,543.616821
187,2191,224.541763
192,2191,689.30957
193,2191,360.433838
194,2191,558.827148
195,2191,593.782593
195,2192,1197.02771
85,2195,753.35437
84,2196,274.521027
85,2196,191.095963
86,2196,231.352676
111,2196,343.407623
112,2196,363.344788
34,2198,495.034241
52,2198,190.295563
53,2198,116.0
54,2198,114.0
11,2199,2075.334229
16,2199,186.913208
20,2199,985.200073
22,2199,390.838226
23,2199,891.18811
24,2199,1074.03125
25,2199,1157.875732
26,2199,300.913666
28,2199,450.814575
29,2199,263.899414
34,2199,1173.990479
35,2199,220.42688
36,2199,3005.925537
37,2199,111.718147
38,2199,111.600151
40,2199,113.416252
41,2199,120.269279
42,2199,466.682068
34,2200,445.001862
155,2200,108.132607
49,2201,172.662598
51,2205,1506.593262
52,2205,216.867615
102,2210,189.75
110,2210,126.365463
113,2210,430.705994
111,2211,311.654266
112,2211,385.462463
113,2211,526.77655
112,2212,102.942596
20,2216,291.313293
21,2217,104.767944
11,2218,133.595779
18,2218,109.294922
20,2218,140.093094
17,2219,109.794922
47,2246,125.869774
65,2253,121.681297
65,2254,113.212425
66,2254,117.364479
67,2254,126.06414
68,2254,130.755798
69,2254,133.798065
70,2254,122.423355
71,2254,126.706024
72,2254,111.835297
73,2254,103.028587
74,2254,107.105927
75,2254,113.75386
76,2254,130.039185
77,2254,131.411545
78,2254,151.865677
79,2254,150.353256
80,2254,117.136444
81,2254,142.922699
82,2254,138.739563
88,2254,110.636612
90,2255,114.740189
82,2256,177.117172
103,2262,199.215942
107,2262,226.484787
103,2263,333.278503
33,2275,274.683502
130,2275,138.776459
135,2275,129.927444
140,2275,102.168442
130,2276,122.068535
134,2276,109.798721
134,2277,137.249008
33,2278,347.142914
33,2279,306.078857
137,2281,122.806015
95,2283,133.822693
96,2283,916.786743
110,2283,337.839996
88,2284,212.474884
89,2284,184.470474
90,2284,134.161102
95,2284,201.446655
97,2284,986.022705
108,2284,169.867325
109,2284,262.733643
110,2284,347.449615
87,2285,217.85611
88,2285,223.351334
89,2285,197.008545
90,2285,200.219208
91,2285,167.945374
92,2285,117.81041
108,2285,137.075363
109,2285,207.234512
110,2285,450.043335
87,2286,387.612305
90,2286,364.773468
92,2286,165.945374
93,2286,128.855576
95,2286,280.942078
109,2286,159.966003
110,2286,360.597992
92,2287,359.915009
93,2287,213.403442
95,2287,200.589981
103,2287,114.229301
106,2287,159.568817
107,2287,108.28186
92,2288,483.619415
93,2288,250.010284
94,2288,123.054016
95,2288,182.715775
102,2288,102.182449
103,2288,189.508972
104,2288,248.969589
105,2288,243.430969
108,2288,535.522217
92,2289,1145.14917
93,2289,806.279663
94,2289,795.815552
95,2289,352.502197
96,2289,654.257813
97,2289,128.269592
98,2289,127.806931
101,2289,108.455658
102,2289,167.607407
108,2289,354.631592
97,2290,139.865433
98,2290,129.993027
99,2290,234.681625
100,2290,219.570587
101,2290,602.15033
35,2295,157.915054
