1637,534,245.776459
1636,557,178.658783
1634,559,129.766785
1637,561,112.458595
1636,562,129.079224
1636,564,546.358826
1634,565,293.49115
1637,565,253.794006
1665,570,102.938438
1666,571,232.771729
1636,581,249.213898
1801,581,253.300705
1652,584,249.894516
1650,585,123.576248
1653,587,175.621826
1799,599,113.829376
1642,601,225.947189
1643,601,187.041367
1644,601,163.267136
1645,601,120.281662
1639,602,108.100395
1641,602,109.093246
1645,603,338.267334
1642,604,102.465446
1799,604,164.499695
1795,605,251.698929
1639,607,450.809601
1640,607,306.10022
1641,607,201.843491
1642,607,169.368774
1712,607,129.443848
1639,608,496.932556
1640,608,174.970657
1641,608,100.899536
1642,608,272.788788
1643,608,105.550011
1646,608,125.447212
1647,608,209.719543
1648,608,142.9151
1649,608,242.889481
1650,608,227.19693
1651,608,113.177605
1646,609,170.156067
1647,609,201.669662
1648,609,156.33223
1649,609,437.40741
1650,609,396.050873
1651,609,359.334656
1652,609,466.883789
1653,609,132.10405
1650,624,169.102768
1650,625,390.451996
1651,626,204.226303
1691,633,107.670143
1692,633,128.987656
1693,633,134.03241
1699,633,100.178535
1722,637,170.97493
1799,637,432.420441
1800,638,239.127502
1704,653,388.259491
1711,655,256.690735
1712,655,156.268188
1722,663,140.189102
1717,664,109.895691
1711,667,279.028259
1711,668,354.597992
1721,668,123.787544
1712,669,322.872345
1712,670,311.221649
1611,712,129.263855
1626,413,125.382256
1800,428,187.608704
1798,429,327.228455
1799,429,201.486282
1798,430,119.506294
1798,431,163.149719
1797,432,266.12735
1798,434,375.276123
1799,435,183.027313
1712,738,143.628174
1799,436,102.434906
1729,437,251.451202
1740,437,273.725403
1741,437,138.119141
1742,437,164.042404
1800,437,100.573486
1730,438,133.252991
1737,438,171.593811
1738,438,220.860611
1739,438,164.433731
1740,438,232.027603
1745,438,373.118896
1800,438,155.441681
1734,439,104.427727
1737,439,115.389351
1801,439,424.16571
1686,744,108.321655
1802,440,286.987091
1652,448,292.355438
1731,448,117.333641
1732,448,117.333641
1733,448,117.333641
1652,449,455.371765
1660,450,227.892639
1663,450,237.856552
1664,450,239.505096
1665,450,188.49054
1656,453,199.596237
1654,454,238.32222
1655,454,100.051414
1654,455,105.628464
1658,455,169.821442
1659,456,114.730072
1660,456,241.164276
1661,456,147.468033
1660,457,133.100433
1661,457,127.302963
1660,458,146.829498
1668,458,107.446419
1660,459,115.581505
1693,460,139.746124
1697,461,213.354752
1693,462,143.311478
1693,463,145.783646
1719,464,108.025932
1659,466,106.810394
1660,466,154.776459
1662,466,112.372086
1719,466,184.198273
1660,467,179.915298
1661,467,150.734436
1719,467,115.35527
1743,467,210.27446
1744,467,390.816101
1659,468,122.492111
1719,468,187.015656
1743,468,153.786942
1744,468,129.888336
1743,469,186.196136
1744,469,162.588455
1660,470,111.992218
1743,470,321.837372
1744,470,432.53714
1743,471,337.03714
1743,472,230.458801
1743,473,147.188446
1719,474,152.368729
1743,474,123.477417
1719,475,152.768356
1743,475,141.353485
1673,477,128.944565
1718,477,103.691078
1660,478,135.782471
1718,478,102.662552
1718,479,141.954544
1717,480,127.712067
1742,482,111.533333
1693,492,103.242073
1677,499,203.56842
1641,503,115.632103
1795,513,126.63166
1635,522,130.745102
1695,522,3088.845459
