599,576,133.272476
579,579,105.528297
507,592,110.305634
432,593,472.547058
433,593,145.855164
434,593,336.253754
432,594,185.398224
432,595,395.801392
475,598,115.313004
425,600,190.367157
424,601,261.618683
505,601,106.398132
509,601,118.24572
510,601,335.340759
509,602,102.542343
510,602,161.098694
453,603,114.138474
510,603,145.348862
508,604,544.152527
578,604,136.048859
579,604,168.38031
509,605,179.822678
509,606,125.01329
419,607,404.15213
506,607,137.899689
469,608,150.978058
425,609,127.225822
475,622,547.453247
479,622,518.402344
490,622,276.0047
404,623,2832.966064
405,623,920.225281
406,623,881.707642
407,623,1110.970459
447,623,127.677208
475,623,337.759613
477,623,114.857124
479,623,267.965271
492,623,299.671814
493,623,267.595245
404,624,256.376282
407,624,330.339294
408,624,198.013657
409,624,170.110352
476,624,137.304062
479,624,123.274818
403,625,2042.154541
409,625,178.060089
411,625,133.577682
475,625,200.708359
479,625,186.172043
403,626,103.438858
413,626,127.300293
475,626,195.532593
480,627,126.786888
493,627,170.42038
475,629,232.035004
475,630,202.981552
473,631,256.376373
474,631,152.284195
475,631,132.973526
429,632,142.016266
439,640,202.084808
440,640,106.603271
439,641,182.732513
441,641,108.573776
437,642,261.68219
576,642,208.888168
573,657,167.897079
574,657,754.167969
572,658,518.752014
522,663,873.336853
504,664,138.512833
505,664,481.302002
506,664,333.457977
507,664,649.288391
508,664,1087.369385
522,664,601.666504
488,665,432.108459
504,665,162.021255
505,665,101.81234
506,665,229.534805
477,666,269.14621
487,666,248.121262
488,666,233.919266
504,666,261.906067
505,666,428.06662
487,667,183.496902
498,667,127.833633
500,667,195.972534
501,667,1098.166138
502,667,1007.659729
505,667,287.503082
507,667,184.713928
485,668,158.28952
488,668,639.44397
497,668,449.349396
498,668,421.580994
499,668,573.184082
500,668,484.937408
501,668,593.638184
507,668,183.845917
508,668,1371.851929
509,669,2146.252197
475,670,157.768188
441,675,157.376312
441,679,164.993164
439,680,237.777588
446,680,119.495674
439,681,139.34082
504,727,160.895844
477,728,143.820862
475,729,113.716736
476,729,222.406387
477,729,302.136536
470,733,185.788361
476,736,250.336014
482,736,273.733063
470,737,129.308884
476,737,398.697906
479,737,1038.394287
480,737,921.858337
481,737,549.356323
482,737,272.545959
483,737,135.956055
484,737,424.778442
485,737,466.18808
486,737,409.076355
476,738,212.81282
479,738,141.259109
484,738,413.817139
485,738,274.695129
486,738,1151.267456
484,739,269.986938
485,739,503.684937
512,747,971.186646
476,748,125.478172
508,748,156.302658
509,748,157.852448
510,748,171.659698
511,748,1046.170532
382,752,178.148651
470,759,108.681305
483,759,230.957611
484,759,441.079315
502,759,239.265457
469,760,182.407211
484,760,216.15155
485,760,303.277893
389,762,251.046555
394,763,146.47821
469,765,153.960754
388,778,957.248901
391,778,1258.959351
392,778,559.596802
393,778,260.832092
443,778,133.792282
388,779,1187.704468
389,779,320.356323
390,779,466.395935
391,779,178.056686
393,779,134.23436
388,780,740.053223
389,780,434.550964
390,780,220.404465
391,780,193.216599
392,780,121.477493
395,780,112.932693
449,780,101.751114
388,781,557.215454
389,781,406.354492
390,781,199.755051
392,781,115.39962
393,781,166.559357
394,781,142.225601
395,781,258.607544
396,781,182.775742
389,782,630.933289
390,782,143.700439
391,782,162.778152
392,782,352.92511
393,782,502.362183
394,782,551.511353
395,782,827.940308
396,782,960.762817
449,782,525.274414
389,783,624.955627
390,783,987.548279
403,790,141.548401
420,790,196.70845
448,790,232.139069
449,790,108.216522
420,791,188.710876
421,791,140.791534
424,791,251.316391
425,791,303.801727
449,791,173.264618
399,792,147.518723
408,792,203.751236
411,792,143.202408
412,792,110.90831
413,792,108.590309
414,792,138.921219
421,792,112.164566
424,792,102.759758
425,792,232.386749
449,792,151.682526
450,792,296.874908
398,793,493.769531
424,793,216.810989
426,793,208.758423
427,793,212.492859
450,793,131.977341
398,794,284.17746
449,794,100.063225
450,794,152.532928
451,794,157.487289
398,795,264.22464
450,795,112.279648
450,796,104.696068
451,796,141.42952
451,798,173.302017
516,802,402.857788
516,803,686.171082
517,803,1478.581543
392,806,242.532166
389,807,857.870422
390,807,744.452637
391,807,421.688599
388,808,1303.979004
389,808,1925.302124
390,808,605.175415
391,808,199.341995
390,809,831.717285
390,810,560.656189
390,811,680.557373
438,820,272.287933
411,823,244.56192
