2235,1489,790.471375
2236,1489,114.777969
2246,1491,625.185181
2259,1491,126.572418
2246,1492,819.746765
2247,1492,265.532135
2248,1492,182.768402
2249,1492,156.586411
2251,1492,131.189575
2246,1493,548.349854
2247,1493,163.214752
2246,1494,249.893097
2203,1495,267.295349
2247,1495,122.616806
2203,1496,200.837067
2247,1496,140.14212
2260,1497,155.613007
2202,1505,214.842422
2221,1507,168.275085
2247,1508,124.435417
2272,1511,123.280472
2212,1512,147.651993
2271,1512,101.816887
2274,1512,128.738205
2269,1513,465.141815
2270,1513,278.933197
2273,1513,125.328438
2254,1515,136.300217
2256,1515,176.572357
2212,1522,241.589722
2212,1523,188.997421
2214,1523,121.609428
2214,1524,260.970642
2222,1524,150.263016
2215,1525,113.029724
2223,1529,162.195892
2206,1550,270.01059
2224,1550,1102.074707
2260,1550,308.670837
2261,1550,280.501831
2262,1550,380.02359
2222,1551,479.394135
2223,1551,568.316895
2224,1551,368.615723
2222,1552,625.140015
2223,1552,431.215759
2215,1559,282.609253
2204,1560,103.251511
2215,1560,733.458679
2215,1561,1107.856689
2215,1562,451.273834
2216,1562,1416.594604
2215,1563,646.478516
2216,1563,476.147003
2215,1564,205.515442
2216,1564,643.814453
2203,1565,138.60231
2216,1565,177.697556
2217,1565,511.579468
2245,1565,321.193451
2217,1566,212.655701
2220,1568,323.72934
2221,1569,304.586517
2221,1570,132.182068
2222,1570,1683.403076
2219,1571,306.203369
2220,1571,447.971588
2221,1571,250.84729
2205,1575,135.598831
2206,1575,234.430679
2207,1575,145.760071
2213,1577,254.217346
2244,1577,248.130386
2263,1578,263.020416
2262,1579,504.140381
2263,1579,239.513168
2204,1581,110.351891
2247,1581,445.919342
2255,1581,339.006775
2262,1581,102.743477
2204,1582,107.461937
2249,1582,114.808868
2250,1582,144.825958
2251,1582,615.057678
2252,1583,201.493286
2206,1591,1029.830078
2262,1592,582.423889
2263,1592,2974.021973
2262,1593,436.312317
2263,1593,652.327454
2264,1593,1322.910156
2262,1594,796.69342
2263,1594,492.824097
2264,1594,553.183105
2262,1595,566.999268
2263,1595,237.296722
2264,1595,194.910294
2267,1595,190.211014
2258,1596,482.440552
2259,1596,396.199219
2260,1596,560.206909
2261,1596,246.878128
2263,1596,104.830826
2264,1596,125.650078
2267,1596,418.980927
2261,1597,110.763145
2262,1597,114.433899
2264,1597,104.508209
2265,1597,104.721443
2216,1610,101.224464
2218,1610,154.328476
2219,1610,138.547333
2219,1611,136.400421
2221,1611,216.974548
2222,1611,2370.802734
2221,1612,160.724457
2222,1612,132.232986
2223,1612,909.707703
2224,1613,228.015427
2224,1614,130.724304
2225,1614,226.12973
2225,1615,171.537537
2226,1615,171.698212
2227,1615,177.300446
2229,1615,196.215485
2230,1615,196.215485
2231,1615,187.882385
2232,1615,187.882385
2233,1615,100.768623
2235,1616,2147.295898
2236,1616,2288.675781
2252,1657,2258.173584
2253,1657,3177.814697
2254,1657,2762.195068
2207,1676,4238.500977
2227,1704,156.100174
2228,1704,101.442123
2283,1396,109.121872
2253,1413,279.325256
2251,1438,123.891777
2256,1439,104.394493
2264,1439,103.525146
2279,1451,115.471695
2249,1453,225.368484
2264,1456,124.154236
2213,1459,128.716415
2211,1460,102.477341
2212,1460,152.61525
2264,1470,120.394691
2264,1473,270.271484
2215,1474,118.461411
2216,1474,290.520874
2219,1475,341.210785
2264,1475,139.657257
2236,1479,443.408539
2235,1480,258.223389
