1230,2444,105.080017
1231,2445,142.600357
1243,2445,154.480072
1230,2446,145.472
1239,2448,113.823349
1248,2455,111.267731
1165,2466,156.344055
1166,2466,243.303543
1193,2469,171.524246
1194,2469,118.342323
1153,2485,1316.211914
1202,2485,299.766266
1203,2485,304.431061
1204,2486,173.521637
1205,2486,248.862717
1206,2486,261.034454
1214,2486,165.012772
1236,2488,159.61618
1237,2488,127.311111
1183,2498,181.429688
1291,2242,501.452393
1239,2258,5315.924316
1194,2290,8349.379883
1195,2290,15046.787109
1197,2290,109.604652
1187,2309,304.943054
1204,2315,144.798935
1247,2315,1513.265625
1255,2315,721.0
1285,2321,1707.19458
1283,2322,1683.77124
1284,2322,1683.77124
1285,2322,1684.697754
1198,2326,1914.998535
1199,2326,638.998474
1199,2327,218.132416
1201,2328,277.168671
1202,2328,321.511505
1200,2329,173.880798
1201,2329,1424.551636
1203,2329,361.251862
1188,2330,7476.757324
1200,2330,150.703369
1278,2333,253.344818
1279,2333,246.412628
1280,2333,302.199066
1275,2335,146.586639
1277,2335,336.517151
1274,2336,1045.094116
1274,2337,1310.00415
1253,2367,504.5
1254,2367,506.462036
1258,2371,1464.579224
1257,2372,4594.188477
1154,2382,731.231873
1165,2385,131.086899
1168,2393,309.29715
1256,2402,1260.608154
1254,2403,1928.824951
1256,2403,1441.252441
1257,2403,559.065674
1253,2404,1017.479736
1189,2405,281.063293
1190,2405,187.532303
1190,2406,263.27066
1191,2406,259.257111
1192,2406,195.897415
1190,2407,1548.46228
1191,2407,829.746704
1191,2408,965.531433
1191,2409,176.452789
1192,2409,392.240723
1254,2409,1403.474609
1244,2412,509.685211
1245,2412,487.401306
1163,2418,1279.455933
1221,2426,143.323105
1190,2427,334.312683
1127,2439,2177.027832
1150,2439,266.021576
