2255,2285,408.470825
2256,2285,187.869019
2254,2286,161.502945
2252,2287,143.665298
2253,2287,125.499008
2254,2288,100.126411
2257,2290,424.020325
2257,2291,488.901703
2258,2291,177.148788
2258,2292,266.356689
2257,2296,507.739685
2257,2297,300.238953
2257,2298,254.611206
2258,2298,262.879425
2257,2299,351.7836
2258,2299,163.945496
2259,2299,322.860779
2258,2307,206.08345
2250,2309,106.187729
2252,2309,136.154495
2253,2309,282.059906
2254,2309,218.522842
2245,2310,108.320366
2245,2311,214.991135
2235,2312,287.060455
2236,2312,269.753479
2237,2312,193.115128
2238,2312,136.007568
2243,2312,107.247864
2224,2313,119.288452
2229,2313,241.711533
2232,2313,497.178345
2233,2313,268.745605
2234,2313,237.908691
2235,2313,134.768311
2244,2313,189.942307
2242,2314,140.09523
2255,2374,261.228333
2212,2378,153.935211
2213,2378,100.362015
