683,2197,13154.517578
683,2198,22274.398438
629,2206,11390.772461
629,2207,1580.0
749,2288,814.728455
750,2288,1366.88855
751,2288,697.533752
752,2288,997.371338
760,2288,106.541969
758,2289,391.466675
760,2289,311.395813
654,2321,4100.165527
655,2323,1989.945801
745,2323,465.916229
656,2324,2314.503906
741,2324,160.369385
742,2324,294.328857
745,2324,999.700806
747,2324,858.52417
748,2325,646.351807
749,2325,275.048767
662,2326,5503.69873
749,2326,125.105042
752,2326,124.235519
751,2327,288.178497
752,2327,737.811584
753,2327,689.157654
748,2328,160.909637
749,2328,126.716118
750,2328,519.013245
753,2328,394.911682
748,2329,174.503723
749,2329,150.865662
759,2329,1145.402588
748,2330,175.739441
654,2337,174.078659
660,2340,1485.060181
661,2340,1740.469971
756,2357,812.229065
756,2358,268.481903
656,2364,128.576004
657,2364,300.405487
658,2364,165.963104
656,2365,325.038177
657,2365,254.68631
658,2365,350.247314
659,2365,203.242538
659,2366,375.632935
660,2366,101.136322
660,2367,134.372437
661,2372,141.069336
662,2372,124.931847
663,2372,103.715508
777,2378,838.518311
667,2380,128.04657
668,2381,104.562302
