2224,1889,566.907776
2226,1889,133.625122
2213,1890,280.629944
2214,1890,540.032166
2207,1891,223.07164
2208,1891,229.396927
2212,1891,161.823303
2213,1891,484.504456
2214,1891,1377.393188
2205,1892,183.904282
2206,1892,464.854736
2207,1892,488.544403
2212,1892,318.42807
2213,1892,770.894165
2214,1892,1921.371338
2213,1893,435.240021
2129,1910,141.000183
2128,1911,237.942688
2129,1911,438.743103
2128,1912,319.561401
2129,1912,204.444809
2129,1913,116.524994
2130,1913,123.070641
2131,1913,2370.292969
2136,1963,278.048828
2133,1964,1532.552734
2134,1964,443.007751
2135,1964,229.217712
2136,1964,174.097137
2135,1965,119.273254
2135,1966,162.633575
2223,1966,366.0
2134,1967,384.782379
2135,1967,109.928474
2134,1968,166.104309
2135,1969,160.900909
2134,1970,202.551697
2135,1970,152.666672
2134,1971,134.571243
2135,1971,131.833328
2131,1985,130.766678
2103,2019,100.400002
2102,2023,142.805649
2097,2024,105.277832
2099,2024,106.495415
2101,2024,165.54483
2147,2024,119.963303
2149,2025,115.205444
2150,2025,170.383011
2185,2026,468.953033
2199,2026,264.599609
2214,2027,149.148132
2191,2053,162.368179
2189,2055,235.881195
2189,2056,796.695557
2190,2056,137.354843
2190,2058,353.787506
2158,2062,145.888214
