2472,1486,184.902466
2473,1486,119.094734
2470,1496,146.087601
2466,1517,102.223457
2466,1518,160.485245
2467,1525,224.915207
2466,1527,180.183701
2466,1529,113.765411
2463,1534,139.462082
2464,1534,107.654015
2484,1540,101.603958
2491,1540,112.370178
2461,1541,127.732803
2458,1554,190.48233
2459,1555,150.652573
2456,1556,106.221634
2460,1556,120.244926
2461,1556,161.41304
2463,1556,142.079697
2466,1556,147.095795
2497,1556,127.972359
2498,1556,152.533646
2477,1557,287.799805
2486,1566,166.680695
2488,1566,109.271721
2489,1566,879.249207
2486,1567,155.250916
2485,1568,326.243622
2488,1576,343.03183
2477,1580,214.37088
2492,1588,121.218399
2463,1602,215.231674
2464,1400,400.139069
2483,1410,130.367691
2466,1422,110.016464
2467,1422,155.406174
2474,1424,174.430161
2475,1424,104.594604
2456,1452,351.35437
2492,1452,246.088943
2453,1453,260.539246
2454,1453,184.456116
2477,1457,107.227318
2479,1471,341.239807
2453,1483,148.488983
2495,1483,141.188705
2496,1483,122.732239
2497,1483,425.274841
2451,1484,214.787415
2473,1485,163.046982
