55,534,170.724228
55,535,111.382423
56,535,603.643433
56,536,289.209778
57,536,1383.548828
58,536,1496.30542
56,537,122.536362
57,537,274.860413
58,537,829.655151
59,537,925.236816
60,537,273.864136
56,538,513.464966
58,538,155.092194
59,538,243.801468
60,538,122.520721
68,540,205.731812
67,541,2905.071289
68,541,206.394196
91,546,110.979767
62,548,136.010971
63,548,167.945328
89,548,109.266785
63,549,211.023834
87,549,149.66922
88,549,143.519577
63,550,303.427338
38,570,235.104919
39,570,161.661102
38,571,183.16037
38,572,156.482666
34,577,370.878174
35,578,263.923096
36,578,100.215141
35,579,236.460815
42,579,187.019501
36,580,213.182129
36,581,339.508484
37,581,105.953217
35,582,1209.423584
36,582,979.643127
37,582,176.771072
35,583,624.656799
36,583,159.178421
63,583,143.314438
66,583,501.421417
131,583,159.936325
65,584,147.989761
134,584,361.678864
135,584,302.846405
136,584,664.697632
35,585,239.98671
65,585,165.638123
107,585,104.963013
133,585,240.977356
134,585,579.409607
135,585,516.881104
136,585,196.541672
36,586,384.989899
65,586,530.458801
35,587,409.302338
36,587,223.280945
37,587,136.84314
130,587,235.480103
35,588,893.693604
36,588,184.761047
37,588,167.265228
43,588,124.370842
64,588,318.996887
130,588,251.828552
35,589,348.075867
36,589,826.050659
38,589,103.236992
39,589,103.957359
64,589,652.857239
108,589,101.151733
35,590,582.679626
36,590,1036.936646
88,604,105.80619
82,606,145.042038
81,607,235.250565
82,607,292.22229
85,607,155.575958
90,613,158.752045
90,616,161.384689
90,617,157.205566
80,618,1197.588013
79,619,119.387886
80,619,448.033386
82,619,193.283981
83,619,266.654144
84,619,163.089203
79,620,145.551117
80,620,322.350769
79,621,142.735657
80,621,344.16217
79,627,108.980316
77,628,1334.597656
78,637,594.649902
79,637,172.651184
80,637,154.270844
93,638,111.997269
94,638,142.003113
349,478,299.510986
