618,867,130.035431
560,868,587.768188
390,909,757.775391
406,910,101.151901
407,910,331.418243
389,911,550.227844
390,911,125.780678
407,912,132.941681
404,913,232.150223
440,913,263.960602
440,914,181.633011
441,914,187.696777
441,915,247.014359
386,934,175.199158
386,935,140.951996
387,935,151.762375
476,935,156.63707
385,936,275.522736
476,936,153.913376
452,937,177.434891
453,937,103.228149
454,938,125.309593
452,939,181.264999
452,940,161.829391
453,940,186.704514
454,940,193.563354
425,941,349.243134
427,941,120.641548
443,941,309.844116
444,941,119.250473
452,941,131.946243
453,942,285.913605
454,942,277.276611
453,943,302.386414
454,943,264.260193
453,944,124.561066
454,944,134.754135
428,949,156.647659
428,950,315.014221
429,950,146.31485
428,951,280.560486
429,951,741.411438
428,952,414.828888
431,952,730.275024
462,952,579.212769
427,953,176.344513
431,953,234.036713
461,953,165.885559
427,954,115.51236
430,954,186.218704
431,954,170.878738
432,954,173.342545
461,954,664.360291
428,955,430.08432
435,955,142.488876
460,955,491.597534
461,955,793.071411
410,956,225.88092
460,956,673.890625
461,956,170.248596
457,958,181.17215
414,973,117.185898
415,973,274.134827
416,973,115.7575
421,973,264.278015
422,973,185.146194
457,976,186.991943
456,977,127.805588
457,978,315.103973
416,983,134.164642
421,983,168.963547
422,983,234.878708
429,986,253.842484
430,996,171.290466
454,996,293.787781
433,998,107.531815
454,999,151.484085
442,1008,843.11438
444,1008,307.09256
442,1009,896.353271
444,1009,254.206161
445,1009,149.746262
444,1010,113.297966
381,1011,139.832062
387,1011,158.255768
390,1011,102.78595
415,1011,401.625397
416,1011,220.239578
445,1011,121.898048
407,1012,110.593666
469,1019,138.115906
470,1023,324.184723
387,1024,104.774139
398,1025,209.47905
453,1034,110.837914
463,1038,100.881691
449,1044,184.838928
462,1045,243.490891
405,1048,260.754333
406,1048,369.297607
409,1048,556.215942
416,1048,292.978241
417,1048,319.615417
404,1051,495.882996
404,1054,318.979401
404,1055,232.409164
404,1056,137.478622
376,1066,258.836731
404,1069,105.872627
374,1074,110.393364
369,1078,219.499023
