1537,1172,2483.448242
1465,1202,158.0
1465,1203,551.0
1466,1204,3729.576416
1489,1228,16542.960938
1452,1235,695.623169
1452,1236,380.058075
1458,1236,122.368271
1459,1236,335.749176
1456,1237,1041.880371
1457,1237,279.308655
1458,1237,312.927582
1456,1238,608.888672
1457,1238,296.085968
1458,1238,288.720093
1456,1239,872.445068
1457,1239,253.194366
1458,1239,396.473633
1454,1240,147.093491
1455,1240,465.938629
1456,1240,1403.648315
1457,1240,322.110718
1454,1241,170.398788
1455,1241,476.074677
1456,1241,1914.743896
1457,1241,283.422089
1454,1242,153.875763
1455,1242,470.125397
1457,1242,303.638245
1454,1243,140.772522
1454,1244,168.41655
1456,1244,117.211761
1454,1245,178.787292
1456,1245,159.676758
1454,1246,117.563843
1523,1252,106.179298
1509,1260,228.421661
1509,1261,317.632751
1567,976,211.654144
1568,976,151.75383
1566,977,112.011314
1601,671,158.66626
1601,673,387.442749
1474,690,370.881439
1478,690,288.682434
1481,690,105.475563
1474,691,372.831299
1475,691,710.51062
1476,691,690.208008
1473,692,368.124207
1474,692,920.572266
1475,692,363.588928
1476,692,414.234894
1473,693,235.320465
1474,693,358.646057
1476,693,314.978973
1504,1026,12730.152344
1505,1026,735.31781
1463,694,641.571899
1474,694,542.855469
1542,699,227.837616
1502,1035,6535.323242
1554,705,110.441422
1591,708,243.566391
1600,709,100.205742
1600,710,266.678436
1592,712,457.718414
1519,1049,3422.433105
1557,722,141.750351
1554,723,134.230942
1457,732,124.072815
1512,1070,307.0
1506,1071,476.929932
1508,1071,540.460876
1509,1071,681.672974
1511,1071,3628.814209
1512,1071,2089.832031
1571,746,155.492233
1578,746,172.009445
1579,746,282.580597
1580,746,205.57634
1587,746,109.611313
1593,746,238.137787
1567,747,138.78714
1577,747,135.111679
1587,747,116.141815
1591,747,191.486679
1506,1125,450.944427
1506,1126,998.521606
1543,1148,627.126465
1543,1149,773.0
1542,1151,521.672302
1543,1151,1847.0
1539,1152,459.621399
1541,1152,513.672791
1542,1152,339.89035
1538,1153,797.5
1540,1153,1449.292725
1541,1153,102.5
1537,1154,1198.9646
1474,1165,221.83667
1475,1165,221.83667
1476,1165,310.487366
