2208,2124,177.797699
2208,2126,277.476563
2208,2129,238.597321
2206,2140,189.702759
2206,2141,136.228973
2207,2141,252.520325
2204,2145,110.524948
2207,2145,349.538605
2186,2146,157.255295
2181,2157,104.781418
2235,2157,498.874146
2236,2157,133.371735
2255,2157,309.086487
2232,2159,175.319855
2231,2161,133.516251
2201,2164,491.790314
2202,2164,184.468658
2202,2166,266.472473
2182,2170,120.633926
2177,2171,261.678864
2219,2171,140.614471
2183,2183,106.139999
2200,2187,227.164169
2197,2188,171.795013
2201,2188,209.760666
2256,2190,118.887283
2196,2201,180.096771
2222,2205,196.488861
2176,2209,452.566742
2172,2212,114.253586
2180,2214,117.773438
2193,2218,136.186081
2182,2219,133.276489
2182,2220,126.254005
2179,2222,103.77623
2189,2223,107.413071
2183,2224,145.035477
2176,2227,122.058693
2177,2227,138.57637
2182,2228,208.395813
2182,2229,179.664001
2183,2229,185.372696
2182,2230,163.733429
2189,2230,182.023788
2206,2123,153.944153
