1727,1170,266.018768
1673,1171,734.56134
1726,1171,348.622742
1661,1172,368.576782
1661,1174,416.963745
1661,1175,769.411011
1644,1177,167.216736
1672,1184,211.311493
1672,1185,263.186493
1672,1186,229.182053
1672,1187,532.80719
1661,1188,213.391693
1672,1188,495.50412
1687,1188,248.875366
1672,1189,194.384109
1661,1190,191.348053
1672,1190,194.384109
1672,1191,194.384109
1672,1192,232.300491
1671,1193,491.249725
1672,1193,713.065613
1633,1194,503.776062
1661,1194,1316.27478
1671,1194,345.666016
1672,1194,563.10553
1683,1194,102.092033
1725,1194,124.592209
1634,1195,206.591919
1683,1195,362.50882
1634,1196,175.81015
1635,1196,172.580215
1711,1196,140.891068
1568,1197,812.606689
1569,1197,814.181274
1570,1197,814.181274
1635,1197,111.921669
1636,1197,201.986404
1568,1198,3313.0
1569,1198,1176.326904
1635,1198,145.348557
1641,1198,262.282623
1568,1199,1652.051636
1640,1199,307.988708
1641,1199,200.377991
1568,1200,1652.051636
1640,1200,193.119659
1641,1200,679.112244
1567,1201,3318.0
1568,1201,2640.0
1640,1201,124.639145
1641,1201,240.302872
1672,1201,120.607803
1567,1202,1668.772217
1568,1202,660.0
1640,1202,222.511932
1641,1202,336.157532
1642,1202,371.455139
1671,1202,874.620667
1672,1202,915.848083
1566,1203,2234.003662
1567,1203,1152.445313
1569,1203,2457.184082
1570,1203,1886.344604
1571,1203,1065.986694
1573,1203,191.851608
1575,1203,900.400024
1576,1203,1635.924561
1634,1203,247.971603
1640,1203,126.865509
1569,1204,6504.876465
1637,1204,139.75177
1726,1204,165.77536
1658,1206,220.022766
1726,1206,362.722656
1685,1210,787.155945
1725,1220,150.474564
1726,1220,117.494957
1688,1221,248.496185
1726,1221,136.854965
1727,1222,309.055847
1653,1230,218.724472
1700,1230,165.716599
1658,1232,334.378571
1672,1234,304.357788
1666,1235,179.877304
1674,1236,147.991776
1625,1237,101.322075
1587,1243,102.833633
1588,1245,160.73967
1627,1247,101.259315
1723,1256,444.208252
1634,1260,152.331131
1596,1273,982.898621
1597,1273,2943.789063
1698,1284,112.702042
1647,1296,143.165894
1646,1297,219.457458
1652,1301,192.730209
1647,1302,107.85247
1640,1309,248.749466
1642,1309,138.384476
1643,1309,102.056793
1571,1311,436.47876
1572,1311,148.92775
1643,1311,165.871048
1571,1312,913.397217
1572,1312,459.87442
1569,1313,104.472305
1570,1313,297.251129
1571,1313,585.044556
1572,1313,1221.376099
1644,1313,103.923752
1641,1315,106.455963
1649,1315,129.104065
1641,1316,428.680054
1643,1316,171.700348
1649,1316,872.804871
1637,1317,351.72525
1644,1317,104.446068
1649,1317,469.630127
1594,1319,351.81842
1608,1319,208.79924
1641,1319,441.789978
1642,1320,182.330124
1643,1320,193.576523
1643,1321,188.067093
1641,1322,342.439911
1641,1323,190.198792
1643,1324,130.577591
1645,1324,162.692657
1765,1324,110.346207
1646,1325,243.912338
1762,1325,220.406967
1599,1347,487.728363
1604,1349,104.331085
1761,1349,123.421532
1598,1350,119.412544
1611,1350,145.697479
1612,1350,170.771347
1597,1351,157.757141
1651,1355,524.75
1650,1356,242.826813
1655,1356,761.162964
1634,1357,111.647118
1648,1357,119.44178
1654,1357,150.725525
1655,1357,453.60257
1635,1358,995.567261
1639,1358,156.165527
1642,1358,161.134689
1650,1358,114.820068
1651,1358,276.198212
1639,1359,266.052765
1640,1359,120.327148
1641,1359,154.111877
1651,1359,102.923607
1638,1360,174.722687
1630,1361,339.251007
1582,1362,397.567261
1576,1363,706.064087
1593,1365,129.220322
1593,1366,171.113678
1581,1367,184.689362
1593,1367,175.263336
1651,1367,172.517944
1581,1368,205.696609
1593,1368,239.650818
1647,1074,1915.458374
1584,1371,206.043289
1589,1371,885.902283
1590,1371,646.533264
1586,1372,103.275139
1588,1372,142.579773
1589,1372,106.768738
1721,1081,465.877747
1594,1377,120.168785
1589,1379,171.187683
1684,1084,377.629242
1685,1084,211.500092
1727,1084,111.914063
1726,1085,101.320808
1590,1383,555.7854
1562,1388,180.623444
1767,1388,316.36441
1760,1389,129.418381
1765,1390,149.746277
1610,1392,131.955032
1609,1393,100.971428
1728,1393,104.170471
1729,1393,236.822418
1759,1393,126.633118
1758,1394,107.363739
1607,1402,149.664505
1607,1403,164.754425
1714,1417,113.402138
1702,1119,105.204681
1730,1119,201.843628
1714,1422,135.022888
1683,1129,152.414337
1682,1130,145.043472
1697,1130,287.723877
1680,1132,330.440704
1696,1132,221.17009
1679,1134,279.865326
1680,1134,372.48938
1679,1135,500.459961
1680,1135,443.137817
1582,1151,1216.412476
1639,1152,224.598328
1641,1152,125.171989
1714,1153,148.201202
1721,1153,286.885406
1720,1154,232.28566
1721,1154,187.551926
1699,1155,128.996948
1662,1156,1790.625
1727,1159,106.717072
