965,430,171.640244
967,430,128.814072
968,430,116.134216
969,430,260.770844
892,436,105.187103
895,436,108.700272
898,436,100.202637
904,436,319.931213
910,436,542.450623
971,436,166.952179
903,437,113.171524
892,438,117.010445
880,440,119.904099
900,441,168.717255
901,441,119.271561
910,441,141.867126
976,442,199.212479
964,445,102.535355
890,454,120.279175
898,460,1047.104736
908,464,377.899078
890,468,264.285583
890,469,317.503448
961,477,101.873245
927,485,215.812622
928,485,224.713104
929,485,132.199646
930,485,203.955353
933,487,118.420189
926,488,400.378937
927,488,148.969467
975,489,120.911118
920,494,340.073486
921,494,249.390091
922,494,929.511841
923,494,574.730103
924,494,519.880188
925,494,543.114319
926,494,259.651062
927,494,219.85614
928,494,168.286209
929,494,107.762115
930,494,187.721725
931,494,144.739227
934,494,160.981384
918,495,124.529274
939,495,150.8582
940,495,194.805969
944,495,105.355682
959,496,176.659256
961,496,191.46608
960,497,122.504715
961,497,215.143341
959,498,103.415359
