2202,2230,120.672028
2216,2231,353.998444
2220,2231,100.646332
2221,2231,108.626846
2215,2232,117.800438
2216,2232,101.256767
2219,2232,115.837349
2220,2232,213.730591
2221,2232,304.171906
2222,2232,366.461578
2211,2233,308.068695
2212,2233,514.192261
2215,2233,162.822906
2219,2233,141.514191
2223,2233,516.60553
2231,2234,108.463463
2232,2234,138.627563
2205,2235,397.782959
2209,2235,130.980789
2224,2235,109.374832
2228,2235,112.063789
2229,2236,109.499443
2211,2238,145.173935
2227,2238,143.445419
2228,2238,169.341934
2229,2238,214.482285
2222,2239,757.278809
2243,2240,240.837601
2208,2241,121.614273
2253,2249,211.899704
