2235,1822,508.576904
2236,1823,662.305298
2216,1824,956.358704
2217,1824,1158.255005
2218,1824,1351.118652
2219,1824,1277.224121
2220,1824,1036.403564
2221,1824,962.02301
2222,1824,832.466492
2223,1824,704.980408
2224,1824,686.482849
2226,1824,346.90036
2227,1824,297.791626
2228,1824,223.315063
2237,1824,502.926758
2217,1825,360.162994
2218,1825,524.237488
2219,1825,337.579834
2220,1825,403.806488
2221,1825,369.047119
2222,1825,496.571289
2223,1825,251.75531
2224,1825,194.789108
2225,1825,250.188232
2226,1825,136.309357
2229,1825,118.727249
2218,1826,127.565163
2219,1826,165.561249
2220,1826,136.135864
2221,1826,141.238312
2222,1826,135.149704
2218,1831,138.709076
2218,1832,192.872375
2219,1832,125.932381
2256,1834,240.466522
2257,1834,243.669647
2264,1834,1647.486694
2257,1835,117.438248
2259,1835,614.523743
2260,1835,360.877991
2261,1835,255.405441
2262,1835,227.311829
2263,1835,1660.659058
2264,1835,380.278961
2265,1835,2010.903809
2266,1835,2272.327393
2264,1836,244.66391
2265,1836,570.521362
2266,1836,751.597107
2267,1836,1113.487793
2268,1836,1119.64209
2269,1836,2463.223633
2270,1836,973.289001
2271,1836,1486.43457
2272,1836,2103.894287
2266,1837,107.05687
2269,1837,135.865677
2270,1837,223.0
2238,1788,7186.233887
2220,1790,346.200989
2221,1790,351.788269
2222,1790,349.069275
2216,1793,698.027222
