1902,1805,208.645172
1903,1805,168.659454
1904,1805,983.783142
1905,1805,1351.721436
1903,1806,200.907928
1904,1806,742.631226
1905,1806,1918.423828
1875,1807,131.099701
1996,1490,561.783203
1892,1808,634.584717
1893,1808,547.22998
1894,1808,1136.446411
1895,1808,773.816467
1896,1808,342.359619
2012,1493,193.786575
2013,1493,199.962006
1999,1494,102.661865
2005,1494,109.743675
2011,1495,211.629318
1979,1496,269.047546
2011,1496,209.146057
2012,1499,172.383011
2006,1500,102.434532
2011,1500,242.08548
2012,1500,138.540283
2019,1509,111.997772
1894,1512,209.0
1970,1512,222.030304
2017,1518,138.166779
1923,1521,144.84343
1924,1521,447.530579
1924,1522,205.210251
1924,1523,260.73645
1981,1523,175.866272
1981,1524,148.749313
2000,1528,240.171432
1925,1530,269.701263
2009,1536,132.703598
1979,1537,135.271652
2014,1537,856.505493
1931,1551,107.817253
1899,1555,239.0
1970,1563,224.529633
1972,1569,519.732605
1971,1570,345.284088
1972,1570,379.379028
1974,1570,241.91452
2010,1264,119.778252
1938,1588,117.891632
1880,1598,112.0858
1881,1598,228.806625
1880,1599,147.189514
1877,1601,115.57814
1878,1601,112.293304
1967,1601,167.381882
1968,1601,127.507584
1970,1601,266.257477
1878,1602,140.00415
1983,1602,493.582581
1984,1604,384.570465
1953,1288,241.316956
1954,1288,104.888451
1955,1288,134.82605
1956,1288,147.49762
1936,1289,558.996704
1960,1289,213.048874
1961,1289,236.562042
1963,1289,161.915741
2013,1289,266.997894
1965,1290,246.525436
2010,1608,196.995239
1936,1291,236.063904
1949,1291,504.046234
1950,1291,114.231102
1950,1292,266.162476
1997,1292,242.490036
1998,1292,128.390961
1949,1293,129.441879
1950,1293,454.333099
1966,1293,165.085754
1967,1293,147.157745
1997,1293,218.918762
1998,1293,216.369812
1966,1294,236.562897
1967,1294,105.881821
2010,1294,218.917145
1967,1295,118.922089
1968,1295,397.84494
1994,1295,113.247643
1901,1613,113.545319
1967,1296,148.63504
1925,1297,220.361526
1993,1297,287.52002
1933,1298,118.993912
1930,1617,216.840378
1959,1617,489.495087
1978,1300,315.425293
1985,1619,149.899628
1986,1619,130.431259
1978,1301,127.865265
1979,1301,343.307861
1980,1620,158.075912
1986,1620,147.143341
1980,1302,201.642654
1980,1303,388.627411
1979,1304,316.973694
1965,1307,161.08342
1924,1309,231.243607
1967,1309,122.493294
1968,1309,159.036621
1969,1309,379.996674
1912,1310,577.908813
1949,1310,209.733734
1948,1311,142.83812
2011,1311,101.509178
1948,1312,143.629166
1947,1314,143.210602
1918,1315,245.937714
1947,1315,173.778305
1961,1315,123.709892
1967,1315,102.256927
1968,1315,148.858734
1916,1316,112.067307
1968,1316,100.612503
1969,1316,133.637955
1969,1317,257.49353
1959,1318,562.170288
1960,1318,564.420288
1961,1318,465.079712
1932,1320,687.99231
1965,1325,107.579277
1965,1326,123.551178
2016,1331,173.961777
1954,1333,406.438782
1976,1333,122.786903
1972,1334,490.372253
1976,1335,107.943192
1937,1341,1655.805786
1977,1341,157.882721
1940,1664,119.49173
1936,1342,187.082977
1937,1342,1646.563843
1936,1343,161.515137
2009,1346,107.072014
1897,1669,117.325851
2009,1347,120.139946
2007,1348,118.499229
2010,1348,103.379478
1984,1350,183.107407
1985,1350,241.944077
1897,1673,102.23632
1875,1353,102.839828
1912,1353,139.514572
1949,1676,132.211914
1996,1355,160.321457
1992,1356,100.175583
1953,1366,167.1082
1945,1367,191.53653
1952,1367,449.773376
1947,1368,694.634888
1951,1368,240.802658
1981,1372,100.458008
1988,1373,183.35228
1989,1373,173.48082
1990,1373,173.968658
1991,1373,153.322388
2002,1374,102.202644
2001,1376,127.259468
1975,1382,109.09433
1976,1382,106.782829
1965,1383,101.307312
1873,1706,105.315651
1982,1707,171.088531
1983,1707,227.024246
1965,1384,101.307312
1889,1709,103.424522
1970,1387,188.708115
1971,1387,224.358185
1972,1387,132.14209
1973,1387,151.511627
1974,1387,123.145325
1975,1387,136.250916
1959,1716,104.774452
1960,1716,262.656128
1969,1724,402.128998
1971,1725,682.803223
1970,1726,1252.903198
1971,1726,320.908569
1972,1726,312.399841
1973,1727,1903.262939
1884,1734,100.992386
1874,1416,186.679596
1876,1417,209.476974
1892,1417,104.216446
1884,1737,235.125626
2013,1742,221.495911
2020,1424,267.272583
2021,1424,534.381165
2022,1424,300.655945
2018,1425,160.720291
2020,1425,104.661995
2021,1425,171.620667
1988,1430,330.732208
1913,1431,333.370422
1924,1431,291.513916
1925,1431,423.968536
2000,1432,141.674774
2001,1432,141.674774
2002,1432,110.259605
2003,1432,110.259605
1987,1435,352.914001
2007,1437,107.946228
2007,1438,107.575897
1957,1439,267.631531
2007,1439,342.527435
1957,1442,149.169495
1954,1445,495.65741
1966,1445,124.61203
1967,1445,169.02121
2020,1458,252.152664
1954,1471,112.356804
1907,1792,348.98645
1908,1792,342.78952
1954,1474,160.198257
2014,1477,214.93576
1986,1478,245.9133
1987,1482,170.958389
1903,1804,521.915894
1904,1804,1075.950806
1987,1485,346.690155
