1826,2126,108.002831
1828,2132,105.339401
1829,2132,103.954933
1830,2132,164.305679
1829,2135,252.891083
1872,2138,144.703094
1874,2138,264.989441
1829,2139,126.564011
1829,2140,126.564011
1827,2141,136.257629
1828,2141,309.937347
1829,2141,161.945435
1863,2141,144.235764
1864,2142,123.792358
1864,2143,176.266922
1865,2143,123.835327
1864,2144,140.304337
1865,2144,172.497925
1866,2145,122.026749
1864,2146,130.056549
1865,2146,215.811981
1864,2147,113.180954
1865,2147,138.307846
1875,2152,116.925858
1868,2153,191.341705
1869,2153,123.967636
1872,2153,111.665077
1873,2153,124.24128
1874,2153,197.75412
1875,2153,173.269073
1899,2180,128.047806
1900,2180,130.740585
1901,2180,134.077484
1894,2181,128.459122
1895,2181,185.081024
1896,2181,190.612076
1897,2181,146.738052
1884,2182,136.634964
1885,2182,203.116684
1886,2182,189.878021
1887,2182,161.8367
1893,2182,110.59626
1894,2182,114.323692
1883,2185,149.52507
1886,2186,166.09816
1899,2189,121.208305
1877,2191,289.283081
1876,2192,259.595184
1829,2195,228.278198
1880,2201,480.291687
1881,2207,354.17923
1869,2208,137.083771
1873,2208,787.22937
1874,2208,818.970154
1881,2208,189.482956
1885,2208,219.79068
1881,2209,224.973083
1894,2209,123.946884
1897,2209,114.194267
1881,2210,661.257813
1885,2210,130.213409
1880,2211,406.356964
1880,2212,274.390228
1881,2212,202.376221
1867,2213,318.086121
1881,2213,211.067932
1885,2213,102.162552
1886,2213,105.428146
1867,2214,173.928879
1880,2214,194.793259
1881,2214,152.668747
1867,2215,349.221558
1867,2216,193.516129
1867,2217,325.869202
1905,2220,160.015778
1864,2221,293.776917
1865,2221,231.832489
1886,2221,419.01474
1906,2221,182.695496
1886,2224,134.065857
1906,2226,109.348114
1859,2227,411.103943
1860,2227,280.979034
1861,2227,517.636963
1862,2227,136.515961
1864,2227,116.505432
1865,2227,267.346375
1866,2227,161.29184
1863,2228,154.005569
1865,2228,186.107513
1866,2228,160.807053
1865,2229,268.558167
1866,2229,281.611542
1849,2233,140.431351
1851,2233,120.413284
1848,2234,572.316467
1849,2234,289.812225
1851,2234,160.916077
1843,2235,181.71907
1848,2235,135.753113
1849,2235,505.390991
1850,2235,210.910614
1851,2235,164.719635
1856,2235,120.337471
1853,2236,342.743225
1854,2236,327.080811
1843,2237,179.578354
1854,2237,162.405075
1856,2237,146.848633
1844,2238,166.050354
1847,2238,136.516693
1856,2238,113.647079
1857,2238,215.388412
1858,2238,189.508423
1870,2238,298.14212
1857,2239,153.367157
1871,2241,106.097343
1906,2246,161.911133
1823,2247,102.610512
1824,2247,114.314499
1825,2247,110.2295
1841,2250,102.407753
1899,2256,107.426559
1901,2256,174.685974
1820,2258,348.502533
1822,2258,134.987167
1823,2258,100.474907
1839,2259,140.392654
1840,2259,126.848877
1841,2259,127.367249
1823,2260,100.266449
1838,2260,153.131454
1840,2260,151.070816
1841,2260,151.216553
1842,2260,111.920013
1847,2260,102.88868
1849,2260,121.00238
1868,2260,119.101204
1847,2261,122.881699
1849,2261,151.057663
1850,2261,139.746262
1851,2261,150.393234
1852,2261,151.824295
1867,2263,151.04953
1866,2264,133.958008
1867,2264,321.445923
1866,2265,163.839905
1889,2265,226.675385
1869,2288,178.80278
1876,2289,205.240616
1869,2291,206.343384
1870,2291,165.792068
1871,2291,116.902657
1872,2291,115.053902
1873,2291,228.884399
1874,2291,336.937347
1875,2291,150.509613
1876,2291,158.391541
1902,2117,687.862793
