465,2127,338.516235
536,2131,338.345612
479,2132,127.366257
536,2132,251.437332
344,2133,125.81311
345,2133,123.916344
456,2133,306.251129
536,2135,432.212769
411,2136,180.732269
454,2136,571.321289
455,2138,282.345886
458,2138,289.632813
459,2138,455.944397
394,2139,609.303284
454,2139,242.170685
455,2139,207.887833
456,2139,134.943054
459,2139,343.332794
460,2139,102.153061
567,2139,2716.366943
393,2140,102.749504
454,2140,289.621185
455,2140,117.349777
459,2140,357.974243
460,2140,179.532379
455,2141,142.729507
563,2141,930.592285
564,2141,1398.849365
345,2142,441.756165
446,2142,334.136353
459,2142,115.423958
562,2142,743.105347
563,2142,392.667267
564,2142,287.785034
565,2142,307.598328
566,2142,229.79451
458,2143,167.19722
459,2143,261.007568
562,2143,313.734009
458,2144,130.658371
446,2145,109.602715
560,1895,168.0
558,1896,165.0
560,1898,364.5
561,1899,2767.029053
344,1920,191.487167
391,1928,8081.5
384,1930,3466.717285
385,1930,2880.5
559,1932,392.75
559,1933,158.333389
560,1933,458.608948
560,1934,137.000259
561,1934,249.99852
562,1934,305.166656
563,1934,357.75
564,1934,395.605743
565,1934,395.605743
559,1935,310.557434
563,1935,140.583588
564,1935,253.915192
565,1935,254.665192
566,1935,358.75
567,1935,357.75
566,1936,1176.400024
568,1937,308.0
344,1951,322.227875
343,1952,427.142761
341,1955,668.197266
675,1957,19781.378906
537,1961,2431.159912
679,1973,310.535034
428,1974,3905.817139
439,1974,179.834854
347,1976,167.98761
348,1976,163.740326
349,1976,186.463425
350,1976,182.837891
439,1976,131.941177
446,1976,1932.975098
447,1976,1904.239746
448,1976,967.024353
450,1976,1151.682983
454,1976,308.132233
350,1977,541.875793
439,1977,211.561676
445,1977,470.230774
568,1977,9538.0
343,1978,315.222473
344,1978,165.681458
351,1978,137.382645
352,1978,290.10907
353,1978,172.638046
567,1978,835.413025
368,1979,219.161636
483,1980,304.033386
484,1980,321.969757
485,1980,1435.305298
368,1982,105.244736
439,1982,437.290863
368,1983,117.544731
343,1984,142.462158
368,1984,418.34082
476,1984,556.118408
477,1984,547.305542
478,1984,252.267487
479,1984,547.305542
480,1984,252.267487
481,1984,252.267487
482,1984,266.442749
343,1985,123.015442
359,1985,306.280762
368,1985,206.893784
343,1986,134.055466
359,1986,101.681686
360,1986,108.894234
368,1986,764.535156
369,1986,818.071167
343,1987,175.521088
359,1987,387.955383
360,1987,155.338837
361,1987,180.921188
368,1987,1002.335815
369,1987,365.131104
515,1987,6060.645996
358,1988,347.170563
359,1988,348.395538
360,1988,496.02536
368,1988,2489.616699
343,1989,101.166626
359,1989,824.666626
343,1990,116.524307
481,1990,203.347824
343,1991,171.74408
344,1991,261.342041
343,1992,310.0466
344,1992,278.739899
343,1993,1103.535034
344,1993,273.218048
343,1994,617.73645
344,1994,168.430649
343,1995,425.714661
344,1995,176.992157
343,1996,210.968124
344,1996,228.040695
343,1997,340.29129
344,1997,179.220474
358,1997,1429.691528
359,1997,230.859436
360,1997,189.991287
493,1997,102.919525
343,1998,169.060028
344,1998,296.805298
358,1998,100.627914
359,1998,115.675011
440,1998,176.91011
441,1998,184.156113
493,1998,105.2453
343,1999,172.646545
344,1999,224.256607
358,1999,286.332031
359,1999,106.147728
342,2000,401.425354
343,2000,439.962738
344,2000,205.636353
358,2000,212.900696
359,2000,115.17498
342,2001,1244.669189
343,2001,1003.839844
344,2001,193.867783
359,2001,114.041595
358,2002,107.231285
359,2002,151.290344
383,2003,751.713013
343,2004,1048.744263
343,2005,498.676086
343,2006,304.480743
497,2006,809.292236
343,2007,2135.685059
359,2011,189.461624
386,2011,192.012009
359,2012,123.77076
359,2013,141.836716
699,2014,15980.875
412,2016,460.506409
566,2017,6536.64209
567,2017,6537.780273
343,2019,177.276871
344,2020,208.224045
404,2021,186.971649
403,2022,225.732956
432,2039,265.464661
440,2039,234.277542
432,2040,168.30835
432,2041,392.819519
432,2042,367.859283
520,2042,113.554741
527,2042,170.033127
528,2042,129.792999
534,2042,119.403412
496,2043,194.232574
497,2043,139.618591
498,2043,178.941101
533,2043,166.142853
534,2043,168.296707
495,2044,172.566086
496,2044,153.16951
497,2044,142.039001
498,2044,108.83313
505,2044,1481.560303
494,2045,500.032318
495,2045,409.42807
496,2045,236.901688
497,2045,187.348236
499,2045,275.171173
500,2045,190.039932
501,2045,176.336746
502,2045,177.039963
503,2045,158.474152
504,2045,402.920044
505,2045,812.923828
494,2047,211.086304
499,2048,168.873657
448,2050,296.023163
415,2051,965.68103
416,2052,220.067322
463,2053,146.835587
538,2062,121.614182
538,2063,211.022919
534,2064,160.137573
535,2064,137.999512
579,2064,4015.357422
534,2065,176.518234
535,2065,166.307129
536,2065,128.248016
534,2066,235.01181
535,2066,251.459732
396,2067,145.221344
534,2067,185.659241
535,2067,168.625214
534,2068,255.718262
438,2074,107.212349
438,2075,171.9142
377,2076,107.702736
380,2076,114.282768
395,2076,115.346931
431,2076,114.776665
437,2076,137.321014
438,2076,166.050278
536,2076,291.441223
431,2077,268.871246
438,2077,107.275864
534,2077,254.902954
437,2078,104.729248
438,2078,208.140976
439,2078,116.569267
506,2078,623.093994
438,2079,140.173874
439,2079,170.77562
449,2079,150.138123
446,2080,105.029236
448,2080,148.892929
507,2081,472.906006
596,2081,1388.708618
534,2084,339.916412
533,2085,176.711395
534,2085,224.143585
533,2086,227.836014
534,2086,114.625748
430,2088,191.218994
533,2092,106.832054
534,2092,371.827484
535,2092,126.548874
535,2093,208.778427
535,2094,261.931213
615,2094,325.190369
531,2101,111.852791
572,2101,2910.099609
531,2102,114.424217
531,2103,179.569275
533,2103,330.200012
534,2103,249.781067
535,2103,176.288147
483,2104,107.098824
484,2104,149.768997
531,2104,121.921387
533,2104,615.266846
534,2104,304.85675
535,2104,176.288147
483,2105,218.920837
532,2105,172.530991
535,2105,163.338654
533,2106,137.999512
535,2106,185.869293
537,2106,105.374702
483,2107,342.435577
433,2108,256.704163
418,2110,107.451889
418,2111,285.624176
432,2111,117.862152
418,2112,291.720947
417,2113,444.587769
