1616,848,293.561584
1617,848,126.399597
1618,848,133.138718
1619,848,141.655319
1620,848,177.285675
1621,848,198.753494
1622,848,546.689331
1623,848,110.886635
1616,849,269.694824
1623,849,164.589172
1665,858,986.856445
1715,858,204.073654
1665,859,287.843414
1714,859,101.388878
1715,859,190.511444
1652,860,103.889969
1665,860,311.546112
1715,860,270.528381
1665,861,372.178009
1714,861,105.825981
1715,861,158.078491
1665,862,414.852509
1714,862,124.105545
1715,862,152.112076
1665,863,431.138824
1715,864,164.442963
1715,865,139.591095
1715,866,178.290466
1714,867,138.281784
1715,867,232.220078
1715,868,208.882462
1714,882,197.586349
1715,882,268.699432
1715,883,268.125854
1614,889,1044.161011
1713,889,240.554428
1627,890,4596.927246
1712,890,571.750732
1713,890,401.411743
1626,891,918.52832
1627,891,950.006104
1628,891,1378.097046
1711,891,207.877014
1712,891,405.597656
1713,891,670.763489
1711,892,156.644485
1712,892,1047.881592
1711,893,211.839951
1712,893,449.013672
1736,893,240.891083
1710,894,129.959839
1711,894,445.245087
1712,894,1190.835693
1711,895,558.929688
1713,897,107.91021
1709,898,295.371429
1710,898,319.710754
1711,898,765.222534
1709,899,170.855438
1710,899,503.029236
1709,900,145.037369
1710,900,411.718018
1711,900,563.354858
1709,901,251.409027
1712,901,1117.433228
1697,902,164.52269
1698,902,198.978134
1709,902,220.235123
1709,903,368.735199
1708,904,242.407257
1652,910,122.54319
1648,922,118.22084
1648,923,117.950569
1648,924,134.508728
1690,1010,1243.975342
1628,1047,369.66864
1691,1052,664.945618
1726,1056,162.066574
1727,1056,182.625137
1754,821,2424.778076
1756,821,354.519501
1758,821,373.40274
1622,834,187.94278
1623,834,157.349152
1621,835,332.512543
1622,835,160.65033
1622,836,179.629272
1623,837,131.924515
1624,837,397.651794
1626,838,390.9375
1626,839,198.230988
1627,839,227.378616
1628,839,228.079605
1629,839,106.197235
1622,845,359.828339
1620,846,191.621429
1622,846,117.419029
1623,846,256.561401
1624,846,101.017067
1619,847,148.689438
1711,847,124.964874
1712,847,377.302734
