1419,1486,123.234512
1484,1487,158.067978
1521,1488,218.087814
1522,1488,148.098663
1520,1489,260.523621
1521,1489,458.560883
1489,1492,123.357658
1387,1495,958.05835
1485,1496,101.332977
1383,1497,660.923767
1542,1498,177.471436
1543,1498,103.390213
1367,1501,7408.102051
1367,1502,556.380676
1544,1502,178.64386
1502,1503,125.41497
1502,1504,112.792061
1380,1513,1025.166016
1444,1513,131.737747
1444,1514,397.43222
1497,1515,188.452179
1444,1516,221.740646
1363,1522,1744.520264
1530,1524,195.440857
1530,1525,225.443588
1530,1526,243.589386
1446,1527,200.862091
1529,1527,225.073502
1530,1527,130.92746
1530,1528,616.068604
1522,1534,351.435059
1349,1535,437.558655
1353,1535,221.107513
1522,1535,3103.363037
1523,1535,598.403931
1354,1536,353.459961
1506,1536,210.893143
1522,1536,3989.781494
1490,1537,130.306931
1491,1538,256.029358
1523,1540,2030.136475
1505,1542,431.257965
1505,1543,2041.657593
1536,1546,200.922714
1378,1554,301.957092
1360,1555,1307.694702
1548,1555,180.00502
1378,1556,693.513
1376,1557,129.153091
1377,1557,367.773621
1378,1557,252.013367
1458,1568,216.424011
1459,1568,221.640808
1457,1569,139.986969
1459,1569,313.572815
1456,1570,234.600372
1414,1571,323.980804
1457,1571,121.775085
1499,1581,443.611603
1489,1587,869.208435
1412,1273,178.203979
1435,1592,1784.144165
1436,1592,1105.137695
1406,1274,248.225159
1407,1274,396.920105
1408,1274,178.488159
1409,1274,325.649323
1410,1274,202.831345
1411,1274,163.296356
1412,1274,130.438858
1540,1274,183.587067
1406,1275,449.902649
1407,1275,227.740997
1408,1275,222.05304
1409,1275,251.547256
1410,1275,211.223358
1411,1275,196.865616
1412,1275,138.47319
1413,1275,154.422089
1414,1275,254.236862
1498,1595,210.926498
1406,1276,662.812622
1407,1276,223.692551
1408,1276,267.39978
1409,1276,134.496231
1410,1276,111.433327
1408,1277,140.315262
1504,1596,3236.147461
1408,1599,567.463623
1407,1600,126.797874
1547,1605,190.584274
1395,1299,4504.21875
1539,1305,373.770081
1540,1305,104.627861
1540,1307,100.33773
1541,1309,161.627625
1336,1638,1349.626465
1332,1651,2321.511963
1332,1654,2704.078857
1312,1334,224.954483
1312,1335,102.693771
1312,1336,103.8153
1514,1338,865.444275
1532,1344,123.76017
1482,1346,803.783813
1483,1346,1543.579712
1485,1346,1273.363525
1480,1347,346.430115
1481,1347,303.717957
1482,1347,123.743324
1483,1347,422.621643
1484,1347,1122.462891
1485,1347,435.349335
1484,1348,1165.207397
1485,1348,1275.169312
1520,1348,126.79599
1489,1349,116.787697
1483,1350,262.592743
1484,1350,326.643036
1489,1350,260.000916
1524,1350,112.422539
1526,1351,217.923599
1483,1355,1324.077393
1518,1356,159.783463
1501,1358,189.198898
1499,1359,168.329391
1500,1359,321.693573
1501,1359,506.346893
1502,1359,199.956711
1499,1360,182.829971
1500,1360,281.535767
1501,1360,235.920044
1502,1360,461.548126
1503,1360,219.287064
1500,1361,330.678802
1507,1365,141.092468
1522,1365,125.035576
1509,1366,291.144073
1510,1366,291.144073
1463,1690,2209.172119
1315,1367,1261.53833
1555,1368,130.227448
1409,1369,262.296387
1442,1374,148.759552
1441,1376,309.984497
1482,1376,117.488121
1484,1376,144.228592
1515,1376,122.366524
1483,1377,222.807861
1514,1379,370.531586
1515,1379,1140.454346
1516,1380,180.337143
1516,1381,122.558601
1460,1704,200.648193
1553,1382,100.425369
1427,1705,696.950806
1315,1383,1490.162476
1516,1383,130.628433
1517,1384,114.237381
1516,1387,605.063171
1528,1388,122.494453
1323,1389,4837.79248
1516,1390,549.747681
1517,1390,199.968384
1516,1391,199.968384
1338,1392,4840.562012
1338,1393,4838.427734
1513,1393,1425.910522
1512,1394,1430.293823
1506,1395,135.648865
1512,1395,489.61377
1504,1398,144.853943
1510,1398,109.54686
1511,1398,205.860535
1342,1399,4838.412598
1503,1399,131.947693
1504,1399,136.500229
1508,1399,153.471191
1509,1399,288.667175
1510,1399,333.253418
1502,1400,131.903488
1512,1400,108.678894
1513,1400,141.335922
1499,1402,109.585129
1498,1403,110.086533
1378,1405,525.098938
1497,1405,118.281883
1378,1406,556.068359
1378,1407,532.735901
1441,1408,223.49147
1410,1412,152.989807
1373,1413,1445.583008
1443,1413,266.397217
1373,1414,1420.043823
1378,1737,4544.598145
1390,1421,704.064575
1440,1422,223.815002
1422,1423,153.935303
1440,1423,157.639114
1423,1424,174.663376
1440,1425,170.518082
1402,1757,3596.912354
1381,1439,134.777802
1382,1439,117.498383
1441,1766,2215.626953
1470,1447,115.181328
1441,1453,324.494904
1396,1772,10660.0
1440,1456,1149.930908
1441,1456,693.434937
1441,1457,1249.120605
1440,1459,1294.09668
1440,1460,374.590118
1438,1461,549.352051
1439,1461,473.596863
1440,1461,318.904755
1440,1463,211.919891
1295,1782,3685.360352
1296,1782,7902.122559
1298,1783,9522.972656
1404,1465,206.176758
1350,1467,2843.109375
1342,1468,363.2099
1399,1471,114.251785
1401,1471,414.206818
1402,1471,296.170746
1313,1473,2632.495117
1313,1474,2333.981445
1313,1475,2054.088867
1480,1478,233.531555
1535,1479,105.483017
1411,1480,129.96669
1394,1798,11097.34082
1411,1481,135.456451
1393,1482,106.130798
1440,1482,300.734589
1439,1483,271.278503
1419,1485,145.597427
1420,1485,224.574219
1421,1485,103.499214
