1817,848,1.00018
1824,848,19.820461
1825,848,16.557814
1826,848,6.386503
1827,848,21.302954
1828,848,82.80201
1829,848,48.631851
1830,848,20.405571
1831,848,18.594986
1832,848,138.715302
1833,848,81.834564
1834,848,17.803698
1835,848,11.509172
1838,848,12.443278
1839,848,108.808594
1840,848,37.427483
1841,848,53.907455
1842,848,50.719269
1843,848,60.31311
1844,848,21.341125
1847,848,14.557417
1848,848,13.599295
1849,848,44.899551
1855,848,7.091137
1880,848,145.89209
1881,848,123.933693
1812,849,216.948349
1845,849,5.920606
1849,849,26.742586
1855,849,12.47681
1963,849,274.137756
1858,851,6.374226
1859,851,3.726701
1783,1172,145.136292
1915,852,61.229134
1916,852,25.039251
1929,852,74.03476
1930,852,27.412981
1931,852,2.148653
1932,852,2.718199
1933,852,48.004395
1934,852,22.819672
1935,852,43.258739
1938,852,9.287812
1943,852,25.720924
1946,852,23.784565
1947,852,20.874216
1949,852,28.403458
1951,852,84.515465
1952,852,132.92215
1953,852,202.727631
1954,852,352.51355
1956,852,380.241852
1973,852,1.006543
1928,853,100.806328
1929,853,105.245193
1938,853,427.038208
1974,853,2.716665
2004,853,17.392183
1975,854,2.413142
1995,854,49.47393
1997,854,4.152216
1999,854,3.094917
2000,854,1.554899
2008,854,10.357686
2009,854,4.550834
2010,854,12.147803
1824,855,159.947174
1825,855,62.160702
1826,855,42.211067
1827,855,80.112854
1828,855,42.90823
1830,855,161.370926
1831,855,214.010818
2015,855,3.668234
2016,855,1.257122
2017,855,2.032725
2018,855,4.130041
2019,855,1.502582
2022,855,7.482654
1824,856,29.557968
1825,856,30.15699
1826,856,91.190857
1828,856,123.375336
1834,856,44.159317
1835,856,53.348518
1836,856,22.743589
1837,856,3.20301
1838,856,109.449631
1839,856,65.613785
1840,856,8.808539
1841,856,5.289259
1842,856,6.567221
1843,856,6.455475
1844,856,6.519534
1845,856,7.475832
1846,856,3.769876
1853,856,8.648914
1854,856,18.519564
1855,856,34.546223
1856,856,13.882521
1857,856,11.608458
1858,856,33.15443
1972,856,5.051111
1973,856,2.613925
1857,857,19.7815
1858,857,21.799229
1859,857,23.875031
1861,857,107.071609
1862,857,171.977737
1863,857,89.608078
1863,858,1.314809
1864,858,9.240793
1902,859,58.269783
1903,859,52.80822
1904,859,2.58886
1905,859,16.540718
1906,859,2.159602
1916,859,68.115013
1868,860,2.39861
1903,860,2.082139
1910,860,17.094042
1911,860,5.115074
1912,860,5.176447
1913,860,377.478241
1914,860,355.583984
1915,860,1.922474
1916,860,16.419476
1919,860,1.282037
1910,861,1.386215
1911,861,1.423266
1912,861,1.07388
1913,861,1.904648
1914,861,1.659
1915,861,6.217471
1916,861,2.170504
1954,861,379.834564
1995,861,118.792305
2020,861,9.515951
2022,861,308.916443
1914,862,1.879722
1986,862,343.346405
1994,862,115.283859
1995,862,62.219746
1997,862,19.860006
1998,862,10.861013
2007,862,131.640579
2008,862,131.640579
2009,862,130.61969
2010,862,136.899002
2017,862,105.81636
2018,862,114.890968
2019,862,197.110001
2020,862,857.325684
1787,1182,11.398992
1803,863,2458.809326
1805,863,285.048004
1809,863,553.980957
1815,863,135.187958
1816,863,10.304764
1817,863,4.418983
1818,863,5.430273
1819,863,3.942736
1820,863,2.244323
1821,863,1.499999
1822,863,2.258461
1823,863,2.159287
1824,863,32.159328
1825,863,2.363635
1826,863,2.363635
2018,863,88.461601
2019,863,99.027672
2020,863,102.409332
2021,863,254.585358
2022,863,6.652054
1828,864,1.686749
1829,864,9.122971
1833,864,3.782846
1834,864,3.77668
1838,864,2.014643
1842,864,1.592961
1843,864,1.066564
1844,864,1.379896
1845,864,2.762734
1846,864,7.112648
1847,864,4.328413
1848,864,16.811884
1849,864,14.451906
1850,864,4.479788
1851,864,1.502442
1852,864,2.495087
1853,864,22.220663
1903,864,24.947027
1905,864,11.315349
1906,864,276.029816
1907,864,13.323978
1981,864,2.658457
1983,864,3.301192
1984,864,5.953305
1985,864,9.121137
1986,864,6.116608
1987,864,15.485552
1988,864,2.50801
1989,864,37.389061
1990,864,41.804802
2016,864,4.220807
2020,864,1.664898
2021,864,12.22007
1840,865,2.363154
1856,865,15.620864
1857,865,10.033877
1860,865,4.597917
1861,865,3.467574
1900,865,414.448425
1901,865,410.967072
1902,865,53.593765
1903,865,14.820303
1904,865,19.311325
1905,865,19.903229
1906,865,207.665939
1907,865,67.008041
1958,865,142.479172
1959,865,212.384109
1987,865,6.702639
1988,865,7.298752
2021,865,12.03166
1813,1184,266.381683
1866,866,8.693583
1867,866,8.693583
1868,866,5.406701
1900,866,113.748505
1901,866,5.728
1902,866,3.284153
1903,866,3.441989
1904,866,63.765995
1905,866,7.743206
1906,866,4.249281
1907,866,402.279999
1908,866,79.14328
1909,866,84.139221
1910,866,107.635551
1911,866,94.814499
1912,866,195.914642
1913,866,291.517639
1916,866,236.459991
1917,866,226.457489
1918,866,192.048599
1919,866,186.640427
1920,866,170.594788
1921,866,162.758133
1960,866,126.318405
1967,866,176.410767
2011,866,41.009232
1899,867,138.315887
1900,867,2.45276
1901,867,2.525684
1913,867,6.345064
1917,867,53.15443
1918,867,49.882839
1919,867,58.169067
1920,867,55.786716
1921,867,189.121658
1922,867,211.352386
1923,867,391.994293
1924,867,188.671021
1925,867,172.696686
1926,867,184.334
1927,867,196.708557
1928,867,196.708557
1929,867,140.573349
1930,867,140.992188
1931,867,140.481552
1932,867,108.248894
1934,867,166.781189
1935,867,124.962784
1936,867,124.837784
1937,867,135.118073
1938,867,126.312866
1939,867,102.120728
1940,867,156.251511
1941,867,173.956924
1942,867,88.030266
1943,867,96.986397
1944,867,92.05513
1945,867,90.510071
1946,867,49.510826
1947,867,55.141884
1960,867,174.039017
1967,867,130.438858
1977,867,119.987373
1986,867,64.004021
1987,867,74.24826
1989,867,3.373542
1997,867,16.618256
1998,867,12.016109
1999,867,12.016109
2000,867,12.204519
2012,867,12.519561
1798,868,2.666061
1808,868,176.87561
1880,868,1456.0625
1940,868,1.180561
1949,868,6.214128
1950,868,11.526254
1953,868,1.014887
1956,868,59.860752
1957,868,59.197323
1958,868,137.996719
1959,868,220.512466
1960,868,141.175339
1961,868,169.038666
1962,868,176.572266
1963,868,172.017548
1967,868,4.142857
1968,868,5.806231
1969,868,61.286098
1970,868,267.410828
1971,868,169.740372
1984,868,3.692043
1985,868,3.692043
1986,868,116.063187
1987,868,6.288916
1988,868,5.670569
1989,868,5.670569
1990,868,12.974449
1991,868,1.961133
1808,869,131.508713
1824,869,104.631378
1825,869,37.105576
1826,869,33.504238
1827,869,51.999062
1828,869,32.523411
1829,869,45.870392
1830,869,32.068314
1831,869,1.731179
1880,869,211.813248
1881,869,216.628357
1882,869,205.117691
1893,869,595.669434
1902,869,2.835132
1904,869,4.896554
1962,869,119.529266
1963,869,135.155502
1967,869,162.862823
1969,869,2.653846
1982,869,30.656027
1992,869,6.825961
2010,869,4.165145
2011,869,24.105251
1808,870,123.50032
1834,870,1.517897
1849,870,6.865768
1850,870,3.495379
1862,870,24.751099
1863,870,5.699979
1866,870,15.221929
1867,870,12.978241
1868,870,4.1356
1869,870,7.313439
1880,870,47.760242
1881,870,15.308083
1882,870,59.479576
1888,870,56.096325
1889,870,338.38678
1890,870,61.646652
1891,870,61.281353
1893,870,4.475347
1903,870,125.864708
1904,870,2.088311
1966,870,168.92981
1967,870,66.717964
1980,870,166.95665
1981,870,164.202698
2012,870,41.080658
1809,871,170.47789
1864,871,1.022727
1865,871,1.022727
1866,871,3.317089
1867,871,7.258469
1868,871,19.973465
1869,871,18.410324
1870,871,106.141953
1899,871,263.32663
1900,871,93.410194
1901,871,108.014771
1902,871,2.323412
1903,871,24.288067
1904,871,17.507429
1905,871,7.560129
1906,871,5.16718
1908,871,5.87154
1909,871,11.255105
1922,871,270.363312
1923,871,270.363312
1924,871,270.363312
1868,872,6.919909
1869,872,4.318919
1879,872,17.698492
1899,872,9.391644
1900,872,2.830305
1901,872,1.05279
1902,872,7.9778
1903,872,6.462315
1910,872,11.677342
1911,872,5.470994
1912,872,1.871215
1920,872,3.669663
1921,872,12.634475
1922,872,3.567809
1923,872,21.904331
1924,872,13.77571
1925,872,5.630893
1926,872,5.433161
1927,872,1.448175
1928,872,1.356767
1929,872,1.034502
1930,872,1.12305
1931,872,1.026262
2025,872,5.700078
2027,872,27.428886
2028,872,14.615089
2029,872,8.588483
1882,873,10.473755
1883,873,1.989743
1884,873,2.27819
1936,873,6.714684
1937,873,9.113029
1938,873,5.909016
1946,873,1.285536
1947,873,3.605632
1948,873,2.738163
1949,873,2.361075
1960,873,47.159008
1837,874,1.525115
1962,874,42.262672
1963,874,78.552498
1967,874,157.415619
1968,874,299.456299
1970,874,276.889221
1973,874,226.855347
1977,874,6.327409
1852,875,5.271444
1856,875,6.356787
1857,875,19.679197
1859,875,2.895877
1860,875,1.665611
1986,875,1.592282
2006,875,2.175495
1860,876,2.144261
1861,876,1.567291
1862,876,4.103959
1863,876,1.937521
1864,876,1.792831
1865,876,1.741111
1867,876,11.365482
1868,876,8.691427
1869,876,12.116233
1878,876,5.290438
1880,876,4.896554
1881,876,3.61565
1887,876,7.115329
2009,876,2.190466
2010,876,34.732117
2011,876,6.178186
2012,876,2.645211
2013,876,3.479884
2014,876,4.853871
2015,876,5.676835
2016,876,9.748174
2017,876,9.752337
2018,876,21.808672
1857,877,1.558275
1866,877,1.094744
1868,877,1.030393
1869,877,3.033743
1879,877,2.583333
1881,877,8.250002
1886,877,11.011429
1887,877,2.011429
1892,877,2.071923
1893,877,33.563187
1894,877,12.251408
1903,877,61.037323
2019,877,21.561769
2020,877,260.122742
1879,878,5.900184
1880,878,18.330696
1881,878,48.003788
1882,878,38.642147
1883,878,41.443016
1884,878,25.509106
1885,878,9.196656
1886,878,13.047676
1887,878,40.745277
1888,878,44.376064
1889,878,11.315766
1891,878,1.924483
1892,878,33.667576
1893,878,6.577492
1894,878,31.665812
1874,879,26.762295
1880,879,33.848976
1881,879,38.242531
1882,879,8.97912
1883,879,14.279655
1884,879,18.877932
1885,879,13.137333
1886,879,22.517235
1887,879,22.621517
1888,879,37.654373
1889,879,17.649019
1891,879,24.107819
1892,879,1.486251
1894,879,3.926968
1841,880,6.761011
1842,880,2.504305
1843,880,1.802586
1844,880,4.040266
1845,880,4.040266
1851,880,1.753414
1852,880,42.758385
1874,880,4.450814
1880,880,9.859086
1881,880,162.597305
1882,880,8.197704
1883,880,6.381909
1884,880,12.531139
1885,880,5.005431
1886,880,4.947665
1887,880,11.479064
1888,880,23.004377
1889,880,9.441801
1859,881,2.696392
1863,881,1.410278
1864,881,5.786653
1865,881,4.315807
1866,881,9.564938
1867,881,4.073675
1868,881,14.869654
1869,881,15.869278
1876,881,22.594774
1879,881,14.11618
1880,881,30.381872
1881,881,10.042682
1882,881,21.842098
1883,881,14.888553
1884,881,48.528049
1885,881,12.567898
1886,881,12.65004
1887,881,16.314529
1889,881,10.814211
1902,882,27.976171
1901,884,19.293575
1902,884,5.214818
1901,885,19.540798
1902,885,8.618626
1851,886,66.554909
1852,886,84.806107
1854,886,175.31601
1856,886,1.167807
1857,886,1.118051
1858,886,1.10085
1865,886,1.067878
1866,886,1.067878
1867,886,2.112851
1868,886,28.813128
1869,886,226.193008
1901,886,8.20762
1868,887,8.509048
1878,887,6.696455
1879,887,14.354214
1879,888,13.204226
1826,889,116.84877
1850,889,1.745063
1878,889,14.71227
1879,889,11.594615
1902,889,3.981842
1903,889,2.108041
1908,889,4.233294
1854,890,7.761116
1855,890,1.633214
1862,890,1.725389
1863,890,1.627802
1864,890,1.525095
1865,890,1.780226
1866,890,1.780226
1867,890,6.639097
1902,890,5.738884
1903,890,1.109386
1904,890,8.305771
1850,891,4.196767
1853,891,12.198284
1854,891,7.050599
1856,891,1.17845
1857,891,1.357959
1858,891,1.357959
1859,891,1.15724
1860,891,7.012016
1861,891,5.133658
1862,891,5.029015
1863,891,99.531784
1864,891,67.659416
1866,891,37.394485
1867,891,233.307602
1854,892,137.426666
1855,892,97.765732
1856,892,60.195107
1857,892,128.878967
1858,892,75.91317
1859,892,143.28418
1860,892,106.845711
1861,892,116.215828
1865,892,557.893616
1866,892,612.898254
1867,892,539.463135
1892,892,22.956133
1893,892,25.578621
1894,892,35.046333
1895,892,82.290802
1896,892,16.746838
1897,892,186.858368
1898,892,102.585945
1899,892,44.526855
1900,892,50.959206
1849,893,25.115797
1892,893,100.093506
1893,893,14.244998
1894,893,12.517885
1895,893,12.488367
1896,893,13.059606
1897,893,11.503091
1898,893,4.405332
1899,893,11.815392
1900,893,63.666599
1901,893,6.189309
1892,894,47.732529
1893,894,8.428723
1894,894,9.27212
1895,894,22.771782
1896,894,18.410439
1897,894,9.225854
1898,894,6.617697
1899,894,10.415508
1848,896,5.740895
1850,896,86.483078
1851,896,4.470229
1852,896,46.707474
1853,896,2.527943
1854,896,5.161234
1855,896,5.523669
1856,896,54.283363
1884,896,144.206253
1885,896,279.049988
1886,896,19.513866
1887,896,31.630419
1888,896,22.386503
1889,896,12.124398
1890,896,22.366768
1891,896,24.196697
1892,896,5.995948
1893,896,8.693497
1894,896,9.205665
1895,896,7.247998
1896,896,11.793276
1897,896,9.628565
1898,896,58.130859
1899,896,13.052309
1900,896,6.046908
1901,896,10.119426
1902,896,19.983334
1850,897,11.778235
1853,897,29.127028
1854,897,8.188675
1855,897,21.047667
1856,897,13.255684
1857,897,20.405684
1885,897,230.107559
1886,897,27.839931
1887,897,2.924105
1889,897,1.055314
1890,897,4.753685
1898,897,1.468642
1899,897,4.374454
1900,897,1.582881
1848,898,1.527691
1853,898,42.641281
1854,898,16.65015
1855,898,31.754332
1856,898,28.76329
1885,898,36.13026
1846,899,7.789136
1847,899,6.923784
1848,899,24.467398
1854,899,5.167299
1856,899,24.768751
1857,899,129.434067
1872,899,190.578613
1873,899,9.543365
1874,899,9.642649
1875,899,7.65411
1876,899,7.65411
1877,899,1.943717
1878,899,8.209095
1879,899,2.953913
1885,899,5.436541
1886,899,4.653763
1857,900,14.633805
1864,900,63.808208
1869,900,74.487282
1870,900,78.575821
1887,900,6.785272
1889,900,7.509025
1891,900,3.641941
1921,900,1.210873
1864,901,5.206743
1873,901,2.649907
1874,901,2.649907
1875,901,1.96482
1876,901,1.96482
1877,901,1.96482
1878,901,5.09538
1847,902,21.008818
1855,902,66.34333
1878,902,1.96482
1855,903,8.642197
1862,903,4.764795
1863,903,3.775864
1864,903,3.775864
1865,903,1.760854
1866,903,2.20679
1867,903,2.587449
1868,903,94.782219
1869,903,21.559008
1870,903,10.140928
1871,903,9.779009
1872,903,1.8944
1873,903,2.743541
1874,903,3.022169
1875,903,7.376758
1876,903,1.9941
1877,903,2.064307
1878,903,2.998068
1881,903,11.622278
1882,903,17.869436
1883,903,12.852581
1884,903,4.957871
1885,903,5.443273
1855,904,25.995686
1869,904,2.861701
1870,904,1.702427
1871,904,1.702427
1872,904,1.702427
1873,904,1.702427
1876,904,3.085329
1877,904,9.486171
1878,904,4.244723
1882,904,13.250095
1883,904,11.550329
1884,904,26.73604
1885,904,2.173614
1886,904,2.388786
1855,905,29.963535
1869,905,4.244723
1870,905,2.688943
1871,905,2.688943
1872,905,1.445696
1873,905,3.215991
1874,905,3.215991
1875,905,1.445696
1876,905,3.215991
1877,905,2.998068
1878,905,1.445696
1882,905,12.00344
1885,905,5.87977
1886,905,4.388011
1855,906,27.96909
1856,906,31.289982
1869,906,1.96482
1870,906,2.942316
1871,906,2.942316
1872,906,2.942316
1873,906,2.881703
1874,906,2.881703
1875,906,2.881703
1876,906,2.881703
1878,906,2.942316
1855,907,51.364883
1856,907,14.583038
1856,908,19.825611
1869,908,2.942316
1870,908,3.215991
1871,908,2.998068
1872,908,2.531067
1873,908,1.96482
1874,908,3.330678
1875,908,3.330678
1876,908,1.96482
1878,908,2.531067
1879,908,16.149923
1856,909,20.17164
1869,909,2.998068
1870,909,1.96482
1871,909,2.942316
1872,909,2.942316
1873,909,2.881703
1878,909,1.96482
1879,909,20.328005
1883,909,10.430936
1886,909,4.388011
1887,909,7.309044
1856,910,21.185976
1869,910,2.881703
1878,910,2.881703
1879,910,49.071754
1882,910,6.683522
1886,910,6.135111
1887,910,6.132837
2007,910,149.748581
1887,911,6.135111
1888,911,6.908316
1851,912,5.254146
1888,912,7.033263
2003,912,4.883109
1851,913,55.116169
1869,913,2.881703
1870,913,1.96482
1871,913,3.759304
1872,913,2.881703
1873,913,3.759304
1874,913,2.881703
1878,913,2.998068
2003,913,14.544607
1870,914,2.80216
1871,914,3.215991
1872,914,2.998068
1873,914,3.215991
1874,914,2.998068
1875,914,2.531067
1876,914,1.96482
1995,914,443.37619
1996,914,70.24939
1997,914,9.250784
1998,914,19.858362
1999,914,26.768553
2003,914,8.490438
1840,915,57.119225
1850,915,7.182426
1851,915,3.330678
1852,915,2.531067
1871,915,6.981174
1872,915,4.244723
1873,915,5.224493
1874,915,26.968296
1875,915,3.944444
1881,915,5.872288
1882,915,5.872288
1883,915,7.145875
1884,915,6.820035
1885,915,6.002788
1886,915,6.135111
1889,915,6.191527
1852,916,3.330678
1871,916,4.076135
1872,916,19.31078
1873,916,3.359551
1874,916,2.485886
1875,916,26.968296
1881,916,3.759304
1882,916,5.501102
1883,916,11.771277
1884,916,9.577237
1885,916,9.577237
1886,916,13.735175
1887,916,7.724848
1888,916,7.724848
1889,916,7.724848
1890,916,9.387289
1891,916,10.009747
1892,916,5.501102
1893,916,5.27767
1894,916,1.732387
1852,917,3.759304
1872,917,13.374953
1874,917,3.359551
1875,917,5.224493
1878,917,5.311154
1881,917,3.316863
1892,917,5.098008
1893,917,5.098008
1894,917,5.098008
1872,918,8.08129
1874,918,3.359551
1875,918,13.702303
1877,918,5.311154
1878,918,3.648712
1906,918,2.069264
1852,919,2.782694
1872,919,8.08129
1873,919,3.648712
1892,919,4.076135
1893,919,7.435687
1894,919,13.446013
1873,920,14.212766
1877,920,5.502033
1878,920,5.502033
1879,920,6.314845
1880,920,8.206117
1881,920,5.456432
1882,920,5.502033
1895,920,84.990738
1852,921,1.917434
1872,921,14.127674
1872,922,44.322315
1873,922,13.716203
1890,922,10.744219
1912,922,1.064355
1913,922,2.216521
1811,924,96.689453
1893,924,12.313684
1894,924,26.317356
1892,925,12.978928
1893,925,67.384537
1894,925,27.12496
1919,926,1.514893
1920,926,3.562697
1882,927,56.093845
1883,927,36.229191
1885,927,39.04694
1886,927,95.905991
1919,927,1.007264
1881,928,1.66109
1882,928,1.699267
1883,928,1.738429
1884,928,1.588869
1885,928,1.294693
1880,929,7.668096
1879,930,416.174774
1878,931,33.3922
1879,931,37.973225
1877,932,1127.444214
1878,932,204.45314
1879,932,5.059599
1860,933,156.704819
1876,933,673.502686
1877,933,328.560242
1878,933,91.456932
1879,933,4.819737
1880,933,3.749992
1860,934,2.020835
1862,934,1.104106
1863,934,1.389018
1864,934,1.389018
1878,934,46.683208
1815,935,15.260848
1816,935,65.440308
1854,935,58.29887
1817,936,65.440308
1854,936,3.616737
1859,936,273.79184
1862,936,4.971579
1863,936,3.828108
1864,936,2.205971
1865,936,3.695254
1866,936,1.803722
1855,937,95.089981
1859,937,197.688736
1862,937,6.110362
1863,937,3.914095
1864,937,4.251605
1865,937,2.219858
1866,937,6.170974
1886,937,1.414873
1854,938,288.103729
1855,938,182.536713
1859,938,26.865602
1862,938,5.6237
1863,938,8.085808
1864,938,2.23077
1866,938,4.397272
1854,939,247.543396
1855,939,50.680523
1859,939,30.783651
1862,939,5.130044
1807,940,54.40966
1859,940,4.078032
1859,941,4.558132
1809,942,85.289757
1870,942,12.040013
1871,942,6.966226
1809,943,88.289757
1823,943,13.75
1865,943,235.769669
1866,943,283.577637
1867,943,83.974686
1868,943,4.815998
1870,943,21.725634
1871,943,8.426038
1822,944,1.764707
1823,944,29.295029
1830,944,138.880585
1865,944,176.391571
1866,944,56.072876
1867,944,12.47367
1877,944,53.156517
1822,945,8.931377
1823,945,85.265717
1859,945,47.670994
1917,945,2.322645
1918,945,1.361461
1823,946,41.10104
1824,946,86.931351
1827,946,42.333542
1857,946,155.023911
1857,947,127.81208
1858,947,113.86203
1857,948,110.258904
1857,949,180.593475
1857,950,214.409698
1857,951,200.588974
1857,952,149.006195
1858,952,54.635342
1857,953,200.803284
1858,953,162.479248
1857,954,216.23584
1858,954,77.390671
1849,955,292.241364
1851,955,383.029785
1852,955,475.099426
1853,955,130.827759
1854,955,175.963379
1855,955,283.178192
1856,955,125.772537
1864,955,203.287094
1865,955,114.263702
1835,956,77.440292
1861,956,170.288727
1862,956,126.034599
1863,956,142.9729
1864,956,54.930855
1835,957,60.787319
1836,957,65.537971
1834,976,875.42572
1835,976,297.010284
1836,976,2138.763916
1838,976,48.368286
1834,977,157.844208
1835,977,1130.232178
1839,977,467.340973
1840,977,423.859497
1840,978,60.000156
1841,978,1063.074219
1950,981,137.32576
1823,983,215.316544
1822,984,401.835663
1823,984,125.845314
1808,990,60.000156
1815,990,523.342041
1818,990,319.613251
1834,1005,110.832809
1838,1005,32.324814
1811,1017,1903.2052
1918,1021,21.296722
1811,1023,1908.519287
1812,1023,1874.600952
1813,1023,1039.5896
1827,1024,851.652161
1837,1024,1779.060059
1920,1027,13.317167
1921,1027,13.415842
1922,1027,17.090508
1855,1028,1775.060669
1922,1028,31.882591
1923,1028,93.30323
1849,1029,1944.101929
1921,1029,3.398692
1922,1029,139.318039
1923,1029,137.718079
1922,1030,139.114868
1923,1030,586.40741
1924,1030,104.397034
1925,1030,133.959625
1926,1030,97.933113
1922,1031,262.170837
1923,1031,187.04068
1924,1031,170.351852
1925,1031,454.025391
1926,1031,106.714447
1920,1032,13.001515
1922,1032,43.72242
1923,1032,1.730214
1934,1032,613.224915
1920,1033,17.492277
1876,1034,1.522439
1919,1034,32.499954
1875,1035,17.41913
1919,1035,18.01219
1875,1036,17.23477
1875,1037,17.510571
1906,1038,26.101814
1906,1039,42.381355
1894,1040,16.636187
1894,1041,86.191956
1872,1049,4.951235
1873,1049,10.811443
1872,1050,4.924191
1873,1050,12.497601
1872,1051,8.976426
1873,1051,22.788834
1872,1052,4.73067
1873,1052,40.134796
1872,1053,6.456843
1873,1053,15.146964
1872,1054,244.046402
1873,1054,33.622856
1854,1055,181.462875
1872,1055,330.631134
1873,1055,220.888763
1837,1056,279.742645
1847,1056,107.997101
1848,1056,129.660385
1849,1056,115.781998
1854,1056,105.76136
1850,1057,95.177971
1795,1058,4.0
1795,1059,33.5
1795,1060,63.904282
1795,1061,310.0
1887,1091,8.755187
1888,1091,122.491104
1887,1092,12.905041
1888,1092,57.26902
1884,1094,19.823538
1888,1094,136.756134
1881,1098,148.728516
1771,1124,3.270489
1772,1124,7.576665
1773,1124,5.366211
1774,1124,21.447128
1772,1125,1.633044
1773,1125,3.640793
1774,1125,32.349136
1775,1125,5.717126
1774,1126,2.917419
1775,1126,26.934692
1774,1127,23.511696
1775,1127,174.302322
1773,1128,26.105309
1774,1128,422.696503
1775,1128,781.749146
1773,1129,3.234594
1774,1129,77.655487
1773,1130,3.197004
1774,1130,28.656616
1773,1131,3.197004
1774,1131,45.213387
1773,1132,3.197004
1774,1132,50.254833
1773,1133,2.352226
1774,1133,36.858589
1773,1134,1.399511
1774,1134,19.478775
1775,1134,56.142548
1773,1135,1.435165
1774,1135,10.63889
1775,1135,21.316505
1776,1135,65.829376
1773,1136,3.673948
1774,1136,10.555129
1775,1136,21.232346
1776,1136,21.316505
1777,1136,56.142548
1773,1137,1.416667
1774,1137,4.332114
1775,1137,11.555128
1776,1137,10.63889
1777,1137,19.478775
1778,1137,36.858589
1779,1137,50.628551
1772,1138,2.175822
1773,1138,9.7161
1774,1138,12.367077
1775,1138,52.181156
1776,1138,4.485946
1777,1138,8.987604
1778,1138,12.906321
1779,1138,22.232344
1772,1139,1.384414
1773,1139,55.146954
1774,1139,52.181156
1775,1139,77.568642
1776,1139,378.880798
1777,1139,1.65812
1778,1139,2.839859
1779,1139,4.819279
1772,1140,4.512353
1773,1140,45.541401
1774,1140,161.538223
1775,1140,377.821899
1776,1140,317.877472
1772,1141,5.334541
1773,1141,24.66976
1774,1141,195.041702
1775,1141,867.822388
1771,1142,1.140699
1772,1142,7.29251
1773,1142,132.100601
1774,1142,537.296387
1775,1142,637.989868
1771,1143,1.957823
1772,1143,45.759941
1773,1143,73.288628
1774,1143,683.950867
1775,1143,790.699158
1771,1144,4.512353
1772,1144,16.09944
1773,1144,172.510727
1774,1144,281.92923
1775,1144,1299.414063
1772,1145,217.270676
1773,1145,266.751221
1771,1146,1.474359
1772,1146,1.418804
1773,1146,12.544851
1774,1146,115.582916
1771,1147,2.657143
1772,1147,2.951261
1773,1147,4.013467
1774,1147,187.715347
1771,1148,2.356071
1773,1148,3.267165
1774,1148,5.703274
1825,840,1.00018
1820,841,50.888519
1845,841,10.466912
1846,841,5.722301
1847,841,15.345695
1881,841,11.907047
1881,842,18.598446
1882,842,6.340703
1920,842,325.258545
1924,842,183.242065
1817,843,210.682968
1882,843,1.287986
1920,843,5.464782
1922,843,1.485301
1923,843,3.367328
1931,843,11.23062
1932,843,33.292301
1933,843,42.65707
1934,843,47.880138
1935,843,52.903927
1936,843,47.449146
1937,843,28.534979
1943,843,18.750927
1944,843,21.362671
1945,843,66.18969
1946,843,26.148357
1947,843,26.838747
1948,843,33.903885
1949,843,41.642078
1955,843,57.275909
1817,844,26.292614
1883,844,54.569057
1939,844,3.525024
1943,844,2.967475
1945,844,1.89634
1946,844,3.016088
1950,844,3.392779
1951,844,2.442666
1952,844,2.352822
1953,844,3.753808
1954,844,3.919564
1955,844,3.516911
1956,844,13.582922
1957,844,15.471217
1958,844,7.666081
1817,845,22.326622
1989,845,21.87681
1997,845,4.014203
1998,845,5.069639
1999,845,22.436697
1817,846,3.189623
1997,846,1.261766
1998,846,2.557465
1999,846,7.884208
2000,846,39.879887
2011,846,91.471954
1817,847,8.891356
1827,847,50.099857
