2495,2381,64.794632
2496,2381,3.068844
2495,2382,17.486017
2496,2382,7.576933
2497,2382,4.685397
2499,2382,1.005365
2495,2383,4.633243
2496,2383,10.660919
2497,2383,8.511825
2498,2383,4.159396
2499,2383,5.518662
2494,2384,10.51832
2495,2384,9.847765
2496,2384,6.666255
2495,2393,6.291461
2494,2394,278.64682
2495,2394,29.095037
2496,2394,29.846071
2497,2394,15.456696
2494,2395,216.20047
2495,2395,406.024872
2496,2395,195.149353
2495,2396,651.419922
2496,2397,745.439331
2497,2397,265.632446
2495,2398,699.332092
2496,2398,869.278015
2497,2398,259.020081
