1031,210,16.295019
1035,210,27.957901
1036,210,18.664164
1037,210,28.04591
1038,210,22.004887
1095,210,86.25132
1038,211,24.337837
1071,211,18.666773
1072,211,5.591256
1073,211,71.946159
1038,212,21.025633
1039,212,18.566952
1038,213,13.450214
1039,213,12.710299
1038,214,13.499278
1041,214,5.728917
1038,215,17.345591
1024,216,20.242201
1038,216,24.617981
1024,217,12.207027
1116,217,12.586353
1117,217,22.784971
1037,218,16.578629
1113,218,10.185615
1114,218,11.524767
1115,218,26.99437
1117,218,30.428431
1035,219,27.70686
1036,219,19.683395
1037,219,23.222269
1114,219,9.598935
1117,219,130.259476
1032,220,137.178452
1033,220,40.959785
1034,220,40.351105
1035,220,26.002529
1036,220,15.605067
1033,221,83.001549
1034,221,8.159054
1035,221,5.150541
1034,222,69.342453
1034,223,50.623898
1084,223,47.476452
1084,224,30.739334
1083,225,31.585413
1084,225,56.096943
1083,226,40.389591
1084,226,60.884895
1085,226,75.904495
1121,226,9.230464
1083,227,34.019016
1084,227,60.562408
1085,227,55.250751
1121,227,21.976751
1083,228,31.237494
1084,228,18.080536
1085,228,60.999367
1120,228,17.858576
1121,228,8.425455
1083,229,74.36422
1084,229,31.886562
1085,229,60.606941
1120,229,8.262001
1121,229,7.093798
1122,229,1.662488
1083,230,66.985039
1084,230,58.383686
1085,230,47.513851
1121,230,16.152239
1122,230,7.379129
1083,231,42.252949
1084,231,64.112701
1085,231,23.611965
1122,231,8.600575
1083,232,34.464409
1084,232,25.356176
1085,232,78.427567
1123,232,8.841141
1081,233,7.039858
1082,233,91.930954
1083,233,30.540518
1084,233,51.354519
1085,233,4.789398
1082,234,34.322941
1083,234,16.605795
1084,234,4.357461
1085,234,6.466077
1082,235,21.915745
1083,235,27.73513
1084,235,14.032078
1085,235,10.709503
1086,235,26.033588
1083,236,37.563309
1084,236,27.277143
1083,237,23.246037
1081,238,13.757575
1082,238,5.544122
1083,238,4.971099
1084,238,20.75942
1085,238,62.124199
1103,238,16.404526
1070,239,9.83701
1081,239,8.35768
1082,239,3.782422
1083,239,4.023671
1084,239,19.497372
1085,239,14.757815
1086,239,60.12566
1069,240,49.505608
1070,240,12.836834
1089,240,14.984975
1090,240,23.569996
1091,240,29.76095
1092,240,30.362555
1093,240,32.006683
1114,240,36.224136
1115,240,39.347874
1069,241,32.15818
1070,241,33.451797
1071,241,1.805189
1114,241,21.454165
1115,241,27.415483
1116,241,41.085155
1068,242,25.714722
1069,242,26.535324
1070,242,15.060915
1071,242,4.732399
1114,242,35.241135
1068,243,8.895675
1069,243,16.50123
1070,243,17.577728
1071,243,10.919889
1114,243,22.518602
1115,243,34.582001
1051,244,9.021136
1070,244,8.987131
1071,244,6.229636
1114,244,14.781272
1115,244,9.513533
1116,244,5.010061
1050,245,23.658897
1052,245,5.558445
1053,245,3.506541
1070,245,13.081566
1071,245,5.128085
1081,245,19.911339
1082,245,17.672073
1083,245,40.93372
1114,245,13.780965
1115,245,14.828264
1116,245,8.944063
1049,246,33.44762
1051,246,23.748055
1082,246,14.909754
1083,246,17.107372
1084,246,93.671143
1085,246,77.271111
1086,246,154.007019
1087,246,42.232796
1115,246,31.002186
1116,246,12.548762
1052,247,31.56356
1053,247,10.163187
1069,247,6.382631
1070,247,8.399873
1082,247,2.181043
1083,247,26.510586
1084,247,37.435291
1085,247,102.104057
1086,247,6.598696
1087,247,8.943703
1088,247,19.607452
1089,247,23.714598
1090,247,23.929407
1092,247,26.165176
1100,247,19.543907
1070,248,6.725818
1083,248,1.147808
1084,248,5.189671
1088,248,1.326586
1089,248,5.582552
1090,248,4.472359
1091,248,3.785018
1092,248,3.493823
1093,248,5.719051
1094,248,5.4144
1095,248,17.244661
1098,248,12.566936
1099,248,12.698753
1100,248,2.400315
1101,248,3.827326
1070,249,28.380724
1094,249,4.378499
1095,249,2.993844
1096,249,5.900583
1097,249,6.758987
1098,249,7.341328
1099,249,8.554416
1100,249,4.889575
1101,249,12.134102
1081,250,1.015377
1086,250,1.065525
1087,250,1.410851
1088,250,1.275633
1089,250,2.321363
1091,250,2.485552
1092,250,2.297331
1093,250,1.878313
1094,250,2.48714
1095,250,4.265562
1096,250,3.850197
1097,250,4.993351
1098,250,5.010709
1099,250,4.154958
1100,250,3.859372
1101,250,5.191981
1075,251,10.198779
1094,251,5.266561
1095,251,4.469892
1096,251,4.413617
1097,251,4.467477
1098,251,4.865404
1099,251,6.679961
1100,251,4.694857
1101,251,6.835402
1102,251,7.938649
1122,253,44.069401
1024,255,38.949223
1061,255,12.955113
1066,255,3.324004
1121,255,81.102806
1062,256,14.719007
1065,256,36.063091
1065,257,43.349003
1066,258,80.886612
1034,261,60.011078
1035,261,49.872318
1030,262,57.099907
1031,262,94.04261
1032,262,53.506569
1034,262,15.360289
1035,262,16.774689
1030,263,17.423119
1031,263,16.926348
1032,263,14.536767
1033,263,10.890026
1034,263,41.749939
1035,263,11.352297
1036,263,25.243786
1037,263,13.196792
1020,264,102.880363
1030,264,5.965563
1031,264,7.934997
1032,264,16.648123
1033,264,17.904415
1034,264,37.652699
1035,264,4.76155
1020,265,34.196873
1030,265,15.788446
1031,265,5.284479
1032,265,12.204046
1033,265,11.036672
1034,265,17.133986
1035,265,4.224474
1020,266,26.999548
1023,266,88.986908
1030,266,6.984898
1031,266,14.608734
1032,266,1.601425
1033,266,14.559234
1034,266,3.928853
1035,266,1.749289
1036,266,1.825126
1029,267,1.637239
1030,267,9.911352
1031,267,42.321716
1032,267,302.421753
1033,267,118.829094
1034,267,73.828796
1035,267,2.625871
1036,267,5.090156
1039,267,1.591451
1040,267,1.751998
1080,267,38.468178
1029,268,12.256557
1032,268,260.584351
1034,268,64.624481
1035,268,2.994532
1036,268,3.571972
1037,268,7.206424
1038,268,35.870018
1039,268,9.738542
1043,268,2.219848
1039,269,14.977865
1043,269,2.059416
1041,270,2.100029
1042,270,1.705228
1102,275,42.492023
1026,277,24.852976
1027,277,75.710732
1032,277,4.435865
1033,277,3.443379
1034,277,5.084923
1038,277,31.218613
1039,277,68.668762
1026,278,94.187477
1027,278,212.968857
1032,278,7.207837
1033,278,3.716812
1034,278,10.317889
1038,278,19.301977
1039,278,27.60453
1040,278,72.427406
1051,278,24.418427
1052,278,33.995796
1026,279,266.572723
1027,279,44.466499
1028,279,34.906258
1032,279,25.304159
1033,279,11.735016
1034,279,13.871256
1037,279,24.418083
1038,279,20.240175
1040,279,230.606262
1041,279,255.721802
1045,279,29.46467
1050,279,32.160446
1051,279,10.274194
1052,279,44.808609
1053,279,135.106384
1026,280,197.492462
1027,280,64.24826
1028,280,66.761871
1029,280,72.640892
1030,280,210.263489
1036,280,36.958191
1037,280,32.930592
1050,280,69.038376
1029,281,64.86644
1043,289,8.635436
1123,289,150.622604
1043,290,9.954727
1123,290,97.771759
1024,291,106.186211
1025,291,135.605286
1026,291,104.19606
1027,291,53.91991
1028,291,50.670586
1029,291,41.864803
1030,291,72.235909
1031,291,71.177673
1032,291,48.485737
1033,291,99.32795
1034,291,62.029053
1035,291,34.667797
1036,291,40.43298
1037,291,30.956478
1038,291,46.881565
1039,291,103.46386
1040,291,15.478925
1041,291,23.971401
1042,291,23.729601
1043,291,3.788106
1066,291,126.081863
1022,292,14.875598
1023,292,10.696391
1024,292,22.933746
1025,292,53.704201
1026,292,37.572285
1027,292,45.730984
1028,292,38.741562
1029,292,29.549337
1030,292,30.59021
1031,292,23.000263
1032,292,19.603863
1033,292,30.514681
1034,292,22.326929
1035,292,16.386801
1036,292,15.182595
1037,292,22.277716
1038,292,25.694517
1039,292,47.179169
1040,292,18.998247
1041,292,20.871464
1042,292,2.682398
1043,292,2.929867
1044,292,1.685915
1066,292,513.680542
1079,292,23.840405
1080,292,292.777039
1021,293,15.104897
1022,293,14.220818
1023,293,12.720506
1024,293,11.405293
1025,293,25.707602
1026,293,21.181717
1027,293,24.991858
1028,293,12.535102
1029,293,11.376045
1030,293,10.562004
1031,293,7.425552
1032,293,4.553592
1033,293,5.275372
1034,293,4.717119
1035,293,5.005564
1036,293,6.727416
1037,293,6.741954
1038,293,12.602119
1039,293,19.635347
1040,293,5.15078
1041,293,3.103776
1042,293,1.356367
1043,293,1.594143
1044,293,3.651505
1046,293,3.24224
1066,293,49.469929
1067,293,14.004761
1068,293,6.673983
1069,293,3.855775
1070,293,6.41584
1071,293,5.391272
1078,293,19.898746
1079,293,49.630047
1020,294,326.284363
1021,294,69.046349
1022,294,21.483866
1023,294,3.755991
1024,294,6.87181
1025,294,9.919343
1026,294,10.034724
1027,294,7.807685
1028,294,6.8553
1029,294,6.454893
1030,294,2.626687
1031,294,2.618609
1032,294,1.169014
1033,294,1.051623
1034,294,1.545207
1035,294,1.559913
1036,294,1.497187
1037,294,2.371731
1038,294,2.393178
1039,294,3.340183
1041,294,1.294131
1042,294,2.023742
1043,294,1.060464
1044,294,4.132451
1045,294,7.631223
1046,294,5.997115
1047,294,6.619105
1066,294,22.588385
1067,294,10.732972
1068,294,7.552897
1069,294,3.101595
1070,294,8.206253
1071,294,3.454942
1072,294,2.738865
1073,294,2.255775
1077,294,16.022724
1078,294,28.0947
1079,294,103.898422
1080,294,76.788261
1020,295,55.453457
1021,295,12.171164
1022,295,3.849403
1023,295,9.015406
1024,295,5.471105
1025,295,5.808338
1026,295,4.603179
1027,295,4.457134
1028,295,3.656589
1029,295,3.459382
1030,295,3.479671
1039,295,1.488379
1040,295,1.586224
1041,295,2.156444
1043,295,2.266016
1044,295,5.04406
1045,295,3.293712
1046,295,11.872421
1047,295,20.453287
1048,295,51.545158
1049,295,95.890236
1065,295,48.476349
1066,295,13.705269
1067,295,6.238267
1077,295,23.319166
1078,295,48.500603
1079,295,72.479263
1080,295,121.874382
1020,296,31.89773
1021,296,12.173311
1022,296,4.671679
1023,296,5.933891
1024,296,2.051037
1025,296,3.064621
1026,296,2.077645
1027,296,1.551071
1038,296,1.082941
1041,296,291.076599
1042,296,2.208754
1043,296,1.598692
1044,296,4.468703
1045,296,11.34243
1046,296,19.466719
1047,296,30.152576
1048,296,51.232269
1065,296,43.436321
1066,296,25.039303
1078,296,25.027842
1079,296,43.061699
1080,296,108.394722
1081,296,175.624908
1020,297,35.15398
1021,297,26.686075
1022,297,10.816138
1023,297,5.281528
1024,297,3.02348
1025,297,1.303958
1026,297,2.24316
1039,297,25.678572
1041,297,1.119368
1042,297,1.252819
1043,297,1.586152
1044,297,1.395507
1045,297,5.197466
1046,297,19.630142
1047,297,37.981159
1048,297,43.596733
1078,297,39.592903
1079,297,45.508701
1020,298,38.08429
1021,298,17.237917
1022,298,6.893727
1023,298,5.273537
1024,298,4.203436
1025,298,1.693953
1026,298,145.781418
1030,298,2.185524
1038,298,2.723765
1039,298,26.069727
1044,298,2.569309
1045,298,6.506292
1046,298,23.730724
1047,298,83.487274
1079,298,43.178955
1020,299,84.546997
1021,299,34.840172
1022,299,17.567089
1023,299,6.723671
1024,299,3.422981
1025,299,1.308324
1028,299,2.444463
1029,299,1.106352
1031,299,125.061241
1033,299,1.693689
1039,299,1.052603
1042,299,1.016301
1043,299,1.404601
1044,299,2.932909
1045,299,9.641052
1046,299,23.26033
1047,299,124.128815
1079,299,48.805298
1080,299,48.524364
1020,300,68.083519
1021,300,28.291407
1022,300,12.64411
1023,300,4.993412
1024,300,2.5946
1025,300,1.93442
1028,300,1.200653
1029,300,1.937867
1030,300,112.5
1034,300,1.916747
1037,300,1.014286
1039,300,6.466316
1043,300,34.809719
1044,300,132.630096
1045,300,10.42958
1046,300,34.701836
1080,300,38.694004
1021,301,92.803421
1022,301,10.555878
1023,301,16.972124
1024,301,5.459532
1025,301,2.189513
1031,301,109.360588
1035,301,1.293651
1037,301,111.575417
1038,301,1.293479
1041,301,1.024852
1042,301,1.362865
1043,301,4.68171
1044,301,8.082344
1045,301,19.91116
1046,301,60.167629
1080,301,80.135895
1081,301,35.692585
1022,302,70.129608
1023,302,33.486542
1024,302,7.431082
1025,302,2.096477
1028,302,1.470926
1029,302,1.010735
1030,302,1.336346
1031,302,1.062765
1032,302,1.44065
1036,302,913.433899
1037,302,743.221619
1038,302,8.867333
1042,302,1.868347
1043,302,2.985843
1044,302,7.559448
1045,302,33.780937
1060,302,210.859253
1080,302,54.060669
1081,302,81.837097
1082,302,42.993153
1083,302,51.024818
1022,303,88.002487
1023,303,33.302593
1024,303,8.566583
1025,303,5.666172
1026,303,2.624387
1027,303,3.751493
1028,303,3.874236
1029,303,2.858555
1030,303,3.468859
1031,303,1.983391
1032,303,2.239788
1033,303,1.057811
1035,303,1.077243
1036,303,1135.308716
1037,303,49.697174
1041,303,1.203805
1042,303,3.277642
1043,303,4.441578
1044,303,15.134648
1045,303,39.731441
1059,303,145.617981
1060,303,94.178551
1061,303,115.881836
1080,303,44.425114
1081,303,727.167908
1082,303,70.373535
1092,303,84.860489
1023,304,67.173485
1024,304,22.015202
1025,304,17.690483
1026,304,8.956456
1027,304,9.581997
1028,304,7.721372
1029,304,6.147236
1030,304,6.152927
1031,304,3.729853
1032,304,2.984565
1033,304,2.290789
1034,304,2.228306
1035,304,2.039657
1036,304,1.307406
1041,304,2.655996
1042,304,4.772331
1043,304,8.413193
1044,304,30.201464
1092,304,142.56842
1093,304,133.33429
1024,305,128.888321
1025,305,39.619835
1026,305,54.048847
1027,305,25.500168
1028,305,20.2146
1029,305,15.686953
1030,305,13.90171
1031,305,11.349124
1032,305,6.430296
1033,305,5.844271
1034,305,4.733567
1035,305,3.286404
1036,305,2.243545
1040,305,1.738375
1041,305,2.942291
1042,305,5.342786
1043,305,16.400692
1044,305,71.753868
1093,305,154.463684
1029,306,30.63518
1030,306,46.296642
1031,306,47.516853
1032,306,27.708931
1033,306,19.052885
1034,306,18.966761
1035,306,11.611624
1036,306,5.548207
1037,306,3.16422
1040,306,2.120126
1041,306,4.847572
1042,306,7.690218
1043,306,23.581915
1033,307,66.417366
1034,307,52.219822
1035,307,40.163422
1036,307,16.480846
1037,307,14.925785
1039,307,1.584121
1040,307,3.328449
1041,307,5.591786
1042,307,20.451447
1036,308,39.66396
1037,308,40.934196
1039,308,1.971607
1040,308,3.546568
1041,308,8.557189
1042,308,25.098663
1039,309,4.005344
1040,309,4.094243
1041,309,15.879967
1068,309,142.222351
1040,310,7.103959
1041,310,34.1325
1068,310,30.234436
1069,310,109.109749
1040,311,14.105183
1068,311,40.435505
1069,311,95.273964
1103,311,5.367208
1104,311,10.541322
1105,311,97.267891
1106,311,170.200684
1107,311,36.105762
1109,311,9.426037
1040,312,25.329306
1104,312,28.081711
1105,312,42.639069
1106,312,54.240131
1107,312,15.184692
1108,312,21.185713
1109,312,53.347095
1111,312,27.295193
1113,312,180.950455
1114,312,199.839218
1106,313,64.940384
1107,313,70.131462
1108,313,69.741959
1109,313,79.452843
1110,313,59.672237
1111,313,25.964039
1112,313,80.186729
1113,313,39.395378
1114,313,157.498047
1097,314,12.387612
1100,314,2.027687
1108,314,155.132828
1113,314,41.801197
1114,314,77.17141
1115,314,126.390076
1091,315,3.506618
1097,315,13.443739
1098,315,9.151245
1099,315,8.810865
1100,315,2.857135
1101,315,4.370583
1115,315,60.697605
1117,316,126.220993
1118,316,149.122269
1075,318,187.763702
1076,318,212.414337
1075,319,79.227486
1076,319,105.328934
1073,320,259.590088
1074,320,49.978836
1075,320,38.559303
1076,320,74.062782
1077,320,54.19907
1074,321,47.458904
1075,321,27.865875
1076,321,24.414774
1077,321,66.153778
1076,322,18.419106
1077,322,47.620045
1078,322,52.394485
1102,322,63.445499
1077,323,16.62986
1078,323,57.807671
1101,323,26.148544
1105,323,50.767673
1074,23,23.888636
1075,23,50.56892
1086,23,14.496001
1114,23,12.338638
1119,23,23.69857
1003,24,14.897679
1004,24,13.513962
1005,24,18.432991
1072,24,28.232992
1073,24,25.621418
1091,24,6.593667
1099,24,46.622906
1100,24,23.181009
1101,24,20.186739
1102,24,15.808696
1114,24,6.952542
1115,24,9.497006
1116,24,4.718521
1117,24,9.110622
1118,24,12.7484
1119,24,25.963963
1003,25,37.100033
1004,25,85.845222
1005,25,26.111942
1054,25,35.800533
1055,25,25.966061
1056,25,21.18338
1057,25,21.655664
1072,25,14.466455
1073,25,9.216927
1091,25,3.088379
1099,25,20.454075
1100,25,12.868696
1101,25,10.580124
1102,25,9.04985
1103,25,11.806175
1114,25,14.184945
1115,25,14.491176
1116,25,17.297689
1117,25,5.669653
1118,25,10.948813
1119,25,9.766809
1003,26,95.124023
1004,26,92.564087
1005,26,21.618988
1047,26,3.370653
1048,26,9.790433
1054,26,35.18224
1055,26,13.797635
1056,26,40.156258
1057,26,27.065248
1058,26,29.067482
1072,26,17.173244
1073,26,11.158224
1091,26,4.65589
1098,26,21.529383
1099,26,15.798288
1100,26,15.57303
1101,26,8.106602
1102,26,4.948674
1103,26,7.931388
1115,26,12.418018
1116,26,21.764824
1117,26,7.988084
1118,26,42.23996
1119,26,7.665411
1003,27,76.577904
1054,27,74.463028
1055,27,18.797392
1056,27,19.291
1057,27,1022.677551
1058,27,10.022526
1059,27,18.813007
1071,27,18.817392
1072,27,7.482383
1073,27,8.669823
1091,27,24.469301
1097,27,32.98188
1098,27,24.080996
1099,27,15.304846
1100,27,47.316002
1101,27,26.99181
1102,27,12.637447
1103,27,17.045151
1115,27,16.001476
1116,27,23.537603
1117,27,16.679943
1055,28,25.622496
1056,28,20.309776
1057,28,30.316748
1058,28,7.030866
1072,28,8.239694
1091,28,13.102455
1098,28,25.746469
1099,28,85.951675
1100,28,173.83667
1101,28,110.134995
1102,28,32.92009
1116,28,30.458347
1117,28,36.418785
1054,29,81.634094
1055,29,31.751799
1056,29,29.049385
1057,29,45.031391
1116,29,33.428398
1055,30,19.21356
1056,30,12.041746
1057,30,15.645409
1058,30,12.431362
1059,30,15.848567
1069,30,7.44592
1070,30,11.730502
1056,31,128.03566
1056,32,188.519867
1057,32,70.886116
1058,32,28.756577
1118,33,115.465889
1119,35,88.976051
1119,36,35.379711
1118,37,30.455719
1119,37,28.602955
1118,38,101.419342
1119,38,21.837675
1117,39,76.648239
1118,39,75.711761
1119,39,17.603745
1095,40,80.574974
1113,40,61.460793
1114,40,44.894787
1115,40,23.107151
1116,40,21.132727
1117,40,32.704288
1118,40,71.935829
1109,41,36.174107
1110,41,39.941299
1111,41,39.15707
1112,41,32.798031
1113,41,51.426235
1114,41,17.734316
1115,41,29.645527
1116,41,27.436813
1117,41,50.417313
1118,41,37.268196
1082,42,20.563108
1094,42,164.175186
1095,42,152.926224
1108,42,68.560829
1109,42,71.711121
1110,42,59.741058
1111,42,54.950764
1112,42,44.858959
1113,42,89.378525
1114,42,62.311218
1115,42,41.473213
1116,42,40.890686
1117,42,50.93478
1094,43,75.359016
1095,43,62.118755
1093,44,142.635071
1094,44,91.502228
1095,44,158.000046
1096,63,31.046272
1098,63,31.605394
1099,63,32.353493
1100,63,40.587219
1101,63,51.374115
1108,63,63.752937
1110,63,44.754532
1111,63,39.398899
1112,63,64.957932
1113,63,92.362129
1095,64,33.736217
1096,64,12.938629
1097,64,12.599949
1098,64,18.021564
1099,64,59.809132
1100,64,42.260799
1101,64,76.482117
1103,64,44.516254
1104,64,35.037159
1105,64,24.873163
1106,64,27.130907
1107,64,20.344343
1108,64,20.212948
1109,64,18.604986
1110,64,18.18581
1111,64,15.294069
1112,64,23.931087
1113,64,31.971697
1114,64,90.92868
1115,64,156.674271
1095,65,51.228245
1096,65,21.225702
1097,65,26.344706
1098,65,29.86581
1099,65,49.873875
1100,65,38.021477
1101,65,35.591583
1103,65,76.611046
1104,65,51.534824
1105,65,46.549297
1106,65,40.862667
1107,65,22.465834
1108,65,11.382014
1109,65,10.991019
1110,65,9.321317
1111,65,8.575925
1112,65,14.752991
1113,65,14.650095
1114,65,24.497156
1115,65,46.780235
1096,66,69.020226
1097,66,38.658649
1098,66,26.310873
1099,66,20.645483
1100,66,15.935565
1101,66,34.784477
1102,66,84.17662
1103,66,61.76096
1104,66,63.762703
1105,66,19.179735
1106,66,14.704478
1107,66,31.52401
1108,66,18.221638
1109,66,9.277988
1110,66,8.543473
1111,66,6.170985
1112,66,6.161114
1113,66,4.30324
1114,66,8.97413
1115,66,23.378368
1116,66,59.443298
1096,67,62.900795
1097,67,18.691715
1098,67,22.276779
1099,67,5.045167
1100,67,9.675887
1101,67,73.865906
1103,67,82.240257
1104,67,33.688465
1105,67,33.877747
1106,67,16.956755
1107,67,1250.635132
1108,67,720.141968
1109,67,15.529734
1110,67,431.327911
1111,67,2.886634
1112,67,2.687054
1113,67,3.03003
1114,67,7.507897
1115,67,13.873002
1116,67,26.848337
1096,68,50.463097
1097,68,17.182899
1098,68,13.441671
1099,68,13.306114
1100,68,11.926253
1104,68,178.045776
1105,68,45.157265
1106,68,22.097458
1107,68,16.181959
1108,68,4.937165
1109,68,5.128088
1110,68,7.231593
1111,68,191.188187
1112,68,5.908414
1113,68,1.826584
1114,68,3.696003
1115,68,11.973929
1116,68,12.614298
1117,68,26.545908
1096,69,43.114845
1097,69,31.341291
1098,69,12.878315
1099,69,16.825542
1100,69,34.55883
1104,69,159.878311
1105,69,112.586555
1106,69,26.165215
1107,69,21.015078
1108,69,13.088611
1109,69,17.923201
1110,69,11.285836
1111,69,7.800835
1112,69,4.12567
1113,69,4.90944
1114,69,1.408844
1115,69,2.372321
1116,69,13.334405
1105,70,181.799759
1106,70,50.416985
1107,70,28.664225
1108,70,31.883104
1109,70,38.295853
1110,70,39.47514
1111,70,21.891954
1112,70,8.369016
1113,70,5.555367
1114,70,1.661974
1115,70,4.578674
1116,70,9.780045
1060,71,64.641708
1107,71,104.378654
1108,71,73.17382
1109,71,90.490967
1110,71,26.253029
1111,71,32.352695
1112,71,20.268288
1113,71,12.626988
1114,71,84.244751
1115,71,4.707569
1116,71,9.68564
1111,72,27.776247
1112,72,43.846523
1113,72,39.165134
1114,72,369.754578
1115,72,3.625371
1116,72,7.023344
1117,72,17.840487
1111,73,82.830063
1112,73,64.418839
1113,73,39.469158
1114,73,8.53643
1115,73,5.914377
1111,74,79.618607
1112,74,69.51989
1113,74,77.746696
1114,75,26.566551
1115,75,42.454754
1112,76,13.350306
1112,77,23.103956
1113,77,12.006268
1114,77,12.004391
1112,78,21.954079
1113,78,9.353786
1114,78,5.788265
1112,79,5.623156
1113,79,14.11953
1114,79,3.755627
1112,80,9.327656
1113,80,4.187745
1114,80,3.656868
1113,81,4.372851
1114,81,3.196919
1056,82,24.648565
1057,82,18.38121
1060,82,134.61911
1113,82,4.635938
1114,82,3.302788
1115,82,9.483124
1112,83,38.41431
1113,83,6.947306
1114,83,3.275104
1113,84,6.354386
1114,84,15.052058
1115,84,5.996585
1112,85,26.371815
1113,85,8.136208
1114,85,4.114408
1115,85,3.239136
1113,86,23.795528
1114,86,4.840467
1115,86,3.337929
1113,87,19.96011
1114,87,66.756325
1115,87,4.114307
1113,88,10.957731
1114,88,200.762146
1115,88,4.333686
1112,89,143.925949
1114,89,77.586998
1115,89,5.914982
1114,90,39.284904
1115,90,6.930716
1115,91,9.819337
1116,91,3.987346
1116,92,4.19615
1116,94,6.246675
1057,96,41.275043
1058,96,47.586819
1058,97,48.864555
1059,98,85.534851
1060,98,61.367382
1061,98,30.549648
1045,99,74.797287
1061,99,116.886734
1062,99,64.403473
1082,99,330.631042
1045,100,103.805786
1062,100,221.363159
1063,100,59.824722
1064,100,54.071308
1065,100,108.275063
1119,100,179.517471
1051,102,4.175471
1052,102,88.332222
1102,102,369.49057
1119,102,43.438381
1119,103,153.257584
1116,104,618.23877
1069,105,494.74411
1068,106,221.34967
1069,106,349.707642
1068,107,430.005829
1069,107,504.469849
1118,116,1.76528
1118,117,4.524953
1040,118,34.133869
1041,118,62.506634
1042,118,35.152138
1043,118,38.699146
1117,118,10.417171
1118,118,5.024183
1018,137,141.814514
1022,137,83.654251
1023,137,83.109077
1024,137,116.886581
1025,137,214.775574
1055,137,346.098389
1053,138,73.885605
1054,138,75.054893
1055,138,246.222061
1056,138,274.21286
1068,138,186.686813
1052,139,705.648071
1053,139,180.158569
1054,139,188.542175
1025,140,205.744873
1026,140,13.097976
1053,140,288.104523
1122,140,239.605316
1111,141,56.084408
1115,141,126.102074
1120,141,118.030327
1079,145,190.888229
1041,147,109.241776
1054,148,26.15608
1054,149,34.741573
1050,150,48.732246
1051,151,26.832485
1110,152,71.548759
1121,153,32.191227
1104,166,25.489887
1105,166,18.650017
1106,166,86.446266
1101,167,34.931812
1102,167,15.778945
1115,167,61.198784
1117,167,27.554413
1118,167,180.340607
1119,167,76.772934
1121,167,43.891518
1112,168,74.756256
1113,168,18.050188
1114,168,17.066257
1115,168,7.121481
1116,168,4.500082
1117,168,27.681915
1118,168,18.40189
1112,169,7.912276
1113,169,15.900374
1114,169,10.83122
1115,169,4.553211
1116,169,3.10196
1118,169,15.670883
1112,170,6.321069
1114,170,8.683322
1069,175,269.596069
1025,176,154.797455
1025,178,96.982941
1116,184,2.109074
1105,203,2.399839
1106,203,6.45136
1106,204,1.314214
1107,204,6.365801
1030,209,2.084805
1031,209,20.324442
1032,209,13.571247
1037,209,4.873161
1038,209,30.645433
