1864,1805,2.057415
1895,1805,6.798182
1896,1805,5.151448
1897,1805,2.764708
1898,1805,7.073831
1899,1805,6.030933
1900,1805,3.729449
1901,1805,1.796612
1902,1805,208.645172
1903,1805,168.659454
1904,1805,983.783142
1905,1805,1351.721436
1865,1806,3.354836
1877,1806,7.821917
1895,1806,8.92308
1896,1806,2.432976
1898,1806,23.787449
1899,1806,74.762039
1903,1806,200.907928
1904,1806,742.631226
1905,1806,1918.423828
1874,1807,85.525238
1875,1807,131.099701
1876,1807,83.965637
1877,1807,84.989372
1878,1807,86.14962
1879,1807,6.57804
1880,1807,14.099699
1881,1807,10.041016
1894,1807,5.697018
1895,1807,4.775887
1896,1807,94.582153
1897,1807,50.760235
1898,1807,44.287449
1892,1808,634.584717
1893,1808,547.22998
1894,1808,1136.446411
1895,1808,773.816467
1896,1808,342.359619
1901,1659,35.254414
1909,1659,25.513884
1910,1659,35.998581
1912,1659,29.860931
1906,1660,1.707061
1907,1660,4.450309
1913,1660,2.627831
1914,1660,1.040711
1915,1660,1.7898
1940,1663,83.278763
1939,1664,48.938175
1940,1664,119.49173
1905,1667,3.194099
1897,1669,117.325851
1897,1670,54.47459
1898,1670,48.555332
1896,1671,6.241954
1897,1671,36.733364
1903,1671,2.069936
1905,1671,1.092548
1906,1671,4.665745
1896,1672,59.383553
1897,1672,45.171307
1896,1673,95.028656
1897,1673,102.23632
1859,1674,278.620392
1895,1674,53.936069
1896,1674,38.451984
1897,1674,19.464975
1898,1674,95.82457
1899,1674,39.793968
1901,1674,23.688305
1859,1675,374.688293
1895,1675,35.986465
1896,1675,29.969244
1897,1675,5.057895
1900,1675,27.811863
1906,1675,5.842322
1899,1676,9.542883
1900,1676,2.655354
1901,1676,1.767017
1905,1676,1.560002
1949,1676,132.211914
1894,1678,49.593967
1906,1678,2.364579
1893,1679,7.531082
1905,1680,53.896854
1896,1681,2.180531
1896,1682,3.770507
1897,1682,4.673594
1898,1682,7.554198
1899,1682,14.80922
1959,1686,54.252213
1873,1706,105.315651
2001,1706,31.944824
1982,1707,171.088531
1983,1707,227.024246
1858,1708,14.862712
1858,1709,8.817922
1884,1709,23.606152
1885,1709,15.433942
1886,1709,8.65115
1887,1709,10.789933
1888,1709,26.799982
1889,1709,103.424522
1890,1709,14.178818
1891,1709,17.151871
1906,1709,18.086752
1858,1710,7.136865
1885,1710,4.484698
1886,1710,1.832825
1887,1710,2.797193
1888,1710,2.470821
1889,1710,12.298256
1890,1710,13.257417
1891,1710,6.52589
1892,1710,7.168191
1858,1711,1.391228
1885,1711,4.819813
1886,1711,1.781865
1888,1711,1.080576
1892,1711,8.458877
1886,1712,5.005656
1887,1712,2.199089
1886,1713,6.158026
1887,1713,4.961089
1819,1716,1.560002
1957,1716,68.817459
1959,1716,104.774452
1960,1716,262.656128
1956,1717,21.31134
1957,1717,22.886797
1958,1717,29.319641
1959,1717,31.471651
1956,1718,14.575291
1957,1718,10.108018
1958,1718,3.622226
1959,1718,4.643911
1957,1719,3.622226
1958,1719,1.333334
1899,1720,30.777781
1958,1720,5.145451
1958,1721,3.787876
1864,1722,12.745647
1946,1722,7.021362
1962,1722,5.587875
1964,1722,4.116327
1843,1723,3.940375
1946,1723,1.111351
1947,1723,3.401472
1948,1723,7.963899
1969,1723,73.788948
1843,1724,2.8063
1856,1724,1.741934
1857,1724,1.741934
1969,1724,402.128998
1970,1724,67.56617
1970,1725,65.405472
1971,1725,682.803223
1970,1726,1252.903198
1971,1726,320.908569
1972,1726,312.399841
1973,1727,1903.262939
1867,1734,2.278445
1869,1734,3.132812
1872,1734,17.533272
1873,1734,14.780813
1876,1734,13.506936
1877,1734,19.261831
1878,1734,24.293285
1879,1734,11.109285
1880,1734,15.374871
1881,1734,15.865454
1882,1734,16.594278
1883,1734,61.503998
1884,1734,100.992386
1866,1735,3.183563
1868,1735,3.701263
1870,1735,2.581806
1871,1735,2.431714
1872,1735,8.225284
1873,1735,7.30668
1874,1735,9.041355
1875,1735,3.547409
1876,1735,3.496929
1877,1735,8.864988
1878,1735,5.228869
1879,1735,4.082228
1880,1735,5.624446
1881,1735,5.073547
1882,1735,7.739545
1883,1735,15.04839
1884,1735,41.57169
1885,1735,74.832291
1866,1736,1.159818
1868,1736,1.309908
1873,1736,1.058713
1874,1736,1.527473
1875,1736,1.041167
1877,1736,1.097595
1878,1736,1.036409
1882,1736,1.159696
1883,1736,5.141781
1884,1736,9.591685
1885,1736,11.415847
1884,1737,235.125626
1880,1738,1.099415
1882,1738,2.142588
1883,1738,2.099304
1884,1738,13.907002
1876,1739,1.382354
1877,1739,2.764708
1878,1739,2.661424
1879,1739,2.55814
1880,1739,2.655081
1881,1739,3.712046
1882,1739,6.430518
1883,1739,5.787811
1884,1739,5.014275
1870,1740,2.661424
1871,1740,3.189719
1876,1740,1.796612
1877,1740,6.709671
1878,1740,6.709671
1879,1740,2.842103
1880,1740,4.638715
1881,1740,12.277916
1882,1740,8.219233
1883,1740,9.242968
1884,1740,13.081505
1870,1741,6.709671
1871,1741,10.302896
1876,1741,2.336641
1877,1741,4.673282
1878,1741,5.697018
1870,1742,4.673282
2013,1742,221.495911
2011,1743,13.454525
2012,1743,12.409076
2015,1743,95.418976
1974,1744,10.726809
2016,1744,2.288892
2017,1744,3.787876
1907,1792,348.98645
1908,1792,342.78952
1858,1802,5.882592
1859,1802,10.158558
1860,1802,49.295502
1861,1802,6.094334
1862,1802,8.219233
1863,1802,1.59486
1864,1802,2.057415
1865,1802,7.821917
1859,1803,2.432976
1860,1803,5.412251
1861,1803,5.787811
1863,1803,4.306989
1864,1803,6.57804
1903,1803,27.645725
1864,1804,6.57804
1896,1804,4.775887
1899,1804,8.983445
1900,1804,4.441185
1901,1804,3.263327
1902,1804,12.826234
1903,1804,521.915894
1904,1804,1075.950806
