2310,1486,1.297466
2311,1486,3.793166
2312,1486,5.699562
2313,1486,6.896721
2314,1486,6.132258
2315,1486,5.709706
2316,1486,6.028274
2213,1487,1.257875
2310,1487,1.122864
2312,1487,2.427101
2313,1487,3.617411
2314,1487,3.012453
2315,1487,3.437752
2316,1487,2.547765
2317,1487,1.375446
2318,1487,1.938302
2319,1487,1.567599
2320,1487,14.515831
2368,1487,116.220924
2369,1487,93.9394
2310,1488,1.147472
2312,1488,1.553183
2313,1488,1.84142
2314,1488,1.360734
2315,1488,1.970012
2316,1488,8.57694
2317,1488,19.828333
2318,1488,15.111648
2319,1488,15.295775
2320,1488,3.592707
2235,1489,790.471375
2236,1489,114.777969
2310,1489,2.982986
2316,1489,3.272692
2317,1489,2.697635
2318,1489,2.069931
2319,1489,1.487406
2320,1489,50.984344
2246,1491,625.185181
2259,1491,126.572418
2246,1492,819.746765
2247,1492,265.532135
2248,1492,182.768402
2249,1492,156.586411
2250,1492,40.238571
2251,1492,131.189575
2252,1492,96.476952
2253,1492,27.976496
2254,1492,31.303371
2255,1492,42.877758
2256,1492,9.294087
2259,1492,8.324368
2260,1492,26.73741
2246,1493,548.349854
2247,1493,163.214752
2248,1493,51.295387
2249,1493,39.956772
2250,1493,33.558704
2251,1493,41.843925
2252,1493,29.708324
2253,1493,25.55685
2254,1493,6.323588
2255,1493,2.164026
2256,1493,1.37422
2258,1493,7.266284
2259,1493,3.267718
2260,1493,5.601198
2261,1493,10.962658
2246,1494,249.893097
2247,1494,74.761757
2248,1494,21.527727
2249,1494,13.609941
2250,1494,9.052955
2251,1494,8.983666
2252,1494,10.620203
2253,1494,1.388625
2255,1494,11.599793
2256,1494,14.05607
2257,1494,97.873505
2259,1494,1.113872
2260,1494,1.466065
2261,1494,2.084521
2262,1494,1.627201
2263,1494,1.856627
2264,1494,1.636469
2265,1494,1.713372
2266,1494,1.305263
2267,1494,1.454145
2268,1494,1.644698
2269,1494,1.533476
2270,1494,1.531368
2291,1494,4.127647
2203,1495,267.295349
2247,1495,122.616806
2248,1495,44.858047
2249,1495,94.882141
2250,1495,51.717461
2251,1495,51.713551
2252,1495,94.957611
2253,1495,1.117869
2256,1495,1.535724
2258,1495,1.067162
2259,1495,2.728259
2260,1495,4.617756
2261,1495,4.584514
2262,1495,3.229796
2263,1495,3.299497
2264,1495,3.090735
2265,1495,2.993672
2266,1495,2.208589
2267,1495,2.902119
2268,1495,2.946574
2269,1495,2.463152
2270,1495,2.236627
2271,1495,2.11431
2272,1495,3.781109
2273,1495,3.602741
2274,1495,5.39788
2276,1495,2.514753
2277,1495,2.490442
2278,1495,1.685053
2279,1495,1.642015
2280,1495,1.32567
2281,1495,1.36132
2203,1496,200.837067
2247,1496,140.14212
2254,1496,2.40079
2255,1496,1.754275
2256,1496,25.871029
2257,1496,3.240541
2258,1496,1.023613
2264,1496,5.755406
2265,1496,5.52114
2266,1496,5.241001
2267,1496,5.165122
2268,1496,4.085183
2269,1496,3.502218
2270,1496,2.74224
2271,1496,2.128678
2280,1496,3.253891
2281,1496,2.713169
2294,1496,5.025551
2301,1496,17.611929
2302,1496,5.88464
2303,1496,5.464546
2304,1496,4.634738
2307,1496,106.329445
2319,1496,19.318727
2320,1496,6.952353
2321,1496,7.663991
2322,1496,11.421059
2325,1496,66.123352
2203,1497,60.962093
2259,1497,28.344076
2260,1497,155.613007
2261,1497,2.840777
2262,1497,2.984593
2263,1497,52.99271
2264,1497,20.222456
2267,1497,3.354563
2301,1497,19.160576
2303,1497,14.331236
2304,1497,14.768265
2307,1497,1.983295
2308,1497,3.221759
2312,1497,7.620927
2315,1497,35.893559
2319,1497,6.601275
2320,1497,7.583986
2321,1497,4.632095
2322,1497,9.441665
2324,1497,14.024715
2325,1497,20.468647
2203,1498,50.258606
2312,1498,10.129951
2315,1498,7.250177
2317,1498,9.605058
2318,1498,8.643447
2319,1498,2.584669
2320,1498,19.76832
2321,1498,10.575333
2322,1498,5.248243
2323,1498,54.337219
2324,1498,16.686092
2325,1498,9.878587
2326,1498,3.64705
2203,1499,58.457413
2204,1499,95.345123
2319,1499,4.046146
2321,1499,3.485366
2322,1499,4.140236
2325,1499,3.115922
2326,1499,37.217602
2327,1499,2.062713
2203,1500,32.135548
2204,1500,39.761364
2319,1500,5.474971
2321,1500,3.686306
2326,1500,4.285046
2203,1501,37.969807
2203,1502,50.560429
2205,1502,26.633501
2203,1503,93.127724
2204,1503,44.067802
2203,1504,33.525242
2204,1504,24.115805
2205,1504,19.729647
2202,1505,214.842422
2357,1505,112.263947
2363,1505,47.767822
2248,1506,5.877883
2221,1507,168.275085
2247,1507,16.38658
2248,1507,4.246446
2247,1508,124.435417
2301,1508,30.493439
2301,1509,22.054764
2335,1510,1.055543
2272,1511,123.280472
2212,1512,147.651993
2220,1512,45.084488
2271,1512,101.816887
2272,1512,87.16864
2273,1512,97.005463
2274,1512,128.738205
2278,1512,54.287048
2279,1512,73.511627
2280,1512,28.706341
2281,1512,27.185135
2282,1512,37.25256
2211,1513,12.931183
2225,1513,6.767955
2267,1513,23.921438
2269,1513,465.141815
2270,1513,278.933197
2271,1513,3.019064
2272,1513,32.733143
2273,1513,125.328438
2274,1513,8.252562
2275,1513,7.053704
2276,1513,8.357946
2277,1513,12.437946
2278,1513,12.300566
2279,1513,10.109337
2280,1513,19.403761
2281,1513,19.820768
2282,1513,18.381483
2283,1513,34.659973
2284,1513,88.727776
2301,1513,25.342688
2302,1513,18.939106
2303,1513,39.005318
2257,1514,25.73782
2258,1514,19.648975
2259,1514,18.866629
2260,1514,18.753685
2261,1514,19.043875
2262,1514,7.361461
2263,1514,7.148551
2264,1514,7.199856
2265,1514,5.431878
2266,1514,4.365847
2267,1514,3.281628
2268,1514,2.086236
2269,1514,1.346013
2271,1514,5.433159
2272,1514,10.47569
2273,1514,5.538077
2274,1514,5.445757
2275,1514,5.732079
2276,1514,10.188211
2277,1514,8.446429
2278,1514,12.943487
2279,1514,30.109907
2280,1514,19.552441
2281,1514,28.383272
2282,1514,23.396057
2284,1514,80.692963
2302,1514,10.494974
2303,1514,22.954449
2254,1515,136.300217
2256,1515,176.572357
2257,1515,3.507453
2258,1515,3.17901
2259,1515,3.331539
2260,1515,4.723303
2261,1515,15.141756
2262,1515,14.834818
2263,1515,3.377498
2264,1515,2.456771
2265,1515,2.122009
2266,1515,2.147071
2267,1515,1.653674
2268,1515,2.564045
2269,1515,1.233088
2274,1515,12.743093
2275,1515,10.42378
2276,1515,13.148548
2277,1515,13.047427
2278,1515,25.393595
2279,1515,36.753067
2302,1515,13.375145
2211,1518,5.099244
2212,1518,52.463676
2211,1519,3.445841
2212,1519,98.6409
2209,1520,6.517385
2211,1520,33.401997
2212,1520,28.279785
2346,1520,32.795933
2209,1521,1.88424
2357,1521,125.157715
2360,1521,128.512711
2361,1521,33.987267
2365,1521,50.343906
2212,1522,241.589722
2213,1522,23.426655
2357,1522,43.254162
2370,1522,2.463092
2212,1523,188.997421
2213,1523,16.483845
2214,1523,121.609428
2231,1523,37.088078
2212,1524,10.22374
2213,1524,27.870319
2214,1524,260.970642
2222,1524,150.263016
2213,1525,7.070315
2214,1525,1.125361
2215,1525,113.029724
2219,1525,2.580525
2221,1529,7.079953
2222,1529,13.666662
2223,1529,162.195892
2351,1529,5.975475
2291,1531,6.816533
2292,1531,4.575746
2293,1531,2.369539
2294,1531,2.470476
2295,1531,1.38092
2290,1532,10.100271
2291,1532,8.166493
2292,1532,6.657084
2293,1532,7.79431
2294,1532,9.073599
2295,1532,9.407375
2296,1532,7.191292
2283,1533,11.604921
2288,1533,11.501495
2289,1533,17.634174
2290,1533,11.222315
2291,1533,10.840256
2292,1533,9.729347
2293,1533,7.366249
2294,1533,7.248971
2295,1533,6.236068
2296,1533,9.578124
2303,1533,4.127377
2296,1534,6.45557
2297,1534,5.009712
2303,1534,3.585581
2373,1534,1.925903
2375,1534,25.098539
2288,1535,41.747097
2289,1535,4.972667
2290,1535,7.825022
2291,1535,7.291092
2292,1535,24.803066
2293,1535,6.689876
2294,1535,3.386622
2297,1535,11.911546
2298,1535,109.25383
2299,1535,9.890701
2320,1535,170.799637
2345,1535,164.250626
2346,1535,114.244431
2349,1535,253.283051
2365,1535,66.473434
2366,1535,56.099522
2367,1535,24.563156
2368,1535,14.313873
2369,1535,11.303907
2370,1535,18.198275
2371,1535,6.718655
2372,1535,513.081421
2301,1536,1.98351
2302,1536,2.739645
2345,1536,121.086578
2346,1536,275.220123
2366,1536,9.694683
2367,1536,4.02596
2368,1536,4.472625
2369,1536,7.683024
2370,1536,8.588719
2371,1536,11.47118
2372,1536,220.200577
2373,1536,192.774933
2334,1537,11.565967
2338,1537,167.354721
2339,1537,236.395844
2345,1537,161.875671
2346,1537,301.494263
2333,1538,37.988209
2335,1538,10.307549
2336,1538,17.378771
2339,1538,222.636627
2335,1539,8.895252
2336,1539,9.08687
2338,1539,360.270905
2334,1548,535.530151
2335,1548,383.378143
2336,1548,543.167419
2337,1548,488.351532
2290,1549,51.335514
2291,1549,50.50771
2292,1549,30.827513
2293,1549,28.700884
2294,1549,22.641861
2295,1549,25.12466
2296,1549,23.946859
2297,1549,26.350071
2298,1549,29.440376
2317,1549,14.180701
2318,1549,29.682735
2319,1549,54.208401
2320,1549,44.793709
2321,1549,24.99411
2322,1549,29.395733
2334,1549,297.734619
2335,1549,257.440704
2336,1549,267.350616
2337,1549,306.379181
2338,1549,279.441406
2339,1549,369.865204
2340,1549,431.153442
2206,1550,270.01059
2224,1550,1102.074707
2260,1550,308.670837
2261,1550,280.501831
2262,1550,380.02359
2278,1550,312.134644
2279,1550,288.773926
2291,1550,102.056015
2292,1550,38.268276
2293,1550,23.150707
2294,1550,23.582499
2295,1550,12.073915
2296,1550,11.574492
2297,1550,20.701704
2298,1550,15.090472
2299,1550,15.197816
2300,1550,32.920406
2301,1550,28.873501
2302,1550,30.742851
2303,1550,19.805084
2304,1550,20.91074
2305,1550,25.732143
2306,1550,28.882673
2307,1550,33.454109
2315,1550,8.02952
2316,1550,8.278906
2317,1550,8.909988
2318,1550,38.94352
2319,1550,13.742463
2320,1550,32.608803
2321,1550,15.283435
2322,1550,82.280388
2323,1550,78.645836
2336,1550,204.286057
2337,1550,228.131073
2338,1550,140.505432
2339,1550,163.558823
2207,1551,1.930463
2211,1551,18.520004
2212,1551,26.550943
2213,1551,31.0695
2222,1551,479.394135
2223,1551,568.316895
2224,1551,368.615723
2262,1551,4.487381
2263,1551,17.468687
2264,1551,11.782264
2265,1551,18.216688
2266,1551,16.681244
2267,1551,16.61508
2272,1551,58.495239
2273,1551,33.32774
2274,1551,37.209984
2275,1551,22.735764
2276,1551,48.309566
2277,1551,48.339798
2278,1551,13.799682
2279,1551,205.367569
2291,1551,222.777145
2292,1551,41.822903
2293,1551,31.882088
2294,1551,53.133301
2295,1551,38.442841
2296,1551,3.426392
2297,1551,15.81723
2298,1551,22.688114
2299,1551,31.29882
2300,1551,31.391384
2301,1551,26.281767
2302,1551,21.378025
2310,1551,13.398665
2311,1551,23.905909
2312,1551,15.876538
2313,1551,22.03632
2314,1551,5.294783
2315,1551,5.227913
2316,1551,7.165111
2317,1551,8.143452
2318,1551,14.122491
2319,1551,16.462597
2320,1551,15.346802
2321,1551,37.104954
2322,1551,49.756027
2323,1551,70.449738
2336,1551,174.933884
2337,1551,10.21379
2338,1551,6.936504
2339,1551,5.160466
2340,1551,2.2
2206,1552,4.964378
2211,1552,43.896755
2222,1552,625.140015
2223,1552,431.215759
2267,1552,4.775446
2268,1552,11.149448
2269,1552,12.147557
2270,1552,8.078731
2271,1552,4.219674
2272,1552,6.135453
2275,1552,16.085196
2276,1552,6.688273
2277,1552,23.647783
2278,1552,25.130756
2279,1552,31.526943
2292,1552,585.30658
2293,1552,27.63686
2294,1552,24.850945
2295,1552,18.399006
2296,1552,5.060574
2297,1552,26.338049
2298,1552,19.923855
2312,1552,29.274086
2313,1552,45.27747
2314,1552,23.837631
2315,1552,1.920465
2316,1552,1.002041
2318,1552,47.341377
2319,1552,2.533333
2320,1552,5.392532
2321,1552,42.693253
2322,1552,22.677944
2336,1552,24.264809
2337,1552,3.090961
2338,1552,2.25
2206,1553,6.877615
2267,1553,1.447922
2268,1553,2.048611
2269,1553,2.231037
2273,1553,2.109028
2274,1553,23.058655
2313,1553,26.472042
2314,1553,58.323402
2315,1553,4.979855
2316,1553,2.463958
2318,1553,1.203373
2319,1553,12.299999
2320,1553,2.400181
2321,1553,11.949486
2322,1553,35.298321
2323,1553,76.111618
2336,1553,28.250166
2337,1553,1.838886
2370,1553,780.312561
2314,1554,8.470523
2315,1554,3.282704
2316,1554,31.156019
2317,1554,8.349427
2318,1554,3.985483
2319,1554,3.04338
2320,1554,22.4669
2321,1554,6.049751
2322,1554,43.571217
2323,1554,64.241127
2335,1554,37.134972
2336,1554,13.916841
2337,1554,2.10988
2204,1555,9.677907
2315,1555,30.346956
2316,1555,24.47117
2317,1555,11.744121
2318,1555,1.83417
2319,1555,1.752228
2320,1555,35.003819
2321,1555,5.141587
2322,1555,21.396927
2334,1555,20.947752
2335,1555,152.082718
2336,1555,12.608192
2337,1555,2.192638
2204,1556,9.479034
2316,1556,33.227482
2317,1556,11.118912
2318,1556,2.989078
2319,1556,10.656319
2321,1556,2.010509
2335,1556,13.344951
2336,1556,10.646463
2337,1556,2.421464
2339,1556,1.921773
2204,1557,8.528502
2240,1557,28.524794
2316,1557,10.840109
2317,1557,8.551395
2318,1557,1.870787
2319,1557,16.233553
2320,1557,24.057863
2321,1557,7.582793
2334,1557,41.335674
2336,1557,60.67379
2337,1557,7.636162
2339,1557,5.309356
2204,1558,19.394045
2240,1558,39.622181
2316,1558,29.575577
2317,1558,3.644015
2318,1558,3.51473
2319,1558,11.445206
2320,1558,2.303836
2336,1558,19.352465
2337,1558,6.921857
2204,1559,15.288695
2213,1559,17.111952
2214,1559,87.308716
2215,1559,282.609253
2315,1559,191.743164
2316,1559,3.176024
2317,1559,3.33229
2318,1559,4.612654
2319,1559,19.400673
2320,1559,7.894663
2336,1559,28.315144
2337,1559,3.876423
2204,1560,103.251511
2213,1560,4.015241
2214,1560,45.683296
2215,1560,733.458679
2272,1560,9.441662
2273,1560,34.102375
2298,1560,50.276459
2299,1560,63.696304
2316,1560,8.668404
2317,1560,2.966403
2318,1560,9.916896
2319,1560,23.5644
2320,1560,9.534584
2336,1560,36.225948
2337,1560,5.289744
2204,1561,30.24169
2214,1561,73.885132
2215,1561,1107.856689
2242,1561,31.742371
2243,1561,43.729885
2272,1561,7.875607
2273,1561,39.471428
2274,1561,79.525513
2296,1561,228.684143
2297,1561,121.214333
2316,1561,11.901735
2317,1561,4.968632
2318,1561,5.300148
2319,1561,17.211103
2320,1561,19.93849
2335,1561,107.713074
2336,1561,32.568092
2204,1562,11.676422
2212,1562,1.370332
2214,1562,31.349962
2215,1562,451.273834
2216,1562,1416.594604
2272,1562,3.388373
2273,1562,29.89077
2274,1562,33.987167
2296,1562,196.891403
2317,1562,9.376329
2318,1562,14.371213
2319,1562,8.745272
2320,1562,14.66151
2321,1562,42.674263
2335,1562,114.163193
2336,1562,15.034212
2337,1562,5.167058
2339,1562,11.916752
2204,1563,11.407904
2212,1563,1.438635
2213,1563,1.144223
2214,1563,24.62442
2215,1563,646.478516
2216,1563,476.147003
2272,1563,4.776099
2273,1563,19.874226
2274,1563,26.939213
2296,1563,333.660553
2318,1563,142.019562
2319,1563,20.395967
2320,1563,30.041092
2336,1563,41.482834
2337,1563,5.728621
2339,1563,11.702279
2371,1563,240.912277
2203,1564,13.334269
2212,1564,11.29844
2213,1564,1.835376
2214,1564,8.820189
2215,1564,205.515442
2216,1564,643.814453
2240,1564,76.610764
2241,1564,93.061249
2244,1564,41.413776
2245,1564,22.530838
2272,1564,1.581698
2273,1564,19.698782
2296,1564,309.029846
2336,1564,53.466129
2337,1564,6.24805
2339,1564,10.977898
2371,1564,238.894409
2203,1565,138.60231
2204,1565,34.237698
2212,1565,10.336435
2213,1565,4.968792
2215,1565,6.67653
2216,1565,177.697556
2217,1565,511.579468
2241,1565,76.725441
2245,1565,321.193451
2258,1565,2.965513
2259,1565,2.965513
2260,1565,2.965513
2261,1565,4.079997
2263,1565,5.294113
2264,1565,5.294113
2269,1565,10.312475
2270,1565,3.935481
2336,1565,59.626751
2337,1565,7.669293
2203,1566,40.720692
2204,1566,16.263187
2212,1566,19.04023
2217,1566,212.655701
2239,1566,78.370468
2263,1566,2.529419
2264,1566,2.529419
2265,1566,2.529419
2266,1566,2.965513
2267,1566,3.935481
2268,1566,2.965513
2269,1566,2.529419
2270,1566,2.529419
2336,1566,77.488617
2337,1566,18.339378
2370,1566,117.257339
2204,1567,73.583801
2205,1567,64.354431
2337,1567,27.226376
2219,1568,83.729332
2220,1568,323.72934
2240,1568,18.231466
2220,1569,76.985344
2221,1569,304.586517
2240,1569,57.680771
2336,1569,46.628559
2337,1569,2.252286
2220,1570,24.600384
2221,1570,132.182068
2222,1570,1683.403076
2334,1570,64.331245
2335,1570,63.829983
2338,1570,3.275282
2339,1570,8.282086
2219,1571,306.203369
2220,1571,447.971588
2221,1571,250.84729
2241,1571,7.5625
2334,1571,74.175995
2335,1571,60.294777
2336,1571,6.402598
2338,1571,3.948572
2339,1571,3.617154
2340,1571,3.660226
2275,1572,8.105968
2276,1572,14.402762
2277,1572,20.945202
2278,1572,51.793694
2279,1572,52.35516
2280,1572,64.147942
2281,1572,119.136642
2282,1572,163.879868
2283,1572,179.472687
2334,1572,133.046555
2335,1572,4.518385
2336,1572,16.359426
2337,1572,13.60912
2338,1572,39.967133
2339,1572,7.465279
2340,1572,16.959787
2341,1572,4.68646
2342,1572,20.567743
2343,1572,12.382455
2351,1572,3.472225
2352,1572,2.284286
2358,1572,6.438741
2367,1572,69.614487
2272,1573,1.507109
2274,1573,2.809403
2275,1573,6.108476
2276,1573,24.852024
2277,1573,12.82185
2278,1573,24.099161
2279,1573,33.185623
2334,1573,38.206387
2335,1573,5.990946
2336,1573,17.484955
2337,1573,18.365906
2338,1573,35.442745
2339,1573,13.674301
2340,1573,11.651057
2341,1573,10.249092
2342,1573,8.323488
2343,1573,13.22909
2344,1573,9.206972
2345,1573,7.454481
2346,1573,33.552532
2347,1573,31.171606
2348,1573,189.327438
2349,1573,728.570313
2350,1573,5.397982
2351,1573,57.133484
2352,1573,25.275719
2353,1573,10.005239
2354,1573,49.600914
2355,1573,109.023193
2356,1573,2.480027
2358,1573,6.761903
2366,1573,1.178075
2367,1573,69.644409
2266,1574,10.529907
2308,1574,109.099182
2333,1574,134.159485
2334,1574,12.53867
2335,1574,2.965252
2339,1574,90.109375
2348,1574,200.386261
2349,1574,199.617447
2350,1574,29.850325
2351,1574,14.330456
2352,1574,78.932312
2353,1574,9.785605
2354,1574,33.447334
2355,1574,36.941174
2356,1574,5.642089
2357,1574,7.995364
2358,1574,4.783478
2204,1575,95.203682
2205,1575,135.598831
2206,1575,234.430679
2207,1575,145.760071
2266,1575,39.040451
2301,1575,20.967537
2302,1575,23.531687
2334,1575,4.666642
2335,1575,4.05059
2336,1575,2.365534
2203,1576,91.749222
2204,1576,52.305031
2205,1576,82.439148
2206,1576,43.907787
2264,1576,2.295123
2265,1576,64.517204
2303,1576,24.213217
2334,1576,3.941368
2336,1576,1.492436
2203,1577,30.683079
2204,1577,17.137138
2205,1577,29.248552
2212,1577,43.729885
2213,1577,254.217346
2244,1577,248.130386
2263,1577,19.919914
2264,1577,85.667526
2334,1577,4.247856
2204,1578,9.17944
2262,1578,36.056892
2263,1578,263.020416
2305,1578,55.392902
2306,1578,46.646687
2334,1578,7.951734
2335,1578,2.189676
2336,1578,2.306653
2204,1579,89.119514
2255,1579,15.127657
2260,1579,4.007835
2261,1579,1.44017
2262,1579,504.140381
2263,1579,239.513168
2334,1579,1.404783
2335,1579,5.434359
2204,1580,75.005646
2205,1580,42.785378
2247,1580,77.565262
2297,1580,92.436546
2334,1580,2.114431
2335,1580,1.666088
2204,1581,110.351891
2205,1581,3.017674
2247,1581,445.919342
2249,1581,63.123123
2255,1581,339.006775
2256,1581,25.440491
2257,1581,27.519463
2258,1581,25.184036
2259,1581,22.018936
2260,1581,42.352493
2261,1581,77.975769
2262,1581,102.743477
2297,1581,146.07547
2334,1581,2.725407
2335,1581,3.629601
2336,1581,4.176899
2204,1582,107.461937
2205,1582,1.444134
2249,1582,114.808868
2250,1582,144.825958
2251,1582,615.057678
2252,1582,65.895325
2253,1582,46.3158
2263,1582,51.759731
2296,1582,73.139359
2334,1582,1.732566
2335,1582,7.541621
2336,1582,6.129882
2252,1583,201.493286
2334,1583,335.051575
2335,1583,15.137795
2336,1583,56.061565
2354,1583,116.587601
2355,1583,107.345314
2358,1583,441.978851
2335,1584,289.539642
2336,1584,160.925461
2350,1584,219.202805
2351,1584,138.74762
2352,1584,72.313835
2353,1584,81.226051
2354,1584,185.940521
2355,1584,77.82122
2356,1584,240.85144
2357,1584,176.904816
2358,1584,289.414001
2359,1584,118.084641
2360,1584,387.751007
2361,1584,48.899857
2334,1585,369.948944
2335,1585,332.3797
2336,1585,81.088577
2337,1585,163.471405
2338,1585,116.9897
2339,1585,76.784393
2340,1585,77.455322
2341,1585,68.708542
2342,1585,46.433704
2343,1585,46.836208
2344,1585,46.214851
2345,1585,41.16819
2346,1585,40.27021
2347,1585,50.592384
2348,1585,141.711105
2349,1585,96.516342
2350,1585,76.358215
2351,1585,63.829407
2352,1585,66.429474
2353,1585,70.455086
2354,1585,41.015259
2355,1585,70.950981
2356,1585,35.202953
2357,1585,64.359901
2358,1585,68.138809
2359,1585,19.097349
2360,1585,22.203163
2334,1586,145.902328
2335,1586,70.811005
2336,1586,58.112778
2337,1586,63.604462
2338,1586,56.913528
2339,1586,57.168144
2340,1586,58.01609
2341,1586,16.607941
2342,1586,13.681396
2343,1586,12.222388
2344,1586,8.646136
2345,1586,8.558747
2346,1586,11.907278
2347,1586,9.485277
2348,1586,11.631661
2349,1586,14.747705
2350,1586,13.666457
2351,1586,14.074426
2352,1586,1250.673828
2353,1586,785.026184
2354,1586,815.35791
2355,1586,217.426163
2356,1586,185.735565
2357,1586,149.744553
2205,1587,3.468093
2333,1587,812.081177
2334,1587,126.091721
2335,1587,402.947357
2336,1587,233.292374
2337,1587,169.953354
2338,1587,200.717957
2339,1587,238.541885
2340,1587,321.625488
2341,1587,281.258545
2342,1587,474.77359
2343,1587,173.42894
2344,1587,193.536346
2345,1587,190.539169
2346,1587,175.681702
2206,1588,71.257179
2284,1588,7.222813
2333,1588,339.406738
2334,1588,204.902695
2341,1588,264.588867
2342,1588,288.737549
2206,1591,1029.830078
2262,1592,582.423889
2263,1592,2974.021973
2297,1592,7.192598
2298,1592,9.888947
2262,1593,436.312317
2263,1593,652.327454
2264,1593,1322.910156
2296,1593,12.239402
2297,1593,54.030914
2319,1593,370.8591
2262,1594,796.69342
2263,1594,492.824097
2264,1594,553.183105
2296,1594,1.508011
2297,1594,57.002956
2318,1594,107.774498
2262,1595,566.999268
2263,1595,237.296722
2264,1595,194.910294
2265,1595,18.016512
2266,1595,18.242844
2267,1595,190.211014
2293,1595,69.809372
2296,1595,1.560601
2297,1595,46.56105
2258,1596,482.440552
2259,1596,396.199219
2260,1596,560.206909
2261,1596,246.878128
2262,1596,36.294937
2263,1596,104.830826
2264,1596,125.650078
2265,1596,53.342491
2266,1596,47.536831
2267,1596,418.980927
2296,1596,5.711342
2297,1596,73.578232
2258,1597,20.390335
2259,1597,52.583508
2260,1597,61.787457
2261,1597,110.763145
2262,1597,114.433899
2263,1597,74.237457
2264,1597,104.508209
2265,1597,104.721443
2296,1597,4.217237
2297,1597,6.854484
2342,1600,141.97081
2362,1600,806.690491
2216,1610,101.224464
2217,1610,98.718605
2218,1610,154.328476
2219,1610,138.547333
2315,1610,93.252449
2316,1610,113.434532
2317,1610,147.984756
2318,1610,79.730186
2219,1611,136.400421
2220,1611,98.400917
2221,1611,216.974548
2222,1611,2370.802734
2314,1611,87.217682
2315,1611,83.671196
2316,1611,93.127937
2317,1611,85.804245
2318,1611,80.22245
2319,1611,85.088409
2207,1612,6.146476
2208,1612,7.217051
2220,1612,22.547646
2221,1612,160.724457
2222,1612,132.232986
2223,1612,909.707703
2207,1613,52.334713
2221,1613,37.862583
2222,1613,86.194153
2223,1613,35.159996
2224,1613,228.015427
2262,1613,3.697627
2263,1613,1.870238
2264,1613,1.049019
2277,1613,8.903666
2278,1613,6.492463
2296,1613,834.845825
2312,1613,24.597843
2207,1614,13.613372
2208,1614,2.29412
2221,1614,3.846254
2222,1614,34.177467
2223,1614,55.183674
2224,1614,130.724304
2225,1614,226.12973
2236,1614,22.894659
2264,1614,5.567865
2276,1614,5.195203
2277,1614,9.374575
2296,1614,444.661682
2207,1615,13.613372
2208,1615,1.595239
2222,1615,12.213333
2223,1615,64.557716
2224,1615,28.886253
2225,1615,171.537537
2226,1615,171.698212
2227,1615,177.300446
2229,1615,196.215485
2230,1615,196.215485
2231,1615,187.882385
2232,1615,187.882385
2233,1615,100.768623
2234,1615,17.299313
2235,1615,23.397551
2236,1615,28.019508
2237,1615,5.931833
2276,1615,5.560261
2277,1615,31.674093
2278,1615,23.813866
2285,1615,26.172232
2296,1615,352.597229
2222,1616,5.463333
2223,1616,15.202537
2224,1616,28.700008
2225,1616,39.945122
2235,1616,2147.295898
2236,1616,2288.675781
2238,1616,4.964277
2261,1616,2.988254
2262,1616,1.667188
2276,1616,5.523849
2277,1616,15.36997
2278,1616,22.854328
2282,1616,7.403058
2283,1616,9.587162
2284,1616,19.567444
2285,1616,64.262939
2296,1616,173.854813
2299,1616,240.593704
2300,1616,416.123871
2308,1616,389.66629
2221,1617,3.846254
2265,1617,7.395255
2276,1617,2.314745
2277,1617,8.435173
2278,1617,24.259233
2283,1617,6.255589
2284,1617,7.450019
2296,1617,159.902405
2265,1618,1.785883
2266,1618,5.201547
2267,1618,4.346019
2276,1618,7.093095
2277,1618,2.09153
2279,1618,17.378456
2280,1618,14.354706
2281,1618,41.707161
2282,1618,29.983925
2283,1618,5.991887
2284,1618,13.005583
2295,1618,34.571285
2204,1619,3.287885
2264,1619,1.012305
2265,1619,6.55005
2266,1619,60.33577
2267,1619,7.646797
2279,1619,43.209862
2280,1619,23.325655
2281,1619,5.849996
2282,1619,6.548648
2283,1619,57.83036
2287,1620,47.068661
2290,1620,24.797319
2250,1438,51.785801
2251,1438,123.891777
2252,1438,96.576279
2249,1439,11.783832
2255,1439,37.741314
2256,1439,104.394493
2264,1439,103.525146
2278,1440,38.069183
2248,1445,4.607904
2344,1445,2.21558
2345,1445,1.468178
2348,1445,1.179988
2344,1446,32.346725
2345,1446,1.790115
2346,1446,1.236843
2348,1446,1.100946
2344,1447,8.780107
2345,1447,5.691474
2346,1447,1.592604
2347,1447,1.141277
2348,1447,15.711076
2349,1447,1.05306
2344,1448,5.456983
2345,1448,7.390403
2346,1448,4.276023
2347,1448,6.325572
2348,1448,2.560794
2349,1448,8.238342
2345,1449,8.648386
2346,1449,16.246452
2347,1449,14.374315
2348,1449,4.401413
2349,1449,4.767003
2278,1450,52.357422
2345,1450,56.149265
2346,1450,14.74893
2347,1450,9.186385
2348,1450,2.952166
2349,1450,8.337397
2277,1451,9.743339
2278,1451,4.38395
2279,1451,115.471695
2280,1451,56.593849
2345,1451,46.593433
2346,1451,9.808856
2347,1451,7.38032
2348,1451,3.081511
2276,1452,4.11697
2277,1452,1.189284
2278,1452,7.286056
2279,1452,39.06464
2280,1452,41.541649
2344,1452,19.935534
2345,1452,12.030889
2346,1452,6.296045
2347,1452,5.188779
2348,1452,2.688845
2207,1453,8.626839
2249,1453,225.368484
2276,1453,1.892814
2278,1453,2.630102
2279,1453,81.440216
2344,1453,7.856442
2345,1453,6.768621
2346,1453,7.316468
2347,1453,1.952601
2348,1453,3.653027
2203,1454,43.202091
2248,1454,58.664463
2249,1454,52.92849
2250,1454,18.38628
2251,1454,51.314064
2275,1454,2.927722
2277,1454,1.380624
2278,1454,63.324284
2279,1454,69.234703
2343,1454,3.323589
2344,1454,5.383067
2345,1454,3.907908
2346,1454,7.081974
2347,1454,1.352465
2348,1454,2.356702
2212,1455,2.248663
2248,1455,30.263409
2249,1455,17.750387
2251,1455,5.183285
2262,1455,5.915562
2275,1455,2.534951
2276,1455,2.687489
2343,1455,14.189344
2344,1455,2.600349
2345,1455,11.317481
2346,1455,2.0029
2347,1455,2.510918
2348,1455,23.095367
2203,1456,46.601063
2212,1456,4.223448
2248,1456,31.389467
2263,1456,24.069181
2264,1456,124.154236
2344,1456,5.93878
2345,1456,8.739336
2346,1456,32.445118
2347,1456,1.803236
2348,1456,1.072817
2349,1456,5.73335
2212,1457,6.359634
2248,1457,25.690968
2263,1457,6.644177
2264,1457,21.21699
2344,1457,18.031139
2345,1457,25.876196
2346,1457,9.537615
2347,1457,1.579984
2349,1457,5.537112
2203,1458,35.632866
2213,1458,56.468334
2234,1458,44.916965
2235,1458,10.358541
2236,1458,54.919998
2237,1458,1.329789
2248,1458,30.408745
2250,1458,3.4903
2263,1458,1.019579
2264,1458,44.104004
2343,1458,13.058676
2344,1458,15.267617
2345,1458,3.497854
2346,1458,26.558643
2347,1458,4.651517
2204,1459,52.462395
2206,1459,19.05739
2207,1459,24.052006
2208,1459,46.943729
2211,1459,30.107512
2212,1459,25.017963
2213,1459,128.716415
2234,1459,22.66082
2235,1459,11.739496
2236,1459,9.131802
2237,1459,6.616022
2248,1459,38.902222
2263,1459,8.239864
2264,1459,48.317444
2343,1459,10.885207
2344,1459,7.828924
2345,1459,8.169457
2346,1459,9.942042
2347,1459,7.017279
2205,1460,17.998047
2206,1460,39.110859
2207,1460,15.133133
2208,1460,27.262981
2209,1460,33.602253
2210,1460,25.007341
2211,1460,102.477341
2212,1460,152.61525
2233,1460,6.807756
2235,1460,28.257956
2236,1460,4.607019
2237,1460,28.437536
2238,1460,50.689625
2248,1460,35.468117
2249,1460,1.349623
2263,1460,8.600104
2264,1460,26.360065
2233,1461,31.764992
2234,1461,18.929653
2248,1461,39.240383
2263,1461,8.840089
2264,1461,25.841526
2346,1461,72.873291
2347,1461,6.688378
2348,1461,10.569616
2234,1462,56.269711
2235,1462,7.038408
2236,1462,4.941973
2248,1462,36.339394
2263,1462,1.531283
2264,1462,32.190636
2265,1462,75.966537
2344,1462,15.085232
2345,1462,16.705566
2234,1463,23.336414
2235,1463,13.830408
2248,1463,33.335487
2263,1463,4.363856
2264,1463,31.895508
2235,1464,10.109947
2248,1464,29.543079
2263,1464,4.008996
2264,1464,65.419266
2305,1464,8.67849
2307,1464,24.984856
2308,1464,129.268265
2235,1465,2.864166
2236,1465,3.518186
2248,1465,24.962164
2263,1465,3.402224
2264,1465,35.907597
2305,1465,5.119867
2306,1465,12.926335
2307,1465,38.765202
2237,1466,1.410748
2248,1466,23.517591
2257,1466,5.618105
2263,1466,2.988697
2264,1466,31.620907
2306,1466,7.451613
2248,1467,36.141338
2253,1467,1.853548
2254,1467,3.5694
2255,1467,3.128168
2256,1467,3.442807
2257,1467,3.263439
2258,1467,6.095273
2263,1467,1.701422
2264,1467,19.275219
2265,1467,68.029694
2274,1467,8.302029
2275,1467,88.253197
2276,1467,2.230235
2277,1467,5.234097
2279,1467,8.455997
2280,1467,4.792125
2306,1467,13.412374
2248,1468,30.258245
2251,1468,2.009018
2252,1468,2.77661
2253,1468,17.375217
2254,1468,1.918815
2255,1468,2.340016
2256,1468,2.566641
2257,1468,3.199687
2263,1468,2.688312
2264,1468,17.291992
2274,1468,3.799507
2275,1468,36.867771
2276,1468,3.09069
2277,1468,9.761141
2282,1468,2.584792
2305,1468,48.040848
2306,1468,37.815914
2248,1469,31.440788
2254,1469,1.590027
2255,1469,1.098282
2256,1469,1.875543
2263,1469,5.989927
2264,1469,43.744049
2274,1469,2.578582
2275,1469,2.220556
2276,1469,4.898655
2277,1469,12.958271
2247,1470,58.40469
2248,1470,38.253399
2255,1470,1.062153
2256,1470,2.753418
2262,1470,1.240675
2263,1470,10.090232
2264,1470,120.394691
2273,1470,17.230045
2274,1470,1.777991
2275,1470,4.147642
2276,1470,18.151794
2229,1471,39.767555
2248,1471,34.685207
2251,1471,1.20518
2262,1471,3.347723
2263,1471,5.451988
2273,1471,1.404403
2274,1471,2.650523
2275,1471,8.632538
2250,1472,1.789686
2253,1472,1.446227
2262,1472,3.16338
2263,1472,7.176465
2264,1472,61.991482
2265,1472,92.433563
2274,1472,2.358488
2275,1472,8.511582
2248,1473,48.326099
2250,1473,4.47049
2252,1473,1.86757
2262,1473,4.819593
2263,1473,13.844071
2264,1473,270.271484
2273,1473,1.170968
2274,1473,2.214211
2275,1473,11.984559
2285,1473,16.289536
2215,1474,118.461411
2216,1474,290.520874
2250,1474,3.904676
2251,1474,1.324133
2252,1474,1.83728
2254,1474,1.182666
2262,1474,4.424679
2263,1474,5.237988
2264,1474,22.347702
2273,1474,5.110605
2274,1474,4.943012
2275,1474,24.420761
2219,1475,341.210785
2249,1475,16.557571
2252,1475,1.324133
2253,1475,1.323079
2262,1475,4.3456
2263,1475,5.532231
2264,1475,139.657257
2220,1476,4.667008
2249,1476,18.943998
2250,1476,5.481153
2254,1476,1.031556
2262,1476,3.838414
2263,1476,6.611728
2277,1476,12.059709
2249,1477,53.635544
2250,1477,15.908838
2262,1477,13.318884
2263,1477,42.980293
2249,1478,54.639782
2250,1478,39.00486
2251,1478,10.238554
2236,1479,443.408539
2251,1479,20.870613
2252,1479,1.820162
2253,1479,4.2542
2258,1479,14.174535
2259,1479,5.825005
2260,1479,11.051548
2235,1480,258.223389
2236,1480,30.63393
2251,1480,75.601891
2252,1480,45.366135
2258,1480,30.445993
2259,1480,11.484347
2260,1480,5.382254
2236,1481,1.436871
2271,1481,19.609655
2272,1481,20.622957
2273,1481,10.345854
2274,1481,9.957026
2275,1481,6.118654
2276,1481,5.689143
2277,1481,6.427941
2278,1481,7.352803
2279,1481,8.457551
2280,1481,8.396559
2281,1481,17.20722
2282,1481,8.649076
2283,1481,11.339604
2284,1481,24.065172
2285,1481,12.620202
2271,1482,3.87306
2272,1482,7.783386
2273,1482,8.369807
2274,1482,2.921935
2275,1482,2.333891
2276,1482,2.476436
2277,1482,5.131126
2278,1482,3.016951
2279,1482,14.149979
2280,1482,8.165664
2281,1482,13.606496
2282,1482,8.526713
2283,1482,19.760078
2284,1482,6.311314
2285,1482,9.609885
2286,1482,14.688937
2287,1482,19.757385
2348,1482,50.222511
2349,1482,33.326008
2350,1482,71.666374
2271,1483,12.553137
2272,1483,14.140758
2273,1483,13.927969
2274,1483,2.526879
2275,1483,3.070738
2276,1483,3.300393
2277,1483,3.360266
2278,1483,8.807104
2279,1483,4.590688
2280,1483,1.108397
2281,1483,1.662965
2282,1483,6.393862
2283,1483,8.847236
2284,1483,2.103004
2285,1483,2.876887
2286,1483,3.017827
2287,1483,7.486219
2288,1483,10.744357
2346,1483,30.925213
2272,1484,6.575477
2273,1484,3.532345
2274,1484,7.01308
2275,1484,22.90472
2280,1484,13.644779
2285,1484,18.866245
2345,1484,16.71706
2265,1485,1.879163
2305,1485,3.211572
2310,1485,6.370334
2311,1485,7.637054
