1850,2443,34.106491
1854,2443,90.222679
1862,2443,4.329185
1868,2443,1.137483
1885,2443,9.875109
1886,2443,11.4303
1887,2443,6.559984
1888,2443,1.086902
1889,2443,17.067703
1890,2443,42.25267
1782,2444,2.095668
1783,2444,1.173533
1792,2444,2.058125
1794,2444,2.58224
1837,2444,21.332226
1838,2444,8.674415
1839,2444,9.614587
1840,2444,8.392004
1849,2444,6.344871
1850,2444,18.906036
1853,2444,1.989059
1866,2444,4.98532
1885,2444,17.273296
1886,2444,6.95204
1887,2444,6.533497
1888,2444,1.707879
1889,2444,20.600189
1890,2444,17.358301
1781,2445,59.718372
1787,2445,2.074239
1788,2445,1.337929
1789,2445,1.525449
1790,2445,3.956438
1792,2445,14.684727
1846,2445,59.022247
1847,2445,7.351975
1848,2445,5.39949
1849,2445,3.533177
1850,2445,16.854626
1867,2445,6.610312
1868,2445,1.830739
1869,2445,3.934781
1870,2445,1.454
1871,2445,5.102484
1885,2445,34.485905
1886,2445,13.515733
1887,2445,9.056974
1888,2445,2.874192
1889,2445,11.551034
1890,2445,15.913781
1788,2446,2.074239
1790,2446,3.396352
1846,2446,2.419375
1853,2446,110.215546
1857,2446,35.131203
1858,2446,26.973503
1859,2446,22.431028
1860,2446,23.534618
1866,2446,2.906588
1867,2446,6.841767
1868,2446,10.829753
1869,2446,6.428123
1870,2446,5.987462
1871,2446,4.644024
1872,2446,1.603554
1878,2446,15.683332
1885,2446,15.313129
1886,2446,7.646368
1887,2446,6.640677
1888,2446,2.366798
1889,2446,6.719952
1890,2446,36.523983
1891,2446,18.215824
1892,2446,48.371586
1787,2447,1.595374
1788,2447,2.779255
1789,2447,1.595374
1790,2447,8.047529
1792,2447,26.845995
1846,2447,3.905492
1848,2447,1.484704
1849,2447,1.233757
1853,2447,118.448997
1856,2447,2.80118
1872,2447,1.677801
1885,2447,15.521952
1886,2447,7.427785
1887,2447,4.040665
1888,2447,3.640546
1889,2447,6.80784
1890,2447,13.032507
1891,2447,19.414881
1892,2447,17.262985
1779,2448,5.658388
1846,2448,151.923538
1847,2448,27.647099
1848,2448,29.742104
1849,2448,23.083607
1853,2448,8.127115
1854,2448,9.020775
1871,2448,1.650115
1885,2448,34.632259
1886,2448,4.378035
1887,2448,2.481788
1888,2448,1.79124
1889,2448,7.845877
1890,2448,8.957015
1891,2448,10.977168
1892,2448,44.104866
1772,2449,18.753626
1779,2449,40.769997
1824,2449,3.658969
1853,2449,8.149129
1855,2449,17.955482
1856,2449,18.559752
1857,2449,19.388905
1862,2449,10.783523
1871,2449,1.577475
1872,2449,3.37067
1884,2449,11.652767
1885,2449,21.666039
1886,2449,5.046132
1887,2449,5.794959
1888,2449,2.56548
1889,2449,1.614865
1890,2449,1.053248
1891,2449,10.945933
1892,2449,16.125727
1779,2450,29.26906
1787,2450,25.475498
1789,2450,14.535061
1824,2450,16.789309
1825,2450,9.232172
1853,2450,1.344825
1880,2450,1.749919
1881,2450,3.638292
1884,2450,55.866867
1885,2450,27.253727
1886,2450,3.119127
1887,2450,3.865738
1888,2450,2.592138
1889,2450,6.998492
1890,2450,5.232608
1891,2450,4.186691
1892,2450,3.65143
1740,2451,47.289051
1779,2451,27.057756
1789,2451,22.093296
1790,2451,1.288885
1791,2451,14.097087
1822,2451,40.763134
1851,2451,1.666743
1853,2451,12.022765
1857,2451,1.912256
1862,2451,1.708201
1863,2451,1.152633
1864,2451,2.344956
1865,2451,2.573362
1866,2451,2.040207
1867,2451,4.796824
1869,2451,4.818869
1871,2451,3.405098
1874,2451,1.558398
1875,2451,3.128134
1876,2451,3.412421
1880,2451,17.763653
1881,2451,10.796134
1884,2451,12.085291
1885,2451,13.28511
1886,2451,7.480834
1887,2451,1.614428
1888,2451,2.134478
1889,2451,1.531477
1890,2451,18.49942
1891,2451,19.220592
1739,2452,241.838257
1772,2452,27.674528
1779,2452,8.352422
1788,2452,23.408575
1789,2452,42.978539
1790,2452,107.92308
1822,2452,13.234157
1856,2452,9.960808
1863,2452,4.36242
1864,2452,5.171977
1865,2452,22.155682
1866,2452,16.035467
1867,2452,18.550226
1868,2452,30.289972
1869,2452,12.311897
1870,2452,1.944581
1871,2452,1.950168
1874,2452,8.418637
1875,2452,2.748997
1876,2452,1.583876
1877,2452,5.077011
1878,2452,4.164214
1880,2452,11.337608
1883,2452,20.176897
1884,2452,10.958296
1885,2452,34.441566
1886,2452,11.574431
1887,2452,5.608463
1888,2452,1.687318
1889,2452,4.51802
1890,2452,5.322653
1737,2453,17.74943
1738,2453,137.024719
1739,2453,40.17704
1763,2453,60.645512
1771,2453,47.579422
1772,2453,42.490982
1779,2453,37.904133
1780,2453,31.546967
1792,2453,3.901388
1856,2453,25.657806
1873,2453,5.328054
1874,2453,6.405399
1875,2453,12.916908
1876,2453,16.427971
1877,2453,9.902496
1878,2453,2.899413
1880,2453,22.005087
1884,2453,33.77858
1885,2453,22.954285
1886,2453,14.602989
1887,2453,11.630073
1888,2453,52.937164
1889,2453,9.029102
1890,2453,13.309879
1737,2454,13.38505
1738,2454,3.776632
1836,2454,14.771212
1837,2454,8.495507
1839,2454,3.494581
1871,2454,2.186973
1872,2454,7.189075
1884,2454,119.47377
1890,2454,31.959114
1738,2455,11.163939
1739,2455,26.90778
1740,2455,5.91535
1745,2455,159.712357
1822,2455,22.760742
1824,2455,2.41752
1837,2455,15.931431
1838,2455,1.536665
1871,2455,17.399794
1872,2455,6.436764
1744,2456,3.369971
1774,2456,13.872284
1777,2456,37.055004
1842,2456,8.237281
1863,2456,31.282505
1871,2456,18.969931
1872,2456,15.927671
1772,2457,3.927277
1773,2457,3.596473
1774,2457,23.048023
1775,2457,5.027776
1776,2457,1.960224
1777,2457,1.612069
1778,2457,7.571099
1848,2457,2.754717
1859,2457,4.918413
1871,2457,19.987932
1872,2457,4.946683
1718,2458,7.38444
1772,2458,17.59606
1773,2458,3.732555
1774,2458,8.213635
1778,2458,1.29047
1780,2458,2.074239
1835,2458,5.976824
1836,2458,1.205472
1839,2458,3.505199
1841,2458,2.10695
1861,2458,50.670654
1865,2458,1.787783
1866,2458,1.973867
1867,2458,1.890473
1869,2458,6.615885
1870,2458,6.579222
1873,2458,13.88423
1874,2458,2.390894
1875,2458,3.54671
1876,2458,6.345481
1877,2458,3.589561
1717,2459,62.876991
1718,2459,64.141365
1719,2459,20.858246
1731,2459,20.411507
1772,2459,6.357501
1773,2459,21.56875
1774,2459,12.343651
1775,2459,7.909193
1776,2459,22.999027
1777,2459,16.747904
1778,2459,9.235723
1779,2459,11.16905
1780,2459,33.828793
1834,2459,6.663282
1835,2459,177.595688
1836,2459,5.845329
1838,2459,7.040051
1839,2459,3.336484
1840,2459,57.594696
1841,2459,43.079376
1842,2459,5.784958
1875,2459,13.377826
1876,2459,7.856607
1716,2460,104.337936
1720,2460,1.389214
1723,2460,1.539997
1725,2460,39.022697
1727,2460,11.730042
1728,2460,6.639376
1772,2460,78.120354
1773,2460,78.295135
1774,2460,19.908829
1775,2460,32.180809
1776,2460,39.001461
1777,2460,28.499474
1778,2460,30.589933
1779,2460,16.600199
1780,2460,31.930876
1781,2460,39.079464
1838,2460,31.308552
1715,2461,36.377537
1724,2461,16.329687
1725,2461,4.248464
1837,2462,29.464016
1838,2462,6.228809
1839,2462,5.066277
1840,2462,3.645997
1841,2462,53.589378
1842,2462,125.14843
1757,2463,1.677505
1758,2463,52.093124
1762,2463,4.20745
1838,2463,2.402926
1839,2463,4.869992
1840,2463,32.548286
1841,2463,5.083892
1751,2464,151.015976
1759,2464,243.208923
1760,2464,62.025211
1840,2464,4.869992
1760,2465,13.982354
1840,2465,1.315863
1864,2465,7.587598
1839,2466,1.420242
1840,2466,1.249067
1864,2466,51.41013
1874,2466,4.006697
1876,2466,4.537662
1758,2467,23.639294
1838,2467,1.736696
1839,2467,5.150617
1840,2467,6.338469
1864,2467,17.92572
1758,2468,3.438304
1833,2468,17.595932
1838,2468,19.715107
1839,2468,3.016645
1840,2468,8.447561
1758,2469,1.826892
1833,2469,20.801111
1828,2470,1.812367
1832,2470,10.579783
1833,2470,16.410427
1838,2470,11.885654
1839,2470,5.083459
1762,2471,11.571142
1828,2471,1.897383
1832,2471,6.083717
1834,2471,2.680271
1835,2471,3.25921
1837,2471,21.103153
1758,2472,138.757248
1762,2472,60.096539
1763,2472,74.67511
1822,2472,35.864887
1833,2472,19.860798
1834,2472,1.225704
1835,2472,1.355114
1836,2472,36.713539
1838,2472,14.798041
1877,2472,12.155044
1727,2473,32.204247
1820,2473,37.257614
1822,2473,22.229271
1823,2473,12.969767
1824,2473,2.054923
1825,2473,142.323502
1829,2473,13.6333
1831,2473,2.283875
1834,2473,2.285776
1835,2473,1.447084
1836,2473,1.759733
1838,2473,93.283386
1877,2473,8.091799
1730,2474,73.06459
1731,2474,48.679703
1732,2474,13.442146
1733,2474,5.266037
1734,2474,9.113967
1752,2474,92.592934
1823,2474,8.875972
1834,2474,3.121707
1835,2474,3.875775
1836,2474,1.042525
1874,2474,2.349873
1875,2474,12.932489
1876,2474,7.951814
1877,2474,1.450957
1732,2475,13.419746
1742,2475,20.005705
1743,2475,28.955687
1751,2475,37.514641
1752,2475,80.613556
1823,2475,10.405233
1826,2475,13.243299
1828,2475,5.099631
1832,2475,15.975391
1833,2475,7.430004
1874,2475,1.975904
1875,2475,3.491774
1876,2475,1.07572
1877,2475,1.041525
1733,2476,1.675137
1737,2476,7.068754
1742,2476,13.656661
1743,2476,31.042046
1751,2476,90.569923
1752,2476,117.048775
1759,2476,25.376377
1826,2476,34.497929
1827,2476,31.614361
1828,2476,3.076957
1829,2476,14.882195
1832,2476,7.071531
1833,2476,3.466871
1834,2476,3.300198
1875,2476,2.946374
1877,2476,1.728105
1731,2477,24.022999
1732,2477,2.584421
1736,2477,3.480989
1737,2477,33.001041
1738,2477,1.665328
1742,2477,51.0
1743,2477,64.479836
1748,2477,3.302438
1749,2477,7.063793
1750,2477,7.470082
1751,2477,6.503084
1752,2477,3.593761
1753,2477,93.485329
1827,2477,30.361137
1828,2477,12.126832
1874,2477,1.626384
1877,2477,1.779241
1878,2477,5.787641
1732,2478,2.631136
1739,2478,23.550215
1742,2478,15.333328
1743,2478,63.353767
1748,2478,2.278585
1750,2478,3.192173
1829,2478,24.853191
1876,2478,3.635094
1877,2478,2.257752
1878,2478,6.667109
1730,2479,1.801186
1732,2479,18.414555
1735,2479,1.030899
1736,2479,10.097308
1739,2479,8.875675
1740,2479,3.931415
1741,2479,6.21439
1742,2479,62.292717
1743,2479,159.440125
1751,2479,70.082886
1731,2480,4.091269
1732,2480,19.506804
1733,2480,2.008721
1734,2480,3.359246
1735,2480,3.678037
1736,2480,9.247205
1741,2480,5.120512
1742,2480,162.365326
1743,2480,76.262299
1733,2481,20.039717
1734,2481,4.451389
1735,2481,2.012117
1736,2481,9.41145
1737,2481,1.105141
1740,2481,21.948128
1741,2481,38.059486
1742,2481,4.60189
1743,2481,58.486168
1744,2481,35.232868
1735,2482,1.574049
1736,2482,83.377121
1737,2482,51.084991
1738,2482,77.40564
1739,2482,52.549171
1729,2483,3.408533
1743,2483,1.82371
1744,2483,28.688044
1745,2483,136.953384
1844,2483,24.676847
1845,2483,25.905212
1738,2484,47.706688
1741,2484,75.54454
1743,2484,172.828751
1744,2484,152.943359
1841,2484,307.431396
1739,2485,328.349609
1880,2485,4.218615
1728,2486,2.402399
1744,2486,227.256531
1880,2487,1.855336
1881,2487,5.591063
1737,2490,101.755676
1739,2490,1.234359
1740,2490,1.234359
1741,2490,1.223283
1738,2492,1.234359
1788,2492,4.44441
1789,2492,16.008753
1869,2492,7.436073
1870,2492,8.131221
1871,2492,6.681179
1872,2492,15.558163
1873,2492,12.396811
1874,2492,14.09236
1875,2492,34.849121
1876,2492,27.713507
1877,2492,24.1737
1878,2492,17.785875
1879,2492,9.197104
1880,2492,30.803219
1881,2492,8.462202
1882,2492,6.662434
1883,2492,9.223492
1887,2492,3.66404
1737,2493,5.022305
1739,2493,2.309678
1787,2493,12.669181
1788,2493,15.613438
1789,2493,31.549034
1867,2493,54.806324
1879,2493,38.880196
1880,2493,7.673555
1882,2493,145.303101
1885,2493,139.754517
1887,2493,39.246094
1787,2494,13.048966
1788,2494,2.702088
1789,2494,28.316549
1867,2494,36.982647
1868,2494,24.44293
1737,2495,1.926817
1738,2495,1.943233
1740,2495,1.910741
1769,2495,28.833075
1782,2495,17.910776
1788,2495,13.463701
1834,2495,199.386627
1835,2495,50.320793
1836,2495,2.202925
1867,2495,9.776602
1868,2495,4.961772
1738,2496,2.293677
1835,2496,150.817245
1836,2496,3.796791
1837,2496,4.665391
1867,2496,4.511054
1868,2496,6.518818
1733,2497,87.191154
1736,2497,24.238386
1737,2497,1.405826
1738,2497,1.849256
1740,2497,17.335199
1789,2497,4.365005
1848,2497,7.893526
1867,2497,42.42659
1868,2497,6.426787
1733,2498,64.323441
1867,2498,3.089894
1868,2498,3.531565
1866,2499,19.161352
1867,2499,3.753193
1873,2311,13.131121
1874,2311,6.595954
1878,2311,49.134468
1887,2311,32.776218
1874,2312,7.63444
1878,2312,2.149671
1880,2312,2.366085
1881,2312,2.366085
1882,2312,2.333475
1883,2312,2.369189
1884,2312,2.919783
1885,2312,2.333475
1887,2312,2.547155
1873,2313,3.036666
1875,2313,1.131774
1878,2313,7.917054
1879,2313,6.624123
1880,2313,7.479033
1881,2313,18.954268
1883,2313,2.046391
1884,2313,2.046391
1885,2313,4.088035
1887,2313,2.829413
1872,2314,1.126094
1873,2314,3.139463
1877,2314,3.117921
1878,2314,2.669856
1880,2314,9.5839
1881,2314,12.515871
1882,2314,13.442162
1883,2314,21.537388
1884,2314,4.088035
1871,2315,7.129239
1873,2315,1.708091
1875,2315,1.16605
1876,2315,4.898631
1877,2315,9.865095
1878,2315,4.107452
1883,2315,2.780219
1870,2316,52.761456
1871,2316,27.705282
1873,2316,55.76429
1874,2316,15.252561
1875,2316,12.489531
1876,2316,13.851688
1877,2316,13.001215
1878,2316,11.43407
1879,2316,2.127557
1880,2316,2.718311
1881,2316,2.127557
1882,2316,6.11156
1883,2316,3.110117
1769,2317,113.075218
1868,2317,15.215889
1878,2317,6.802452
1870,2318,12.518436
1873,2318,9.607578
1874,2318,2.669856
1878,2318,18.776644
1870,2319,2.61447
1874,2319,9.455204
1875,2319,23.822773
1879,2319,30.532726
1883,2319,32.281269
1870,2320,14.186237
1874,2320,7.540255
1877,2320,7.354354
1878,2320,8.44562
1879,2320,24.966667
1881,2320,7.259902
1882,2320,4.388016
1883,2320,8.836291
1869,2331,27.72496
1870,2331,40.230202
1833,2335,69.011101
1835,2335,126.034851
1798,2337,223.226654
1799,2337,139.036316
1860,2337,44.52589
1861,2337,30.904909
1862,2337,26.227951
1863,2337,11.758367
1864,2337,31.236523
1865,2337,52.618279
1866,2337,23.846703
1867,2337,43.305164
1868,2337,30.213961
1869,2337,58.625732
1870,2337,7.665797
1874,2337,2.333025
1875,2337,2.580685
1876,2337,93.909317
1877,2337,101.419769
1876,2338,53.734859
1859,2339,75.891907
1871,2339,4.007432
1859,2340,167.31662
1871,2340,1.565143
1822,2341,308.898987
1875,2341,1.860312
1881,2341,14.800341
1882,2341,11.440478
1774,2342,4.727225
1798,2342,341.000824
1799,2342,415.324951
1800,2342,283.800995
1801,2342,318.377686
1871,2342,2.367774
1882,2342,18.92658
1883,2342,6.581708
1884,2342,6.580652
1774,2343,8.485701
1775,2343,2.976522
1838,2343,263.854553
1873,2343,1.876887
1787,2345,9.382727
1790,2345,8.506849
1872,2345,1.033805
1861,2346,15.69047
1863,2346,28.357536
1885,2346,7.338723
1782,2347,7.340153
1782,2348,3.34673
1782,2350,6.316197
1783,2350,17.006645
1865,2352,9.832237
1845,2353,3.351741
1862,2353,382.428986
1864,2353,4.735662
1861,2354,14.064924
1862,2354,45.393032
1863,2354,8.67079
1861,2355,9.214171
1862,2355,9.475839
1863,2355,2.634176
1861,2356,4.086337
1862,2356,6.792392
1861,2357,2.119809
1861,2358,6.366716
1862,2358,5.534409
1861,2359,6.860044
1862,2359,5.114048
1861,2360,6.950546
1862,2360,3.723766
1863,2360,1.5783
1861,2361,4.074918
1862,2361,1.479554
1863,2361,2.914048
1864,2361,4.962451
1860,2362,3.782384
1861,2362,5.223098
1817,2363,92.455002
1818,2363,210.712067
1861,2363,2.374346
1862,2363,2.768245
1847,2364,60.460484
1860,2364,3.813413
1861,2364,30.45182
1862,2364,43.664566
1814,2365,76.30513
1860,2365,121.146675
1861,2365,168.637497
1862,2365,86.314537
1797,2366,34.707428
1798,2366,6.14718
1799,2366,21.571747
1801,2366,86.71727
1814,2366,39.629456
1799,2367,8.173453
1801,2367,47.540283
1803,2367,15.671937
1804,2367,8.390518
1805,2367,11.38049
1806,2367,12.969408
1807,2367,11.321507
1809,2367,55.539944
1814,2367,183.771271
1786,2368,13.292025
1813,2368,5.009105
1814,2368,48.216846
1818,2368,39.11895
1846,2370,36.419842
1847,2370,163.360428
1820,2371,19.839493
1844,2371,48.282055
1845,2371,19.686647
1784,2373,24.715517
1790,2373,8.827055
1842,2373,13.308838
1860,2373,12.073639
1861,2373,34.49295
1862,2373,10.682086
1863,2373,38.351036
1864,2373,25.29295
1868,2373,4.53859
1784,2374,25.318054
1785,2374,12.778509
1812,2374,9.042395
1842,2374,8.715945
1823,2375,28.702553
1827,2375,8.0
1861,2375,12.017055
1862,2375,38.195415
1863,2375,78.00013
1864,2375,70.666908
1865,2375,33.865116
1814,2376,16.029495
1823,2376,19.417934
1861,2376,14.971046
1862,2376,9.477855
1863,2376,342.89801
1864,2376,8.5425
1865,2376,77.677986
1866,2376,11.09103
1867,2376,35.786774
1861,2377,25.207432
1862,2377,1.611584
1863,2377,5.217064
1864,2377,4.708435
1865,2377,4.879841
1866,2377,54.71302
1867,2377,19.071009
1868,2377,19.996616
1869,2377,24.580559
1857,2378,1.680194
1859,2378,4.852682
1860,2378,1.861277
1862,2378,7.65477
1863,2378,1.68986
1864,2378,9.963811
1865,2378,1.27337
1870,2378,14.87679
1871,2378,14.346068
1769,2379,52.628902
1811,2379,54.350426
1857,2379,15.191164
1859,2379,1.755238
1864,2379,4.157903
1865,2379,1.129898
1866,2379,1.042607
1871,2379,10.079389
1794,2380,4.071716
1859,2380,2.429049
1862,2380,4.716186
1864,2380,1.162334
1865,2380,1.862268
1871,2380,36.839832
1806,2381,71.884941
1807,2381,160.612305
1851,2381,8.326967
1859,2381,3.652238
1863,2381,11.243292
1864,2381,2.831092
1867,2381,33.090649
1868,2381,1.543683
1871,2381,6.304977
1851,2382,1.594728
1864,2382,11.884361
1867,2382,3.115584
1868,2382,2.477248
1847,2383,79.665367
1867,2383,1.56581
1868,2383,1.932767
1871,2383,2.979663
1872,2383,2.219597
1847,2384,4.995133
1865,2384,2.986475
1866,2384,3.877068
1867,2384,7.34016
1868,2384,2.668624
1872,2384,1.124013
1875,2384,12.375963
1846,2385,52.368191
1847,2385,3.174702
1865,2385,2.33737
1866,2385,4.149017
1867,2385,9.619594
1868,2385,27.209524
1871,2385,1.068448
1875,2385,2.928087
1876,2385,9.667286
1875,2386,1.546653
1876,2386,1.532722
1877,2386,17.482109
1894,2386,5.459912
1895,2386,7.811331
1899,2386,2.024849
1900,2386,8.162058
1795,2387,21.428909
1875,2387,1.706823
1877,2387,1.233007
1878,2387,15.002182
1879,2387,17.003056
1880,2387,5.582236
1884,2387,1.94066
1885,2387,2.014392
1897,2387,6.223434
1898,2387,16.617218
1899,2387,15.996096
1794,2388,12.12077
1795,2388,16.414871
1838,2388,20.602543
1875,2388,2.001911
1876,2388,1.797867
1877,2388,1.551151
1878,2388,2.975648
1881,2388,1.318732
1882,2388,1.325489
1884,2388,1.781295
1885,2388,5.568132
1887,2388,1.607698
1888,2388,2.201468
1839,2389,84.780922
1840,2389,50.529099
1841,2389,91.399475
1842,2389,230.448105
1845,2389,37.04303
1867,2389,1.450091
1868,2389,2.532401
1869,2389,1.110929
1870,2389,2.249616
1875,2389,3.016772
1876,2389,3.967439
1877,2389,11.166606
1878,2389,4.214012
1880,2389,1.906689
1881,2389,1.596818
1882,2389,1.681282
1886,2389,1.001199
1887,2389,1.195138
1888,2389,1.195138
1890,2389,2.474817
1891,2389,2.445766
1892,2389,1.494895
1895,2389,1.15406
1897,2389,2.574566
1839,2390,48.751503
1871,2390,2.781933
1842,2392,47.310471
1881,2392,1.555183
1882,2392,3.244486
1883,2392,2.869405
1884,2392,2.708913
1841,2393,28.57691
1842,2393,70.608063
1843,2393,96.881615
1871,2393,3.108188
1874,2393,1.111097
1875,2393,1.322495
1876,2393,1.441258
1877,2393,1.321975
1878,2393,1.074787
1879,2393,2.31152
1884,2393,1.330179
1888,2393,1.452488
1889,2393,1.898957
1890,2393,1.578199
1891,2393,1.520429
1841,2394,48.803535
1842,2394,92.281441
1867,2394,5.006433
1868,2394,6.827012
1871,2394,1.604064
1878,2394,1.089309
1895,2394,1.692261
1878,2395,1.823832
1879,2395,1.304007
1878,2396,2.985306
1879,2396,1.3092
1878,2397,2.985306
1874,2398,4.05211
1875,2398,5.4783
1876,2398,2.985306
1793,2399,3.670599
1794,2399,7.869736
1868,2399,10.09976
1869,2399,20.558243
1870,2399,8.850756
1870,2400,8.190263
1837,2401,8.863705
1840,2401,10.33828
1869,2401,8.082713
1872,2401,1.462784
1873,2401,4.584888
1874,2401,4.584888
1875,2401,4.593777
1876,2401,3.145747
1839,2402,6.801927
1840,2402,42.552837
1867,2402,17.509636
1868,2402,4.266745
1792,2403,6.73077
1793,2403,14.592321
1794,2403,17.307344
1795,2403,14.455353
1800,2403,13.121555
1838,2403,5.939363
1839,2403,10.33828
1840,2403,54.298523
1780,2404,200.841064
1882,2404,4.828205
1887,2404,1.013333
1889,2404,3.236014
1898,2404,2.017668
1882,2405,4.491734
1899,2405,22.725716
1837,2406,12.084189
1871,2406,7.077991
1872,2406,9.694039
1882,2406,4.468877
1888,2406,1.189021
1798,2407,6.038545
1799,2407,4.335858
1800,2407,3.145885
1801,2407,3.145885
1802,2407,3.145885
1803,2407,3.152081
1805,2407,7.973025
1806,2407,8.114483
1838,2407,5.720962
1839,2407,11.024784
1841,2407,5.879157
1881,2407,7.830329
1882,2407,3.510193
1886,2407,1.105973
1887,2407,1.572112
1794,2408,8.660861
1796,2408,8.764392
1799,2408,19.33637
1800,2408,7.602442
1801,2408,7.602442
1802,2408,7.850874
1803,2408,7.850874
1842,2408,7.940025
1871,2408,1.238262
1881,2408,8.437577
1886,2408,7.499071
1887,2408,9.905333
1899,2408,12.912462
1800,2409,31.145836
1827,2409,28.438183
1841,2409,5.331353
1842,2409,5.205604
1843,2409,7.850671
1844,2409,5.205604
1868,2409,14.399724
1869,2409,7.839873
1870,2409,5.788219
1881,2409,4.847534
1887,2409,1.174263
1889,2409,1.757961
1892,2409,1.599302
1893,2409,1.717556
1899,2409,148.208649
1799,2410,3.203695
1810,2410,3.677777
1828,2410,29.443014
1829,2410,47.070786
1840,2410,7.454786
1841,2410,5.189517
1842,2410,1.408363
1843,2410,38.112259
1864,2410,1.391298
1865,2410,1.22083
1866,2410,3.405771
1867,2410,2.478414
1868,2410,4.396936
1885,2410,2.537011
1887,2410,1.142376
1889,2410,1.066679
1890,2410,1.060406
1891,2410,1.350368
1892,2410,9.229196
1893,2410,7.224108
1899,2410,15.18604
1780,2411,57.960072
1799,2411,8.258552
1800,2411,4.335858
1801,2411,3.145885
1802,2411,3.747161
1828,2411,15.900903
1829,2411,90.651596
1830,2411,34.760323
1831,2411,37.403477
1832,2411,24.232264
1833,2411,48.836395
1837,2411,6.338035
1839,2411,7.454786
1840,2411,8.031804
1841,2411,8.190522
1842,2411,11.237195
1843,2411,13.182187
1846,2411,4.058838
1859,2411,1.463722
1860,2411,3.406063
1862,2411,1.193303
1880,2411,58.659519
1884,2411,1.111157
1889,2411,1.037715
1892,2411,1.456647
1893,2411,1.080754
1899,2411,26.497847
1780,2412,5.502101
1790,2412,5.369407
1801,2412,8.114483
1802,2412,5.412238
1807,2412,3.632427
1837,2412,31.36401
1838,2412,11.622171
1839,2412,5.171618
1840,2412,7.841278
1841,2412,5.319925
1843,2412,1.524173
1844,2412,8.328432
1880,2412,43.672604
1894,2412,1.363102
1899,2412,8.010112
1790,2413,19.656887
1791,2413,4.767441
1797,2413,3.152081
1801,2413,14.834779
1824,2413,40.847839
1825,2413,2.116367
1826,2413,1.125182
1827,2413,23.040419
1832,2413,20.488359
1834,2413,3.757802
1838,2413,5.955408
1839,2413,1.641143
1842,2413,9.496677
1843,2413,1.529847
1844,2413,1.047269
1845,2413,17.509848
1879,2413,1.758607
1880,2413,4.035422
1898,2413,1.963475
1899,2413,56.430038
1747,2414,317.827637
1748,2414,6.428901
1791,2414,19.275923
1792,2414,4.767441
1797,2414,3.998873
1800,2414,3.145885
1802,2414,3.145885
1806,2414,3.203695
1813,2414,20.899382
1826,2414,8.557614
1827,2414,8.971445
1828,2414,10.802814
1830,2414,2.776031
1831,2414,1.726223
1832,2414,4.187698
1834,2414,4.278476
1835,2414,5.163612
1836,2414,2.214508
1840,2414,4.873016
1841,2414,4.140925
1846,2414,2.325796
1847,2414,5.860408
1848,2414,15.068582
1862,2414,122.70034
1863,2414,127.000343
1864,2414,122.000343
1867,2414,2.745245
1880,2414,6.877346
1881,2414,105.308449
1885,2414,3.500929
1886,2414,106.042305
1887,2414,106.038055
1888,2414,105.447495
1889,2414,105.446861
1890,2414,105.569946
1891,2414,105.006737
1892,2414,105.079842
1893,2414,105.267624
1894,2414,104.966072
1746,2415,1147.514526
1747,2415,889.805542
1778,2415,6.20794
1779,2415,3.541003
1780,2415,8.944688
1795,2415,3.840348
1798,2415,3.929206
1800,2415,3.632427
1808,2415,33.19656
1809,2415,13.382679
1828,2415,2.698011
1831,2415,5.963261
1832,2415,7.786325
1834,2415,2.669693
1835,2415,1.641143
1844,2415,4.913716
1846,2415,9.780486
1862,2415,1.084291
1863,2415,2.680312
1893,2415,1.898446
1894,2415,1.421067
1896,2415,1.294733
1897,2415,3.690901
1898,2415,107.368538
1899,2415,3.940744
1773,2416,220.717911
1778,2416,8.164286
1785,2416,6.913224
1786,2416,14.518608
1795,2416,11.447035
1798,2416,9.441924
1801,2416,3.747161
1807,2416,5.429869
1816,2416,27.185232
1821,2416,11.211221
1827,2416,4.50726
1830,2416,4.039114
1831,2416,12.116882
1832,2416,27.1252
1834,2416,1.362809
1835,2416,7.535949
1836,2416,11.703198
1837,2416,20.868399
1838,2416,4.783809
1839,2416,4.485873
1840,2416,5.763433
1841,2416,4.140925
1842,2416,5.233458
1843,2416,4.560342
1844,2416,4.128334
1845,2416,7.885179
1846,2416,2.24596
1847,2416,10.537327
1863,2416,1.413832
1897,2416,3.603715
1898,2416,91.991364
1899,2416,2.406914
1773,2417,188.243027
1786,2417,3.570735
1788,2417,2.798299
1790,2417,16.61005
1816,2417,5.229076
1827,2417,29.523605
1834,2417,1.375135
1837,2417,3.7938
1838,2417,6.205364
1842,2417,1.529847
1845,2417,8.296301
1846,2417,4.44529
1847,2417,1.817869
1848,2417,5.096286
1863,2417,6.073218
1864,2417,5.002343
1897,2417,5.163068
1898,2417,767.871094
1899,2417,6.420504
1773,2418,81.372681
1778,2418,1.362824
1779,2418,2.301163
1780,2418,3.203074
1781,2418,7.586787
1790,2418,5.059373
1796,2418,2.625408
1797,2418,1.660097
1801,2418,3.747161
1813,2418,10.199152
1816,2418,86.356689
1819,2418,4.527884
1826,2418,1.003409
1827,2418,1.16469
1838,2418,11.891788
1845,2418,1.351469
1846,2418,7.298567
1847,2418,20.049252
1856,2418,7.639159
1866,2418,7.495116
1867,2418,4.797274
1895,2418,2.053959
1897,2418,3.924883
1898,2418,767.091125
1899,2418,3.414217
1773,2419,111.207489
1779,2419,4.475584
1780,2419,5.601218
1781,2419,2.313783
1790,2419,3.34673
1797,2419,24.722256
1818,2419,7.734065
1819,2419,3.122308
1820,2419,10.622203
1821,2419,1.211514
1823,2419,1.003409
1824,2419,8.746716
1832,2419,2.417212
1834,2419,3.062362
1835,2419,3.458353
1836,2419,14.852485
1841,2419,4.128334
1855,2419,7.780601
1856,2419,2.003038
1870,2419,3.683612
1875,2419,9.008775
1876,2419,1.14058
1877,2419,1.272221
1878,2419,24.997858
1879,2419,1.264301
1880,2419,1.08845
1881,2419,1.196412
1897,2419,2.090259
1898,2419,1.86118
1899,2419,10.924247
1788,2420,3.314452
1790,2420,4.84264
1799,2420,46.200565
1811,2420,3.265761
1813,2420,5.958409
1818,2420,4.198975
1822,2420,16.709206
1823,2420,6.169163
1825,2420,1.205746
1827,2420,1.285752
1828,2420,2.026415
1829,2420,2.100032
1830,2420,4.798889
1831,2420,58.7943
1832,2420,3.557935
1834,2420,9.634728
1835,2420,44.491859
1836,2420,4.584246
1837,2420,8.182229
1839,2420,1.45822
1841,2420,3.092943
1842,2420,4.128334
1843,2420,2.361036
1856,2420,1.342886
1877,2420,4.206739
1878,2420,1.864951
1879,2420,1.311133
1880,2420,1.859028
1897,2420,4.02001
1898,2420,1.79573
1899,2420,5.296575
1779,2421,2.537503
1788,2421,1.102927
1790,2421,20.656887
1791,2421,3.34673
1792,2421,19.656887
1813,2421,6.066518
1817,2421,19.905853
1820,2421,19.905853
1821,2421,25.800144
1822,2421,10.592581
1829,2421,2.061987
1832,2421,3.567623
1833,2421,2.09384
1835,2421,27.294786
1846,2421,9.793218
1847,2421,24.558342
1875,2421,1.59862
1896,2421,1.245987
1897,2421,2.24532
1898,2421,1.129068
1780,2422,1.091164
1824,2422,14.867301
1826,2422,1.291568
1827,2422,2.049907
1829,2422,3.582649
1833,2422,6.68228
1835,2422,4.460924
1838,2422,8.835884
1839,2422,1.311788
1840,2422,1.311788
1843,2422,2.24596
1845,2422,26.723083
1846,2422,24.486397
1847,2422,44.869946
1848,2422,62.722275
1849,2422,20.895504
1856,2422,2.77067
1857,2422,126.14695
1858,2422,1.165983
1859,2422,3.923472
1860,2422,2.575323
1861,2422,1.577712
1862,2422,1.647888
1863,2422,41.236938
1864,2422,13.363441
1865,2422,15.616488
1866,2422,16.846195
1867,2422,16.794914
1868,2422,4.664614
1869,2422,1.327536
1870,2422,7.029043
1898,2422,14.83718
1779,2423,1.091164
1781,2423,1.332834
1786,2423,1.301369
1822,2423,1.835303
1824,2423,21.747997
1825,2423,2.394058
1833,2423,7.244375
1835,2423,1.627528
1842,2423,3.013896
1857,2423,17.791042
1858,2423,10.180474
1859,2423,8.368773
1860,2423,5.403049
1861,2423,5.953032
1862,2423,3.502484
1863,2423,20.525711
1864,2423,9.527323
1865,2423,4.208752
1866,2423,15.013409
1867,2423,17.796032
1868,2423,14.183099
1898,2423,12.461837
1719,2424,244.984421
1720,2424,216.603088
1721,2424,24.130939
1722,2424,32.990448
1724,2424,17.753738
1725,2424,92.380966
1793,2424,27.094929
1796,2424,1.344256
1798,2424,1.422294
1816,2424,56.929672
1819,2424,23.098633
1822,2424,1.635719
1830,2424,3.412169
1832,2424,5.383857
1835,2424,1.265589
1838,2424,1.210845
1845,2424,4.261826
1846,2424,5.175348
1847,2424,1.167538
1858,2424,44.883522
1859,2424,33.352253
1860,2424,35.424931
1861,2424,56.362091
1862,2424,46.522541
1863,2424,7.04507
1864,2424,4.346154
1865,2424,7.368571
1866,2424,12.088717
1867,2424,17.111496
1868,2424,8.219121
1869,2424,5.684572
1898,2424,51.110718
1899,2424,36.897533
1723,2425,52.519661
1725,2425,4.450013
1726,2425,51.895992
1778,2425,1.035613
1779,2425,1.091164
1781,2425,1.837748
1782,2425,1.187932
1783,2425,1.206126
1793,2425,22.875336
1804,2425,6.42623
1822,2425,1.803809
1830,2425,5.393291
1831,2425,8.301518
1834,2425,5.129913
1837,2425,2.541435
1838,2425,2.708668
1843,2425,1.874594
1845,2425,5.216912
1868,2425,21.229033
1869,2425,8.273585
1898,2425,26.821226
1784,2426,9.36668
1802,2426,2.607951
1804,2426,1.669703
1822,2426,1.237914
1826,2426,2.542577
1834,2426,1.172714
1835,2426,5.044654
1836,2426,5.54234
1837,2426,12.159166
1839,2426,15.022223
1843,2426,1.758798
1845,2426,1.14599
1846,2426,4.587535
1850,2426,3.47961
1881,2426,39.336807
1883,2426,1.054951
1898,2426,19.193417
1772,2427,49.577171
1773,2427,52.854362
1774,2427,158.165283
1775,2427,9.450416
1783,2427,1.787207
1790,2427,1.055795
1803,2427,3.121851
1809,2427,1.13274
1814,2427,5.943734
1816,2427,6.45597
1817,2427,1.450448
1822,2427,4.692008
1823,2427,9.298133
1824,2427,9.298133
1825,2427,2.967506
1826,2427,4.585945
1830,2427,2.789539
1831,2427,23.812511
1834,2427,1.090784
1837,2427,1.632643
1845,2427,3.273488
1846,2427,1.037985
1847,2427,2.240851
1848,2427,3.177335
1849,2427,6.549073
1883,2427,1.09174
1884,2427,8.79652
1714,2428,500.75824
1780,2428,1.187932
1782,2428,1.787207
1783,2428,51.0037
1784,2428,7.701385
1813,2428,2.260041
1817,2428,3.121851
1832,2428,4.801542
1839,2428,1.128242
1843,2428,2.219311
1845,2428,1.438339
1846,2428,2.079441
1847,2428,1.072261
1848,2428,4.228958
1849,2428,4.100932
1858,2428,1.341665
1782,2429,4.903217
1783,2429,31.1206
1784,2429,13.248329
1789,2429,2.337536
1808,2429,18.590296
1810,2429,4.815974
1817,2429,2.427021
1823,2429,1.601801
1824,2429,1.094175
1825,2429,1.06295
1832,2429,1.41046
1833,2429,1.218168
1834,2429,1.824144
1845,2429,3.001428
1846,2429,2.079657
1847,2429,1.642511
1848,2429,20.252098
1858,2429,1.334816
1866,2429,6.027319
1872,2429,9.855603
1782,2430,3.440895
1783,2430,8.53546
1788,2430,1.671547
1789,2430,2.491081
1791,2430,1.369171
1792,2430,2.309882
1795,2430,3.663433
1796,2430,12.935428
1798,2430,5.277766
1823,2430,2.622734
1832,2430,4.41671
1833,2430,1.632643
1834,2430,8.358925
1843,2430,3.485003
1845,2430,3.581341
1846,2430,2.4242
1847,2430,2.577299
1848,2430,4.082713
1864,2430,4.192508
1884,2430,2.254877
1885,2430,2.294817
1886,2430,1.123271
1887,2430,1.19728
1888,2430,1.212282
1889,2430,4.07957
1890,2430,4.067778
1798,2431,40.858082
1803,2431,1.553983
1806,2431,1.0832
1809,2431,2.471017
1810,2431,1.0832
1811,2431,1.364426
1815,2431,1.573833
1816,2431,1.318197
1817,2431,1.0832
1822,2431,10.691547
1823,2431,34.131744
1824,2431,16.80529
1825,2431,17.702311
1826,2431,16.066954
1830,2431,1.015547
1834,2431,4.484978
1835,2431,1.632643
1839,2431,1.198508
1843,2431,1.010636
1845,2431,14.075432
1846,2431,5.234493
1855,2431,2.060718
1856,2431,1.580269
1864,2431,33.246857
1871,2431,2.671232
1873,2431,3.08336
1876,2431,3.863752
1884,2431,9.049206
1887,2431,2.786598
1899,2431,2.875601
1726,2432,381.780792
1830,2432,31.474119
1831,2432,44.418102
1833,2432,3.82322
1835,2432,2.600683
1836,2432,9.06559
1837,2432,1.938925
1842,2432,14.640141
1843,2432,2.189092
1845,2432,31.219213
1846,2432,5.78335
1847,2432,2.576616
1864,2432,22.635801
1865,2432,12.341253
1866,2432,2.349569
1867,2432,2.986986
1868,2432,3.89277
1869,2432,5.314452
1870,2432,19.205498
1871,2432,12.280992
1872,2432,15.37503
1873,2432,11.365285
1874,2432,3.242738
1875,2432,8.467773
1876,2432,10.087626
1877,2432,9.998444
1878,2432,48.594498
1767,2433,101.580772
1783,2433,1.606137
1787,2433,1.654413
1788,2433,1.234838
1789,2433,1.234838
1808,2433,1.646272
1810,2433,1.646272
1818,2433,12.963729
1819,2433,12.963729
1820,2433,8.546508
1845,2433,13.075589
1846,2433,7.620363
1847,2433,22.189976
1848,2433,2.955539
1850,2433,1.980624
1864,2433,33.772209
1865,2433,24.566132
1866,2433,3.926042
1867,2433,9.098627
1868,2433,8.230219
1869,2433,6.530461
1870,2433,7.383492
1871,2433,9.706703
1872,2433,11.018196
1873,2433,9.70281
1874,2433,4.144384
1875,2433,7.949747
1876,2433,4.276441
1877,2433,2.351954
1878,2433,7.194541
1730,2434,92.173973
1779,2434,28.5872
1795,2434,1.074448
1802,2434,3.089493
1810,2434,1.811878
1845,2434,35.626907
1849,2434,5.170999
1864,2434,86.589951
1865,2434,17.161013
1866,2434,45.516083
1867,2434,38.346272
1868,2434,16.162905
1869,2434,14.287664
1870,2434,35.539867
1871,2434,15.69732
1872,2434,23.491457
1873,2434,25.460415
1874,2434,27.357872
1875,2434,25.819878
1876,2434,16.984909
1877,2434,5.617094
1730,2435,99.682442
1779,2435,33.502789
1783,2435,1.847428
1801,2435,4.563859
1802,2435,1.646613
1810,2435,1.484291
1811,2435,2.238856
1832,2435,1.60824
1842,2435,5.122876
1845,2435,26.531563
1846,2435,2.25691
1864,2435,120.813431
1865,2435,108.259628
1866,2435,101.09465
1867,2435,58.034966
1868,2435,54.775475
1869,2435,17.461378
1870,2435,16.745144
1871,2435,26.141987
1872,2435,57.424053
1873,2435,60.977455
1874,2435,123.451302
1875,2435,65.584152
1876,2435,36.840343
1877,2435,10.839855
1878,2435,7.373581
1774,2436,22.367001
1775,2436,23.073891
1779,2436,3.440895
1782,2436,1.847428
1783,2436,5.963286
1791,2436,2.330891
1832,2436,3.519856
1842,2436,4.269357
1845,2436,4.830329
1846,2436,10.548612
1855,2436,2.399224
1884,2436,4.54976
1886,2436,1.326534
1888,2436,1.109039
1889,2436,1.490386
1890,2436,2.294385
1896,2436,37.072914
1730,2437,198.062012
1781,2437,122.038696
1794,2437,8.435088
1815,2437,2.555767
1825,2437,1.514099
1833,2437,22.052307
1837,2437,4.827932
1842,2437,16.221405
1845,2437,7.430066
1846,2437,3.445267
1847,2437,2.99663
1885,2437,4.019177
1886,2437,2.236519
1889,2437,1.881003
1890,2437,1.862772
1891,2437,2.256851
1892,2437,2.766129
1893,2437,17.141348
1894,2437,24.383738
1895,2437,43.512302
1896,2437,35.220562
1780,2438,31.693455
1792,2438,3.001975
1806,2438,1.895373
1836,2438,2.092639
1842,2438,29.791105
1845,2438,17.175953
1846,2438,1.188348
1849,2438,1.893664
1885,2438,4.698904
1886,2438,4.407287
1887,2438,2.976905
1888,2438,1.126564
1889,2438,1.028131
1890,2438,2.244689
1891,2438,1.364389
1892,2438,32.338692
1893,2438,184.041992
1894,2438,59.788055
1895,2438,46.850319
1766,2439,23.747818
1767,2439,28.097168
1773,2439,4.54385
1786,2439,2.608877
1788,2439,10.358886
1789,2439,1.703268
1792,2439,4.547007
1806,2439,1.869425
1822,2439,5.997111
1842,2439,9.433435
1845,2439,26.22035
1846,2439,6.053384
1847,2439,3.368495
1848,2439,3.533456
1849,2439,6.255953
1854,2439,57.718445
1885,2439,104.244293
1886,2439,35.79192
1887,2439,13.689413
1888,2439,76.345383
1889,2439,1.355619
1890,2439,27.472551
1891,2439,102.385925
1767,2440,19.048929
1769,2440,1.977926
1771,2440,155.072601
1772,2440,16.298752
1773,2440,17.616638
1774,2440,11.040615
1791,2440,1.908195
1792,2440,4.480786
1794,2440,2.41743
1838,2440,2.617422
1871,2440,1.217464
1885,2440,80.845779
1886,2440,35.769772
1887,2440,11.322859
1888,2440,2.557991
1889,2440,13.385653
1783,2441,2.095668
1789,2441,1.526307
1792,2441,2.681214
1826,2441,4.763133
1842,2441,22.330242
1850,2441,1.990105
1859,2441,1.005129
1860,2441,3.167413
1872,2441,2.24385
1885,2441,779.153625
1886,2441,36.155838
1887,2441,3.325238
1888,2441,3.314235
1889,2441,13.867818
1776,2442,3.742027
1789,2442,2.41743
1790,2442,2.052107
1794,2442,3.105064
1846,2442,4.560668
1850,2442,28.577513
1854,2442,51.096107
1863,2442,1.094199
1880,2442,2.098458
1885,2442,12.897827
1886,2442,8.005767
1887,2442,6.499363
1888,2442,4.367601
1889,2442,9.523005
