2360,1,77.370003
2271,2,50.483128
2272,2,18.926731
2274,2,112.068718
2275,2,137.159256
2276,2,248.536575
2277,2,114.193558
2278,2,83.535599
2279,3,44.970306
2420,6,195.572174
2309,7,26.296795
2420,7,3.218858
2313,8,77.928886
2314,8,33.291668
2420,8,2.429483
2499,8,14.073851
2314,9,19.261204
2420,9,5.152081
2314,10,11.739229
2420,10,2.166125
2315,13,236.629593
2352,14,111.743233
2420,15,169.296906
2477,18,159.055649
2353,24,226.434982
2355,24,41.443356
2356,24,215.792755
2358,24,40.575588
2359,24,90.878357
2361,24,56.131969
2464,24,113.747635
2354,25,135.365143
2363,25,214.572342
2464,25,97.947594
2465,25,53.961491
2492,25,57.247425
2494,25,29.339985
2495,25,39.315205
2496,25,17.742416
2463,26,536.015076
2464,26,156.263947
2494,26,37.011646
2495,26,38.267925
2463,27,274.915131
2464,27,198.006195
2465,27,58.292088
2493,27,18.010893
2494,27,29.412903
2464,28,172.719315
2465,28,94.614876
2466,28,21.456512
2492,28,37.844933
2493,28,21.115105
2494,28,12.582033
2495,28,11.376889
2496,28,17.931013
2492,29,32.190819
2493,29,39.380219
2494,29,22.333508
2495,29,30.720615
2492,30,104.526894
2466,32,4.478826
2361,33,9.124146
2362,33,7.061873
2363,33,10.67247
2364,33,66.194954
2365,33,50.304428
2366,33,23.908203
2465,33,105.655052
2466,33,7.771974
2355,34,196.929398
2356,34,147.386566
2357,34,157.474686
2359,34,131.404449
2361,34,42.473511
2362,34,49.48233
2363,34,39.663155
2364,34,57.313198
2365,34,46.214703
2366,34,64.469917
2374,34,41.280861
2375,34,3.127073
2376,34,3.819206
2377,34,16.594139
2466,34,1.248736
2355,35,182.908539
2356,35,183.318375
2357,35,136.446899
2358,35,65.698715
2359,35,221.62941
2364,35,54.704411
2365,35,79.715691
2366,35,1.946624
2374,35,9.536998
2375,35,8.025217
2376,35,8.471018
2377,35,10.357914
2378,35,9.309378
2379,35,9.488858
2307,36,48.128273
2355,36,246.497635
2356,36,248.789383
2357,36,224.366196
2358,36,56.390366
2359,36,136.456116
2361,36,1.874103
2362,36,6.579072
2363,36,2.994846
2364,36,2.866839
2365,36,2.538337
2366,36,8.066012
2374,36,6.400753
2375,36,9.003326
2376,36,8.868723
2377,36,21.077682
2378,36,30.407528
2379,36,26.780756
2380,36,32.518867
2468,36,5.341773
2286,37,268.047943
2314,37,117.838341
2315,37,63.257889
2355,37,245.367981
2356,37,230.638885
2357,37,146.242676
2380,37,10.977451
2470,37,308.032227
2472,37,47.330864
2473,37,32.887325
2474,37,28.080374
2475,37,47.28569
2483,37,8.152962
2488,37,14.213081
2285,38,184.333481
2355,38,206.887299
2356,38,167.099625
2370,38,41.996098
2470,38,89.728638
2471,38,86.486084
2472,38,52.001747
2473,38,24.266563
2474,38,29.485273
2484,38,3.41481
2487,38,52.078896
2488,38,29.297791
2489,38,12.674631
2490,38,16.12356
2357,39,80.916725
2370,39,56.422215
2471,39,175.003326
2472,39,76.488144
2473,39,60.870602
2487,39,98.032265
2489,39,12.878835
2490,39,18.564875
2492,39,4.317903
2493,39,7.201751
2471,40,117.305176
2473,40,87.717499
2474,40,132.400726
2487,40,133.291672
2488,40,43.734463
2489,40,20.78091
2490,40,23.484037
2493,40,13.136406
2494,40,14.040462
2495,40,23.28965
2496,40,14.08451
2489,41,24.372698
2493,41,97.086693
2494,41,86.156006
2489,42,43.344769
2483,60,41.050049
2482,61,7.932441
2483,61,12.530708
2484,61,65.99025
2482,62,17.884594
2482,64,5.322808
2483,64,52.867313
2435,65,31.0065
2436,65,148.780426
2438,65,72.202209
2439,65,65.711685
2440,65,58.087898
2441,65,45.477516
2442,65,55.243164
2443,65,43.466053
2435,66,63.041595
2444,66,48.928623
2445,66,17.120117
2446,66,48.019619
2446,67,24.106783
2447,67,189.047607
2297,71,110.764786
2297,72,47.001854
2298,72,77.238304
2466,72,2.534835
2468,72,4.021567
2469,72,5.788684
2476,72,3.560043
2290,73,27.29565
2291,73,51.620956
2297,73,56.474335
2298,73,53.158058
2300,73,16.998438
2466,73,4.668577
2468,73,1.111315
2471,73,2.720353
2472,73,7.241391
2475,73,12.521917
2476,73,1.801993
2477,73,7.496777
2297,74,11.30916
2298,74,4.752796
2299,74,6.619354
2297,75,38.078201
2298,75,28.655464
2299,75,14.994316
2289,76,3.648209
2290,76,1.589257
2293,76,4.672027
2297,76,55.695309
2496,76,5.098485
2497,76,8.369047
2498,76,6.692857
2499,76,5.014805
2473,77,48.891033
2474,77,20.228809
2476,77,14.830165
2496,77,12.125149
2497,77,6.207956
2498,77,3.618726
2499,77,1.968962
2473,78,71.547409
2474,78,10.112112
2496,78,25.502241
2497,78,11.687511
2498,78,10.329948
2496,79,20.195507
2497,79,19.659082
2498,79,6.750926
2499,79,2.682604
2496,80,24.647797
2497,80,20.236813
2498,80,9.796971
2499,80,1.641846
2298,81,44.070953
2496,81,64.474281
2497,81,35.327778
2498,81,27.857084
2499,81,6.782552
2498,82,16.349756
2499,82,13.647577
2298,83,43.960438
2498,83,19.731846
2499,83,36.231419
2295,85,114.741173
2296,85,68.837341
2293,86,333.758423
2294,86,48.465683
2296,86,39.664066
2297,86,34.184898
2298,86,9.663469
2331,86,165.923965
2292,87,195.45665
2293,87,96.914749
2294,87,27.04855
2295,87,8.298126
2296,87,12.113031
2297,87,6.784997
2298,87,1.954116
2332,87,105.652275
2293,88,34.107212
2296,88,3.818557
2290,90,325.641754
2307,97,59.633034
2308,97,27.800339
2309,97,20.371675
2310,97,24.530575
2311,97,13.508923
2312,97,38.752167
2307,98,26.907337
2308,98,12.327126
2309,98,11.960796
2310,98,6.421615
2311,98,7.621506
2312,98,6.661708
2313,98,8.51676
2306,100,12.257784
2307,100,2.672324
2308,100,5.01113
2305,101,41.029346
2306,101,22.106287
2311,102,11.933501
2298,104,33.215092
2311,104,5.737489
2251,414,168.398743
2311,106,5.088207
2312,106,9.548672
2290,107,30.311058
2311,107,5.283937
2312,107,5.580903
2289,108,28.295078
2290,108,4.108871
2300,108,4.412234
2311,108,6.23065
2300,109,8.717472
2311,109,3.846483
2312,109,2.589393
2331,109,20.621078
2311,110,2.801493
2331,110,55.487991
2332,110,34.015293
2292,111,60.884895
2293,111,5.424667
2331,111,64.097122
2332,111,40.709225
2292,112,4.268573
2293,112,7.395686
2300,112,2.450516
2320,112,14.262847
2331,112,48.546078
2332,112,146.865738
2289,113,24.394064
2290,113,15.143721
2319,113,26.11755
2320,113,16.799417
2331,113,37.259846
2332,113,51.124065
2289,114,39.072807
2290,114,10.363192
2291,114,5.887782
2301,114,1.355449
2319,114,24.677128
2320,114,9.178363
2321,114,15.075436
2331,114,85.699165
2332,114,66.262222
2303,115,5.412767
2319,115,31.239965
2320,115,18.370232
2330,115,32.676029
2331,115,37.08709
2285,116,10.077419
2300,116,2.645078
2301,116,2.527276
2302,116,1.819953
2303,116,1.616997
2319,116,24.314371
2320,116,21.376726
2330,116,57.369148
2287,117,7.134055
2298,117,5.978725
2300,117,1.571917
2311,117,4.900507
2319,117,34.850388
2320,117,13.379747
2287,118,26.593861
2288,118,7.381836
2298,118,4.556531
2301,118,2.215978
2302,118,1.389649
2311,118,6.401793
2320,118,19.836401
2332,118,34.650448
2333,118,72.732697
2335,118,149.891907
2287,119,9.422147
2302,119,4.064752
2303,119,1.29474
2304,119,1.245128
2311,119,8.475524
2320,119,43.782608
2331,119,4.025955
2332,119,10.04003
2333,119,23.40309
2334,119,26.855419
2335,119,105.943726
2336,119,87.069244
2337,119,123.506241
2281,120,3.547996
2287,120,12.32124
2288,120,2.12247
2290,120,10.271324
2295,120,3.352221
2301,120,1.074345
2303,120,3.396189
2311,120,15.055485
2286,121,15.179326
2293,121,22.579403
2294,121,8.170925
2295,121,8.545403
2300,121,2.917345
2301,121,3.833593
2303,121,2.71461
2304,121,4.617739
2305,121,1.42722
2311,121,8.602507
2283,122,4.361425
2294,122,7.045664
2302,122,1.266118
2303,122,1.505165
2305,122,1.679429
2306,122,2.753377
2317,122,1.477002
2318,122,4.92155
2319,122,3.606506
2335,122,1.524036
2278,123,22.588249
2284,123,3.053626
2287,123,49.30381
2288,123,7.982131
2304,123,3.037327
2305,123,3.98407
2318,123,2.809881
2319,123,2.986773
2278,124,10.717368
2279,124,1.464902
2286,124,3.987022
2287,124,6.99545
2288,124,9.227674
2304,124,1.860121
2305,124,1.805109
2318,124,2.021632
2319,124,3.439782
2286,125,13.563984
2291,125,9.369499
2292,125,6.491457
2295,125,2.381897
2301,125,2.397367
2303,125,6.366539
2304,125,3.099188
2442,125,133.730804
2447,125,49.64233
2448,125,56.914677
2291,126,21.098169
2292,126,20.260962
2301,126,1.423848
2303,126,4.147154
2292,127,10.727036
2294,127,1.28148
2300,127,2.240635
2303,127,1.44675
2292,128,2.681648
2465,128,64.859245
2466,128,224.37236
2272,129,4.390456
2466,129,288.602386
2280,131,3.17105
2393,133,581.381836
2417,134,83.69735
2365,135,87.027596
2366,135,125.353897
2378,135,262.266846
2417,135,18.778452
2365,136,107.006035
2378,136,180.852249
2379,136,194.403519
2417,136,35.204945
2365,137,115.72422
2378,137,91.152527
2379,137,113.338211
2380,137,77.514282
2417,137,32.463314
2366,138,451.561005
2367,138,175.391602
2417,138,29.472898
2435,142,110.459244
2473,146,145.145569
2475,146,135.05162
2476,146,320.877533
2473,147,173.152649
2474,147,209.127869
