118,210,95.862892
119,210,70.924614
120,210,61.682343
121,210,163.749786
122,210,198.942017
124,210,214.968338
118,211,248.46846
119,211,162.983353
120,211,226.742401
121,211,270.42453
136,211,25.670507
137,211,63.921864
154,211,9.693021
155,211,17.055361
120,212,870.810242
138,212,22.329561
148,212,126.390503
149,212,48.091461
159,212,4.294182
145,213,163.664413
148,213,266.169037
137,214,4.866305
156,214,29.856617
138,215,42.652275
139,215,126.757111
116,216,71.231033
66,267,225.152847
66,270,179.792297
67,270,270.654358
66,271,61.27087
67,271,288.529022
153,0,15.4093
154,0,4.577933
155,0,7.394879
156,0,46.573391
157,0,3.836641
158,0,7.169993
162,0,2.268367
163,0,1.582745
181,0,23.237234
14,1,46.388996
153,1,3.353393
154,1,2.000143
155,1,5.227029
157,1,6.499877
186,1,26.019665
152,2,65.484024
153,2,16.900335
154,2,3.726144
171,2,4.536697
155,318,3.392681
150,3,35.771591
155,3,36.626057
160,319,5.432346
156,320,7.576251
160,5,2.930501
161,6,3.610071
110,32,232.397675
178,32,44.842102
173,34,117.733887
172,35,10.292371
173,35,80.930374
174,35,2.19536
176,35,215.479462
79,36,309.776215
171,36,142.891327
174,36,3.397061
110,40,126.297539
174,40,107.637978
109,41,194.352844
114,42,38.760914
166,42,131.636688
167,42,163.507553
118,43,95.353493
49,56,2.120006
50,56,1.882698
49,57,6.31048
50,57,8.070967
39,58,23.693649
40,58,19.736731
49,58,2.551093
167,373,17.898815
162,374,9.906128
66,61,43.100552
66,62,26.775967
65,63,33.48251
28,64,72.621918
24,65,36.829433
82,66,16.983192
83,66,27.495518
84,66,23.539783
80,67,4.911874
82,67,6.514254
83,67,7.133386
84,67,7.390928
87,67,41.082649
88,67,52.993973
100,67,137.700974
36,68,9.373279
76,68,13.853066
80,68,32.994095
81,68,7.900156
82,68,3.998718
84,68,4.630237
87,68,8.110928
61,69,36.863499
76,69,1.556039
77,69,24.224125
78,69,2.54108
79,69,3.282462
80,69,5.207253
81,69,27.860739
82,69,1.793647
83,69,29.759838
60,71,49.90836
88,71,4.9217
89,71,4.905955
90,71,25.004522
91,71,9.142726
94,71,18.406027
95,71,17.539583
96,71,26.955921
97,71,21.521069
98,71,25.024715
99,71,25.134779
100,71,21.582685
101,71,63.660484
87,72,3.42257
90,72,11.960346
91,72,13.899158
68,73,89.339462
82,78,53.479908
85,79,51.193047
86,79,44.720943
69,80,72.074097
53,81,27.265823
64,81,78.293457
69,81,58.43269
116,81,136.591736
116,82,78.042953
117,82,343.339508
116,83,145.8862
117,83,111.347572
116,84,54.150719
117,84,62.902706
2,86,220.308212
116,92,39.097683
116,93,69.895065
114,94,178.854065
117,94,115.144836
113,95,11.06448
113,96,8.875808
65,101,112.70919
64,102,50.061516
72,102,8.237383
67,103,2.500859
72,103,2.382035
73,103,14.679272
113,118,82.63858
94,120,183.32283
95,120,137.802704
96,120,176.876678
109,120,24.199333
90,121,170.70134
91,121,101.829247
92,121,185.508667
93,121,279.957214
94,121,123.076599
95,121,62.923023
96,121,94.800102
101,121,19.677601
108,121,9.705669
109,121,4.837818
110,121,6.465506
84,122,475.968079
85,122,524.472839
86,122,128.714233
87,122,109.123077
88,122,219.809814
89,122,373.40683
90,122,157.730881
91,122,45.943211
92,122,83.864929
93,122,113.178001
94,122,61.555573
95,122,47.212128
96,122,35.493156
97,122,39.892925
99,122,9.070578
100,122,2.467579
101,122,4.203696
102,122,3.563163
103,122,4.79831
104,122,2.061674
108,122,1.791224
109,122,1.576697
82,123,446.832397
84,123,222.110489
85,123,218.134735
86,123,68.314957
87,123,59.386929
88,123,154.765839
89,123,76.282104
90,123,43.608273
91,123,17.891327
92,123,18.41647
93,123,22.73094
94,123,21.202848
95,123,14.716558
96,123,11.333307
97,123,18.821262
98,123,12.5177
99,123,7.220454
100,123,5.802854
101,123,1.039227
107,123,10.402841
108,123,814.433167
109,123,1.211522
72,124,57.057232
73,124,14.44049
74,124,58.436417
77,124,432.707458
78,124,114.739632
79,124,131.41008
80,124,362.928802
81,124,227.071091
82,124,221.618378
83,124,37.939552
84,124,75.972359
85,124,118.943336
86,124,14.709857
87,124,55.471462
88,124,31.136549
89,124,30.895145
90,124,12.193686
91,124,4.595386
92,124,4.338058
93,124,8.012338
94,124,4.651738
95,124,3.670651
96,124,2.659306
97,124,2.600375
98,124,2.720655
99,124,1.938916
101,124,1.917261
109,124,1.225679
72,125,260.221802
73,125,11.184383
74,125,5.208314
75,125,4.912756
76,125,67.439796
77,125,212.550552
78,125,22.155054
79,125,24.533951
80,125,33.529121
81,125,64.586838
82,125,59.945465
83,125,55.927677
84,125,42.794468
85,125,21.360842
86,125,8.355854
87,125,11.540878
88,125,10.066385
89,125,7.284677
90,125,20.317589
91,125,3.127242
92,125,1.070333
93,125,3.721267
95,125,233.627274
99,125,2.291484
100,125,2.170486
103,125,2.166895
104,125,1.857139
105,125,1.882658
107,125,2.653865
108,125,7.575543
109,125,11.508836
72,126,36.102287
73,126,8.427505
74,126,2.86387
75,126,6.238616
76,126,9.227157
77,126,7.357328
78,126,5.290462
79,126,5.76814
80,126,5.700642
81,126,7.711573
82,126,5.660457
83,126,3.125505
84,126,2.560809
85,126,7.603914
87,126,1.499696
89,126,113.249359
90,126,468.280457
91,126,1133.516602
92,126,1.541667
93,126,154.833298
94,126,50.382942
95,126,1.822492
97,126,1.701406
98,126,2.058824
102,126,1.391748
104,126,1.004001
105,126,6.897412
106,126,1.694521
107,126,3.970605
108,126,7.241323
109,126,16.122866
110,126,35.781654
111,126,43.239853
73,127,15.401986
74,127,1.028263
75,127,1.47619
76,127,1.272727
77,127,3.824073
78,127,3.76372
79,127,3.76372
80,127,2.213707
81,127,2.610621
82,127,2.754895
83,127,3.46253
84,127,1.245305
92,127,2.800052
93,127,3.274769
94,127,2.92715
95,127,1.922986
96,127,3.3245
97,127,3.137
98,127,2.189425
99,127,1.220512
100,127,1.120512
101,127,1.495824
102,127,2.947485
103,127,2.912264
104,127,2.236265
105,127,3.722657
106,127,3.243802
107,127,7.127237
108,127,21.36088
109,127,47.91423
110,127,67.119881
111,127,168.528214
112,127,171.504761
113,127,201.175385
91,128,11.676077
92,128,4.349481
93,128,1.638954
94,128,2.078126
95,128,4.135086
96,128,4.289742
97,128,2.480494
98,128,2.478822
99,128,1.727745
100,128,1.729418
101,128,3.218391
102,128,4.710995
103,128,9.961987
104,128,10.844282
105,128,15.308651
106,128,19.293562
107,128,19.569805
108,128,41.068447
109,128,88.597649
110,128,83.055641
111,128,221.313309
112,128,222.355621
42,129,85.70723
43,129,36.323776
68,129,1.677213
69,129,6.126112
90,129,2.607607
91,129,2.123458
92,129,4.073127
93,129,12.540851
94,129,12.835535
95,129,13.65124
96,129,12.059142
97,129,8.617161
98,129,13.79767
99,129,9.657093
100,129,9.528154
101,129,14.943069
102,129,15.473829
103,129,18.097401
104,129,19.440636
105,129,24.082262
106,129,13.99836
107,129,45.295479
108,129,120.579971
109,129,155.429855
110,129,170.11972
111,129,236.617722
42,130,121.231918
43,130,83.011162
44,130,5.897943
45,130,22.261703
69,130,32.952938
70,130,14.48448
85,130,2.59271
89,130,1.005378
90,130,1.705706
91,130,7.62726
92,130,12.796132
93,130,18.643089
94,130,23.259014
95,130,43.300056
96,130,55.477596
97,130,42.368393
98,130,43.402889
99,130,27.404202
100,130,28.117081
101,130,31.865158
102,130,45.113052
103,130,96.267258
104,130,97.069244
105,130,94.835953
106,130,117.107841
107,130,165.653625
108,130,209.208893
109,130,411.746429
154,130,13.161934
155,130,7.162771
156,130,12.608319
157,130,17.720047
41,131,119.277878
42,131,64.499596
43,131,52.16132
44,131,8.078593
45,131,14.120176
69,131,39.838593
85,131,19.655107
86,131,2.231026
87,131,1.599431
88,131,1.760907
89,131,6.12605
90,131,7.984682
91,131,21.828697
92,131,41.737843
93,131,214.669769
94,131,144.4086
95,131,133.605743
96,131,95.282852
42,132,39.95285
43,132,59.293018
44,132,14.289677
85,132,131.896164
86,132,9.022154
87,132,27.079018
88,132,22.079021
89,132,37.147266
90,132,41.089691
91,132,82.401932
92,132,118.285454
42,133,26.295168
43,133,28.560158
44,133,9.730049
43,134,110.818382
44,134,3.139725
43,135,10.809685
44,135,2.170257
45,135,3.844996
159,135,4.469858
162,135,3.419497
42,136,30.745325
45,136,5.63908
47,136,81.385513
144,136,108.010094
157,136,3.418217
158,136,4.055223
159,136,1.39851
55,137,13.106737
144,137,11.614391
145,137,59.966534
146,137,3.586097
149,137,4.79118
151,137,3.135049
152,137,3.728944
153,137,13.588783
154,137,1.920802
155,137,26.883291
146,138,1.077074
147,138,2.784139
148,138,10.362655
149,138,2.165158
150,138,4.656358
47,139,28.249699
144,139,63.008163
145,139,184.70047
146,139,156.102844
8,141,9.621917
68,141,14.56866
70,141,3.264015
10,142,11.123133
11,142,15.401619
12,142,161.083328
13,142,20.629122
14,142,99.501137
15,142,67.200111
73,142,3.093594
74,142,38.654701
75,142,36.04594
76,142,68.589645
77,142,95.008026
10,143,48.079479
11,143,15.197917
12,143,8.946465
13,143,16.701551
14,143,83.035751
15,143,171.804459
78,143,35.452675
79,143,29.827862
80,143,27.514112
81,143,104.305771
13,144,6.357468
14,144,2.413825
15,144,217.419327
16,144,238.870209
16,145,150.941116
16,146,165.422028
59,147,80.398346
60,147,136.496506
61,147,38.802929
62,147,62.581024
63,147,43.038109
64,147,203.123093
68,147,9.373338
69,147,7.404208
70,147,3.391946
61,148,2.964237
62,148,21.068693
63,148,73.924187
64,148,70.555367
68,148,2.627083
69,148,2.452658
70,148,7.484494
71,148,3.916302
62,149,90.362045
63,149,70.0
68,149,1.691512
69,149,1.619305
70,149,2.512554
62,150,57.985367
63,150,66.682426
68,150,5.842658
69,150,1.20881
70,150,7.284564
68,151,4.774569
69,151,7.910542
70,151,18.245037
68,152,8.212171
69,152,39.67963
70,152,108.713081
68,153,72.058662
69,153,36.558956
64,156,20.83674
65,156,103.518967
50,157,132.749176
51,157,18.664076
63,157,17.728031
64,157,41.67382
65,157,10.627149
60,158,10.376333
61,158,42.024063
62,158,17.728031
63,158,19.736326
64,158,33.439571
65,158,18.340099
60,159,5.978744
61,159,45.350937
62,159,48.650463
51,163,47.945396
40,166,76.797668
47,168,65.481987
15,182,2.791534
14,183,7.968048
15,183,1.578903
10,186,17.364655
11,186,18.325729
138,194,62.875885
139,194,187.191711
140,194,194.791611
141,194,102.016891
142,194,92.975334
143,194,334.300659
135,195,39.32272
136,195,59.899723
137,195,114.986511
138,195,24.741711
139,195,34.592098
140,195,15.280607
141,195,65.664177
142,195,96.090607
143,195,64.102417
8,196,19.673294
9,196,25.781393
10,196,10.506742
131,196,22.252087
132,196,30.81242
133,196,34.746483
134,196,19.520084
135,196,11.783256
136,196,13.483257
137,196,44.125584
138,196,12.381407
139,196,13.036287
140,196,3.764758
141,196,36.137733
142,196,23.437563
143,196,12.572497
144,196,11.445415
131,197,10.642346
132,197,8.090725
133,197,8.851388
134,197,6.753943
135,197,7.452981
136,197,5.843776
132,198,7.164687
133,198,6.515716
156,202,285.474274
122,205,2.795367
133,205,8.331592
134,205,3.247128
120,206,16.904371
121,206,4.846313
122,206,1.73019
125,206,21.594112
129,206,2.125
130,206,8.68725
131,206,6.200523
132,206,2.280556
133,206,3.251681
134,206,19.459826
118,207,9.764752
119,207,4.888005
121,207,3.370301
122,207,6.720451
124,207,10.143743
125,207,11.520922
127,207,6.889581
128,207,4.700522
129,207,10.238699
130,207,22.517738
131,207,10.974697
132,207,37.981125
133,207,6.644643
134,207,18.857
135,207,34.165592
118,208,11.405845
119,208,6.013672
120,208,15.218012
121,208,1.480117
122,208,2.004405
123,208,32.35817
124,208,20.674431
125,208,72.566132
126,208,19.078106
127,208,32.440071
128,208,25.694466
129,208,21.458498
130,208,72.47998
131,208,55.473545
133,208,18.430418
134,208,26.610645
135,208,21.555059
118,209,6.311328
119,209,2.090348
120,209,161.914093
121,209,197.191055
122,209,49.930641
123,209,68.225204
124,209,101.505058
125,209,21.518337
126,209,23.639219
128,209,266.046814
133,209,27.429176
