71,1167,62.397919
73,1167,187.597946
186,1167,2.471924
187,1167,16.56325
188,1167,10.279812
189,1167,9.04231
190,1167,7.067256
191,1167,10.611419
192,1167,3.432203
193,1167,3.926062
194,1167,9.786309
195,1167,2.868344
196,1167,5.092932
197,1167,4.761342
198,1167,3.879846
199,1167,4.899742
201,1167,12.951043
202,1167,7.243529
209,1167,3.308842
211,1167,8.344119
212,1167,9.130441
213,1167,4.813581
214,1167,16.437502
215,1167,18.688311
216,1167,34.664219
217,1167,21.414787
218,1167,30.247164
219,1167,31.265512
220,1167,111.249771
221,1167,76.385269
222,1167,34.000961
223,1167,58.885941
224,1167,53.736065
225,1167,48.867855
258,1167,36.822071
259,1167,40.874035
106,1168,3.314317
202,1168,6.029322
240,1168,25.83444
258,1168,29.601318
259,1168,14.640081
1,1806,79.480179
239,1169,58.238777
259,1169,26.200918
98,1178,67.454964
99,1178,86.395111
100,1178,84.849442
101,1178,123.630394
102,1178,45.23418
103,1178,30.811136
104,1178,58.609604
108,1178,47.770245
53,1179,189.421875
54,1179,269.183441
60,1179,300.756409
61,1179,394.088928
62,1179,524.63031
98,1179,64.03627
99,1179,42.783623
100,1179,54.448879
101,1179,7.807237
102,1179,18.895041
103,1179,37.740925
104,1179,5.847077
106,1179,6.341182
107,1179,11.471464
108,1179,10.119202
109,1179,18.469202
110,1179,12.612016
111,1179,24.503578
115,1179,6.348365
1,1814,896.836792
1,1815,431.152618
93,1180,125.5056
94,1180,55.622116
95,1180,16.225248
96,1180,70.68203
98,1180,6.134549
99,1180,7.720808
100,1180,7.970738
101,1180,4.030937
102,1180,12.264631
103,1180,4.512863
106,1180,7.254317
107,1180,4.189613
108,1180,1.099432
109,1180,1.452834
110,1180,3.047845
111,1180,4.578612
112,1180,34.847954
1,1816,100.616631
94,1181,9.858169
95,1181,16.594645
96,1181,13.453796
103,1181,1.215399
104,1181,1.671366
83,1182,118.709045
225,1182,189.540283
226,1182,20.841541
229,1182,3.174278
82,1183,43.524277
124,1183,7.802055
127,1183,20.613489
128,1183,15.557986
129,1183,6.372671
165,1183,8.500009
166,1183,10.895377
167,1183,6.862144
168,1183,7.044836
169,1183,5.515473
218,1183,2.040247
227,1183,1.261723
124,1184,167.971848
125,1184,130.562302
126,1184,5.678326
127,1184,13.265472
171,1184,1.085231
188,1184,1.735903
189,1184,1.145394
190,1184,17.631079
191,1184,1.676317
196,1184,1.584151
244,1184,45.435822
245,1184,15.23999
98,1185,26.670702
172,1185,13.074185
173,1185,1.626558
174,1185,2.387468
175,1185,2.12681
188,1185,1.683787
189,1185,1.683787
190,1185,1.808553
191,1185,4.300875
192,1185,4.044457
193,1185,1.302075
194,1185,1.83048
195,1185,5.010098
196,1185,7.068855
197,1185,4.64046
198,1185,1.436284
199,1185,2.547421
226,1185,17.189224
227,1185,3.102469
244,1185,15.056756
93,1186,8.528661
94,1186,10.377217
95,1186,17.669807
96,1186,26.480482
98,1186,10.780971
172,1186,12.556167
173,1186,5.021469
174,1186,19.831858
188,1186,1.187034
190,1186,1.677979
191,1186,1.677979
192,1186,1.519301
193,1186,1.519301
194,1186,1.130914
195,1186,1.004869
196,1186,1.285056
197,1186,5.376633
198,1186,2.522181
199,1186,3.139291
227,1186,6.647158
228,1186,18.691793
244,1186,19.914875
323,1186,211.363312
94,1187,4.786672
95,1187,10.331415
96,1187,87.394203
102,1187,122.858772
105,1187,37.901928
106,1187,36.861008
107,1187,71.664574
108,1187,99.898277
111,1187,159.493042
172,1187,7.108758
173,1187,11.793203
174,1187,14.350801
175,1187,11.819451
197,1187,2.149543
198,1187,11.267603
199,1187,2.84
244,1187,55.25914
321,1187,75.649521
322,1187,446.181885
323,1187,195.801132
93,1188,22.544527
94,1188,4.165156
95,1188,232.789825
96,1188,252.094284
108,1188,7.442365
110,1188,19.439085
111,1188,31.319773
119,1188,163.330643
120,1188,35.930397
121,1188,39.67791
124,1188,21.011925
125,1188,27.374968
175,1188,25.469978
197,1188,3.628091
198,1188,8.756919
199,1188,2.371111
244,1188,10.789077
319,1188,26.361528
320,1188,47.235733
321,1188,169.365906
322,1188,162.820709
323,1188,185.419495
94,1189,3.663809
95,1189,57.640617
96,1189,59.650444
176,1189,3.064287
198,1189,5.056832
199,1189,2.7748
200,1189,2.747973
320,1189,47.849037
321,1189,56.480423
322,1189,98.952911
323,1189,279.79126
324,1189,34.092876
94,1190,6.407817
95,1190,52.783524
96,1190,62.850063
98,1190,6.863844
178,1190,1.348906
198,1190,6.689118
199,1190,6.026893
200,1190,2.659455
321,1190,47.797367
322,1190,114.743507
323,1190,53.970222
324,1190,54.037525
95,1191,180.650772
96,1191,116.600754
98,1191,10.881127
116,1191,239.885513
118,1191,62.429661
199,1191,8.052482
200,1191,1.757033
321,1191,18.734024
322,1191,72.473274
323,1191,147.447266
324,1191,142.502579
95,1192,165.200745
96,1192,111.15596
98,1192,86.370148
99,1192,72.23243
130,1192,8.714013
198,1192,6.162935
199,1192,2.056794
301,1192,36.360725
321,1192,88.715233
324,1192,8.914888
95,1193,124.847748
96,1193,140.563431
98,1193,36.22168
129,1193,66.617493
197,1193,14.534136
198,1193,6.98998
209,1193,1.211762
215,1193,8.502975
216,1193,17.379971
217,1193,8.086235
218,1193,10.14991
95,1194,26.362106
198,1194,10.689399
220,1194,3.299567
198,1195,5.85988
235,1195,12.371608
236,1195,1.606605
99,1196,78.418243
99,1197,4.323351
121,1197,206.526031
122,1197,75.146057
244,1197,12.490475
122,1198,13.573053
150,1198,4.20328
151,1198,2.242156
244,1198,7.860445
99,1199,4.794734
150,1199,5.075875
151,1199,3.426297
331,1199,1.361339
98,1200,17.984617
331,1200,2.656883
79,1201,6.977568
80,1201,5.958093
81,1201,7.218524
82,1201,8.900112
83,1201,17.753855
94,1201,16.041265
95,1201,107.553886
330,1201,40.861759
83,1202,10.529389
84,1202,11.596943
92,1202,10.985024
93,1202,10.30419
264,1202,5.539562
267,1202,17.482983
331,1202,26.990332
119,1203,240.998077
120,1203,154.62233
121,1203,10.315845
244,1203,6.814988
264,1203,13.506806
265,1203,26.792236
266,1203,16.389759
267,1203,12.637972
331,1203,3.767778
120,1204,12.095409
121,1204,9.356236
122,1204,12.114791
209,1204,1.379604
214,1204,1.12371
219,1204,4.479832
223,1204,7.58605
244,1204,4.059082
264,1204,29.829521
265,1204,36.820557
266,1204,24.56596
267,1204,29.536476
219,1205,4.804995
220,1205,9.489107
278,1205,267.324982
279,1205,1.305302
278,1206,111.982857
279,1206,122.25975
280,1206,200.633606
103,1207,14.345961
167,1207,76.403351
168,1207,31.894886
169,1207,1.717099
279,1207,69.391182
280,1207,182.106186
281,1207,311.9328
3,1208,28.21681
4,1208,80.140244
5,1208,211.07431
168,1208,2.517689
169,1208,1.456644
29,1209,16.20587
117,1209,227.534103
167,1209,10.784531
168,1209,1.236266
170,1209,1.173391
171,1209,1.077805
174,1209,1.233897
98,1210,2.982745
99,1210,2.382711
100,1210,2.382711
101,1210,2.895268
102,1210,2.962411
103,1210,2.962411
104,1210,10.770222
108,1210,2.797414
109,1210,3.600271
116,1210,6.904791
117,1210,2.831708
118,1210,5.281935
184,1210,1.506873
188,1210,1.048649
99,1211,3.094785
100,1211,3.317702
101,1211,1.299947
102,1211,1.299947
103,1211,4.091556
104,1211,12.70467
106,1211,2.998303
116,1211,6.631831
117,1211,15.059051
118,1211,1.169577
119,1211,1.166787
120,1211,1.183548
121,1211,48.18803
122,1211,2.153539
123,1211,1.960634
124,1211,1.960634
125,1211,2.383525
126,1211,2.35043
127,1211,18.106497
128,1211,1.274566
129,1211,14.894928
156,1211,1.698179
157,1211,2.733082
158,1211,3.114367
98,1212,2.592086
99,1212,2.619
100,1212,3.635407
101,1212,2.425726
102,1212,3.901226
103,1212,3.056891
104,1212,3.688547
107,1212,3.005679
108,1212,3.005679
109,1212,3.005679
110,1212,2.85006
123,1212,9.277929
124,1212,1.224517
125,1212,1.224517
126,1212,1.681867
127,1212,1.681867
128,1212,1.681867
129,1212,2.43176
97,1213,2.810964
98,1213,4.721374
99,1213,1.244135
102,1213,2.256433
103,1213,1.683446
104,1213,3.52225
123,1213,2.945261
124,1213,16.815849
125,1213,2.270287
126,1213,2.973888
128,1213,1.016476
129,1213,3.241846
131,1213,1.491047
134,1213,1.603401
289,1213,154.121735
116,1214,3.460468
117,1214,4.796834
118,1214,3.821781
119,1214,3.800023
122,1214,6.196193
123,1214,1.212698
124,1214,23.854942
125,1214,49.529011
126,1214,8.461164
127,1214,23.183317
128,1214,2.809134
129,1214,1.305377
133,1214,3.474009
126,1215,32.806309
127,1215,40.076027
128,1215,3.035024
129,1215,6.087474
131,1215,2.00229
132,1215,3.338439
126,1216,2.383525
127,1216,1.883032
128,1216,7.364431
130,1216,1.850854
132,1216,1.348512
133,1216,15.269882
193,1216,1.91207
194,1216,1.300872
195,1216,1.542791
196,1216,1.090491
126,1217,1.2273
127,1217,8.833348
128,1217,7.491642
129,1217,12.710748
130,1217,3.548861
131,1217,9.874565
196,1217,1.352072
202,1217,1.109048
205,1217,1.011281
147,1220,1.756352
209,1220,2.209769
1,1221,15.493476
2,1221,35.52541
209,1221,1.743688
214,1221,5.997614
125,1223,32.580914
126,1223,15.367682
127,1223,15.604845
128,1223,15.599581
129,1223,9.22317
130,1223,10.038269
131,1223,16.045008
240,1224,37.746742
116,1225,38.210564
117,1225,77.785461
118,1225,93.594933
149,1225,16.581541
116,1226,14.11565
117,1226,17.409782
118,1226,14.825132
149,1226,9.562469
150,1226,4.079709
166,1226,3.401414
149,1227,8.320862
150,1227,4.9033
166,1227,7.111024
167,1227,3.158059
148,1228,19.087872
149,1228,5.339743
150,1228,5.461031
166,1228,127.823479
167,1228,1.371016
174,1228,4.285263
181,1228,2.682912
182,1228,1.069144
148,1229,16.360073
149,1229,5.607706
163,1229,62.817513
164,1229,9.0347
165,1229,14.648404
166,1229,5.954234
167,1229,5.541475
168,1229,13.918046
171,1229,4.623108
173,1229,3.310885
174,1229,2.60426
177,1229,3.647553
178,1229,8.412558
179,1229,1.142294
180,1229,4.162983
181,1229,3.298673
116,1230,99.055405
117,1230,27.36657
118,1230,18.555662
119,1230,15.302385
120,1230,18.056931
121,1230,44.878716
148,1230,24.592743
149,1230,5.373722
163,1230,3.77471
164,1230,5.498535
165,1230,2.966979
166,1230,3.245723
167,1230,3.42374
168,1230,3.270663
169,1230,3.493302
170,1230,3.602932
171,1230,3.602932
172,1230,3.652422
173,1230,8.743056
174,1230,8.784001
175,1230,7.259534
176,1230,7.394093
178,1230,8.244887
179,1230,5.434709
180,1230,9.306262
181,1230,34.855827
183,1230,11.196587
1,1231,57.65971
2,1231,11.766209
3,1231,5.380065
148,1231,22.391918
149,1231,4.273757
205,1231,10.507935
1,1232,37.391747
2,1232,5.970075
3,1232,3.49185
4,1232,6.644406
148,1232,20.784376
149,1232,6.315197
5,1233,7.733604
6,1233,11.400568
148,1233,22.901703
149,1233,6.362555
155,1233,1.301938
132,1234,51.921257
149,1234,9.414505
152,1234,1.557652
155,1234,1.502657
92,1235,2.600693
93,1235,4.150054
149,1235,2.794561
150,1235,580.439026
152,1235,1.828821
153,1235,2.072389
154,1235,1.70747
155,1235,2.821667
105,1236,9.196651
106,1236,1.586054
107,1236,15.116095
109,1236,132.488647
110,1236,13.359745
132,1236,96.580017
147,1236,37.09972
148,1236,186.26593
149,1236,5.019868
151,1236,6.956514
152,1236,4.289121
153,1236,2.759845
154,1236,1.646344
155,1236,3.530416
71,1237,1.848966
132,1237,164.076904
149,1237,12.119811
150,1237,1.066405
152,1237,1.755937
153,1237,2.775982
154,1237,2.715147
155,1237,3.483323
209,1237,15.949603
71,1238,1.972177
132,1238,4.81812
147,1238,128.923141
149,1238,1.779717
153,1238,1.301923
154,1238,2.345013
155,1238,3.085247
205,1238,17.568598
206,1238,1.274754
209,1238,6.595762
212,1238,8.281032
101,1239,42.330776
132,1239,4.700659
146,1239,77.096298
147,1239,27.954777
148,1239,40.334499
149,1239,2.206637
150,1239,2.14192
151,1239,1.776893
152,1239,1.84029
153,1239,2.003963
154,1239,2.082753
205,1239,1.712912
206,1239,1.712912
257,1239,181.280228
101,1240,5.205366
102,1240,16.633362
146,1240,168.79837
147,1240,24.571636
70,1241,73.329079
99,1241,4.035713
100,1241,3.194268
101,1241,26.257803
147,1241,180.79306
50,1242,28.701443
51,1242,33.298824
98,1242,6.516201
99,1242,1.840914
100,1242,3.268051
101,1242,7.331857
50,1243,29.477663
51,1243,28.789391
99,1243,1.091188
100,1243,6.361772
101,1243,4.97793
206,1243,68.526024
207,1243,13.844555
208,1243,3.311506
209,1243,1.050849
232,1243,1.756902
3,1244,14.193887
4,1244,4.075652
5,1244,8.190081
6,1244,14.075934
51,1244,53.915787
71,1244,27.124863
98,1244,6.565879
99,1244,1.047102
100,1244,2.204324
101,1244,4.8071
102,1244,1.701571
103,1244,3.434426
105,1244,22.922979
147,1244,15.345369
206,1244,93.879463
207,1244,399.131165
208,1244,1.740588
209,1244,1.677875
232,1244,7.559188
3,1245,44.422558
5,1245,10.271999
6,1245,9.970088
51,1245,49.720829
57,1245,27.0285
98,1245,3.701475
100,1245,1.552419
101,1245,4.855844
102,1245,1.681707
103,1245,6.064129
104,1245,15.178604
146,1245,45.064262
168,1245,16.832914
169,1245,27.588045
183,1245,50.67115
184,1245,8.045843
207,1245,34.865955
208,1245,1.837179
232,1245,7.592391
98,1246,3.140536
100,1246,1.172916
101,1246,5.556615
103,1246,12.982356
104,1246,4.995629
146,1246,46.276535
166,1246,112.763031
168,1246,32.151798
169,1246,8.157837
170,1246,5.128064
181,1246,7.640158
182,1246,12.653317
183,1246,9.11234
184,1246,21.800291
207,1246,35.030727
208,1246,3.304967
61,1247,6.331391
63,1247,7.889279
98,1247,2.085974
101,1247,3.952945
103,1247,2.233099
104,1247,5.886053
146,1247,23.304239
152,1247,8.628741
153,1247,21.225195
154,1247,4.327423
155,1247,4.606863
167,1247,133.302536
168,1247,30.172812
169,1247,7.375077
170,1247,34.282707
174,1247,26.268688
175,1247,6.082803
176,1247,5.328823
177,1247,4.224985
181,1247,84.645676
182,1247,47.484966
183,1247,26.651785
184,1247,12.379288
185,1247,44.492481
188,1247,2.623401
189,1247,1.194125
192,1247,11.261461
193,1247,5.901421
194,1247,7.925086
195,1247,4.351161
196,1247,6.609654
197,1247,8.749806
198,1247,4.553391
199,1247,2.089
200,1247,21.269234
212,1247,5.898725
213,1247,5.950814
214,1247,4.867028
215,1247,2.341427
61,1248,1.897408
62,1248,5.311423
98,1248,3.98606
99,1248,1.172248
101,1248,3.748372
103,1248,1.143708
131,1248,519.984985
146,1248,16.508194
152,1248,12.604692
153,1248,15.193529
154,1248,7.669404
155,1248,3.86113
165,1248,177.423584
166,1248,24.171831
167,1248,27.313097
172,1248,26.598047
173,1248,118.357521
174,1248,26.076288
175,1248,40.268784
176,1248,41.0317
177,1248,45.934544
178,1248,31.184107
179,1248,88.223785
180,1248,25.06946
181,1248,15.397491
182,1248,10.581011
183,1248,294.844391
184,1248,200.09407
188,1248,3.005077
189,1248,1.557385
193,1248,1.180752
198,1248,1.168846
210,1248,25.560402
211,1248,1.955225
212,1248,1.529034
213,1248,1.670624
214,1248,1.761276
215,1248,1.814502
216,1248,3.826303
217,1248,4.896076
218,1248,2.940552
219,1248,2.570771
240,1248,86.556976
241,1248,129.959702
242,1248,243.374283
59,1249,3.624732
60,1249,1.489871
61,1249,2.879031
62,1249,1.369107
98,1249,7.346033
99,1249,1.626028
101,1249,5.055773
131,1249,159.679169
145,1249,118.089523
146,1249,55.921749
152,1249,56.594238
153,1249,3.266089
154,1249,3.802864
155,1249,87.505737
189,1249,1.948075
202,1249,11.448529
203,1249,1.967277
210,1249,107.972733
211,1249,142.705246
212,1249,7.057117
213,1249,4.808298
214,1249,14.043045
215,1249,5.595547
216,1249,13.71858
217,1249,1.730783
218,1249,2.102258
219,1249,4.345707
222,1249,2.271785
223,1249,2.151067
224,1249,2.151067
225,1249,2.006788
226,1249,2.006788
227,1249,2.078669
228,1249,1.952129
229,1249,1.960218
230,1249,2.055849
231,1249,2.175632
240,1249,56.080124
241,1249,169.175079
242,1249,401.810516
243,1249,310.158936
61,1250,4.422259
99,1250,4.352132
101,1250,2.725147
102,1250,2.021581
156,1250,77.794678
191,1250,36.966984
192,1250,6.891899
193,1250,16.409885
194,1250,16.671501
195,1250,27.682467
196,1250,9.783939
197,1250,11.199129
198,1250,3.400373
199,1250,40.18298
200,1250,12.851244
203,1250,1.967277
210,1250,99.468307
211,1250,48.476688
212,1250,13.881909
213,1250,14.649397
214,1250,6.143748
215,1250,4.539919
216,1250,4.203247
217,1250,5.509918
218,1250,20.004955
219,1250,3.942625
221,1250,3.024961
222,1250,3.56392
223,1250,3.442496
224,1250,1.637661
225,1250,1.691656
226,1250,1.528618
227,1250,1.724102
228,1250,1.961286
229,1250,1.975032
230,1250,2.205643
231,1250,2.3468
239,1250,71.346916
240,1250,100.64415
241,1250,158.571716
100,1251,1.381003
101,1251,2.933403
102,1251,6.193073
103,1251,1.69696
192,1251,36.254448
193,1251,38.081093
194,1251,53.538158
195,1251,39.472317
196,1251,145.978867
197,1251,116.541222
198,1251,158.478577
199,1251,150.973587
203,1251,18.222435
210,1251,33.31654
211,1251,15.948757
212,1251,15.075942
213,1251,13.975818
214,1251,23.055471
215,1251,8.774679
216,1251,8.096197
217,1251,10.98991
218,1251,14.604256
219,1251,28.355867
222,1251,12.765606
223,1251,12.160759
224,1251,14.168984
225,1251,17.429258
226,1251,17.219955
227,1251,14.883416
228,1251,34.160709
229,1251,25.608652
230,1251,1.271417
231,1251,1.945315
102,1252,3.381628
103,1252,2.401249
104,1252,1.104979
203,1252,1.225105
222,1252,21.642607
223,1252,16.117615
224,1252,16.119064
225,1252,21.230724
226,1252,22.695457
227,1252,21.6141
228,1252,23.094931
229,1252,23.15657
231,1252,1.778258
232,1252,2.022657
233,1252,1.960631
234,1252,40.685783
99,1253,2.911331
101,1253,2.649318
102,1253,2.960638
103,1253,5.004942
104,1253,5.825858
232,1253,2.866597
233,1253,23.532434
234,1253,47.338936
4,1254,4.296135
5,1254,2.989442
6,1254,10.425417
86,1254,5.123035
99,1254,10.659396
101,1254,2.28299
102,1254,1.312148
103,1254,2.213219
104,1254,8.077676
208,1254,19.189217
232,1254,2.285554
233,1254,14.862187
234,1254,37.517406
1,1255,3.406366
3,1255,4.647846
4,1255,5.417627
5,1255,6.499613
6,1255,1.290823
64,1255,2.525422
65,1255,2.740287
101,1255,7.530862
102,1255,12.040775
208,1255,1.06655
232,1255,22.714537
233,1255,16.14728
234,1255,39.165249
64,1256,1.480373
103,1256,6.842829
104,1256,1.842438
207,1256,262.606476
208,1256,4.510358
232,1256,32.036877
233,1256,37.67292
234,1256,35.344097
263,1256,23.022604
64,1257,3.971353
65,1257,1.09301
207,1257,69.479889
232,1257,68.471558
233,1257,68.541374
234,1257,46.954212
34,1258,15.690187
35,1258,8.947331
36,1258,9.377819
37,1258,4.237508
64,1258,1.461635
157,1258,62.532951
40,1259,3.503356
64,1259,4.226715
211,1259,251.711227
212,1259,112.511658
213,1259,21.061411
214,1259,26.022463
224,1259,5.791976
64,1260,42.266216
211,1260,272.270142
212,1260,16.453512
213,1260,7.385946
214,1260,7.379189
215,1260,4.315978
216,1260,4.638692
217,1260,4.675461
218,1260,4.675461
219,1260,4.605762
220,1260,4.768694
221,1260,4.340935
222,1260,4.810917
223,1260,2.255815
25,1261,1.601417
227,1261,5.917983
228,1261,7.165167
229,1261,7.97893
239,1261,141.509171
240,1261,214.809723
241,1261,61.766071
242,1261,15.792511
248,1261,32.211403
57,1262,18.306139
60,1262,8.05675
246,1262,251.495026
247,1262,659.609009
248,1262,225.642654
249,1262,307.306427
25,1263,1.795036
60,1263,29.106209
248,1263,829.425354
261,1263,60.996037
261,1264,40.497864
261,1265,57.829529
81,1266,5.697657
82,1266,9.430068
83,1266,16.311121
84,1266,18.060869
85,1266,59.234623
86,1266,73.239586
221,1266,5.933775
222,1266,4.911243
223,1266,6.422127
224,1266,5.906598
225,1266,3.947817
226,1266,3.947817
227,1266,3.118616
228,1266,2.848986
237,1266,222.573639
238,1266,200.558289
261,1266,45.408073
26,1267,3.87707
66,1267,43.69812
67,1267,47.222939
68,1267,33.376827
69,1267,64.268257
70,1267,28.230528
71,1267,11.161861
72,1267,8.300058
73,1267,10.361726
74,1267,6.307407
75,1267,7.863289
76,1267,5.664794
77,1267,5.920293
78,1267,6.472056
79,1267,8.711111
80,1267,5.95377
81,1267,4.993589
82,1267,5.17012
83,1267,5.906081
84,1267,8.250545
85,1267,47.223366
86,1267,65.202751
87,1267,154.85994
220,1267,1.768476
221,1267,1.337284
222,1267,20.240591
223,1267,27.52153
224,1267,3.389686
225,1267,3.191884
226,1267,3.200119
227,1267,3.84259
237,1267,155.766037
238,1267,131.416916
239,1267,208.743103
261,1267,79.44606
1,1268,353.39328
2,1268,147.616394
4,1268,60.226555
5,1268,187.256454
26,1268,3.108137
27,1268,1.048491
32,1268,9.679916
33,1268,7.222571
202,1268,5.442352
223,1268,135.341843
224,1268,52.257244
225,1268,9.752436
226,1268,6.778354
227,1268,4.118649
228,1268,2.117223
230,1268,6.617861
237,1268,596.914734
238,1268,250.742767
261,1268,306.606628
32,1269,3.278653
33,1269,2.884716
34,1269,3.757238
35,1269,4.815158
36,1269,6.495258
37,1269,6.293674
38,1269,6.328897
39,1269,6.103177
40,1269,5.674027
41,1269,5.735626
42,1269,7.978605
95,1269,13.09081
97,1269,8.603995
98,1269,5.654056
99,1269,5.775979
100,1269,6.049103
101,1269,33.382172
102,1269,16.168732
103,1269,8.782661
104,1269,10.902083
105,1269,13.959133
106,1269,15.844898
109,1269,24.06192
199,1269,8.599744
202,1269,3.524288
216,1269,23.335918
217,1269,28.542965
218,1269,17.013876
219,1269,40.541859
220,1269,19.626839
221,1269,40.349861
222,1269,93.920189
223,1269,34.259056
224,1269,10.117866
225,1269,21.498306
226,1269,4.638982
227,1269,6.94008
228,1269,7.747617
229,1269,2.944808
238,1269,131.416916
239,1269,213.948105
259,1269,60.055645
261,1269,49.3834
272,1269,690.232117
27,1270,1.082912
70,1270,26.800089
71,1270,81.672333
200,1270,43.797245
211,1270,19.121809
212,1270,20.02882
213,1270,19.745005
214,1270,21.864489
215,1270,21.775047
216,1270,23.979855
217,1270,21.401455
218,1270,16.262016
219,1270,20.944334
220,1270,23.021559
221,1270,9.943305
222,1270,14.82403
223,1270,26.907883
224,1270,3.870737
225,1270,2.525422
226,1270,17.699711
227,1270,35.530312
229,1270,2.472803
230,1270,1.904428
258,1270,3.596355
259,1270,37.85318
26,1271,1.19785
27,1271,1.484458
62,1271,2.119197
68,1271,1.218184
81,1271,2.034738
82,1271,2.034738
83,1271,2.195587
84,1271,3.255152
85,1271,4.841731
86,1271,1.532739
87,1271,1.419768
210,1271,388.242645
211,1271,6.222978
212,1271,3.646433
213,1271,7.265921
214,1271,6.227408
226,1271,591.206421
245,1271,8.055042
246,1271,3.979308
247,1271,1.998036
248,1271,1.514654
249,1271,1.313365
250,1271,1.313365
4,1272,1.207124
5,1272,1.733204
27,1272,1.63607
62,1272,2.033633
87,1272,9.351452
92,1272,5.799017
93,1272,1.209497
94,1272,1.83694
95,1272,1.532739
248,1272,5.377205
251,1272,7.47072
252,1272,25.551897
257,1272,4.541496
258,1272,6.132607
26,1273,1.183143
27,1273,1.436305
62,1273,2.033633
119,1273,154.883377
120,1273,124.334114
121,1273,172.433563
124,1273,284.299286
27,1274,1.211272
62,1274,1.69171
118,1274,162.644928
119,1274,97.767502
120,1274,184.737381
121,1274,84.567886
122,1274,346.169922
124,1274,154.604874
127,1274,269.541107
6,1275,16.143158
26,1275,1.954267
27,1275,1.271326
62,1275,1.69171
79,1275,16.924129
118,1275,152.171921
119,1275,82.264519
120,1275,88.451645
121,1275,392.519745
122,1275,327.308838
123,1275,206.157684
124,1275,162.81868
125,1275,611.097046
126,1275,223.163513
127,1275,195.766418
128,1275,129.974182
6,1276,7.484713
27,1276,1.789234
62,1276,1.558787
74,1276,7.970984
75,1276,7.575206
76,1276,4.746647
77,1276,5.50785
78,1276,5.528813
79,1276,11.39062
80,1276,12.274625
81,1276,12.247015
82,1276,13.962722
83,1276,12.2277
84,1276,12.25732
85,1276,10.876059
118,1276,13.943991
119,1276,4.870486
120,1276,6.260386
121,1276,6.461643
122,1276,8.023455
123,1276,9.802772
124,1276,4.82486
125,1276,4.441981
127,1276,4.025284
6,1277,12.571557
7,1277,22.606802
30,1277,8.202697
31,1277,19.000546
32,1277,9.780546
33,1277,8.591784
34,1277,10.266861
35,1277,9.298704
36,1277,9.538421
37,1277,9.544029
38,1277,13.330066
74,1277,3.470093
75,1277,2.100985
76,1277,2.129498
77,1277,2.065641
78,1277,1.910951
79,1277,1.85501
80,1277,3.203633
81,1277,1.918467
82,1277,2.899519
83,1277,1.050609
84,1277,1.138316
85,1277,4.369281
86,1277,6.077053
118,1277,56.005657
120,1277,49.103115
123,1277,64.456375
128,1277,32.760185
4,1278,83.30127
5,1278,16.500134
6,1278,10.152348
7,1278,26.09141
26,1278,1.2628
28,1278,115.6604
29,1278,15.942262
32,1278,6.615451
33,1278,3.535179
34,1278,3.349296
35,1278,5.403833
36,1278,5.558598
37,1278,3.21711
38,1278,5.422348
39,1278,3.552636
40,1278,3.395029
41,1278,5.015235
42,1278,6.38652
43,1278,6.608466
73,1278,8.243927
74,1278,4.659284
75,1278,4.028771
76,1278,3.571502
77,1278,5.359466
78,1278,4.811785
79,1278,3.99928
80,1278,4.466298
81,1278,4.872483
82,1278,5.099816
83,1278,4.828258
84,1278,5.882206
85,1278,5.207847
86,1278,12.873694
95,1278,8.773833
101,1278,6.541538
102,1278,6.40307
103,1278,4.359212
104,1278,4.359212
105,1278,4.395961
106,1278,4.543079
107,1278,5.121645
108,1278,5.602695
109,1278,5.498532
110,1278,5.508316
111,1278,5.131013
112,1278,40.596184
3,1279,26.217026
4,1279,151.476074
5,1279,9.493803
6,1279,6.358642
7,1279,29.70175
42,1279,2.242635
43,1279,2.00628
44,1279,7.356448
56,1279,79.470558
94,1279,2.242978
95,1279,4.273211
96,1279,4.722167
97,1279,1.925946
98,1279,1.659445
99,1279,2.387864
100,1279,2.359009
101,1279,2.388102
102,1279,9.674198
103,1279,2.576563
104,1279,2.102108
105,1279,2.123539
106,1279,2.094134
107,1279,2.025276
108,1279,2.073996
109,1279,2.148455
110,1279,2.169886
111,1279,3.004007
112,1279,6.004203
3,1280,84.973846
4,1280,32.160477
5,1280,4.380227
6,1280,23.011026
7,1280,34.203899
43,1280,3.099166
56,1280,32.487202
57,1280,30.358997
58,1280,63.81604
65,1280,17.322649
93,1280,5.212688
94,1280,4.703104
95,1280,2.821688
96,1280,3.655925
97,1280,4.742512
98,1280,3.31989
99,1280,3.890444
100,1280,2.90437
101,1280,2.834244
102,1280,2.369995
103,1280,2.654411
104,1280,2.660861
105,1280,2.792717
106,1280,2.801425
107,1280,2.933281
108,1280,3.090604
109,1280,3.253942
110,1280,3.302186
111,1280,4.106302
112,1280,5.261018
1,1281,37.516396
2,1281,10.157224
3,1281,9.725322
4,1281,8.23343
5,1281,2.101477
6,1281,27.263721
7,1281,45.847847
56,1281,29.266932
57,1281,25.850142
58,1281,53.664482
59,1281,101.459885
60,1281,92.591782
65,1281,8.187877
66,1281,11.534387
67,1281,2.846677
68,1281,2.093379
69,1281,3.825121
72,1281,1.506277
84,1281,1.078506
86,1281,1.316223
1,1282,7.182815
2,1282,2.511629
3,1282,3.104569
4,1282,7.012653
5,1282,13.866465
6,1282,22.032049
56,1282,23.665695
57,1282,53.508675
58,1282,46.099808
59,1282,230.047607
60,1282,55.016697
64,1282,6.267427
65,1282,2.469274
66,1282,1.370925
67,1282,1.173239
68,1282,1.912287
69,1282,3.540739
215,1282,4.380012
216,1282,5.746083
217,1282,6.799866
218,1282,5.934028
219,1282,3.940165
220,1282,3.960161
221,1282,3.930563
222,1282,3.05252
223,1282,4.518896
224,1282,4.473389
225,1282,5.879255
226,1282,5.773517
2,1283,19.744026
3,1283,12.23716
4,1283,2.044492
5,1283,56.978619
6,1283,29.9755
55,1283,17.370975
56,1283,21.925165
57,1283,25.270157
58,1283,58.351738
64,1283,4.430991
65,1283,1.813397
66,1283,1.085023
67,1283,1.046561
68,1283,1.428941
69,1283,2.649219
94,1283,2.397658
95,1283,2.397658
96,1283,2.640163
97,1283,2.403533
98,1283,2.403533
99,1283,3.958044
100,1283,3.958044
101,1283,3.958044
104,1283,4.818085
105,1283,8.783632
106,1283,9.48195
107,1283,9.48195
108,1283,9.48195
109,1283,9.48195
110,1283,2.661196
111,1283,2.29974
112,1283,2.721479
113,1283,9.545484
115,1283,2.719862
116,1283,2.722803
117,1283,2.470234
248,1283,43.854908
4,1284,2.031902
5,1284,26.803194
56,1284,13.621687
57,1284,9.497086
242,1284,2.223947
6,1285,13.921465
43,1285,7.537625
44,1285,6.233905
45,1285,16.324696
57,1285,24.790829
68,1285,1.203503
69,1285,1.036747
70,1285,2.185184
71,1285,3.006251
72,1285,3.277962
73,1285,3.370176
74,1285,3.350604
95,1285,3.548791
96,1285,14.373479
97,1285,2.390811
98,1285,2.390811
99,1285,3.936974
43,1286,5.666739
44,1286,5.306787
45,1286,5.761452
46,1286,14.466975
68,1286,1.404822
69,1286,1.037088
70,1286,1.654745
71,1286,2.015709
72,1286,2.234019
73,1286,2.238383
74,1286,2.124341
83,1286,4.031053
84,1286,8.604097
95,1286,2.3003
96,1286,3.4014
97,1286,4.841698
98,1286,4.841698
99,1286,4.826149
43,1287,6.864586
44,1287,2.653406
45,1287,3.794399
68,1287,2.595068
69,1287,1.439151
70,1287,1.124118
71,1287,1.174677
72,1287,1.306596
73,1287,1.130193
74,1287,1.524973
75,1287,2.287951
76,1287,2.442927
77,1287,2.553987
78,1287,2.870014
79,1287,2.869161
80,1287,2.891222
81,1287,2.452795
82,1287,2.324224
83,1287,2.787969
84,1287,3.827444
85,1287,6.191278
112,1287,17.448883
113,1287,6.37065
114,1287,7.447502
115,1287,8.300072
116,1287,25.536135
117,1287,20.481628
118,1287,35.173771
119,1287,42.155304
43,1288,3.033319
44,1288,1.708994
45,1288,2.018047
68,1288,1.387755
69,1288,1.193039
71,1288,1.188722
72,1288,1.765775
73,1288,1.106231
74,1288,1.105118
75,1288,1.923714
76,1288,1.951382
77,1288,1.904169
78,1288,1.690391
79,1288,2.180942
80,1288,2.516386
81,1288,6.850766
82,1288,6.868733
83,1288,8.243044
84,1288,13.745638
85,1288,12.01422
86,1288,10.414905
95,1288,28.472687
96,1288,21.513081
97,1288,8.356888
98,1288,12.630024
99,1288,9.150878
100,1288,9.65775
101,1288,11.225301
102,1288,12.736213
103,1288,13.519803
104,1288,13.501189
105,1288,13.51611
106,1288,14.208662
107,1288,12.537917
108,1288,13.292939
112,1288,8.10438
113,1288,9.412459
114,1288,4.271536
115,1288,4.031131
116,1288,4.123375
117,1288,4.856208
118,1288,3.417128
119,1288,3.14268
120,1288,3.465017
121,1288,3.384023
122,1288,2.983664
123,1288,3.069959
124,1288,2.637246
125,1288,2.524821
126,1288,2.405347
251,1288,31.857359
34,1289,42.073616
43,1289,2.590683
44,1289,2.734678
45,1289,1.799251
68,1289,1.832279
69,1289,1.067059
70,1289,1.032224
95,1289,15.666301
96,1289,7.73567
97,1289,9.653103
98,1289,10.376426
99,1289,7.391559
100,1289,6.476179
101,1289,6.4746
102,1289,7.043261
103,1289,6.90851
104,1289,6.996986
105,1289,7.088348
106,1289,7.184144
107,1289,15.897166
108,1289,7.626723
32,1290,57.079506
33,1290,14.828372
34,1290,44.899448
35,1290,33.23888
43,1290,2.445734
44,1290,2.838441
45,1290,1.906638
62,1290,2.826173
63,1290,1.316952
64,1290,2.20784
65,1290,2.075722
66,1290,2.213265
67,1290,1.824521
68,1290,2.546618
69,1290,3.797456
70,1290,1.054188
71,1290,1.130773
72,1290,1.261276
73,1290,1.173265
74,1290,1.328688
85,1290,2.126338
86,1290,5.230947
95,1290,3.252424
96,1290,3.057194
97,1290,3.281132
98,1290,3.381082
99,1290,4.89744
100,1290,5.213732
101,1290,4.1451
102,1290,5.071314
103,1290,5.250155
104,1290,4.984722
105,1290,4.651146
106,1290,5.292298
107,1290,3.575862
108,1290,4.000847
32,1291,69.006065
33,1291,54.07431
34,1291,10.554894
35,1291,20.83897
43,1291,4.734393
44,1291,2.424839
45,1291,2.207856
62,1291,2.869547
63,1291,1.089434
64,1291,1.39045
65,1291,2.747401
66,1291,2.564993
67,1291,1.752232
68,1291,2.108505
69,1291,1.709413
70,1291,1.582207
71,1291,1.977429
72,1291,1.602541
73,1291,1.672409
74,1291,1.832854
86,1291,2.132269
94,1291,3.383717
95,1291,2.556314
96,1291,2.38768
97,1291,2.38965
98,1291,2.470043
99,1291,2.489006
100,1291,2.489006
101,1291,2.39626
102,1291,1.794382
103,1291,1.794382
104,1291,1.748186
105,1291,2.669348
106,1291,2.443969
107,1291,2.432451
108,1291,3.729096
128,1291,2.69063
153,1291,39.552586
154,1291,20.165745
155,1291,25.792393
156,1291,57.907341
212,1291,9.787661
225,1291,1.768091
226,1291,1.657298
237,1291,2.725885
239,1291,1.753386
250,1291,72.842896
251,1291,187.161301
31,1292,49.007065
32,1292,20.212471
33,1292,9.25089
34,1292,7.58348
35,1292,11.465364
43,1292,2.516322
44,1292,2.076933
45,1292,1.339178
60,1292,17.686037
63,1292,1.373621
64,1292,1.610075
65,1292,1.822605
93,1292,5.039809
94,1292,5.231289
95,1292,3.303591
96,1292,3.266405
97,1292,3.303591
98,1292,3.303508
99,1292,3.321521
100,1292,3.32477
101,1292,3.330614
102,1292,3.389574
103,1292,3.357013
104,1292,3.273616
105,1292,3.26376
106,1292,3.350738
107,1292,2.98962
108,1292,3.583184
158,1292,10.30661
159,1292,2.971133
162,1292,1.846977
163,1292,2.548174
164,1292,4.368415
32,1293,10.473586
33,1293,14.022462
34,1293,5.793273
35,1293,11.036925
43,1293,3.808338
44,1293,1.660244
45,1293,1.63777
56,1293,3.090889
57,1293,3.82113
58,1293,1.181828
59,1293,1.099326
65,1293,1.526839
86,1293,1.143172
241,1293,1.429756
31,1294,61.921146
32,1294,8.434284
33,1294,7.056837
34,1294,5.604996
35,1294,10.781978
43,1294,1.851151
44,1294,1.863503
45,1294,1.858564
56,1294,2.62091
57,1294,2.636528
58,1294,2.492238
59,1294,1.403517
60,1294,1.633396
144,1294,1.114352
145,1294,12.754625
241,1294,51.564796
32,1295,6.501889
33,1295,5.717591
34,1295,4.178043
35,1295,6.536475
36,1295,12.618458
37,1295,16.999575
38,1295,13.186694
39,1295,12.773265
40,1295,10.901461
115,1295,4.989098
116,1295,5.747739
150,1295,6.401523
241,1295,2.604919
245,1295,22.789318
32,1296,31.271338
33,1296,10.283359
34,1296,4.052483
35,1296,5.139866
36,1296,6.202473
37,1296,7.01826
38,1296,11.364582
39,1296,7.581136
40,1296,10.610937
116,1296,4.565833
117,1296,5.654171
118,1296,3.686552
119,1296,5.341774
120,1296,7.212531
121,1296,7.587837
122,1296,27.13171
123,1296,31.550842
149,1296,1.541725
150,1296,3.157144
171,1296,20.708141
241,1296,1.247362
32,1297,5.684685
33,1297,11.674911
34,1297,11.875917
35,1297,10.193405
36,1297,10.701981
37,1297,20.146517
38,1297,21.641626
39,1297,11.056646
40,1297,15.992621
41,1297,11.694182
42,1297,19.16758
64,1297,1.798535
65,1297,1.431535
66,1297,1.370502
67,1297,1.370502
68,1297,1.364152
69,1297,1.510221
81,1297,2.629421
82,1297,3.838305
83,1297,7.045336
119,1297,3.132907
120,1297,5.206279
121,1297,3.221618
122,1297,3.8041
123,1297,3.747576
124,1297,3.990078
125,1297,2.168648
145,1297,1.18504
170,1297,15.521266
172,1297,54.983669
241,1297,1.253992
34,1298,32.488491
35,1298,15.641635
36,1298,12.090782
37,1298,18.920059
38,1298,17.771065
39,1298,7.90352
40,1298,29.580053
41,1298,28.802402
42,1298,11.003764
43,1298,13.784294
64,1298,4.228279
65,1298,9.969103
66,1298,10.988045
67,1298,13.367905
68,1298,20.442253
69,1298,18.830101
70,1298,15.450491
71,1298,13.810925
72,1298,14.622507
73,1298,17.595478
74,1298,12.911523
75,1298,11.246766
76,1298,13.860575
77,1298,6.43219
78,1298,8.23557
79,1298,15.357683
80,1298,16.862888
81,1298,22.636877
144,1298,2.889544
145,1298,1.096936
171,1298,168.967026
172,1298,75.504562
241,1298,1.404804
35,1299,25.377792
36,1299,20.8475
37,1299,24.972202
38,1299,27.007084
39,1299,34.063984
40,1299,40.491997
64,1299,18.758051
65,1299,22.550446
66,1299,19.106775
67,1299,17.75565
68,1299,43.79866
69,1299,36.261887
70,1299,35.448963
71,1299,48.827225
72,1299,47.624641
73,1299,38.754204
74,1299,38.185051
75,1299,28.349207
76,1299,30.200966
77,1299,20.398973
78,1299,20.043747
79,1299,13.45823
80,1299,25.099239
128,1299,1.743641
144,1299,2.384086
145,1299,1.642888
148,1299,36.872856
170,1299,4.466932
171,1299,3.934424
172,1299,5.976729
241,1299,1.216676
35,1300,35.109383
36,1300,39.877472
37,1300,75.564392
38,1300,85.986023
106,1300,5.637208
128,1300,2.045888
144,1300,2.58705
145,1300,1.030528
147,1300,29.182613
148,1300,9.123066
149,1300,28.011496
150,1300,39.508286
151,1300,36.159039
154,1300,20.348881
155,1300,15.149626
156,1300,20.376005
157,1300,8.644037
158,1300,16.952221
159,1300,15.608157
160,1300,16.680012
161,1300,15.972744
162,1300,35.45816
163,1300,42.695267
164,1300,36.731899
165,1300,29.707678
166,1300,35.505302
241,1300,1.45768
35,1301,78.998131
179,1301,5.133129
180,1301,1.445453
181,1301,2.629127
182,1301,1.502079
183,1301,1.176448
192,1301,10.118573
212,1301,4.156839
217,1301,1.581509
219,1301,1.287948
222,1301,1.560652
223,1301,1.480973
224,1301,1.505146
225,1301,1.460698
226,1301,1.404617
237,1301,5.450013
238,1301,2.315248
301,1303,10.916272
302,1303,1.474711
56,1304,68.327599
257,1304,8.610442
166,1306,1.509706
174,1306,86.619865
175,1306,3.764977
190,1306,16.31279
191,1306,2.442007
192,1306,1.383877
165,1307,3.673422
166,1307,1.605295
174,1307,92.913483
175,1307,9.038009
191,1307,1.061862
66,1308,38.663784
147,1308,2273.33667
148,1308,1509.571167
151,1308,836.960449
152,1308,690.84436
153,1308,817.229431
155,1308,1706.36145
165,1308,2.082882
166,1308,3.212277
174,1308,48.26936
175,1308,30.880234
176,1308,4.215532
177,1308,10.815013
178,1308,19.824316
179,1308,14.827209
181,1308,12.18705
190,1308,269.637787
55,1309,3.992523
66,1309,109.679649
146,1309,617.036682
147,1309,1252.757935
148,1309,1008.364807
149,1309,566.578735
150,1309,833.24054
151,1309,488.738373
152,1309,262.46698
153,1309,344.88028
154,1309,693.924438
155,1309,69.824585
165,1309,5.474661
166,1309,2.309505
181,1309,6.018818
190,1309,305.312439
191,1309,1.037794
192,1309,1.146878
196,1309,3.269333
199,1309,1.914668
200,1309,2.471751
246,1309,4.703346
51,1310,2.463471
52,1310,1.399375
79,1310,36.749397
80,1310,11.682332
146,1310,706.131897
147,1310,247.665436
148,1310,731.522461
149,1310,630.235779
150,1310,467.302704
151,1310,215.219666
152,1310,123.01432
153,1310,176.020432
154,1310,105.838814
155,1310,21.36866
165,1310,2.456803
166,1310,2.345191
182,1310,3.501161
190,1310,274.119141
191,1310,2.802056
240,1310,2.721582
249,1310,2.200863
54,1311,2.312589
56,1311,4.244633
79,1311,88.195671
80,1311,16.772598
146,1311,504.93277
147,1311,353.000916
148,1311,119.51133
149,1311,275.681305
150,1311,254.461548
151,1311,95.832916
152,1311,205.529053
153,1311,18.336515
154,1311,12.141892
155,1311,17.534
165,1311,2.028195
191,1311,7.79081
195,1311,1.401821
57,1312,12.032623
59,1312,26.023693
81,1312,101.078812
146,1312,651.996704
147,1312,361.31427
148,1312,173.532623
149,1312,73.025932
150,1312,170.664703
151,1312,276.351532
152,1312,5.369005
153,1312,8.862821
154,1312,9.93865
155,1312,16.210497
174,1312,1.155846
175,1312,1.062893
176,1312,1.088171
177,1312,1.088171
58,1313,15.646674
59,1313,8.20697
60,1313,13.689325
62,1313,3.501856
63,1313,5.655046
68,1313,4.790847
146,1313,477.209747
147,1313,334.017181
148,1313,136.869034
149,1313,65.199409
150,1313,37.27969
151,1313,197.554993
152,1313,17.672131
153,1313,9.406697
154,1313,11.225033
155,1313,21.2083
165,1313,1.744557
174,1313,2.198455
57,1314,3.703593
58,1314,3.931073
65,1314,2.501442
66,1314,2.446248
67,1314,6.144733
69,1314,2.560488
146,1314,601.332153
147,1314,297.445923
148,1314,127.474876
149,1314,65.25589
150,1314,29.701197
151,1314,34.137775
152,1314,39.329441
153,1314,32.965469
154,1314,22.753849
155,1314,13.360748
62,1315,5.765256
63,1315,2.219482
64,1315,2.247643
69,1315,10.110402
147,1315,141.306976
148,1315,249.77092
149,1315,41.893387
150,1315,48.560722
151,1315,43.296631
152,1315,47.796616
153,1315,104.507095
154,1315,90.680473
155,1315,39.44413
188,1315,36.751595
189,1315,18.924118
190,1315,16.519669
64,1316,4.325952
68,1316,5.866593
147,1316,279.063263
149,1316,112.619179
150,1316,95.146126
151,1316,90.189621
152,1316,92.48394
153,1316,94.832054
154,1316,176.145996
155,1316,142.271744
190,1316,1.133641
163,1318,1037.346313
164,1318,32.612461
115,1323,6.91433
116,1323,5.867883
117,1323,6.063869
118,1323,7.924138
168,1323,4.809415
171,1324,5.362264
172,1324,3.807699
263,1342,23.259705
264,1342,21.2992
3,1346,76.12841
4,1348,148.547211
4,1349,60.096836
150,1349,6.704857
351,1349,306.378723
4,1350,68.519379
5,1350,38.271317
6,1350,133.755157
149,1350,7.414147
350,1350,92.169006
351,1350,137.645401
352,1350,232.531448
353,1350,216.232483
4,1351,48.93911
5,1351,63.222412
6,1351,95.942833
144,1351,19.574726
145,1351,8.887883
146,1351,5.415813
350,1351,74.451828
351,1351,54.617161
352,1351,157.564362
353,1351,390.256714
5,1352,60.55513
6,1352,88.900711
145,1352,5.920944
146,1352,2.44575
348,1352,177.433029
349,1352,105.312172
351,1352,344.387451
352,1352,324.089661
353,1352,269.796173
5,1353,36.827339
6,1353,111.829666
141,1353,39.86919
142,1353,74.381241
143,1353,6.615635
144,1353,70.142502
145,1353,2.310728
149,1353,2.326832
150,1353,1.231963
348,1353,295.56308
349,1353,246.773926
350,1353,149.136719
351,1353,497.375153
352,1353,665.97406
353,1353,265.968811
5,1354,55.969997
6,1354,99.183144
7,1354,78.652534
70,1354,68.636269
71,1354,74.003288
107,1354,1.198376
108,1354,1.135174
139,1354,15.989077
140,1354,33.971733
141,1354,72.506027
142,1354,13.480713
143,1354,2.030417
144,1354,1.849356
145,1354,4.193309
146,1354,4.555809
347,1354,757.485901
348,1354,402.944031
349,1354,336.493286
350,1354,226.457291
351,1354,502.833832
352,1354,861.883118
353,1354,501.626312
5,1355,115.722382
6,1355,64.69706
7,1355,88.113472
69,1355,662.363464
70,1355,25.931015
71,1355,75.284821
72,1355,78.581779
73,1355,232.192337
74,1355,499.810974
107,1355,2.824642
108,1355,1.243654
139,1355,6.647295
140,1355,1.207093
142,1355,2.045358
145,1355,1.115968
146,1355,2.201355
157,1355,2.584754
171,1355,152.210205
172,1355,5.648983
173,1355,17.288204
347,1355,635.185486
348,1355,404.146271
349,1355,419.84433
350,1355,376.143433
351,1355,449.575226
352,1355,398.352081
353,1355,215.619446
6,1356,200.836456
59,1356,64.18129
60,1356,72.130524
61,1356,71.259132
62,1356,50.622826
68,1356,35.078957
69,1356,28.879152
70,1356,13.501534
71,1356,16.443502
72,1356,16.370228
73,1356,11.821884
74,1356,82.391731
75,1356,30.551346
76,1356,32.508625
100,1356,340.714142
107,1356,16.263731
108,1356,1.31392
116,1356,76.030342
138,1356,4.212023
141,1356,1.162159
145,1356,8.666517
151,1356,1.372906
152,1356,2.396724
154,1356,3.647376
155,1356,1.312637
159,1356,3.645452
160,1356,3.261002
171,1356,153.416336
172,1356,26.812847
173,1356,3.219536
348,1356,652.412903
349,1356,464.270477
350,1356,368.443909
351,1356,375.460327
352,1356,367.16333
353,1356,437.534973
56,1357,36.944153
57,1357,51.117596
58,1357,51.506165
59,1357,68.470779
60,1357,40.142281
61,1357,39.666969
62,1357,34.061951
63,1357,27.514982
64,1357,21.800808
65,1357,16.878588
66,1357,21.849669
67,1357,17.723812
68,1357,17.150608
72,1357,8.555523
73,1357,1.202597
94,1357,170.590836
95,1357,195.046982
96,1357,126.083466
97,1357,46.353878
99,1357,50.109261
100,1357,172.533966
103,1357,27.958887
104,1357,19.337605
105,1357,29.192616
106,1357,38.24247
107,1357,35.072662
108,1357,34.615757
109,1357,36.43927
110,1357,37.457623
111,1357,50.852066
112,1357,44.030224
113,1357,124.76561
114,1357,58.252369
146,1357,15.695004
147,1357,206.02211
152,1357,2.579632
154,1357,5.612714
159,1357,17.728868
160,1357,2.809202
161,1357,2.552666
171,1357,8.748096
174,1357,4.777472
175,1357,4.409002
177,1357,8.337364
178,1357,8.28474
179,1357,3.720594
180,1357,4.241157
181,1357,3.440649
182,1357,3.613565
183,1357,6.433082
184,1357,4.020113
185,1357,11.692932
55,1358,28.866125
56,1358,37.770931
57,1358,19.337248
58,1358,27.667334
59,1358,22.393446
60,1358,33.135529
61,1358,23.033436
62,1358,20.216858
63,1358,16.445316
64,1358,13.217303
65,1358,10.700037
66,1358,12.274873
67,1358,14.734065
72,1358,5.233936
73,1358,2.73254
74,1358,1.304679
77,1358,2.417774
96,1358,167.036392
97,1358,100.909523
98,1358,36.281418
99,1358,37.425503
100,1358,15.137488
101,1358,98.549881
102,1358,4.68455
103,1358,29.221977
104,1358,15.726017
105,1358,15.37813
106,1358,20.383497
107,1358,74.667351
108,1358,21.552332
109,1358,23.992138
110,1358,23.079876
111,1358,37.809326
112,1358,27.522179
113,1358,66.427536
114,1358,61.108257
147,1358,6.794886
148,1358,12.525928
149,1358,4.960198
150,1358,4.967574
151,1358,3.450413
152,1358,3.623298
159,1358,3.595899
160,1358,1.775922
161,1358,3.128147
162,1358,1.73876
54,1359,37.274727
55,1359,7.025401
56,1359,13.377185
57,1359,6.370098
58,1359,5.153156
59,1359,19.79064
60,1359,29.317869
61,1359,15.558746
62,1359,9.446822
63,1359,7.254579
64,1359,6.663685
65,1359,6.848102
66,1359,14.823267
67,1359,21.219803
73,1359,5.474938
74,1359,2.687484
75,1359,1.227094
78,1359,5.620538
97,1359,107.332878
98,1359,100.890358
99,1359,65.895409
100,1359,41.10862
101,1359,21.322718
102,1359,14.333231
103,1359,8.598701
104,1359,6.428591
105,1359,5.032528
106,1359,5.963376
107,1359,8.531355
108,1359,8.679433
109,1359,11.219351
110,1359,12.314461
111,1359,17.51922
112,1359,13.503009
113,1359,70.231804
114,1359,115.352341
215,1359,2.157482
53,1360,21.797796
54,1360,5.419145
55,1360,4.458972
56,1360,3.227929
57,1360,3.052086
58,1360,647.550293
59,1360,5.756731
60,1360,8.257435
61,1360,4.062148
62,1360,2.195677
63,1360,1.015874
64,1360,7.795544
65,1360,12.687064
66,1360,25.294222
98,1360,188.90918
99,1360,227.832733
100,1360,67.700485
101,1360,31.18293
102,1360,7.704448
103,1360,8.082366
104,1360,6.422733
105,1360,4.132243
106,1360,7.745708
107,1360,5.038452
108,1360,6.606147
109,1360,6.052015
110,1360,8.151812
111,1360,14.00643
112,1360,14.0306
113,1360,7.377501
114,1360,19.125814
145,1360,341.252594
146,1360,172.531189
147,1360,134.855377
150,1360,67.27166
52,1361,2.181609
53,1361,1.664513
54,1361,2.044761
55,1361,3.003805
56,1361,51.98201
57,1361,1.894695
58,1361,3.028742
59,1361,1.304471
63,1361,1.620349
64,1361,8.891952
65,1361,23.356094
99,1361,209.706146
100,1361,59.491364
101,1361,19.04594
102,1361,8.959447
103,1361,4.647648
104,1361,8.512899
105,1361,7.288891
106,1361,6.67478
107,1361,53.855259
108,1361,77.345596
109,1361,8.833182
110,1361,13.561777
111,1361,10.359043
112,1361,6.909347
113,1361,20.106585
114,1361,36.830051
141,1361,103.808937
142,1361,73.494354
143,1361,90.911758
144,1361,123.393799
145,1361,665.856384
146,1361,605.285767
147,1361,60.753746
148,1361,62.433052
149,1361,59.117523
150,1361,57.189781
151,1361,92.184578
152,1361,72.428391
153,1361,82.111992
51,1362,1.765821
57,1362,1.397137
58,1362,1.773161
62,1362,1.382369
63,1362,2.05797
64,1362,2.292118
100,1362,214.823975
101,1362,213.211441
102,1362,108.575195
103,1362,21.832825
104,1362,7.939734
105,1362,6.346103
106,1362,4.49592
107,1362,7.121013
108,1362,7.147356
109,1362,15.663931
110,1362,17.194477
111,1362,8.89471
112,1362,13.646223
113,1362,15.773556
114,1362,69.745148
115,1362,96.64518
140,1362,96.558105
141,1362,47.637848
142,1362,21.567398
143,1362,15.777326
144,1362,31.853151
145,1362,15.59683
146,1362,3.53168
147,1362,2.045158
148,1362,2.036654
149,1362,3.625867
150,1362,2.265045
151,1362,7.505387
152,1362,29.566975
153,1362,48.972874
178,1362,26.148405
179,1362,38.796238
180,1362,42.257278
181,1362,35.852283
51,1363,5.717311
52,1363,12.421616
53,1363,6.055079
54,1363,4.8762
55,1363,4.709107
56,1363,2.563482
57,1363,1.955757
61,1363,1.620349
62,1363,2.05797
63,1363,3.150726
64,1363,4.930933
101,1363,296.367065
102,1363,172.288055
103,1363,34.754635
104,1363,7.696098
105,1363,6.206403
106,1363,3.829141
107,1363,310.338074
108,1363,12.470161
109,1363,686.316162
110,1363,7.253626
111,1363,12.66741
112,1363,22.6304
113,1363,37.47802
114,1363,79.270416
115,1363,156.727219
141,1363,13.17793
143,1363,6.130077
144,1363,2.289216
145,1363,1.976828
146,1363,2.379945
150,1363,2.498838
177,1363,30.306103
178,1363,34.942612
179,1363,27.781942
180,1363,32.295124
181,1363,29.924099
52,1364,17.052488
53,1364,6.884148
54,1364,7.537873
55,1364,5.029101
56,1364,3.811746
59,1364,1.466906
60,1364,2.127574
62,1364,2.320354
63,1364,3.731282
102,1364,112.305252
103,1364,93.745987
104,1364,74.918671
105,1364,10.33221
106,1364,3.336825
107,1364,6.994329
108,1364,304.744629
109,1364,10.87041
110,1364,11.062324
111,1364,10.647117
112,1364,37.815868
113,1364,52.473942
114,1364,139.674194
115,1364,215.708847
144,1364,1.994474
145,1364,1.578878
146,1364,2.212633
165,1364,8.194141
167,1364,7.610598
168,1364,13.416213
179,1364,39.555023
180,1364,25.880423
181,1364,103.96637
53,1365,15.129798
54,1365,8.559916
55,1365,15.911849
56,1365,5.135535
59,1365,3.588097
60,1365,5.231379
61,1365,3.768516
62,1365,1.085922
63,1365,1.313645
102,1365,271.989838
103,1365,358.453827
104,1365,87.698059
105,1365,19.21829
106,1365,5.017056
107,1365,4.527086
108,1365,3.948453
109,1365,5.21846
110,1365,7.124638
111,1365,17.247856
112,1365,35.770447
113,1365,47.446392
114,1365,95.720039
115,1365,173.262695
160,1365,97.492981
161,1365,99.40078
162,1365,193.661453
163,1365,43.550884
165,1365,28.731983
166,1365,36.591454
168,1365,7.992389
54,1366,44.053677
55,1366,3.683101
60,1366,18.071918
61,1366,19.229681
103,1366,296.529449
104,1366,122.77578
105,1366,24.761711
106,1366,5.159674
107,1366,5.89923
108,1366,4.127345
109,1366,5.264831
110,1366,4.989478
111,1366,13.673817
112,1366,37.094379
113,1366,60.60738
114,1366,146.552277
115,1366,239.546417
147,1366,14.96423
148,1366,28.654873
55,1367,21.229204
59,1367,3.0976
60,1367,2.003981
61,1367,3.652779
103,1367,156.549347
104,1367,43.302879
105,1367,19.379057
106,1367,9.908831
107,1367,8.24997
108,1367,7.77544
109,1367,12.203817
110,1367,11.026988
111,1367,13.780544
112,1367,35.975906
113,1367,89.795021
114,1367,204.83522
115,1367,262.706146
182,1367,34.604187
59,1368,7.100882
60,1368,11.950276
103,1368,78.352478
104,1368,28.253677
105,1368,42.528831
106,1368,34.127178
107,1368,32.995548
108,1368,24.221411
109,1368,34.78215
110,1368,28.914202
111,1368,36.631763
112,1368,52.684299
113,1368,87.401222
114,1368,176.1772
115,1368,203.396362
182,1368,45.9939
183,1368,26.257761
74,1369,32.694889
75,1369,25.668043
76,1369,29.409254
77,1369,37.397785
103,1369,76.039726
104,1369,35.858089
105,1369,64.244339
106,1369,47.266388
107,1369,53.983734
108,1369,65.071121
109,1369,112.295647
110,1369,100.105911
111,1369,69.575706
112,1369,184.792618
113,1369,120.307884
114,1369,249.622345
115,1369,278.380554
134,1369,31.475811
182,1369,28.689558
183,1369,55.692974
188,1369,10.145171
14,1370,83.504471
44,1370,29.567614
74,1370,26.745941
75,1370,24.639956
76,1370,16.43973
77,1370,105.441078
108,1370,178.665253
115,1370,558.391296
182,1370,31.624119
183,1370,15.311417
44,1371,50.862709
45,1371,4.587556
75,1371,22.102053
76,1371,13.174606
77,1371,47.438564
78,1371,47.999111
79,1371,60.023342
93,1371,8.994039
94,1371,4.623508
95,1371,3.766631
96,1371,2.81461
97,1371,2.014972
182,1371,15.703416
183,1371,21.662951
184,1371,17.603426
3,1372,3.831288
4,1372,9.624232
5,1372,6.977382
14,1372,13.428641
43,1372,107.372536
44,1372,21.479883
45,1372,5.331658
74,1372,40.954735
75,1372,33.228062
76,1372,11.239125
77,1372,5.670022
78,1372,62.53389
79,1372,52.324387
92,1372,18.578768
93,1372,6.441689
94,1372,4.76363
95,1372,3.095175
96,1372,4.335474
97,1372,13.465218
181,1372,2.381337
182,1372,4.891898
183,1372,12.660419
3,1373,3.074889
4,1373,5.770612
43,1373,47.430771
44,1373,16.353569
45,1373,2.967308
75,1373,24.751833
76,1373,10.004326
77,1373,19.941031
78,1373,25.347221
79,1373,29.91621
93,1373,1.906809
94,1373,1.087345
95,1373,2.34302
96,1373,2.610492
97,1373,7.301411
2,1374,3.713798
3,1374,3.19418
42,1374,161.643951
43,1374,87.288383
44,1374,13.684578
45,1374,2.601126
47,1374,1.300445
75,1374,18.288549
76,1374,8.783081
77,1374,29.082676
78,1374,26.625774
79,1374,31.533134
94,1374,1.238154
179,1374,10.568776
180,1374,4.965268
181,1374,11.629401
182,1374,5.981676
183,1374,10.999509
1,1375,2.691693
2,1375,6.783364
6,1375,10.285541
15,1375,63.761909
42,1375,139.782471
43,1375,108.347015
44,1375,14.374083
45,1375,1.460878
75,1375,2.596085
76,1375,4.443962
77,1375,15.945498
78,1375,27.31069
79,1375,46.715565
80,1375,50.271763
107,1375,1.514914
108,1375,1.554147
109,1375,1.645237
110,1375,1.805822
111,1375,2.386099
112,1375,19.926163
176,1375,15.928016
177,1375,17.444927
178,1375,15.081216
179,1375,11.907272
180,1375,14.655451
181,1375,63.929367
182,1375,15.238588
192,1375,9.118125
193,1375,3.997742
194,1375,3.102978
195,1375,8.94637
196,1375,6.057957
197,1375,9.263111
198,1375,4.034576
199,1375,4.436794
1,1376,15.35638
6,1376,12.041883
42,1376,137.665482
43,1376,123.288017
44,1376,93.32943
45,1376,30.929039
46,1376,4.302916
74,1376,15.529497
75,1376,18.807106
76,1376,8.607326
77,1376,16.821266
78,1376,18.87908
79,1376,67.618767
80,1376,56.105953
108,1376,3.247505
109,1376,3.408953
110,1376,1.545813
111,1376,48.158199
157,1376,2.239654
178,1376,22.036709
179,1376,16.526119
180,1376,78.004303
190,1376,7.771544
191,1376,5.471836
192,1376,9.318973
215,1376,525.696594
216,1376,380.391602
5,1377,16.90959
6,1377,9.926991
44,1377,205.226318
45,1377,42.219723
46,1377,20.124619
47,1377,39.205002
48,1377,87.044304
49,1377,5.463266
50,1377,4.051309
51,1377,2.79009
75,1377,21.596464
76,1377,12.294263
77,1377,7.252329
78,1377,25.939278
79,1377,51.374844
80,1377,53.370464
157,1377,27.265488
214,1377,517.388428
215,1377,77.281311
216,1377,17.002308
5,1378,25.089563
6,1378,34.16761
45,1378,80.015778
47,1378,74.031807
50,1378,16.979965
51,1378,12.785153
77,1378,10.266832
78,1378,14.318109
79,1378,67.051117
80,1378,70.413704
157,1378,5.954974
213,1378,40.903221
214,1378,39.603382
215,1378,42.370583
216,1378,3.543892
217,1378,1.364924
1,1379,5.467354
2,1379,4.721498
5,1379,75.880791
16,1379,47.400459
157,1379,1.60351
214,1379,13.662587
215,1379,5.284925
216,1379,1.861842
312,1379,58.052357
2,1380,4.402222
3,1380,15.466074
139,1380,34.637615
140,1380,2.514907
141,1380,2.046007
157,1380,1.867134
215,1380,1.91495
216,1380,2.449525
312,1380,135.826233
138,1381,4.699869
311,1381,1.852821
312,1381,281.610962
195,1382,513.841858
312,1382,156.246216
55,1383,9.991481
56,1383,4.235042
195,1383,352.778259
196,1383,69.20108
197,1383,421.347595
198,1383,186.56955
199,1383,329.882813
200,1383,228.542191
201,1383,291.07135
312,1383,180.28006
54,1384,114.01963
55,1384,4.789465
56,1384,5.738666
57,1384,6.083388
151,1384,1.349989
152,1384,5.660517
194,1384,252.144516
195,1384,174.131332
196,1384,57.692997
197,1384,186.633667
198,1384,124.978813
199,1384,210.750549
200,1384,258.921631
201,1384,135.497757
312,1384,205.090225
53,1385,84.289864
54,1385,72.872917
55,1385,46.359657
56,1385,3.560802
57,1385,3.090276
58,1385,124.06369
195,1385,139.710403
196,1385,67.301292
197,1385,18.053219
198,1385,48.306892
199,1385,246.279037
200,1385,219.305161
201,1385,161.170822
312,1385,273.441315
53,1386,206.839279
54,1386,62.811714
55,1386,68.046295
56,1386,37.034481
57,1386,2.987971
58,1386,15.430427
59,1386,5.701024
195,1386,161.057922
196,1386,67.894257
197,1386,10.856767
198,1386,8.21296
199,1386,43.917004
200,1386,149.842865
201,1386,335.798279
53,1387,268.937073
54,1387,243.665573
55,1387,120.802696
56,1387,23.644592
57,1387,6.368858
58,1387,8.787047
59,1387,21.018721
195,1387,44.937366
196,1387,38.903606
197,1387,14.54552
198,1387,9.032479
199,1387,8.529069
200,1387,172.794525
201,1387,183.770416
300,1387,25.094687
55,1388,119.282341
56,1388,81.151955
57,1388,14.460661
58,1388,18.848698
75,1388,31.853947
76,1388,9.269849
77,1388,8.474234
78,1388,10.181257
79,1388,200.731033
80,1388,258.347778
196,1388,19.338783
197,1388,17.42342
198,1388,21.693552
200,1388,27.334414
201,1388,222.740799
216,1388,15.579321
57,1389,64.863029
76,1389,42.30349
77,1389,6.398901
78,1389,16.096867
79,1389,109.78553
80,1389,35.205051
216,1389,13.53185
217,1389,3.865888
218,1389,3.025707
219,1389,138.067474
76,1390,23.665594
77,1390,34.792736
78,1390,12.180187
79,1390,28.452257
80,1390,54.131016
217,1390,5.131127
218,1390,4.676858
76,1391,28.386877
77,1391,5.779899
78,1391,17.670399
79,1391,32.000397
80,1391,34.264374
163,1391,22.756166
216,1391,14.143199
217,1391,9.980732
76,1392,21.463211
77,1392,22.776505
79,1392,75.073341
80,1392,158.643661
160,1392,17.892698
162,1392,4.837059
163,1392,8.888492
178,1392,131.045334
216,1392,40.65361
217,1392,58.883442
79,1393,99.384209
80,1393,337.042786
162,1393,9.572515
163,1393,13.037731
216,1393,27.497761
217,1393,41.140175
161,1394,15.726284
162,1394,9.987811
163,1394,8.246803
216,1394,60.782619
217,1394,41.910938
161,1395,19.562098
162,1395,12.305985
163,1395,12.673904
216,1395,40.71175
217,1395,72.089622
161,1396,38.391781
162,1396,31.621838
163,1396,29.129326
216,1396,111.964478
217,1396,126.115303
162,1397,45.902962
163,1397,27.812449
171,1397,1.684047
216,1397,117.665642
217,1397,279.777435
269,1397,1.087561
270,1397,2.221736
162,1398,82.276039
163,1398,73.484383
164,1398,34.21553
171,1398,1.373049
216,1398,97.159348
217,1398,223.955017
162,1399,70.341606
163,1399,55.854221
164,1399,44.853886
217,1399,114.226929
162,1400,929.351563
163,1400,42.985554
164,1400,29.7136
171,1400,2.496783
172,1400,1.974767
173,1400,2.597181
174,1400,3.50686
175,1400,4.209018
176,1400,6.310709
217,1400,2.302933
162,1401,115.694092
163,1401,69.498901
164,1401,52.385963
171,1401,1.87097
172,1401,3.20094
173,1401,4.209517
174,1401,3.449974
175,1401,12.712914
176,1401,16.096567
177,1401,18.343208
162,1402,55.363991
163,1402,31.031189
164,1402,69.292793
165,1402,122.328468
171,1402,1.263936
172,1402,2.849
173,1402,6.643133
174,1402,10.92247
175,1402,12.686644
176,1402,7.888446
329,1402,70.469032
162,1403,12.204621
163,1403,12.139542
164,1403,17.380558
165,1403,107.593796
176,1403,20.908484
177,1403,15.761404
178,1403,2.039769
329,1403,5.532834
176,1404,1.562424
307,1404,2.64665
153,1405,1.75871
181,1405,1.08397
182,1405,1.064502
179,1406,1.049509
180,1406,1.504182
307,1406,28.717453
308,1406,13.294991
306,1407,19.53611
307,1407,15.388684
281,1408,21.407444
282,1408,15.352247
283,1408,57.583759
284,1408,71.486107
285,1408,38.922951
287,1408,19.239567
306,1408,16.608585
307,1408,16.230335
100,1409,2.149839
101,1409,5.98702
103,1409,6.153965
214,1409,52.207664
1,1732,4.094337
98,1410,2.246015
99,1410,7.372375
101,1410,1.74296
214,1410,45.715034
97,1411,2.25801
99,1411,1.644812
214,1411,37.39769
111,1412,36.896759
97,1413,1.555336
111,1413,9.075723
172,1413,20.283209
173,1413,23.650599
174,1413,22.846163
175,1413,19.57375
111,1414,13.741843
138,1414,2.003375
172,1414,4.442428
173,1414,6.655457
174,1414,5.968406
175,1414,5.133502
195,1414,16.210573
97,1415,2.150242
111,1415,9.548844
172,1415,6.208949
173,1415,12.432198
174,1415,3.756164
175,1415,3.923181
96,1416,7.59856
111,1416,1.125521
112,1416,185.621765
172,1416,35.177261
173,1416,13.472602
174,1416,4.796593
175,1416,4.361916
176,1416,4.165768
177,1416,5.027414
178,1416,4.772469
179,1416,4.653207
180,1416,5.283585
96,1417,1.511054
111,1417,1.023735
112,1417,76.026947
151,1417,210.870926
154,1417,31.605833
173,1417,21.35833
174,1417,8.817786
175,1417,5.739713
176,1417,4.315251
177,1417,4.466037
178,1417,5.871029
179,1417,3.488974
180,1417,5.467178
181,1417,5.620573
182,1417,7.817448
183,1417,7.426888
184,1417,6.757064
185,1417,9.150637
186,1417,8.556815
187,1417,11.792503
189,1417,21.586023
190,1417,15.280639
191,1417,23.769962
192,1417,23.246683
193,1417,77.817535
111,1418,1.664118
112,1418,256.460052
153,1418,65.719376
154,1418,87.513252
155,1418,81.369522
156,1418,45.989067
157,1418,110.615295
158,1418,229.778534
159,1418,473.778778
160,1418,94.203522
161,1418,95.388618
162,1418,93.160767
164,1418,31.283854
179,1418,19.650028
180,1418,13.100696
181,1418,10.257168
182,1418,3.274742
183,1418,3.336951
184,1418,4.090045
185,1418,6.925591
186,1418,5.463149
187,1418,8.415524
188,1418,14.573599
111,1419,4.653543
1,1739,1.470084
1,1740,1.586149
1,1741,19.697248
1,1742,81.350327
104,1423,200.438019
106,1423,227.150406
107,1423,436.524231
108,1423,423.152863
1,1743,23.627659
1,1744,5.411238
296,1430,384.423645
351,1435,276.321838
352,1435,702.669006
353,1435,212.489838
337,1436,33.458023
351,1436,714.05542
352,1436,524.786255
353,1436,169.734177
162,1136,2.2115
163,1136,2.793902
167,1136,2.20425
338,1437,20.681168
162,1137,1.092646
163,1137,2.027605
166,1137,1.135121
161,1138,14.254468
162,1138,5.214893
163,1138,1.58553
164,1138,1.79674
165,1138,1.199547
166,1138,2.033286
160,1139,30.890118
161,1139,21.614943
162,1139,3.797875
163,1139,2.17625
165,1139,2.368914
166,1139,1.131179
167,1139,1.883659
168,1139,3.04004
160,1140,26.672611
161,1140,12.562497
162,1140,4.403775
163,1140,3.678094
164,1140,1.40702
165,1140,1.649254
166,1140,1.108423
167,1140,1.246986
168,1140,3.421817
160,1141,31.749992
161,1141,10.205516
162,1141,8.37814
163,1141,5.417958
164,1141,3.272086
165,1141,2.257511
166,1141,1.856065
167,1141,4.013295
168,1141,8.507255
99,1142,383.877106
161,1142,12.551831
162,1142,6.872062
163,1142,7.71947
164,1142,5.3097
165,1142,4.232769
166,1142,2.354143
167,1142,3.264348
167,1143,2.985967
168,1143,4.078604
119,1443,16.080013
166,1443,18.538797
108,1444,128.31131
120,1444,452.917175
133,1445,6.444266
134,1445,16.917614
135,1445,6.025137
142,1445,33.917351
143,1445,1.950192
184,1445,298.879669
122,1446,491.21524
124,1446,55.155632
125,1446,74.670822
130,1446,15.892556
131,1446,6.27306
132,1446,13.942017
133,1446,11.921843
134,1446,9.891818
155,1446,8.99959
170,1446,189.025574
182,1446,557.595886
183,1446,331.269867
184,1446,334.045715
185,1446,445.15741
122,1447,147.336563
123,1447,46.377804
124,1447,53.103882
125,1447,177.135193
126,1447,121.373596
127,1447,158.8974
128,1447,82.31839
129,1447,24.650301
130,1447,13.737234
131,1447,27.877642
132,1447,25.956491
133,1447,27.208851
134,1447,4.738168
175,1447,12.341134
176,1447,74.753372
179,1447,12.572248
180,1447,244.210861
181,1447,142.14801
182,1447,95.66806
98,1147,689.480957
122,1448,40.261227
123,1448,33.230049
124,1448,45.234367
125,1448,33.669998
126,1448,21.415152
127,1448,37.851173
128,1448,13.143402
129,1448,15.352013
130,1448,21.288494
131,1448,16.93243
132,1448,47.028111
133,1448,50.708736
134,1448,58.627941
170,1448,51.053802
171,1448,11.529167
172,1448,8.97326
173,1448,7.074551
174,1448,8.051193
175,1448,3.326712
176,1448,3.308329
177,1448,2.942097
178,1448,3.12446
179,1448,2.868534
181,1448,166.092194
182,1448,28.289501
183,1448,47.582439
125,1449,169.823074
126,1449,181.277527
127,1449,196.200867
128,1449,70.364578
129,1449,58.103592
130,1449,81.997299
131,1449,11.606055
132,1449,80.197693
133,1449,61.2924
154,1449,34.032806
170,1449,31.912586
171,1449,29.200531
172,1449,10.807432
173,1449,11.805103
174,1449,9.795301
175,1449,4.547659
176,1449,6.714223
177,1449,10.939808
178,1449,8.909256
179,1449,4.809845
182,1449,35.398266
183,1449,77.175186
184,1449,121.359634
128,1450,52.989929
129,1450,49.64127
130,1450,60.007225
131,1450,60.911621
132,1450,28.201389
155,1450,14.910188
156,1450,8.280209
157,1450,4.818182
159,1450,1.061861
169,1450,201.559708
170,1450,98.789314
171,1450,58.738602
172,1450,28.588358
173,1450,21.081106
174,1450,13.965931
175,1450,6.483483
176,1450,6.918797
177,1450,14.006056
178,1450,15.855222
179,1450,6.780338
181,1450,84.210098
182,1450,95.274307
183,1450,94.000763
184,1450,151.264542
114,1149,461.861023
155,1451,1.005584
171,1451,114.165077
155,1452,1.821141
114,1152,875.412415
115,1152,632.79364
145,1453,2.346451
146,1453,1.229393
147,1453,12.098589
145,1454,3.380005
146,1454,5.703733
147,1454,5.508712
287,1454,1.591717
289,1454,1.591717
336,1454,16.038666
339,1454,2.790592
28,1153,32.598736
30,1153,30.843794
31,1153,18.01215
114,1153,474.785248
184,1154,357.354065
141,1455,69.691223
142,1455,16.578028
143,1455,1.59859
146,1455,4.056622
147,1455,3.616281
336,1455,23.564323
337,1455,5.670866
198,1155,21.41855
56,1456,289.950012
141,1456,34.754681
335,1456,780.260254
336,1456,17.650482
337,1456,1.567072
185,1156,136.206635
198,1156,24.727617
335,1457,220.909088
336,1457,51.431126
185,1157,3.981478
186,1157,3.480332
187,1157,4.983195
197,1157,3.206849
186,1158,19.568699
187,1158,18.632456
34,1160,103.715805
155,1460,126.955917
156,1460,23.065548
157,1460,11.128411
158,1460,5.152841
159,1460,3.805725
79,1163,164.718201
79,1164,110.393524
258,1164,27.765234
259,1164,36.563202
154,1463,12.173123
155,1463,1.502031
156,1463,1.216057
209,1165,6.751807
210,1165,5.58876
211,1165,15.403059
212,1165,5.116251
213,1165,8.015016
258,1165,54.612026
259,1165,41.10294
260,1165,15.888419
154,1464,7.73851
155,1464,1.430454
179,1464,20.753288
154,1465,1.386887
179,1465,127.019089
180,1465,25.184471
166,1466,2.431212
167,1466,2.970167
168,1466,3.287214
169,1466,56.750118
170,1466,2.074266
171,1466,9.106162
179,1466,9.833037
180,1466,86.554176
181,1466,15.188919
160,1467,63.220856
157,1469,2.608421
165,1469,10.46981
166,1469,6.22733
167,1469,6.22733
168,1469,3.277832
169,1469,2.315983
170,1469,2.782862
171,1469,2.782862
172,1469,2.492505
173,1469,2.0061
177,1469,1.63357
178,1469,41.397476
179,1469,37.622902
180,1469,41.551918
167,1470,4.221787
168,1470,4.724587
347,1470,1.032019
179,1471,4.772266
180,1471,4.911569
156,1472,12.804861
157,1472,12.804861
248,1472,97.612701
348,1473,1.032019
347,1474,7.426926
346,1475,9.71477
347,1475,10.072528
348,1475,7.976467
71,1166,417.526825
185,1166,11.029903
186,1166,15.896171
187,1166,13.792621
188,1166,16.6008
189,1166,52.846821
190,1166,39.299625
191,1166,34.057453
192,1166,16.146935
202,1166,41.019741
209,1166,10.100081
210,1166,3.625243
211,1166,3.16517
212,1166,3.250159
213,1166,4.971972
214,1166,16.488358
215,1166,22.249819
216,1166,25.351639
217,1166,31.446339
218,1166,30.927893
219,1166,54.927624
258,1166,11.934385
