2280,212,9.105137
2283,213,8.051923
2283,214,5.591409
2272,216,8.281568
2273,216,11.016349
2274,216,1.349732
2277,216,3.243778
2293,216,2.648459
2280,217,2.118985
2285,217,8.08569
2286,217,4.283549
2287,217,3.097663
2288,217,2.86322
2294,217,6.440731
2295,217,3.107439
2278,218,6.463165
2280,218,4.044543
2281,218,2.747745
2282,218,5.453619
2285,218,3.376402
2287,218,1.186769
2288,218,1.991201
2289,218,1.348952
2290,218,1.409929
2292,218,4.395843
2293,218,6.524562
2294,218,4.732647
2295,218,4.377024
2302,218,4.060544
2280,219,1.802052
2281,219,4.590267
2282,219,5.153022
2283,219,4.793135
2284,219,4.816243
2285,219,5.074424
2289,219,1.429982
2290,219,1.531009
2294,219,1.216262
2359,219,9.826614
2368,219,10.123094
2278,220,7.184258
2280,220,5.278807
2282,220,3.262949
2283,220,2.979366
2284,220,2.762334
2285,220,1.577324
2286,220,4.549465
2287,220,4.65695
2288,220,5.398643
2289,220,2.159989
2290,220,1.643479
2292,220,2.279153
2293,220,3.321063
2294,220,2.442784
2295,220,1.909502
2343,220,15.575043
2372,220,4.028051
2425,220,2.535323
2429,220,7.356571
2278,221,2.011515
2281,221,4.14204
2282,221,2.562275
2283,221,8.139188
2284,221,1.838292
2285,221,1.786936
2286,221,2.277301
2287,221,2.880257
2288,221,1.742843
2290,221,1.033933
2293,221,1.830845
2294,221,6.286709
2295,221,3.724441
2353,221,8.274667
2368,221,2.188901
2371,221,93.657852
2372,221,32.04084
2422,221,23.71274
2274,222,15.995504
2278,222,1.151989
2280,222,2.914832
2281,222,5.662582
2282,222,3.499962
2283,222,3.835038
2288,222,2.620575
2291,222,4.037145
2292,222,2.176762
2294,222,1.35267
2295,222,1.63092
2351,222,11.459173
2352,222,37.234066
2372,222,11.694365
2373,222,36.130493
2279,223,1.273951
2280,223,1.296803
2283,223,6.573427
2286,223,1.207316
2289,223,1.190201
2290,223,1.145566
2353,223,117.279945
2360,223,6.192826
2370,223,55.227528
2372,223,1.209793
2376,223,102.283508
2272,224,4.517951
2283,224,2.503742
2284,224,1.086024
2308,224,26.355579
2309,224,20.391045
2310,224,23.297348
2379,224,22.380272
2422,224,5.336653
2423,224,2.920009
2272,225,42.743729
2283,225,3.147802
2285,225,1.44533
2306,225,49.247692
2307,225,27.123655
2308,225,30.700926
2309,225,11.322371
2310,225,20.694876
2360,225,5.367934
2372,225,140.354187
2373,225,80.897377
2374,225,156.725876
2422,225,9.591184
2423,225,7.864414
2424,225,4.61958
2426,225,6.838046
2272,226,107.025406
2280,226,1.224332
2281,226,2.696394
2283,226,6.336974
2308,226,14.525249
2309,226,12.83536
2310,226,20.766251
2311,226,21.181803
2361,226,4.971368
2376,226,4.981686
2377,226,9.467933
2423,226,8.276181
2424,226,9.265827
2273,227,11.309864
2281,227,4.023938
2283,227,2.899666
2289,227,3.057062
2293,227,1.438719
2308,227,14.331921
2309,227,12.557862
2310,227,16.666975
2373,227,48.803024
2379,227,146.809509
2272,228,33.089008
2283,228,6.200791
2306,228,129.300079
2307,228,56.4062
2309,228,19.957586
2331,228,195.523849
2355,228,195.486649
2377,228,45.565353
2378,228,161.234528
2272,229,8.288918
2279,229,1.073014
2283,229,6.780224
2306,229,68.921799
2331,229,123.911644
2355,229,72.160309
2357,229,8.680799
2373,229,70.680923
2391,229,142.907059
2399,229,21.603683
2280,230,16.491631
2283,230,3.567562
2284,230,2.151256
2331,230,17.668556
2332,230,38.154484
2334,230,60.844296
2336,230,14.244389
2337,230,8.929033
2356,230,15.663936
2357,230,5.045156
2391,230,177.874695
2392,230,58.919426
2393,230,20.162447
2394,230,119.761391
2395,230,4.694097
2280,231,11.910975
2284,231,1.304966
2290,231,6.769011
2291,231,1.592536
2292,231,9.0748
2331,231,40.4454
2332,231,27.760763
2333,231,12.632092
2335,231,18.678457
2336,231,21.35129
2389,231,266.130249
2391,231,14.485619
2392,231,43.09296
2393,231,21.200224
2394,231,5.040299
2395,231,5.096523
2396,231,43.860046
2279,232,4.839051
2280,232,1.08863
2284,232,4.429441
2285,232,6.643356
2293,232,1.181092
2295,232,4.350738
2296,232,4.237751
2389,232,242.554901
2391,232,30.500559
2392,232,111.578796
2393,232,29.066689
2394,232,28.621504
2395,232,19.816542
2396,232,11.230553
2397,232,6.800982
2284,233,2.562249
2285,233,2.909409
2295,233,2.076412
2296,233,16.643473
2389,233,102.324173
2391,233,109.053741
2392,233,174.256866
2393,233,211.68045
2394,233,27.933609
2395,233,24.999763
2396,233,31.071741
2397,233,24.025837
2273,234,3.409923
2284,234,2.83092
2285,234,1.238653
2297,234,1.777838
2356,234,2.187777
2369,234,12.023611
2389,234,24.507921
2391,234,137.717896
2392,234,49.606438
2397,234,26.878992
2402,234,4.258003
2284,235,1.685723
2286,235,2.435984
2290,235,1.03373
2292,235,3.402709
2389,235,16.626417
2391,235,258.48587
2392,235,11.368922
2397,235,10.919846
2401,235,8.084988
2284,236,1.242715
2286,236,1.171621
2288,236,1.923186
2322,236,42.534325
2323,236,36.574528
2388,236,161.325439
2389,236,14.504956
2391,236,205.357132
2392,236,8.038862
2275,237,30.623085
2284,237,2.823724
2285,237,2.491146
2286,237,2.786997
2288,237,2.036975
2323,237,32.257935
2324,237,45.607765
2388,237,320.872101
2389,237,19.961708
2391,237,84.678558
2392,237,19.069294
2277,238,12.293562
2284,238,3.100917
2285,238,2.022217
2286,238,2.517157
2287,238,3.235493
2288,238,1.633425
2292,238,1.030228
2305,238,8.164694
2306,238,13.737744
2307,238,4.841835
2308,238,2.829044
2309,238,8.224112
2323,238,88.974899
2324,238,84.347473
2391,238,17.616381
2392,238,6.828984
2284,239,8.395624
2288,239,3.631915
2305,239,13.103626
2306,239,2.010369
2307,239,2.076144
2308,239,1.988599
2383,239,74.1464
2384,239,88.075211
2389,239,12.66508
2390,239,15.042573
2391,239,18.540924
2392,239,19.904882
2278,240,3.289794
2284,240,1.644552
2297,240,1.460008
2305,240,3.986784
2306,240,2.642608
2307,240,1.357787
2308,240,3.656888
2309,240,2.577573
2384,240,35.48214
2390,240,2.516904
2401,240,4.932251
2402,240,12.004265
2277,241,1.079771
2286,241,1.14348
2305,241,3.509343
2306,241,2.015798
2307,241,1.408532
2308,241,1.532207
2309,241,2.389807
2368,241,59.598652
2369,241,38.328239
2371,241,111.260582
2372,241,133.39032
2397,241,9.103314
2486,241,16.868107
2282,242,1.611381
2283,242,1.570104
2284,242,1.087363
2295,242,1.828139
2296,242,1.861028
2297,242,6.56504
2305,242,4.415061
2306,242,2.015798
2307,242,1.016788
2308,242,2.465089
2309,242,1.74047
2339,242,12.59199
2340,242,18.351177
2341,242,5.104575
2342,242,9.797563
2343,242,3.635373
2355,242,4.268202
2383,242,18.113674
2390,242,19.633738
2391,242,24.437201
2392,242,17.426384
2281,243,1.23423
2282,243,1.319148
2283,243,2.991634
2296,243,2.853215
2297,243,4.110319
2305,243,6.107269
2306,243,1.491057
2307,243,1.16741
2309,243,1.366945
2334,243,6.2857
2335,243,14.084489
2337,243,12.082401
2338,243,22.19128
2339,243,20.23917
2340,243,11.161841
2341,243,15.036947
2342,243,12.009909
2343,243,8.532776
2344,243,24.202213
2345,243,6.213076
2346,243,8.086508
2347,243,7.022326
2348,243,5.268404
2349,243,9.007687
2350,243,5.016795
2351,243,3.326105
2352,243,3.082137
2353,243,3.586136
2354,243,7.81657
2355,243,4.09485
2358,243,65.407188
2366,243,22.412458
2367,243,13.456848
2370,243,5.673324
2371,243,8.545725
2372,243,11.396611
2383,243,25.493193
2392,243,14.372485
2400,243,37.431625
2285,244,1.027295
2286,244,1.587088
2288,244,2.004623
2293,244,2.726129
2297,244,3.291874
2305,244,5.775063
2306,244,1.517206
2308,244,1.524502
2334,244,8.247182
2335,244,6.214247
2336,244,15.550795
2338,244,1.224194
2358,244,6.810721
2367,244,54.541988
2371,244,7.920079
2372,244,3.555416
2383,244,15.928774
2403,244,30.316904
2281,245,1.647529
2282,245,1.238281
2283,245,2.948752
2291,245,1.052632
2293,245,3.701769
2294,245,1.212521
2296,245,1.554666
2297,245,12.282976
2305,245,5.929222
2306,245,3.019993
2334,245,4.742288
2335,245,6.155608
2336,245,14.521192
2358,245,2.847769
2376,245,79.059235
2377,245,1.389336
2383,245,16.248159
2392,245,7.0433
2398,245,22.137661
2402,245,3.127483
2403,245,17.897608
2463,245,38.779774
2464,245,58.086178
2465,245,29.008476
2277,246,2.989453
2285,246,1.04558
2297,246,1.352345
2306,246,1.275055
2329,246,4.356897
2334,246,8.724085
2335,246,2.980541
2336,246,4.152503
2340,246,4.188596
2341,246,1.200418
2342,246,1.518492
2343,246,1.043224
2345,246,1.133526
2358,246,7.871195
2383,246,20.315077
2391,246,12.241081
2392,246,11.646106
2398,246,8.160009
2463,246,55.346207
2464,246,20.628025
2465,246,67.068512
2466,246,3.908247
2467,246,6.718507
2468,246,3.044153
2469,246,7.695148
2470,246,3.99441
2483,246,28.366377
2484,246,22.631998
2485,246,63.414326
2486,246,44.534161
2287,247,7.055336
2290,247,1.035714
2297,247,1.039595
2305,247,6.644953
2306,247,1.347571
2326,247,1.883277
2329,247,110.583549
2341,247,2.033875
2342,247,1.094957
2383,247,25.824781
2391,247,2.86098
2392,247,2.497207
2398,247,6.88193
2399,247,7.361746
2400,247,7.270123
2401,247,9.445974
2403,247,11.205952
2464,247,40.600613
2465,247,17.817114
2466,247,8.785286
2467,247,5.891808
2468,247,8.21536
2469,247,9.871695
2470,247,16.652628
2483,247,21.021896
2484,247,31.29867
2485,247,54.600891
2272,248,16.049656
2287,248,2.999891
2309,248,1.215075
2311,248,3.764584
2326,248,2.255722
2327,248,1.47152
2329,248,5.519329
2343,248,2.300018
2350,248,1.892719
2358,248,10.559157
2384,248,25.067467
2390,248,1.011817
2391,248,12.111604
2392,248,11.694099
2393,248,5.117167
2398,248,5.764329
2399,248,10.300464
2273,249,3.936178
2286,249,16.090069
2305,249,4.555367
2307,249,5.280598
2308,249,4.879882
2309,249,2.486115
2310,249,4.527586
2311,249,9.408758
2312,249,7.665096
2326,249,2.95453
2327,249,1.466772
2329,249,8.170723
2343,249,2.805114
2347,249,1.314543
2348,249,1.961883
2350,249,1.198705
2351,249,5.482866
2358,249,38.458817
2383,249,6.394866
2390,249,5.789784
2398,249,10.474774
2399,249,30.625319
2400,249,10.856142
2272,250,2.523752
2302,250,8.346578
2303,250,1.030046
2306,250,5.177584
2307,250,4.723213
2308,250,2.279643
2309,250,4.301793
2310,250,9.809263
2311,250,18.066113
2312,250,31.616409
2316,250,6.291255
2326,250,2.528816
2327,250,2.498082
2329,250,11.370054
2344,250,1.428804
2349,250,1.093541
2403,250,21.167137
2283,251,2.319659
2285,251,1.162516
2294,251,1.02973
2302,251,1.613032
2304,251,1.159838
2307,251,3.755394
2308,251,5.019429
2317,251,30.876171
2318,251,60.595764
2326,251,7.235464
2327,251,1.620763
2328,251,4.913609
2332,251,1.271486
2333,251,1.31682
2334,251,1.515368
2336,251,1.159006
2338,251,1.701047
2339,251,2.419535
2342,251,1.275537
2343,251,7.250136
2344,251,2.551655
2345,251,5.339524
2346,251,3.593018
2347,251,6.675848
2348,251,12.374646
2349,251,20.232075
2350,251,7.498991
2351,251,20.130909
2285,252,1.564783
2286,252,1.901848
2291,252,1.032583
2293,252,1.852191
2297,252,4.605568
2303,252,2.624012
2304,252,1.887978
2305,252,4.088298
2306,252,6.127108
2307,252,2.075701
2308,252,7.084491
2317,252,29.273453
2318,252,34.663994
2320,252,36.691978
2321,252,6.338253
2323,252,1.756759
2326,252,6.190969
2328,252,5.441289
2332,252,1.791222
2333,252,3.095398
2334,252,2.16492
2335,252,2.535512
2336,252,5.433978
2338,252,2.656037
2339,252,3.854389
2342,252,6.152808
2343,252,4.543416
2347,252,4.699311
2348,252,13.733662
2349,252,6.003103
2350,252,5.902276
2390,252,3.771615
2285,253,2.264158
2302,253,1.188425
2303,253,1.58984
2304,253,5.007965
2305,253,5.625405
2306,253,8.929187
2320,253,4.615459
2321,253,5.438528
2322,253,4.508736
2323,253,2.878183
2326,253,3.187094
2327,253,4.322468
2328,253,2.624824
2332,253,1.844181
2333,253,3.405739
2334,253,8.314968
2335,253,4.312774
2336,253,2.661133
2337,253,1.802296
2338,253,2.415143
2339,253,1.122621
2348,253,6.948375
2349,253,2.811815
2484,255,15.561594
2451,256,25.303194
2325,257,1.271694
2328,257,1.930797
2329,257,8.322497
2451,257,67.47718
2477,257,85.818062
2270,258,7.8742
2271,258,1.024236
2312,258,6.660641
2319,258,5.42836
2320,258,21.723156
2321,258,8.947789
2322,258,8.931725
2323,258,9.013845
2324,258,10.084655
2329,258,1.422488
2451,258,81.788147
2472,258,78.766991
2477,258,20.894712
2493,258,25.281546
2312,259,4.711888
2313,259,14.770096
2320,259,7.585153
2321,259,11.45529
2322,259,4.948374
2323,259,9.355631
2324,259,11.712058
2325,259,8.059956
2326,259,1.340064
2327,259,1.914003
2328,259,3.141422
2329,259,3.843121
2335,259,10.897827
2336,259,24.5987
2337,259,22.77112
2338,259,10.349946
2340,259,14.096005
2281,260,1.464578
2304,260,31.005836
2305,260,10.108642
2306,260,3.394704
2312,260,2.616685
2313,260,15.0584
2320,260,1.5731
2321,260,4.70534
2324,260,23.965986
2325,260,24.54081
2326,260,8.028654
2328,260,12.248647
2281,261,1.149196
2283,261,1.242379
2305,261,6.713476
2306,261,5.594494
2313,261,24.495043
2321,261,16.113258
2324,261,61.394745
2325,261,25.053656
2348,261,476.812592
2352,261,6.096995
2416,261,16.960381
2417,261,30.937834
2451,261,135.144836
2277,262,1.581345
2284,262,1.042547
2304,262,11.101208
2305,262,7.863025
2312,262,3.296603
2313,262,20.241032
2317,262,1.053149
2320,262,8.234985
2355,262,23.87875
2372,262,1.501858
2416,262,31.445337
2447,262,24.820269
2448,262,18.499222
2449,262,38.621647
2450,262,53.628529
2276,263,1.889183
2277,263,1.162201
2304,263,12.672097
2305,263,7.326972
2312,263,1.087515
2313,263,11.639
2316,263,1.053149
2317,263,8.186893
2355,263,35.859505
2416,263,27.212101
2417,263,16.985033
2447,263,139.842651
2448,263,62.275269
2449,263,60.889645
2450,263,56.601929
2451,263,240.824097
2272,264,11.744637
2277,264,2.473062
2304,264,17.849598
2305,264,19.264717
2312,264,3.065474
2313,264,1.32503
2314,264,11.048106
2316,264,1.064319
2317,264,6.591707
2322,264,6.254935
2416,264,11.730742
2443,264,22.1045
2444,264,23.024994
2447,264,51.425533
2448,264,32.819996
2284,265,2.174523
2285,265,1.370565
2304,265,11.969021
2305,265,37.621292
2312,265,1.839601
2313,265,1.818169
2315,265,1.095597
2316,265,11.258884
2317,265,15.19349
2322,265,4.542356
2357,265,2.700145
2447,265,11.07647
2448,265,19.689156
2273,266,1.848508
2275,266,4.54275
2276,266,1.560467
2285,266,1.285604
2304,266,23.28397
2305,266,11.963067
2311,266,6.643612
2312,266,6.883026
2313,266,12.866243
2314,266,9.019852
2315,266,4.325424
2326,266,2.171185
2358,266,4.814737
2439,266,17.585581
2444,266,42.311077
2448,266,32.389492
2449,266,8.721598
2486,266,38.01524
2273,267,6.516896
2304,267,2.900351
2305,267,25.013784
2324,267,3.6233
2325,267,2.43938
2326,267,17.846357
2332,267,6.567967
2346,267,2.067411
2357,267,2.34374
2448,267,117.962112
2449,267,120.076347
2450,267,128.537827
2273,268,52.545815
2275,268,18.991804
2276,268,1.176316
2277,268,1.684048
2304,268,5.497855
2312,268,2.906998
2324,268,1.050546
2325,268,6.210939
2357,268,3.247681
2358,268,6.149129
2444,268,2.780226
2279,269,3.182364
2280,269,1.448037
2281,269,1.216795
2304,269,6.037886
2312,269,6.417308
2315,269,20.139128
2316,269,18.186506
2321,269,4.043258
2358,269,2.986693
2433,269,25.671282
2437,269,23.738634
2438,269,13.586901
2439,269,16.049093
2273,270,2.550068
2276,270,2.743773
2278,270,1.662874
2281,270,3.404203
2292,270,33.260777
2293,270,65.35582
2294,270,11.548948
2295,270,5.876978
2304,270,73.166252
2312,270,9.72656
2314,270,17.226809
2315,270,12.232985
2316,270,24.386181
2321,270,3.887688
2358,270,3.328418
2433,270,23.146368
2434,270,18.075726
2435,270,13.885663
2277,271,1.178138
2278,271,2.000136
2282,271,1.734274
2283,271,2.430006
2284,271,3.088861
2293,271,14.400558
2294,271,25.575716
2295,271,9.40568
2312,271,14.67379
2323,271,3.7109
2324,271,2.757428
2358,271,4.213505
2476,271,75.101227
2477,271,60.574146
2278,272,4.612251
2279,272,22.766941
2281,272,2.845657
2282,272,1.26151
2294,272,90.234245
2295,272,25.108921
2312,272,24.895382
2313,272,11.157045
2323,272,2.086711
2324,272,2.506936
2478,272,111.925385
2280,273,2.302887
2281,273,1.769579
2282,273,1.843453
2283,273,5.350805
2312,273,15.717419
2313,273,9.019619
2314,273,23.431046
2323,273,13.070503
2324,273,1.388662
2346,273,1.069679
2478,273,48.277859
2312,274,21.944798
2325,274,2.377616
2326,274,2.775095
2443,274,4.039314
2444,274,1.199884
2445,274,18.110556
2447,274,4.635851
2275,275,6.464389
2276,275,27.821518
2277,275,42.365982
2280,275,9.66414
2281,275,3.52442
2325,275,1.610168
2345,275,1.661165
2443,275,5.683764
2275,276,8.835052
2280,276,2.129452
2281,276,2.232842
2284,276,19.31777
2285,276,3.098567
2286,276,2.594146
2287,276,5.722713
2289,276,6.015662
2290,276,8.76283
2293,276,55.778458
2294,276,17.031189
2440,276,3.875834
2276,277,2.235027
2287,277,4.639606
2290,277,32.757244
2294,277,12.49877
2295,277,2.073804
2311,277,7.434977
2276,278,5.438001
2281,278,2.456202
2289,278,14.66534
2292,278,12.910682
2294,278,4.196165
2295,278,15.794756
2440,278,4.689384
2281,279,3.355448
2286,279,11.536345
2292,279,17.69235
2440,279,5.5251
2283,280,7.984575
2284,280,7.463386
2285,280,4.224239
2293,280,16.063139
2296,280,3.808548
2440,280,178.856003
2283,281,2.683049
2284,281,11.142467
2285,281,36.943775
2274,282,1.568746
2285,282,3.73686
2291,282,10.895913
2292,282,2.224209
2293,282,4.190746
2294,282,6.262455
2295,282,1.313338
2286,283,33.275402
2290,283,17.192467
2292,283,8.577054
2293,283,10.290128
2295,283,8.791865
2296,283,21.476414
2371,283,15.219404
2284,285,1.090355
2285,285,9.224658
2286,285,35.067139
2284,286,9.279697
2475,286,38.904743
2478,286,36.507336
2283,288,4.874172
2281,289,2.351
2284,289,1.527597
2284,290,2.020562
2286,290,7.626843
2288,290,1.406486
2289,290,6.187824
2292,290,2.095066
2288,291,2.205949
2292,291,3.631495
2277,292,1.153525
2278,292,1.363655
2284,292,1.199628
2285,292,1.986729
2286,292,3.663997
2276,293,2.611387
2285,293,1.069467
2284,294,1.05865
2285,294,2.751832
2284,295,1.066922
2285,295,2.083415
2288,296,1.462145
2289,296,1.235615
2469,296,65.590477
2277,297,3.407747
2287,297,5.837812
2438,297,10.211452
2468,297,2.040642
2469,297,61.098438
2470,297,7.774028
2471,297,45.584244
2472,297,9.376839
2474,297,3.247736
2278,298,2.10636
2286,298,1.030641
2287,298,4.734258
2468,298,1.776631
2469,298,21.677608
2473,298,22.617405
2474,298,4.327201
2273,299,14.240905
2275,299,2.040147
2276,299,3.012709
2289,299,4.402168
2424,299,4.548289
2428,299,58.603672
2468,299,23.840755
2474,299,1.854012
2277,300,1.671211
2287,300,2.398211
2289,300,3.364713
2422,300,8.874281
2423,300,7.927097
2474,300,20.026684
2476,300,2.316967
2480,300,22.899899
2277,301,9.856825
2422,301,2.357102
2480,301,7.567883
2276,302,9.030643
2289,302,3.494476
2423,302,8.310861
2495,302,1.980685
2389,304,23.205753
2423,304,1.37901
2477,304,1.942554
2495,304,2.954921
2274,305,3.253318
2275,305,3.553375
2276,305,1.484764
2311,305,1.324504
2389,305,34.141441
2429,305,1.808779
2474,305,7.077609
2475,305,8.116217
2276,306,1.754776
2308,306,1.31773
2310,306,1.215868
2311,306,4.586448
2393,306,4.539235
2472,306,15.319981
2276,307,1.490639
2308,307,1.141367
2309,307,1.186674
2392,307,8.373314
2394,307,4.458346
2396,307,8.711876
2471,307,14.523026
2472,307,11.530351
2474,307,3.310833
2275,308,2.208782
2276,308,3.164782
2279,308,3.074631
2282,308,5.359145
2293,308,2.80751
2307,308,3.254653
2392,308,5.769235
2393,308,23.903097
2394,308,1.956028
2395,308,5.487704
2396,308,6.048726
2397,308,3.27667
2440,308,11.329799
2462,308,5.126207
2467,308,1.672186
2475,308,4.478586
2481,308,4.379214
2482,308,7.602947
2483,308,16.059301
2484,308,7.898222
2275,309,5.6483
2276,309,2.53944
2281,309,2.632674
2307,309,1.065774
2320,309,40.78791
2393,309,3.948996
2394,309,9.931551
2395,309,1.237148
2397,309,5.101084
2468,309,15.402231
2282,310,6.438333
2307,310,2.152221
2391,310,3.746341
2392,310,2.293396
2393,310,10.984197
2394,310,7.141333
2395,310,5.522294
2396,310,1.856063
2397,310,1.527757
2491,310,10.754666
2276,311,93.340614
2277,311,30.043369
2281,311,1.342324
2306,311,1.112288
2307,311,2.773079
2335,311,23.525791
2336,311,1.332457
2337,311,4.447326
2391,311,10.118011
2392,311,11.532189
2393,311,12.483149
2394,311,28.448803
2395,311,6.0385
2396,311,6.455575
2397,311,3.381879
2490,311,21.884285
2491,311,5.694068
2277,312,15.423831
2306,312,1.180082
2392,312,50.538208
2393,312,7.306599
2394,312,7.615375
2395,312,12.49309
2396,312,5.009305
2397,312,2.814849
2307,313,5.960842
2391,313,23.666264
2392,313,5.013814
2393,313,5.266582
2394,313,4.719351
2395,313,5.408555
2396,313,2.884578
2397,313,1.302846
2306,314,7.371355
2307,314,19.690113
2391,314,6.965491
2392,314,12.868361
2393,314,2.791222
2394,314,4.673493
2395,314,7.569524
2396,314,5.015584
2397,314,2.251664
2307,315,27.450336
2339,315,36.80949
2392,315,10.685871
2393,315,15.955901
2394,315,7.026666
2395,315,3.096803
2396,315,4.17997
2397,315,5.275813
2451,315,8.2974
2452,315,4.294368
2482,315,1.214749
2485,315,3.572919
2306,316,4.744667
2307,316,9.618963
2481,316,1.86856
2482,316,2.693205
2483,316,7.493058
2484,316,4.100477
2283,317,2.035811
2306,317,1.473118
2307,317,6.398937
2342,317,20.400501
2344,317,8.869984
2345,317,6.992955
2346,317,3.660015
2359,317,3.193993
2456,317,5.40804
2480,317,9.852028
2481,317,10.538665
2485,317,6.488649
2306,318,2.795441
2307,318,8.743052
2343,318,8.912701
2344,318,8.080008
2345,318,3.0142
2346,318,2.834796
2347,318,3.895101
2351,318,1.193884
2352,318,7.734204
2353,318,8.970377
2354,318,11.172623
2358,318,2.988122
2359,318,30.683477
2371,318,34.737312
2417,318,1.255606
2429,318,2.298512
2451,318,1.193868
2456,318,19.568518
2484,318,6.072405
2273,319,2.88183
2274,319,2.369358
2275,319,3.107557
2276,319,1.003922
2306,319,1.805957
2307,319,1.529036
2338,319,6.794445
2343,319,35.742878
2344,319,4.491731
2345,319,23.232737
2347,319,6.160582
2348,319,3.401441
2349,319,4.204881
2350,319,1.9135
2352,319,2.560949
2353,319,2.775661
2354,319,2.704889
2356,319,3.481174
2357,319,2.671146
2358,319,1.335806
2359,319,2.889905
2360,319,19.760363
2370,319,21.598961
2371,319,13.617111
2417,319,1.826005
2418,319,1.084633
2421,319,1.220402
2456,319,4.577534
2484,319,12.329966
2274,320,2.3506
2275,320,5.231564
2277,320,1.156615
2312,320,29.430828
2313,320,16.029615
2355,320,6.000111
2357,320,10.214156
2358,320,9.663727
2359,320,14.585361
2417,320,1.376177
2419,320,2.280267
2306,321,1.064283
2311,321,13.444736
2312,321,40.058994
2417,321,1.933859
2418,321,4.062728
2419,321,1.180412
2423,321,8.494395
2310,322,38.55698
2312,322,122.902489
2417,322,1.721082
2418,322,4.644966
2423,322,2.373404
2424,322,3.268123
2426,322,2.442082
2274,323,12.867833
2275,323,12.624022
2276,323,12.137311
2277,323,15.765533
2310,323,29.677872
2311,323,23.420418
2425,323,2.34047
2428,323,2.401541
2429,323,2.889086
2430,323,2.015666
2439,323,2.792666
2442,323,2.02081
2275,324,16.524063
2276,324,2.59818
2306,324,2.069221
2367,324,3.019769
2368,324,4.38062
2425,324,7.751234
2426,324,1.898052
2440,324,1.075596
2446,324,1.160636
2452,324,1.600757
2363,325,24.88604
2445,325,5.12789
2447,325,2.411684
2452,325,3.669241
2452,326,22.012667
2453,326,5.442584
2458,326,1.267337
2337,327,51.840504
2363,327,32.984848
2364,327,31.535486
2368,327,11.33203
2369,327,7.484836
2370,327,8.723962
2452,327,27.074446
2453,327,11.865335
2454,327,2.902426
2457,327,3.71102
2458,327,6.151036
2337,328,17.558346
2338,328,16.289436
2363,328,29.403849
2364,328,9.318449
2453,328,5.080884
2454,328,1.373565
2457,328,2.053671
2458,328,4.009328
2459,328,5.973205
2275,329,7.382785
2276,329,3.436151
2318,329,83.364563
2326,329,49.110348
2337,329,63.883831
2363,329,42.751183
2364,329,4.212332
2368,329,18.167625
2370,329,25.410492
2429,329,5.965888
2453,329,4.366482
2454,329,1.009961
2457,329,1.166964
2460,329,6.703768
2275,330,2.639952
2318,330,154.628662
2326,330,4.830478
2337,330,34.51107
2363,330,37.837112
2364,330,4.465126
2366,330,2.222249
2368,330,23.319044
2370,330,35.152084
2371,330,31.27935
2380,330,8.456375
2381,330,17.897184
2382,330,10.532537
2429,330,1.861302
2430,330,1.006836
2445,330,14.296618
2452,330,3.793659
2456,330,1.313076
2457,330,1.734896
2275,331,2.476959
2337,331,27.839603
2363,331,45.671474
2364,331,3.994872
2366,331,2.433456
2370,331,15.021856
2371,331,5.109155
2381,331,9.680107
2382,331,15.073552
2424,331,29.982208
2445,331,3.282787
2446,331,8.82958
2457,331,8.843427
2322,332,73.512115
2323,332,34.389839
2324,332,5.600427
2363,332,61.40992
2370,332,5.801014
2371,332,3.631743
2428,332,9.031039
2430,332,10.721745
2433,332,20.593252
2435,332,9.071223
2436,332,15.484552
2437,332,11.900087
2438,332,15.492188
2439,332,13.961733
2440,332,12.474455
2441,332,9.561707
2447,332,1.56198
2412,333,2.634418
2425,333,23.671495
2438,333,12.029585
2439,333,12.825996
2440,333,14.173101
2442,341,27.990986
2308,342,2.625153
2309,342,2.653877
2434,342,1.513527
2308,343,1.95127
2309,343,1.190559
2419,343,34.61351
2420,343,2.786848
2421,343,2.818591
2309,344,3.982121
2324,344,545.452271
2433,344,1.560788
2323,345,266.727783
2324,345,321.894836
2325,345,383.744049
2432,345,3.26951
2434,345,4.06294
2324,346,210.707367
2372,346,107.739975
2376,346,14.479046
2378,346,25.545494
2379,346,22.123644
2380,346,46.033794
2398,346,45.660606
2399,346,19.816933
2434,346,7.955338
2373,347,57.769024
2374,347,31.25765
2375,347,12.012838
2376,347,10.512688
2377,347,19.584389
2378,347,19.288326
2379,347,43.038357
2380,347,34.078396
2381,347,34.117714
2398,347,5.992905
2399,347,16.392811
2400,347,22.360029
2431,347,9.19668
2432,347,3.059286
2381,348,4.108114
2398,348,5.411399
2399,348,18.395807
2400,348,21.804844
2431,348,4.233866
2432,348,15.00212
2360,349,109.894119
2398,349,6.902153
2399,349,18.095579
2400,349,21.097168
2431,349,7.52126
2432,349,3.432687
2433,349,1.223547
2434,349,2.119837
2361,350,240.981522
2398,350,5.110993
2399,350,18.068314
2400,350,23.623178
2431,350,3.390557
2434,350,1.261005
2441,350,8.136561
2284,351,6.067699
2398,351,5.347724
2399,351,16.535999
2400,351,24.735458
2433,351,6.408568
2434,351,5.88887
2439,351,11.142522
2440,351,14.783034
2441,351,9.699844
2442,351,7.451489
2443,351,11.683419
2447,351,11.4467
2398,352,4.212695
2399,352,19.517616
2400,352,31.834879
2433,352,4.004875
2434,352,1.42846
2275,353,18.922722
2280,353,25.681973
2398,353,7.284361
2399,353,21.579592
2400,353,33.915031
2432,353,4.820707
2433,353,1.400417
2434,353,2.048889
2439,353,17.497396
2440,353,24.084761
2441,353,8.143477
2442,353,27.044306
2275,354,39.212582
2280,354,28.078691
2398,354,5.836502
2399,354,27.293926
2400,354,27.293058
2432,354,8.925079
2433,354,2.020889
2434,354,1.698031
2439,354,13.750297
2308,355,98.618988
2398,355,9.701324
2399,355,24.691603
2400,355,27.63512
2432,355,5.0596
2433,355,6.845324
2434,355,1.890134
2443,355,6.973155
2398,356,17.984184
2399,356,18.15687
2400,356,23.338034
2432,356,1.284401
2433,356,2.620056
2434,356,2.319021
2439,356,6.486012
2440,356,5.646823
2441,356,8.749226
2442,356,10.868872
2443,356,10.012383
2444,356,3.467597
2397,357,27.828632
2399,357,23.444994
2400,357,45.975266
2432,357,2.788374
2433,357,5.711331
2434,357,2.008413
2439,357,22.973633
2440,357,11.927575
2441,357,22.2561
2442,357,9.434033
2443,357,15.404902
2444,357,6.855424
2445,357,6.141433
2446,357,10.59599
2447,357,7.045929
2448,357,6.757604
2449,357,9.171084
2450,357,18.758308
2279,358,52.311874
2280,358,14.426217
2432,358,4.798166
2433,358,8.27791
2434,358,2.127918
2432,359,1.70111
2434,359,1.692321
2439,359,5.376184
2440,359,7.176494
2441,359,7.449377
2442,359,7.98479
2443,359,12.281797
2444,359,5.225921
2445,359,4.821153
2446,359,5.0924
2447,359,5.398401
2448,359,9.507758
2449,359,13.004633
2450,359,7.07771
2432,360,1.884337
2433,360,3.34055
2434,360,1.370753
2418,363,1.413912
2419,363,1.247319
2420,363,1.263187
2421,363,2.425061
2422,363,8.117258
2438,363,2.592627
2439,363,4.164093
2415,364,4.456315
2418,364,1.121613
2422,364,2.087684
2424,364,3.336196
2425,364,3.316425
2426,364,2.385376
2427,364,2.526538
2438,364,1.619615
2368,365,22.074495
2415,365,2.164656
2426,365,1.566138
2427,365,7.3051
2428,365,2.452272
2429,365,3.137112
2430,365,2.774
2438,365,1.075797
2439,365,1.591389
2488,365,4.1421
2489,365,4.65645
2426,366,11.770409
2427,366,4.26318
2428,366,19.647442
2429,366,1.645982
2430,366,6.905031
2431,366,3.423182
2432,366,5.141918
2433,366,2.534127
2434,366,2.047205
2439,366,1.961337
2441,366,39.851456
2442,366,6.444911
2443,366,2.265651
2444,366,4.560123
2445,366,11.127999
2453,366,43.868198
2368,367,110.410721
2369,367,36.970779
2370,367,60.489235
2376,367,16.452221
2377,367,4.712362
2378,367,65.409248
2379,367,23.065933
2380,367,19.671064
2381,367,13.484055
2382,367,17.23126
2383,367,13.679862
2404,367,1.383075
2419,367,1.784637
2420,367,2.041022
2429,367,8.230878
2430,367,3.968675
2431,367,5.243673
2432,367,11.070733
2433,367,5.072486
2434,367,3.236195
2435,367,3.17243
2436,367,3.311061
2437,367,19.096668
2441,367,39.033741
2442,367,11.70234
2443,367,2.735896
2444,367,3.612441
2445,367,1.691783
2446,367,8.094254
2453,367,2.917814
2369,368,22.865913
2370,368,24.048233
2376,368,10.223065
2377,368,5.299362
2378,368,11.483168
2379,368,4.035334
2380,368,4.400474
2381,368,5.652694
2382,368,5.083383
2383,368,1.03581
2396,368,1.060438
2432,368,4.242809
2433,368,2.944811
2434,368,1.357207
2435,368,4.405055
2436,368,6.197371
2437,368,4.700418
2438,368,4.505308
2439,368,2.121356
2442,368,4.937617
2443,368,14.759474
2444,368,8.168622
2445,368,4.396886
2369,369,29.149572
2370,369,18.451418
2376,369,31.141012
2377,369,10.865395
2378,369,6.493807
2379,369,4.453499
2380,369,5.415679
2381,369,4.174222
2382,369,2.042252
2383,369,1.249585
2438,369,10.161334
2439,369,1.654719
2441,369,10.392409
2442,369,3.00631
2443,369,15.276491
2444,369,6.778773
2445,369,1.082624
2316,370,183.770187
2351,370,117.182007
2369,370,11.518963
2370,370,8.59009
2376,370,14.855628
2377,370,2.579826
2378,370,2.571769
2379,370,2.517976
2380,370,4.384995
2381,370,2.411292
2382,370,1.798273
2383,370,1.316194
2418,370,1.073363
2419,370,1.251296
2421,370,1.021828
2425,370,1.142897
2427,370,1.417923
2428,370,3.025708
2429,370,2.496216
2441,370,20.195908
2442,370,45.756676
2443,370,34.749111
2444,370,24.30386
2445,370,2.250571
2370,371,2.651107
2404,371,7.258308
2429,371,1.980074
2430,371,1.716459
2431,371,1.35912
2432,371,1.191673
2433,371,2.86634
2434,371,2.72022
2443,371,45.148705
2444,371,18.139797
2445,371,1.031503
2304,372,45.302368
2380,372,1.724215
2381,372,1.193492
2403,372,5.467132
2404,372,7.523989
2433,372,2.206681
2434,372,1.130937
2435,372,11.55259
2443,372,2.499143
2444,372,10.100904
2445,372,6.959506
2304,373,6.856552
2305,373,4.093908
2306,373,18.565809
2373,373,3.796156
2374,373,1.763791
2375,373,3.961612
2376,373,4.504751
2377,373,3.308837
2380,373,2.741729
2381,373,2.059959
2433,373,5.421762
2434,373,16.295004
2435,373,9.612084
2443,373,6.249426
2444,373,5.80215
2445,373,19.458416
2446,373,16.465097
2305,374,5.000928
2376,374,2.943835
2377,374,7.082369
2380,374,2.71578
2303,375,24.980783
2304,375,1.300796
2380,375,25.496048
2381,375,1.178553
2440,375,3.015059
2441,375,2.224839
2442,375,9.384447
2307,376,66.773674
2308,376,78.809456
2309,376,78.403023
2381,376,1.122792
2440,376,7.261996
2441,376,10.741491
2442,376,5.516937
2445,376,18.758566
2447,376,3.596668
2448,376,7.181522
2449,376,2.714687
2450,376,1.698737
2451,376,12.314365
2310,377,4.414604
2311,377,3.848674
2312,377,33.165573
2381,377,4.286562
2440,377,1.623535
2441,377,5.721431
2442,377,9.318298
2454,377,90.803391
2309,378,2.299764
2442,378,28.137295
2378,379,18.491457
2379,379,2.222059
2381,379,2.202972
2309,380,1.077993
2339,380,54.203346
2340,380,19.210197
2341,380,10.709069
2342,380,13.589005
2370,380,12.643203
2371,380,4.085382
2372,380,3.590618
2373,380,2.311427
2375,380,16.223053
2376,380,3.552542
2441,380,1.207676
2309,381,2.388616
2338,381,28.177296
2339,381,36.201191
2344,381,2.268808
2345,381,1.754389
2363,381,12.471788
2364,381,8.851637
2365,381,7.49788
2370,381,9.75061
2371,381,1.674095
2372,381,2.07896
2373,381,2.480771
2375,381,2.759048
2376,381,1.467811
2338,382,19.567804
2352,382,49.798183
2353,382,78.164368
2354,382,58.542278
2363,382,6.639389
2364,382,12.875844
2365,382,6.55282
2372,382,2.572981
2373,382,1.943689
2388,382,4.416164
2389,382,11.415197
2390,382,38.09309
2391,382,5.484983
2392,382,5.948054
2443,382,1.836382
2338,383,4.791062
2369,383,9.077104
2370,383,5.588112
2388,383,7.437009
2389,383,5.924347
2390,383,5.581984
2444,383,2.65652
2338,384,8.643078
2353,384,103.047173
2354,384,72.056244
2370,384,7.462073
2373,384,2.844087
2374,384,1.863067
2375,384,5.722346
2376,384,4.515059
2377,384,1.674259
2378,384,2.937381
2388,384,13.713615
2389,384,8.742669
2338,385,7.885515
2361,385,77.634796
2362,385,99.599846
2363,385,41.68716
2370,385,3.368259
2377,385,1.407721
2338,386,9.031406
2361,386,48.995178
2362,386,34.20792
2363,386,18.725924
2370,386,4.807498
2375,386,1.068695
2378,386,2.609895
2452,386,22.267679
2453,386,24.300369
2454,386,14.923008
2338,387,6.709362
2361,387,53.658852
2362,387,15.989904
2363,387,12.546123
2370,387,6.183927
2378,387,2.470622
2453,387,22.398441
2454,387,14.813041
2361,388,38.383869
2362,388,13.096377
2363,388,17.165688
2370,388,3.482231
2377,388,4.843908
2378,388,1.22316
2387,388,38.454121
2389,388,38.716713
2390,388,35.931438
2391,388,20.839643
2392,388,26.322851
2393,388,42.721069
2452,388,45.607117
2453,388,23.562357
2454,388,11.596567
2338,389,31.461914
2339,389,34.315315
2340,389,57.282211
2341,389,50.597378
2342,389,53.678455
2343,389,57.495808
2344,389,50.379513
2345,389,62.65564
2346,389,50.1091
2347,389,67.61692
2348,389,98.408318
2349,389,102.457436
2350,389,60.402863
2351,389,61.879169
2361,389,31.957739
2362,389,11.333541
2370,389,3.61062
2376,389,1.400482
2387,389,12.162434
2388,389,19.056969
2389,389,24.167576
2390,389,23.741447
2391,389,21.823429
2392,389,23.323704
2393,389,20.668051
2394,389,24.834652
2395,389,29.158407
2452,389,7.797245
2351,390,26.076679
2361,390,45.798038
2362,390,12.153287
2370,390,2.177852
2373,390,1.52375
2377,390,2.15063
2387,390,11.130441
2388,390,7.245573
2389,390,21.267786
2390,390,14.091409
2391,390,14.276017
2392,390,16.066013
2393,390,17.389868
2394,390,22.92502
2395,390,24.575697
2396,390,33.665424
2450,390,8.904845
2451,390,20.940777
2453,390,19.715578
2352,391,33.005383
2353,391,70.652092
2361,391,20.79907
2362,391,14.3117
2370,391,8.304871
2376,391,1.503838
2377,391,1.604397
2387,391,10.738373
2388,391,6.59892
2389,391,9.084086
2390,391,6.013851
2391,391,10.60181
2392,391,10.637116
2393,391,24.776377
2394,391,11.705591
2395,391,23.687832
2355,392,78.679405
2357,392,12.560688
2361,392,16.949768
2362,392,3.717078
2370,392,8.989337
2375,392,1.664303
2376,392,1.355134
2387,392,52.580006
2483,392,3.634213
2361,393,23.673443
2362,393,4.560818
2373,393,3.240916
2376,393,2.801619
2482,393,11.971479
2371,395,1.506818
2375,395,3.525422
2376,395,1.544597
2377,395,1.826427
2380,395,1.513917
2414,395,2.789171
2413,396,11.977108
2414,396,2.316984
2415,396,7.069287
2416,397,1.45289
2423,397,4.811429
2455,397,34.791767
2460,397,7.540489
2418,398,1.304619
2421,398,1.958351
2422,398,1.215015
2423,398,1.074396
2424,398,1.628367
2455,398,11.96765
2272,150,22.628349
2283,150,19.441706
2284,150,35.83889
2285,150,13.073494
2282,151,73.145531
2283,151,74.079338
2284,151,148.082367
2285,151,63.10862
2280,152,171.046738
2283,152,88.400269
2284,152,135.184723
2285,152,206.254974
2289,152,85.39521
2282,153,50.401936
2283,153,56.769325
2289,153,116.392921
2287,154,7.886368
2285,155,77.722374
2286,155,17.845211
2279,156,55.086975
2285,156,15.822988
2274,157,34.65731
2275,157,45.952721
2276,157,33.881527
2279,157,84.466072
2279,158,27.849943
2280,158,37.070301
2281,158,92.277504
2282,158,34.500134
2272,159,28.541618
2274,159,119.417564
2275,159,42.081905
2276,159,37.24086
2277,159,93.342224
2423,164,30.576864
2424,164,40.554939
2276,165,53.11525
2423,165,18.583862
2424,165,21.143084
2425,165,10.243226
2271,166,12.841247
2276,166,16.066736
2278,166,35.163189
2279,166,5.373356
2280,166,13.937075
2281,166,11.387985
2282,166,17.251671
2283,166,27.307104
2423,166,24.172155
2424,166,80.768578
2425,166,1.619689
2271,167,30.978422
2276,167,1.901274
2278,167,25.632984
2279,167,3.551023
2280,167,29.361591
2281,167,9.075637
2282,167,16.155529
2283,167,12.085732
2423,167,36.46957
2424,167,4.000353
2425,167,3.160928
2271,168,22.526007
2272,168,4.612938
2276,168,8.34835
2278,168,4.958997
2279,168,2.963144
2280,168,1.29045
2281,168,4.644545
2282,168,4.517081
2283,168,9.497141
2370,168,1.352667
2371,168,8.166628
2373,168,12.654982
2423,168,17.289595
2424,168,1.984466
2476,168,11.644852
2269,169,12.364094
2271,169,6.735289
2272,169,1.289616
2273,169,4.695155
2274,169,2.324639
2275,169,4.525036
2276,169,6.045185
2278,169,3.922312
2370,169,3.082877
2425,169,3.713661
2426,169,17.186453
2272,170,1.622937
2274,170,1.119298
2275,170,2.922181
2278,170,1.317405
2370,170,2.141305
2402,170,2.025424
2424,170,6.821561
2425,170,2.010596
2426,170,1.526255
2275,171,1.160641
2278,171,1.976094
2402,171,9.003668
2424,171,84.345131
2425,171,2.82817
2272,172,4.486674
2425,172,8.275641
2426,172,3.465611
2282,173,83.175255
2283,173,198.771469
2284,173,188.40831
2425,173,7.24761
2426,173,1.823209
2499,173,3.643538
2273,174,1.282599
2279,174,1.00796
2426,174,5.533442
2497,174,6.557473
2498,174,6.243422
2499,174,18.006397
2280,175,10.704535
2305,175,7.350951
2306,175,20.355839
2307,175,5.165169
2308,175,21.056051
2310,175,10.126789
2426,175,41.580208
2496,175,10.202801
2497,175,7.482531
2280,176,20.72072
2281,176,19.928585
2304,176,15.271396
2305,176,10.412891
2307,176,14.163764
2308,176,5.350383
2425,176,4.273966
2426,176,22.95821
2430,176,4.55361
2431,176,3.40997
2432,176,4.820276
2270,177,5.837035
2280,177,10.827749
2430,177,7.784887
2431,177,3.546396
2432,177,5.979252
2433,177,1.712213
2434,177,1.915936
2435,177,2.915824
2436,177,4.258424
2429,178,2.858452
2430,178,5.50262
2431,178,7.856538
2432,178,5.610334
2434,178,4.97661
2435,178,2.831682
2436,178,2.373219
2430,179,2.426439
2431,179,10.126368
2432,179,2.084047
2434,179,3.407488
2435,179,2.226057
2436,179,2.900797
2430,180,4.624348
2432,180,2.861183
2433,180,1.610239
2434,180,3.560705
2435,180,1.51985
2436,180,2.334803
2429,181,2.619846
2430,181,2.00541
2431,181,3.417764
2432,181,7.127608
2434,181,5.919659
2453,181,3.52073
2429,182,3.57615
2430,182,16.713581
2431,182,3.407608
2305,183,1.144007
2306,183,2.496898
2432,183,2.837865
2479,183,9.132863
2480,183,3.012795
2481,183,1.393763
2483,183,9.852944
2310,184,9.295593
2431,184,8.935013
2436,184,1.734607
2437,184,2.926533
2438,184,12.159294
2439,184,9.091132
2440,184,3.909176
2441,184,19.165104
2442,184,8.581871
2443,184,1.975952
2445,184,1.723442
2446,184,1.832253
2447,184,2.205907
2448,184,1.353431
2485,184,1.522155
2308,185,6.019812
2309,185,7.049101
2310,185,14.69148
2383,185,2.343704
2436,185,16.688343
2442,185,2.632314
2443,185,1.246509
2445,185,5.372094
2307,186,2.383406
2308,186,5.810373
2309,186,7.585282
2310,186,14.880548
2415,186,29.036654
2418,186,24.711971
2419,186,11.921501
2420,186,13.041232
2421,186,17.051233
2422,186,11.163383
2423,186,39.707275
2424,186,11.7649
2425,186,21.433355
2426,186,13.588742
2427,186,15.68562
2428,186,1.796657
2308,187,6.794159
2309,187,5.012581
2418,187,3.62141
2421,187,3.891548
2422,187,3.105742
2423,187,1.272882
2424,187,1.019701
2425,187,3.556329
2426,187,8.124169
2308,188,20.393112
2410,188,10.383425
2426,188,8.051568
2437,188,1.482857
2440,188,1.251662
2273,189,2.884999
2275,189,4.565303
2276,189,3.78634
2277,189,1.04155
2306,189,18.491083
2396,189,17.389654
2419,189,5.53086
2421,189,6.758145
2422,189,15.454064
2423,189,37.369705
2436,189,3.809962
2441,189,2.78793
2458,189,2.018812
2459,189,3.30731
2461,189,7.099835
2462,189,1.338247
2464,189,1.088767
2473,189,1.336399
2474,189,1.701252
2475,189,2.325643
2476,189,2.030427
2477,189,8.988761
2478,189,2.086615
2479,189,6.073555
2487,189,3.704683
2488,189,5.240242
2392,190,6.191546
2393,190,12.552884
2394,190,10.661688
2395,190,12.125081
2396,190,13.334226
2397,190,5.223862
2441,190,1.968612
2442,190,1.873202
2444,190,4.184222
2447,190,5.377803
2448,190,4.845988
2449,190,1.579068
2451,190,6.939449
2459,190,8.912618
2460,190,12.436878
2461,190,7.415814
2462,190,14.862635
2466,190,1.236101
2486,190,5.289639
2487,190,1.728135
2488,190,6.729418
2392,191,21.273695
2393,191,20.312273
2411,191,4.02055
2412,191,18.080391
2414,191,6.355201
2427,191,13.295321
2428,191,61.70377
2429,191,24.154327
2430,191,47.339638
2431,191,68.419456
2443,191,1.592443
2444,191,1.25261
2448,191,6.365145
2449,191,6.106178
2450,191,2.533985
2459,191,6.732327
2460,191,11.080571
2462,191,1.901603
2463,191,1.945576
2472,191,1.081437
2475,191,1.461802
2476,191,1.147849
2477,191,1.192653
2478,191,1.139504
2480,191,8.476392
2481,191,4.122721
2487,191,6.365678
2488,191,1.222657
2410,192,12.07356
2411,192,6.168396
2413,192,5.417466
2427,192,29.318581
2430,192,119.738037
2431,192,54.552765
2432,192,60.174652
2441,192,2.349
2443,192,1.274406
2444,192,3.60685
2445,192,4.611269
2446,192,3.638642
2449,192,6.925274
2450,192,2.951825
2457,192,9.25101
2458,192,3.667233
2459,192,24.538557
2461,192,6.50713
2463,192,13.88614
2464,192,4.750926
2465,192,1.666759
2466,192,1.02782
2467,192,16.726917
2469,192,9.335466
2470,192,2.74923
2472,192,1.725206
2474,192,2.018279
2475,192,2.709081
2476,192,7.985241
2477,192,7.427712
2479,192,4.380964
2480,192,5.390954
2487,192,19.924578
2488,192,2.177492
2431,193,15.62883
2432,193,14.699883
2441,193,5.68199
2442,193,4.704305
2443,193,5.396807
2444,193,7.371724
2445,193,4.019674
2446,193,1.911237
2457,193,8.499605
2458,193,20.277912
2459,193,32.618168
2461,193,8.227106
2469,193,3.732429
2470,193,5.168866
2471,193,3.504744
2472,193,2.101745
2475,193,7.158827
2476,193,3.688687
2477,193,2.141948
2478,193,10.574235
2479,193,3.927255
2480,193,3.923188
2487,193,4.605902
2414,194,6.645133
2415,194,7.980013
2416,194,39.180542
2417,194,13.77905
2418,194,8.966794
2432,194,55.727051
2437,194,15.39856
2441,194,8.647541
2442,194,4.871724
2443,194,7.71654
2452,194,18.254103
2458,194,15.425054
2459,194,23.630457
2487,194,1.852707
2488,194,3.854026
2434,195,4.321159
2435,195,6.709564
2436,195,11.641732
2437,195,8.496019
2457,195,39.698921
2459,195,23.719555
2464,195,23.472795
2466,195,1.556844
2467,195,3.16226
2471,195,6.308692
2480,195,19.489212
2488,195,3.667169
2434,196,21.674963
2436,196,15.882176
2441,196,1.487018
2456,196,19.658329
2467,196,18.584816
2471,196,10.150076
2480,196,9.046769
2489,196,3.042888
2381,197,105.804703
2382,197,22.661015
2431,197,5.338957
2434,197,29.600372
2435,197,14.44264
2436,197,18.612932
2437,197,13.403266
2438,197,3.535288
2441,197,2.186617
2456,197,13.453812
2472,197,2.827135
2489,197,2.630719
2433,198,14.773119
2434,198,14.763321
2436,198,10.86549
2437,198,20.472485
2441,198,10.873546
2476,198,10.26477
2442,199,22.684835
2447,199,2.757121
2469,199,5.835504
2476,199,15.029043
2429,200,31.514965
2445,200,7.75423
2446,200,10.122519
2449,200,3.893081
2446,201,5.475721
2447,201,8.651615
2448,201,5.100225
2470,201,21.340229
2475,201,5.661527
2476,201,6.281727
2477,201,28.250278
2478,201,5.415266
2486,201,1.309928
2396,202,11.26063
2397,202,29.666149
2442,202,9.646115
2443,202,2.164603
2444,202,10.509357
2445,202,23.432867
2446,202,18.695065
2448,202,27.680868
2449,202,4.55498
2450,202,5.824411
2451,202,6.57865
2452,202,3.990284
2470,202,10.501971
2474,202,2.558904
2476,202,3.735271
2477,202,8.717976
2478,202,5.504732
2479,202,8.091091
2488,202,3.557023
2397,203,54.936241
2398,203,4.090929
2399,203,21.424858
2400,203,11.445901
2449,203,7.243057
2450,203,11.719517
2451,203,5.781118
2452,203,5.938344
2475,203,4.149931
2476,203,6.455504
2477,203,2.944164
2478,203,8.436911
2481,203,10.230993
2488,203,4.45027
2308,204,17.642605
2309,204,46.762573
2310,204,99.370743
2399,204,7.453384
2441,204,5.61729
2443,204,4.367782
2444,204,1.745275
2445,204,3.792815
2446,204,8.553955
2448,204,19.494707
2449,204,22.033113
2469,204,17.067211
2476,204,2.865295
2477,204,6.808905
2478,204,3.613413
2479,204,4.662673
2481,204,2.55245
2309,205,44.515499
2310,205,40.31694
2311,205,62.622009
2397,205,53.202866
2398,205,49.911716
2399,205,32.057728
2442,205,2.16991
2443,205,5.700945
2444,205,4.632007
2445,205,6.133867
2446,205,2.617197
2469,205,3.506206
2470,205,3.430108
2475,205,1.814412
2476,205,6.333962
2477,205,6.735342
2484,205,4.469069
2488,205,1.658147
2308,206,16.763239
2309,206,25.89949
2310,206,37.607517
2311,206,60.683624
2442,206,10.428472
2443,206,7.578839
2444,206,18.895866
2445,206,2.971931
2474,206,5.928446
2475,206,2.66761
2476,206,5.411361
2477,206,10.648384
2478,206,1.008076
2307,207,79.5793
2308,207,14.169785
2309,207,28.671062
2310,207,19.636988
2433,207,1.651017
2442,207,81.145195
2443,207,58.794865
2444,207,22.462345
2445,207,15.222651
2456,207,1.558357
2474,207,16.7031
2475,207,1.251926
2477,207,35.759243
2478,207,3.766782
2394,208,95.4907
2396,208,83.604355
2435,208,4.278494
2436,208,53.825268
2445,208,8.745901
2457,208,2.541181
2468,208,23.145351
2477,208,13.567747
2478,208,4.239723
2436,209,4.422976
2474,209,3.07702
2475,209,34.904663
2478,209,5.858483
2479,209,11.176883
