2297,532,9.765327
2296,533,18.250858
2297,533,5.464048
2416,533,20.590866
2295,534,27.66188
2296,534,7.751456
2297,534,13.164954
2414,534,18.073418
2415,534,13.850315
2416,534,12.668784
2417,534,25.206713
2418,534,14.531047
2419,534,24.745501
2420,534,44.635658
2430,534,5.221326
2431,534,44.154556
2436,534,37.581375
2296,535,20.422682
2297,535,5.675892
2407,535,59.289925
2408,535,47.192898
2416,535,34.078007
2432,535,24.348278
2433,535,23.716429
2434,535,10.397283
2436,535,49.817856
2294,536,29.786539
2297,536,2.046109
2297,537,1.617321
2298,537,2.597415
2297,538,15.888308
2298,538,10.292326
2332,538,48.308315
2269,539,6.453887
2270,539,8.968748
2271,539,13.230266
2272,539,5.942687
2297,539,14.278445
2298,539,9.81656
2331,539,11.950267
2270,540,13.396625
2271,540,7.146607
2272,540,6.4359
2273,540,5.787538
2330,540,4.224432
2331,540,122.887749
2381,540,17.712782
2386,540,22.621689
2270,541,12.353577
2271,541,7.019248
2272,541,4.732587
2273,541,1.799043
2274,541,3.34375
2330,541,4.951909
2386,541,20.391747
2387,541,71.082146
2270,542,22.771267
2271,542,5.527679
2329,542,19.566322
2328,543,7.878109
2329,543,15.551255
2407,543,3.135638
2414,543,34.441288
2415,543,9.443424
2271,544,38.07658
2272,544,31.557762
2274,544,37.298088
2275,544,23.091993
2277,544,8.98098
2278,544,10.163676
2279,544,30.762999
2280,544,57.202747
2328,544,34.519543
2403,544,17.984919
2404,544,5.629243
2405,544,9.600815
2406,544,13.115884
2407,544,2.573146
2408,544,9.477337
2409,544,4.768106
2410,544,3.697367
2411,544,9.585331
2414,544,44.184528
2415,544,10.48581
2271,545,55.762486
2272,545,37.797146
2281,545,31.185123
2282,545,41.079887
2283,545,51.083603
2327,545,29.441317
2401,545,47.833122
2402,545,41.519756
2403,545,75.054665
2404,545,26.25354
2405,545,33.783367
2406,545,11.996127
2407,545,34.943832
2408,545,2.85251
2409,545,4.701814
2410,545,12.451705
2411,545,2.239216
2412,545,7.977742
2413,545,6.292255
2414,545,3.855442
2415,545,2.486166
2418,545,55.070358
2419,545,25.49304
2271,546,38.297146
2272,546,91.633163
2282,546,126.473236
2283,546,80.289833
2323,546,37.108433
2324,546,13.010804
2325,546,44.540619
2326,546,35.316742
2330,546,6.593493
2331,546,4.308969
2409,546,7.965852
2413,546,4.229033
2414,546,2.678412
2415,546,3.871972
2416,546,6.636073
2299,547,23.504459
2300,547,14.248832
2301,547,3.081107
2302,547,6.974082
2303,547,1.762627
2304,547,2.083663
2323,547,63.987862
2324,547,23.545269
2325,547,8.814706
2326,547,14.283925
2331,547,33.803883
2332,547,26.573988
2416,547,5.705914
2271,548,75.511139
2294,548,1.644222
2299,548,19.299517
2300,548,1.497912
2301,548,1.791584
2302,548,1.281651
2303,548,1.022526
2304,548,2.993896
2305,548,11.553522
2306,548,3.32553
2323,548,87.773468
2324,548,27.031313
2327,548,21.650982
2332,548,26.609642
2294,549,1.795112
2331,549,3.844008
2295,550,62.333492
2296,550,2.831957
2297,550,1.145806
2309,550,2.297344
2310,550,1.132391
2332,550,2.164591
2294,551,29.901608
2295,551,5.504186
2296,551,1.016887
2297,551,1.642693
2328,551,56.376022
2332,551,9.272792
2270,553,1.053244
2272,553,6.689145
2274,553,2.561837
2275,553,7.154637
2276,553,11.630296
2267,554,19.413071
2268,554,13.587874
2269,554,8.371944
2270,554,5.986564
2271,554,6.465099
2272,554,18.150606
2274,554,3.973728
2275,554,3.523072
2276,554,20.825474
2400,554,46.544815
2403,554,23.907938
2404,554,28.081758
2405,554,41.697823
2406,554,41.156219
2268,555,19.799986
2269,555,14.692532
2270,555,24.191433
2271,555,13.650152
2272,555,16.049793
2275,555,12.13302
2276,555,22.4851
2402,555,10.561234
2403,555,10.457751
2404,555,37.247723
2405,555,24.294338
2406,555,15.293223
2407,555,15.577903
2408,555,28.784157
2275,556,63.175106
2276,556,72.682732
2331,556,22.420799
2332,556,18.659521
2333,556,16.804689
2411,556,9.412442
2412,556,10.170546
2413,556,9.980185
2414,556,11.950564
2415,556,9.310935
2416,556,10.337737
2426,556,94.624062
2294,557,41.860352
2301,557,38.603546
2304,557,30.855865
2306,557,19.07226
2307,557,34.993942
2330,557,98.145714
2331,557,31.233364
2332,557,37.671394
2293,558,71.9524
2294,558,31.944071
2295,558,30.485241
2296,558,23.286423
2297,558,23.117125
2299,558,8.344138
2300,558,4.489197
2301,558,5.840458
2302,558,5.00342
2303,558,2.909858
2304,558,4.609528
2305,558,2.737654
2308,558,2.642264
2329,558,41.838402
2330,558,34.924622
2331,558,22.325699
2332,558,46.024731
2275,559,16.030621
2293,559,79.340889
2294,559,49.497395
2295,559,45.798016
2296,559,29.590322
2297,559,36.888916
2298,559,16.782326
2299,559,4.769232
2300,559,3.133559
2301,559,3.057966
2302,559,8.495433
2303,559,2.440376
2304,559,10.465521
2305,559,5.609271
2306,559,4.027681
2307,559,4.016889
2308,559,3.970721
2318,559,1.024061
2319,559,9.422251
2329,559,69.18988
2330,559,52.695446
2331,559,29.620361
2314,560,6.110739
2317,560,3.505773
2319,560,3.292645
2320,560,14.563535
2330,560,89.38633
2314,561,5.43649
2315,561,3.884175
2316,561,3.193337
2316,562,1.331631
2382,562,47.358097
2318,564,5.528469
2319,564,4.498284
2320,564,7.711583
2321,564,15.379406
2281,565,31.438011
2309,565,2.680621
2310,565,12.773575
2317,565,1.596269
2318,565,1.638124
2319,565,4.589136
2320,565,1.977043
2321,565,8.0
2322,565,4.852438
2323,565,1.99073
2293,566,26.796677
2294,566,4.82042
2296,566,1.281529
2298,566,1.10611
2301,566,1.283929
2302,566,2.195855
2303,566,6.500484
2304,566,5.287857
2305,566,2.705727
2306,566,1.98092
2307,566,2.210962
2310,566,4.136285
2311,566,3.751537
2312,566,1.775104
2313,566,1.365038
2314,566,1.065853
2320,566,1.331277
2321,566,4.995469
2322,566,5.945185
2323,566,2.557997
2422,566,16.786041
2292,567,80.334282
2293,567,74.698814
2294,567,7.848878
2295,567,5.327041
2296,567,16.467482
2297,567,7.147826
2298,567,3.192651
2299,567,5.731932
2300,567,8.880816
2301,567,52.242523
2302,567,15.17177
2303,567,23.818693
2304,567,11.54178
2305,567,22.693777
2306,567,25.467993
2317,567,9.378165
2348,567,2.840871
2421,567,16.354988
2422,567,10.332414
2292,568,147.359955
2293,568,84.169258
2294,568,42.951
2295,568,39.10553
2296,568,30.01342
2297,568,15.003438
2298,568,20.5837
2348,568,3.047713
2349,568,5.245298
2421,568,10.495701
2422,568,9.88555
2423,568,6.802723
2424,568,6.377156
2425,568,4.455048
2426,568,5.204266
2427,568,11.008307
2428,568,19.006439
2350,569,6.163471
2351,569,6.928817
2352,569,15.336428
2421,569,15.726556
2422,569,6.911402
2342,570,53.204357
2398,570,15.740507
2403,570,29.414244
2421,570,16.887043
2422,570,15.401237
2434,570,105.808517
2435,570,105.182503
2436,570,88.148705
2398,571,11.314673
2405,571,7.340379
2406,571,4.144901
2407,571,13.765341
2408,571,13.972843
2421,571,6.196012
2434,571,1.442844
2435,571,20.88662
2436,571,18.464056
2437,571,9.20364
2438,571,9.707569
2439,571,13.827518
2440,571,37.035069
2441,571,62.928585
2442,571,95.285599
2398,572,13.867064
2404,572,9.714861
2405,572,9.499544
2406,572,1.804875
2421,572,5.249714
2422,572,3.868025
2431,572,8.058981
2432,572,6.811384
2433,572,64.602585
2434,572,5.40903
2435,572,3.468556
2436,572,11.042702
2437,572,9.663122
2438,572,26.960459
2439,572,70.065071
2440,572,40.528786
2441,572,46.710201
2398,573,15.726148
2404,573,18.335623
2405,573,8.788384
2422,573,6.578359
2431,573,4.872859
2432,573,21.81274
2434,573,36.225441
2435,573,37.648975
2436,573,24.828051
2309,574,18.509577
2310,574,2.749078
2397,574,19.190838
2398,574,9.426745
2404,574,5.105486
2482,574,9.622561
2483,574,10.974463
2484,574,9.401696
2293,575,1.999974
2294,575,1.537556
2295,575,2.793639
2296,575,1.517474
2297,575,1.592499
2298,575,1.992947
2300,575,1.399732
2301,575,2.717003
2302,575,3.85971
2303,575,2.382166
2304,575,6.1458
2305,575,2.839021
2306,575,2.860879
2307,575,2.394454
2310,575,13.270782
2311,575,24.615438
2312,575,7.099914
2313,575,5.962764
2314,575,7.786481
2315,575,15.780048
2321,575,13.322538
2322,575,21.270824
2397,575,15.589438
2398,575,4.476405
2401,575,5.523024
2402,575,18.510614
2406,575,2.247851
2422,575,6.205175
2423,575,30.42572
2479,575,6.715937
2483,575,8.848762
2484,575,9.501665
2485,575,4.236811
2299,576,1.749212
2300,576,18.774492
2301,576,53.43882
2302,576,44.078648
2303,576,12.938983
2304,576,21.289309
2305,576,8.57796
2396,576,32.539146
2397,576,10.048237
2401,576,1.00212
2402,576,12.362118
2403,576,7.118462
2404,576,7.640816
2420,576,9.993452
2421,576,5.298697
2422,576,6.635444
2423,576,5.900824
2478,576,3.526157
2479,576,10.709909
2484,576,4.77668
2485,576,3.46074
2486,576,8.862359
2394,577,45.223045
2395,577,32.695274
2396,577,12.932402
2397,577,4.310324
2401,577,3.389384
2402,577,4.322722
2403,577,7.425785
2404,577,8.858263
2408,577,8.610046
2420,577,11.385776
2421,577,31.985584
2422,577,21.848721
2423,577,12.502945
2424,577,9.087507
2478,577,3.202134
2479,577,10.086354
2485,577,7.680446
2486,577,4.310623
2392,578,71.342888
2393,578,97.608398
2394,578,35.197048
2395,578,22.037537
2396,578,9.038174
2397,578,8.433802
2398,578,1.269216
2403,578,3.826748
2405,578,7.536655
2419,578,15.058145
2420,578,29.066561
2478,578,4.985975
2479,578,2.574167
2480,578,3.706384
2481,578,8.903735
2482,578,14.024948
2485,578,5.295521
2486,578,2.445174
2487,578,5.807484
2392,579,49.554554
2393,579,90.626114
2394,579,28.958162
2395,579,9.58715
2396,579,3.769465
2407,579,5.398774
2408,579,2.664284
2409,579,6.504993
2419,579,16.395765
2420,579,41.566841
2478,579,6.992518
2479,579,1.607071
2480,579,1.918669
2481,579,1.474608
2482,579,1.439739
2483,579,4.78827
2484,579,4.866529
2485,579,6.892995
2486,579,2.733833
2487,579,4.352701
2392,580,42.901283
2393,580,17.745111
2394,580,8.51779
2395,580,6.812744
2403,580,2.608191
2407,580,19.998983
2408,580,30.14329
2409,580,31.138933
2419,580,37.843185
2478,580,21.679079
2479,580,1.304941
2480,580,1.20583
2481,580,1.875609
2482,580,2.154479
2483,580,1.446411
2486,580,5.255836
2487,580,5.254965
2403,581,4.130677
2410,581,30.07876
2419,581,26.698065
2420,581,12.997121
2477,581,31.641365
2478,581,5.059157
2479,581,1.596359
2480,581,2.622886
2481,581,3.521029
2482,581,1.386134
2483,581,1.439717
2484,581,2.221914
2485,581,5.448808
2486,581,3.348751
2407,582,2.611358
2408,582,1.166718
2409,582,1.166718
2419,582,36.545929
2420,582,22.359837
2477,582,61.871017
2478,582,3.878936
2479,582,4.840921
2480,582,3.898052
2481,582,1.823619
2482,582,2.65855
2483,582,3.32741
2484,582,4.490452
2485,582,5.228006
2487,582,93.746849
2403,583,3.146304
2404,583,2.763961
2405,583,2.806581
2406,583,3.014735
2419,583,28.42012
2420,583,14.581145
2422,583,226.108948
2423,583,97.284462
2447,583,5.785215
2477,583,30.619247
2478,583,10.027629
2479,583,3.350716
2486,583,131.782654
2478,584,1.861334
2484,584,77.408745
2485,584,150.725845
2447,585,23.196371
2478,585,11.424523
2483,585,87.917038
2484,585,270.945374
2478,586,20.924723
2479,586,18.425446
2482,586,79.144783
2397,587,3.718341
2479,587,42.446301
2304,588,2.566567
2305,588,5.284667
2306,588,4.125827
2307,588,4.856435
2396,588,2.828347
2397,588,2.678427
2479,588,205.337463
2343,589,4.659191
2412,589,8.445158
2343,590,18.571293
2351,590,51.054096
2343,591,12.472712
2344,591,11.562802
2351,591,32.303574
2427,591,76.625351
2344,592,8.068563
2345,592,3.660971
2346,592,4.92028
2347,592,5.883313
2348,592,2.553542
2352,592,4.328261
2353,592,16.46879
2379,592,4.844618
2384,592,11.79002
2422,592,14.477242
2328,593,14.57118
2329,593,13.276175
2330,593,19.370636
2384,593,7.736336
2316,594,7.152172
2317,594,5.737633
2318,594,2.339558
2320,594,4.686256
2322,594,35.466396
2323,594,25.876024
2324,594,18.290129
2325,594,26.99733
2326,594,15.946514
2327,594,8.647334
2328,594,6.729762
2329,594,4.555564
2330,594,3.474615
2346,594,16.005095
2347,594,9.230373
2348,594,13.065542
2350,594,11.632965
2351,594,11.22795
2352,594,17.716335
2353,594,21.225988
2354,594,28.858149
2384,594,3.111203
2315,595,5.980924
2316,595,2.128697
2317,595,2.728664
2318,595,5.288152
2320,595,3.796292
2321,595,2.609828
2322,595,2.395593
2323,595,3.778952
2324,595,1.016699
2325,595,1.732555
2326,595,1.813613
2327,595,8.168519
2328,595,7.01691
2330,595,2.988097
2338,595,1.651732
2339,595,2.499836
2341,595,5.648807
2342,595,8.882195
2343,595,5.205311
2344,595,6.705255
2345,595,10.668402
2346,595,3.724352
2347,595,3.139783
2348,595,8.297786
2349,595,10.281231
2350,595,9.430895
2351,595,9.607996
2352,595,10.031382
2353,595,12.103228
2354,595,56.500797
2384,595,1.705992
2324,596,1.290653
2326,596,1.048816
2328,596,1.573917
2329,596,3.915748
2340,596,1.158012
2341,596,19.633661
2342,596,3.774477
2343,596,1.445474
2344,596,2.66656
2345,596,1.849945
2346,596,1.088806
2347,596,2.017798
2348,596,3.517063
2349,596,3.152353
2350,596,47.953274
2351,596,3.058091
2352,596,5.233861
2353,596,5.334759
2354,596,60.411316
2375,596,22.170122
2376,596,15.982949
2377,596,3.166664
2378,596,1.903089
2384,596,1.449265
2436,596,4.46107
2437,596,4.119876
2438,596,6.140217
2440,596,6.077059
2441,596,38.141514
2338,597,10.199023
2339,597,1.215671
2340,597,1.31364
2341,597,13.239844
2342,597,5.698291
2343,597,1.092062
2344,597,5.497776
2345,597,1.983375
2350,597,4.530962
2351,597,1.403361
2352,597,1.400593
2353,597,12.99512
2354,597,26.545881
2355,597,79.429779
2411,597,7.453148
2338,598,5.668113
2339,598,1.757864
2341,598,9.912477
2342,598,9.61944
2343,598,18.080759
2344,598,12.753281
2345,598,5.674145
2346,598,2.729265
2348,598,2.021038
2349,598,4.97838
2351,598,1.193933
2352,598,3.28888
2353,598,10.665863
2354,598,22.687773
2355,598,39.306095
2384,598,2.216598
2411,598,2.660179
2421,598,19.770901
2269,599,39.140427
2270,599,34.124161
2271,599,4.125733
2338,599,4.577919
2352,599,77.245789
2353,599,18.234943
2354,599,32.675835
2355,599,122.254639
2384,599,2.060953
2385,599,19.918123
2411,599,3.100228
2421,599,14.74721
2269,600,24.424143
2337,600,4.328498
2338,600,1.076883
2348,600,1.045375
2350,600,2.145288
2351,600,9.848437
2352,600,1.505754
2353,600,20.754135
2354,600,24.496048
2355,600,75.135925
2380,600,25.172138
2381,600,10.830403
2385,600,24.247332
2411,600,4.788791
2422,600,10.767638
2346,601,3.60398
2348,601,6.155797
2350,601,12.335062
2351,601,5.467195
2352,601,11.132339
2353,601,53.570934
2379,601,11.055143
2380,601,6.333213
2385,601,69.704926
2346,602,4.500429
2347,602,1.045657
2348,602,17.362247
2349,602,30.418247
2350,602,12.818686
2351,602,12.204054
2352,602,25.982677
2353,602,55.659161
2378,602,17.267805
2379,602,2.84554
2380,602,4.090152
2381,602,3.164639
2382,602,2.284903
2395,602,1.052318
2396,602,3.157485
2397,602,1.625642
2400,602,1.304951
2403,602,2.702183
2407,602,3.259894
2408,602,4.48181
2409,602,10.191514
2410,602,10.617594
2411,602,4.196054
2345,603,8.265364
2346,603,6.30892
2347,603,5.330623
2348,603,72.49604
2350,603,38.693016
2351,603,34.413784
2352,603,49.698635
2353,603,63.610046
2400,603,2.801344
2406,603,2.373105
2409,603,1.547059
2410,603,1.569114
2411,603,3.145229
2351,604,111.721443
2352,604,143.11673
2354,604,156.538055
2355,604,203.643066
2435,605,11.045334
2436,605,1.584569
2327,606,2.552094
2328,606,3.242282
2329,606,1.807734
2330,607,10.399446
2331,607,27.96509
2332,607,11.35463
2335,607,3.02845
2332,608,27.978521
2333,608,43.618961
2334,608,27.664131
2335,608,23.13706
2336,608,52.844479
2337,608,7.687636
2378,608,134.96933
2379,608,76.840729
2380,608,46.792446
2381,608,31.823666
2382,608,21.079073
2383,608,26.878286
2398,608,3.039869
2402,608,8.444478
2404,608,9.473804
2427,608,9.115057
2429,608,12.086082
2430,608,10.062384
2334,609,42.153362
2335,609,56.625851
2336,609,18.988184
2337,609,34.517811
2338,609,7.221989
2339,609,7.547072
2340,609,6.800114
2381,609,110.991112
2382,609,80.664963
2383,609,25.092203
2384,609,45.074169
2427,609,5.755931
2339,610,34.202812
2340,610,14.86978
2341,610,16.643318
2342,610,2.054374
2343,610,2.008682
2382,610,184.1539
2383,610,101.353416
2384,610,59.40625
2385,610,31.736765
2386,610,49.855083
2387,610,30.580626
2403,610,17.009682
2409,610,8.129911
2410,610,34.476967
2436,610,1.433635
2343,611,82.576302
2353,611,1.631176
2354,611,8.290539
2355,611,3.388515
2384,611,99.145294
2385,611,49.642563
2386,611,38.804195
2387,611,35.428677
2388,611,12.483236
2406,611,9.420849
2412,611,26.733244
2426,611,25.576149
2290,612,229.192825
2386,612,30.745445
2387,612,58.967396
2388,612,38.657188
2389,612,27.544386
2390,612,5.523443
2406,612,26.329378
2407,612,19.446188
2408,612,12.838038
2413,612,58.923908
2306,613,29.108505
2307,613,12.022753
2308,613,25.215044
2309,613,6.990104
2313,613,10.6313
2314,613,6.811822
2315,613,10.142474
2317,613,8.015604
2318,613,19.890949
2350,613,75.272247
2351,613,24.807068
2388,613,30.955681
2390,613,14.943172
2391,613,3.650558
2393,613,2.38734
2408,613,17.194458
2409,613,5.045014
2410,613,10.353382
2414,613,38.791622
2415,613,75.493309
2305,614,17.931637
2308,614,104.039116
2311,614,5.191729
2313,614,8.959659
2314,614,36.368118
2351,614,89.763229
2354,614,24.798201
2355,614,18.471296
2356,614,84.303253
2389,614,47.955452
2404,614,28.042467
2410,614,7.944977
2411,614,9.566153
2412,614,20.351276
2416,614,55.029327
2417,614,21.125814
2418,614,40.139313
2419,614,52.064739
2325,615,15.626122
2354,615,39.264801
2355,615,13.505485
2410,615,2.213175
2411,615,49.223549
2412,615,9.694629
2413,615,9.602873
2420,615,43.856636
2421,615,11.965681
2474,615,9.59152
2476,615,68.806541
2325,616,13.757632
2326,616,12.631847
2328,616,6.193141
2333,616,25.834381
2341,616,2.175982
2342,616,7.410757
2344,616,51.802986
2345,616,67.551361
2356,616,20.713409
2395,616,2.852412
2403,616,9.334083
2406,616,6.312854
2407,616,6.403034
2409,616,19.15406
2413,616,10.136612
2414,616,12.003303
2415,616,29.136532
2416,616,32.587418
2473,616,110.075378
2474,616,17.172953
2327,617,10.958508
2328,617,11.934723
2333,617,17.364918
2334,617,5.352038
2335,617,7.887646
2336,617,3.17213
2337,617,1.120812
2339,617,4.273204
2340,617,10.393718
2341,617,4.803781
2342,617,7.750397
2343,617,2.186782
2344,617,14.729065
2415,617,20.948231
2416,617,14.447595
2417,617,12.883577
2419,617,15.96751
2420,617,15.023122
2421,617,21.507956
2425,617,6.788487
2473,617,180.238434
2474,617,166.537048
2280,618,8.387129
2338,618,24.621578
2339,618,20.244221
2340,618,37.320766
2341,618,32.062
2342,618,19.679258
2473,618,344.024841
2474,618,124.515923
2281,619,1.280601
2282,619,1.201502
2274,620,6.743098
2275,620,6.48106
2311,629,19.049934
2313,629,2.400351
2315,629,6.246752
2296,630,5.84186
2297,630,4.874934
2311,630,10.155201
2312,630,2.581187
2317,630,2.131795
2287,631,10.339828
2293,631,14.516181
2294,631,8.101645
2295,631,2.889104
2296,631,2.96809
2297,631,3.838917
2312,631,3.140275
2314,631,1.253811
2317,631,1.463065
2422,635,49.036781
2419,637,30.01215
2420,637,37.45134
2421,637,25.794907
2423,637,93.018738
2424,637,89.834564
2425,637,91.347511
2424,399,2.564324
2425,399,1.727933
2428,399,1.978691
2416,400,1.793201
2420,400,2.909321
2421,400,2.767394
2424,400,3.810883
2426,400,1.072399
2428,400,1.303038
2429,400,2.068149
2444,400,1.489191
2445,400,1.479942
2413,401,1.780992
2417,401,8.118894
2427,401,6.068845
2428,401,1.74123
2429,401,1.661962
2430,401,1.491145
2431,401,1.595217
2444,401,1.010261
2445,401,2.718463
2455,401,15.873254
2456,401,15.070065
2418,402,31.3437
2442,402,3.171311
2444,402,4.088607
2454,402,15.274032
2455,402,4.154332
2441,403,6.33005
2442,403,5.321643
2453,403,11.703774
2454,403,5.823749
2455,403,6.866611
2441,404,6.446162
2445,404,20.953497
2446,404,23.58353
2447,404,5.210946
2448,404,7.762321
2449,404,4.5261
2450,404,53.349766
2451,404,4.466052
2453,404,33.150444
2292,413,1.458773
2291,414,1.664726
2292,414,1.436482
2283,415,3.719654
2288,415,2.950368
2290,415,2.230542
2273,416,13.205247
2274,416,15.64411
2288,416,1.996002
2290,416,1.537288
2292,416,2.179744
2293,416,1.867904
2294,416,6.843938
2296,416,26.316811
2273,417,88.07943
2274,417,20.287252
2284,417,1.753615
2286,417,1.80551
2335,417,3.517887
2273,418,3.292152
2274,418,102.267014
2301,418,1.261632
2273,419,6.51298
2274,419,5.630231
2275,419,8.303969
2285,419,1.533735
2286,419,5.543269
2287,419,3.100518
2302,419,1.793643
2303,419,26.892771
2304,419,1.977676
2305,419,1.79255
2306,419,1.517916
2308,419,3.629077
2342,419,3.022971
2343,419,1.210265
2345,419,2.624863
2273,420,6.165412
2274,420,5.896163
2275,420,4.136061
2276,420,13.270927
2277,420,9.022038
2287,420,2.79281
2305,420,4.045897
2306,420,2.075449
2307,420,13.398204
2308,420,28.928099
2273,421,8.878527
2274,421,4.794588
2275,421,5.344835
2276,421,11.947527
2281,421,1.380952
2285,421,2.388372
2286,421,2.800582
2287,421,1.085402
2306,421,76.620598
2307,421,92.560539
2353,421,2.809356
2273,422,11.82745
2274,422,7.969267
2275,422,7.900059
2282,422,1.583333
2285,422,3.87065
2287,422,3.16781
2353,422,1.224108
2354,422,1.096161
2273,423,9.464234
2274,423,6.804938
2286,423,1.668847
2287,423,13.048753
2288,423,2.998484
2313,423,44.352245
2314,423,29.496164
2315,423,29.735788
2316,423,32.520222
2328,423,2.050543
2329,423,2.063434
2330,423,18.657513
2331,423,151.065598
2332,423,99.781433
2333,423,76.048523
2334,423,56.083164
2341,423,1.1066
2344,423,3.815884
2345,423,3.687101
2346,423,7.248066
2347,423,5.065046
2348,423,6.33992
2349,423,6.144994
2350,423,28.853279
2273,424,11.472345
2279,424,1.0541
2287,424,4.12808
2288,424,3.647979
2289,424,3.225002
2290,424,2.628284
2291,424,4.325292
2314,424,32.562248
2315,424,46.154125
2316,424,96.961006
2317,424,62.276028
2320,424,22.832951
2324,424,11.718829
2325,424,19.527613
2326,424,7.978033
2327,424,11.337353
2328,424,3.280528
2329,424,3.334205
2330,424,12.592683
2331,424,14.890673
2332,424,81.054466
2333,424,43.540051
2334,424,27.497406
2341,424,2.267207
2344,424,8.386424
2345,424,15.033852
2346,424,3.11156
2347,424,2.48193
2348,424,2.127497
2349,424,2.339533
2350,424,9.306108
2351,424,12.214968
2352,424,11.560185
2286,425,1.878391
2314,425,30.337563
2315,425,36.482525
2316,425,27.786884
2317,425,24.830763
2321,425,15.868145
2322,425,6.340834
2323,425,5.100402
2324,425,2.173815
2325,425,8.925053
2326,425,11.521307
2327,425,4.070283
2328,425,1.335469
2330,425,24.770126
2332,425,52.931931
2333,425,37.473351
2334,425,31.670137
2341,425,2.185767
2344,425,2.633862
2345,425,2.244081
2346,425,2.314529
2347,425,1.484275
2348,425,1.546074
2349,425,3.721323
2350,425,18.931944
2351,425,5.595881
2352,425,15.427386
2353,425,48.204605
2278,426,1.975881
2284,426,1.21469
2285,426,3.19583
2314,426,61.565792
2315,426,46.293217
2316,426,31.139688
2319,426,5.813551
2320,426,6.555982
2321,426,1.786577
2322,426,2.849699
2323,426,2.082496
2324,426,1.302424
2325,426,1.096186
2330,426,3.722789
2331,426,6.109261
2332,426,153.275436
2333,426,37.827976
2346,426,2.625607
2347,426,1.23112
2348,426,1.935914
2349,426,2.979744
2350,426,5.948084
2351,426,6.088561
2352,426,21.929089
2278,427,1.254672
2314,427,97.277847
2315,427,62.598267
2321,427,2.444926
2323,427,2.472434
2327,427,1.223762
2332,427,85.333344
2333,427,27.439432
2345,427,1.941002
2346,427,1.405964
2347,427,1.143002
2349,427,3.638756
2350,427,3.031683
2351,427,4.443782
2352,427,6.205247
2278,428,4.585094
2279,428,2.218361
2320,428,12.227699
2321,428,5.979495
2322,428,15.778071
2323,428,1.372729
2329,428,1.809269
2330,428,1.852424
2341,428,3.017849
2345,428,8.135663
2346,428,1.869559
2349,428,5.334259
2351,428,3.244513
2407,428,18.181513
2322,429,3.240515
2323,429,2.586886
2324,429,1.892596
2325,429,1.855043
2326,429,1.410804
2327,429,1.18639
2328,429,1.432893
2329,429,7.297958
2341,429,1.630614
2342,429,1.843422
2345,429,8.491423
2346,429,1.246564
2349,429,4.45059
2350,429,1.088231
2352,429,2.755278
2424,429,4.20417
2425,429,3.506684
2426,429,1.198929
2427,429,18.031609
2428,429,32.233028
2341,430,2.907297
2345,430,5.833269
2346,430,1.854633
2347,430,1.254527
2348,430,7.927835
2351,430,4.110382
2424,430,1.391757
2426,430,6.34367
2322,431,119.669357
2323,431,27.132454
2324,431,11.425561
2325,431,16.343405
2326,431,49.511574
2341,431,3.461504
2346,431,1.398817
2355,431,63.919018
2406,431,25.133932
2409,431,148.173004
2434,431,13.477691
2435,431,82.416512
2341,432,2.009091
2345,432,2.696914
2346,432,1.027041
2341,433,4.540023
2424,433,1.421823
2341,434,5.172997
2423,434,2.512856
2424,434,1.89038
2425,434,1.363394
2427,434,5.90759
2428,434,2.682444
2429,434,6.428624
2430,434,4.187143
2431,434,5.693343
2432,434,6.437057
2433,434,12.895253
2434,434,10.477055
2448,434,12.450803
2449,434,14.132046
2450,434,10.890719
2341,435,1.04939
2367,435,2.340706
2368,435,3.064595
2425,435,1.08676
2426,435,1.187495
2427,435,3.050713
2428,435,3.557526
2429,435,3.184112
2430,435,7.075493
2431,435,7.103413
2432,435,6.106405
2433,435,7.184022
2434,435,16.493153
2444,435,119.361549
2445,435,36.008514
2446,435,19.629601
2447,435,46.000156
2448,435,61.872353
2449,435,48.136688
2450,435,16.454424
2451,435,9.3182
2452,435,8.980593
2453,435,51.559883
2454,435,43.420132
2455,435,9.486864
2456,435,12.733654
2457,435,33.571499
2458,435,36.890865
2459,435,44.464535
2460,435,54.803001
2465,435,3.97802
2466,435,39.078331
2424,436,11.41604
2425,436,1.836445
2426,436,3.877351
2431,436,5.809089
2433,436,9.339239
2434,436,47.712315
2444,436,11.02364
2447,436,2.145007
2450,436,41.349899
2451,436,8.78575
2452,436,35.18047
2453,436,51.067345
2455,436,6.695123
2456,436,51.005428
2457,436,56.976707
2459,436,10.075735
2460,436,19.640099
2461,436,42.20108
2462,436,53.617161
2463,436,64.350891
2464,436,65.396141
2465,436,10.503297
2466,436,66.940437
2335,437,1.565163
2363,437,2.163149
2364,437,2.146105
2366,437,1.666663
2367,437,3.943411
2368,437,2.415492
2369,437,8.239155
2370,437,5.097332
2466,437,47.051079
2334,438,1.033112
2362,438,2.902025
2363,438,2.238776
2364,438,1.711559
2366,438,2.163235
2368,438,3.442476
2369,438,5.627036
2473,438,54.909725
2332,439,1.679322
2333,439,8.41243
2337,439,1.508327
2362,439,4.448981
2363,439,2.010588
2364,439,2.493484
2367,439,2.692391
2368,439,2.98863
2369,439,1.421134
2333,440,2.272999
2362,440,10.845189
2364,440,3.249771
2367,440,13.011756
2368,440,16.882938
2369,440,3.400014
2387,440,44.392895
2388,440,10.182305
2389,440,4.191734
2390,440,5.984007
2391,440,16.106682
2392,440,15.649693
2332,441,1.494237
2333,441,2.434111
2364,441,2.689545
2368,441,3.35868
2370,441,14.736158
2387,441,10.102405
2388,441,3.733756
2389,441,1.921861
2390,441,4.563099
2391,441,1.759512
2392,441,9.503627
2331,442,3.526481
2332,442,6.221784
2333,442,2.004227
2334,442,1.022738
2362,442,12.906174
2364,442,3.805936
2390,442,1.109354
2391,442,16.332764
2332,443,1.902329
2333,443,5.676763
2340,443,8.322576
2341,443,1.100926
2347,443,8.806295
2348,443,4.430561
2349,443,4.546822
2391,443,11.799541
2332,444,2.450866
2333,444,2.698883
2334,444,2.076228
2340,444,7.850246
2341,444,1.080935
2347,444,3.842535
2348,444,1.981088
2349,444,4.075436
2364,444,7.329948
2427,444,7.935048
2430,444,5.594374
2332,445,1.636573
2333,445,6.631242
2341,445,2.487399
2346,445,1.914142
2347,445,2.088881
2348,445,2.251216
2349,445,2.010531
2363,445,1.334468
2364,445,6.483145
2427,445,4.051764
2428,445,4.739198
2429,445,13.259244
2430,445,1.89864
2431,445,8.430202
2432,445,4.62532
2433,445,8.192541
2434,445,5.755977
2435,445,1.409811
2436,445,5.322528
2439,445,6.037864
2330,446,1.980401
2332,446,2.990441
2333,446,2.698883
2334,446,1.15709
2343,446,1.344507
2346,446,2.307987
2347,446,1.139148
2348,446,1.539526
2349,446,1.613307
2364,446,4.688323
2431,446,11.917112
2432,446,30.329485
2433,446,5.591926
2434,446,4.202623
2435,446,2.010074
2436,446,1.082985
2438,446,3.23072
2439,446,6.363603
2330,447,1.59877
2331,447,2.109638
2332,447,2.451476
2333,447,1.170192
2334,447,4.286767
2347,447,3.449387
2348,447,2.871502
2349,447,2.251911
2363,447,13.304252
2451,447,8.695468
2452,447,7.686526
2453,447,3.997895
2457,447,3.899059
2303,448,58.645306
2348,448,5.893706
2349,448,1.798671
2350,448,3.703784
2351,448,4.504007
2365,448,1.007994
2367,448,1.205103
2368,448,3.964721
2456,448,18.737736
2457,448,22.982155
2458,448,3.098386
2459,448,6.776824
2349,449,7.226132
2350,449,8.267112
2351,449,2.238178
2365,449,1.988855
2366,449,1.908302
2367,449,1.715634
2368,449,4.556634
2369,449,4.358465
2370,449,11.211411
2371,449,14.877638
2325,450,1.938702
2334,450,19.522205
2351,450,6.981332
2366,450,9.9835
2369,450,1.756627
2370,450,1.453862
2371,450,1.052158
2372,450,11.268689
2373,450,8.607204
2380,450,4.256706
2381,450,4.302264
2332,451,24.227686
2333,451,6.718656
2334,451,12.38197
2368,451,2.214906
2369,451,3.150367
2370,451,5.029575
2371,451,3.066129
2372,451,3.101113
2373,451,5.611112
2374,451,3.326168
2375,451,4.872905
2376,451,3.4389
2377,451,6.983288
2378,451,2.378253
2379,451,3.443148
2380,451,3.460924
2381,451,7.055055
2382,451,2.719516
2383,451,2.003378
2332,452,29.244905
2333,452,4.982164
2334,452,6.392784
2342,452,3.399642
2368,452,11.564108
2369,452,13.094472
2370,452,8.487922
2371,452,6.726748
2372,452,9.018517
2373,452,9.36548
2374,452,3.079553
2375,452,3.594636
2376,452,4.977307
2378,452,6.69786
2379,452,7.589561
2380,452,4.309825
2381,452,2.339834
2382,452,17.847065
2383,452,15.068363
2384,452,10.833684
2385,452,16.652248
2332,453,2.781818
2333,453,1.586413
2334,453,9.246416
2340,453,1.167688
2342,453,2.027271
2343,453,5.961963
2370,453,6.947563
2372,453,4.746291
2373,453,4.297558
2374,453,7.14982
2375,453,4.429668
2376,453,7.971025
2377,453,3.818187
2378,453,5.722623
2379,453,15.67639
2380,453,13.125091
2381,453,6.241538
2382,453,9.989115
2383,453,4.398281
2384,453,2.069474
2385,453,2.909329
2386,453,3.614525
2387,453,2.802046
2388,453,8.628792
2415,453,15.116056
2419,453,15.452554
2333,454,3.555983
2342,454,1.293049
2343,454,8.952939
2372,454,15.4349
2374,454,16.236832
2376,454,5.960855
2377,454,9.215175
2384,454,4.584261
2416,454,6.591135
2417,454,8.433357
2418,454,6.664815
2327,455,1.733381
2333,455,9.669425
2313,456,7.39169
2315,456,7.296856
2319,456,25.641363
2320,456,9.551369
2327,456,5.214243
2332,456,16.877769
2333,456,7.418858
2351,456,3.48775
2315,457,8.114471
2316,457,5.941063
2317,457,7.09744
2318,457,13.303809
2319,457,14.916418
2320,457,1.848229
2327,457,3.583212
2333,457,6.90111
2351,457,8.486682
2352,457,19.280691
2455,457,8.089501
2327,458,3.300879
2341,458,11.772153
2342,458,4.498719
2343,458,6.280419
2350,458,1.052773
2351,458,1.158133
2352,458,3.505381
2452,458,9.180469
2453,458,14.897456
2455,458,11.72864
2456,458,6.176066
2458,458,27.836325
2459,458,16.331886
2329,459,5.944838
2341,459,12.067505
2342,459,3.10947
2344,459,5.662729
2346,459,6.270319
2347,459,24.496571
2352,459,8.192492
2353,459,12.870229
2335,460,6.787488
2339,460,4.818815
2341,460,5.039457
2328,461,7.606145
2329,461,4.873266
2330,461,5.249818
2331,461,2.557805
2335,461,4.041917
2339,461,9.451589
2289,462,20.62554
2290,462,49.684929
2328,462,2.907529
2329,462,1.841107
2330,462,2.92347
2331,462,3.365791
2335,462,4.185549
2336,462,3.903993
2289,463,9.195383
2290,463,5.205652
2330,463,2.869148
2331,463,3.942659
2332,463,8.79085
2360,463,3.510168
2361,463,1.387742
2339,464,4.011018
2341,464,1.355009
2344,466,1.38701
2344,467,4.217033
2345,468,5.082868
2360,468,11.841006
2454,468,27.475571
2345,469,11.206386
2349,469,27.934263
2359,469,9.984774
2361,469,9.340795
2362,469,5.476665
2345,470,1.987286
2348,470,9.043282
2351,470,6.893373
2288,471,17.367725
2344,471,37.027088
2345,471,7.820281
2356,471,1.260706
2344,474,22.835907
2345,474,1.289312
2344,475,31.453449
2344,476,2.871769
2345,476,2.35297
2341,478,84.474396
2382,478,6.053196
2453,478,29.378284
2454,478,17.355091
2455,478,16.967194
2456,478,2.583108
2379,479,27.115429
2380,479,2.392986
2381,479,36.093384
2382,479,4.195048
2386,479,21.763115
2388,479,6.911591
2389,479,18.034809
2390,479,52.563385
2446,479,46.012081
2455,479,14.784052
2456,479,9.845335
2457,479,10.656601
2380,480,12.781317
2381,480,10.05414
2382,480,11.423597
2385,480,1.020033
2386,480,10.721316
2387,480,4.008511
2388,480,7.795983
2389,480,12.373232
2456,480,14.550456
2457,480,19.752075
2458,480,12.568964
2375,481,5.234308
2381,481,29.414404
2385,481,3.065004
2386,481,1.330644
2387,481,2.540275
2388,481,4.616138
2389,481,11.238958
2374,482,4.22525
2385,482,2.563273
2386,482,2.13454
2387,482,11.1437
2388,482,6.822315
2389,482,12.599572
2390,482,29.971384
2374,483,2.18839
2387,483,3.498925
2388,483,11.94981
2389,483,12.047269
2375,484,14.653556
2388,484,10.18611
2389,484,15.714891
2397,487,1.12584
2398,487,2.685569
2399,487,2.689118
2397,488,4.071886
2330,489,1.404277
2397,489,6.558241
2330,490,1.194352
2363,490,17.152178
2364,490,24.177681
2365,490,18.388306
2381,490,102.582825
2398,490,10.217686
2467,490,20.014246
2468,490,4.257066
2330,491,6.326152
2363,491,44.884415
2364,491,48.479538
2380,491,22.476957
2381,491,14.534218
2440,491,28.851267
2442,491,7.328466
2445,491,7.113888
2464,491,8.099056
2466,491,16.439129
2467,491,3.105237
2381,492,8.020028
2382,492,4.917212
2398,492,19.617931
2441,492,6.2823
2442,492,5.062478
2466,492,2.584637
2304,493,17.668852
2441,493,21.637897
2442,493,4.149284
2445,493,2.483129
2464,493,1.397414
2466,493,2.539251
2303,494,20.869909
2304,494,6.172446
2305,494,3.903004
2306,494,9.018349
2307,494,7.171849
2308,494,5.937804
2309,494,5.277861
2310,494,3.921906
2311,494,3.013376
2312,494,3.530527
2313,494,3.246104
2314,494,1.190996
2315,494,1.488319
2316,494,1.298621
2317,494,2.142698
2384,494,10.397266
2400,495,11.118324
2401,495,2.352875
2384,496,2.476677
2385,496,9.042049
2399,496,6.69453
2400,496,16.45447
2401,496,3.637184
2402,496,6.876335
2408,496,4.859357
2383,497,2.78608
2384,497,7.103474
2397,497,54.722458
2398,497,15.039956
2399,497,19.371433
2400,497,13.261701
2401,497,39.563705
2402,497,16.445509
2403,497,20.371161
2404,497,8.603009
2405,497,8.556031
2406,497,9.404211
2407,497,43.502377
2302,498,3.206567
2306,498,1.360256
2383,498,3.966829
2398,498,14.366738
2399,498,15.093231
2400,498,27.057158
2401,498,19.547647
2402,498,22.21195
2403,498,16.536934
2404,498,13.4217
2405,498,32.010246
2322,499,11.915397
2323,499,2.161212
2401,499,22.524157
2402,499,14.383842
2403,499,25.54146
2323,501,3.164729
2324,501,5.514367
2323,502,2.451833
2324,502,6.528827
2272,503,29.882317
2273,503,24.868343
2274,503,34.0037
2275,503,20.324638
2276,503,26.894793
2277,503,16.423128
2278,503,23.540092
2303,503,1.030281
2323,503,7.149625
2324,503,12.777589
2374,503,80.156052
2272,504,23.451313
2273,504,9.366968
2274,504,31.382912
2275,504,14.560168
2276,504,50.861279
2277,504,40.617691
2278,504,14.70197
2279,504,16.372522
2280,504,16.551538
2282,504,81.048798
2284,504,32.899605
2286,504,23.107182
2303,504,2.739403
2304,504,1.384638
2316,504,1.867595
2317,504,6.693438
2374,504,153.640686
2272,505,13.418395
2273,505,12.808556
2274,505,6.880578
2275,505,20.042494
2276,505,18.789402
2277,505,26.591959
2278,505,32.169991
2279,505,32.611034
2280,505,18.460274
2282,505,46.487679
2283,505,25.452473
2284,505,31.519714
2285,505,27.810339
2286,505,28.765131
2287,505,24.096254
2289,505,22.492371
2290,505,16.038107
2291,505,22.929935
2292,505,19.190935
2293,505,24.607143
2294,505,17.213331
2295,505,27.034924
2303,505,3.506559
2304,505,2.620589
2305,505,3.242014
2302,506,1.008985
2303,506,3.417822
2304,506,3.36704
2305,506,6.795699
2306,506,2.532106
2318,506,8.589499
2319,506,11.261459
2320,506,1.627692
2373,506,38.55217
2374,506,98.39682
2301,507,1.653296
2303,507,7.756661
2304,507,11.490249
2305,507,5.104404
2306,507,1.470796
2307,507,1.968289
2308,507,2.656612
2318,507,3.685184
2319,507,2.558779
2320,507,4.182444
2371,507,39.625977
2372,507,19.268444
2373,507,15.445168
2375,507,92.719536
2442,507,89.598465
2443,507,8.248954
2301,508,3.043766
2302,508,1.740619
2303,508,12.972054
2304,508,13.499795
2305,508,5.858883
2306,508,1.84979
2307,508,1.069373
2318,508,3.308624
2319,508,1.52558
2320,508,2.540171
2321,508,30.678482
2332,508,104.175316
2372,508,4.474277
2373,508,8.758539
2374,508,86.239983
2375,508,64.798706
2376,508,45.402771
2467,508,7.404132
2303,509,6.036039
2304,509,9.552555
2305,509,14.533769
2307,509,2.01207
2312,509,5.76519
2318,509,2.398841
2319,509,1.397323
2320,509,1.58643
2321,509,27.082121
2332,509,94.966537
2371,509,24.677355
2372,509,6.991056
2373,509,28.698452
2303,510,84.2201
2304,510,4.614918
2305,510,19.456039
2306,510,4.331081
2308,510,1.101266
2312,510,2.550151
2318,510,3.392817
2319,510,1.2269
2320,510,3.241595
2321,510,77.944572
2325,510,14.183862
2331,510,65.440056
2332,510,112.240768
2371,510,60.573601
2304,511,41.581379
2305,511,15.185078
2306,511,10.090777
2309,511,1.258002
2311,511,7.933856
2312,511,6.676046
2317,511,1.824007
2318,511,2.445799
2319,511,2.696168
2320,511,2.729337
2321,511,23.5923
2325,511,8.548938
2331,511,78.88723
2332,511,126.931732
2363,511,174.351181
2370,511,219.846985
2371,511,58.827
2304,512,33.825344
2305,512,21.340904
2306,512,2.430266
2307,512,3.277338
2308,512,1.38428
2309,512,1.338684
2310,512,1.983765
2312,512,9.557618
2313,512,6.744109
2317,512,2.861824
2318,512,4.366827
2319,512,2.903106
2320,512,4.118463
2321,512,11.967001
2325,512,7.264308
2331,512,70.796043
2332,512,142.965103
2370,512,45.22665
2371,512,22.13019
2467,512,11.182193
2304,513,2.449665
2305,513,2.720829
2306,513,7.169652
2307,513,5.185718
2308,513,3.464213
2309,513,2.44812
2310,513,3.197445
2312,513,3.030865
2313,513,2.925985
2317,513,9.531452
2318,513,1.487743
2319,513,1.582628
2320,513,3.462182
2321,513,7.92321
2325,513,3.760268
2331,513,116.986183
2409,513,19.031048
2410,513,14.200147
2411,513,12.914762
2412,513,12.087914
2413,513,15.848551
2414,513,53.562607
2467,513,7.738058
2321,514,31.360613
2325,514,2.078889
2330,514,24.722038
2331,514,165.773682
2340,514,7.888075
2341,514,3.58782
2331,515,99.176201
2340,515,7.276381
2341,515,2.694784
2466,515,9.619178
2330,516,18.307224
2340,516,3.799166
2341,516,1.792656
2466,516,29.367939
2330,517,17.664242
2340,517,1.565836
2341,517,1.065823
2345,517,11.120804
2445,517,43.96785
2446,517,66.625275
2447,517,52.277828
2330,518,24.992113
2340,518,1.344762
2341,518,5.283808
2342,518,32.938858
2345,518,7.564746
2271,519,163.82132
2340,519,1.481455
2341,519,3.511643
2340,520,3.295698
2341,520,7.939333
2296,521,3.986389
2297,521,10.127026
2298,521,7.073022
2299,521,6.543404
2300,521,19.935135
2301,521,46.201469
2340,521,9.349574
2294,522,75.060013
2295,522,56.392784
2296,522,54.221596
2333,522,2.891031
2334,522,2.847707
2335,522,2.847707
2336,522,2.904142
2337,522,6.855721
2337,523,4.247942
2338,523,6.612225
2405,525,43.50827
2406,525,50.217148
2413,525,36.200947
2414,525,63.978779
2415,525,36.279266
2420,525,69.418137
2421,525,47.536148
2423,525,100.498161
2424,525,67.931381
2448,525,15.738928
2449,525,5.498785
2450,525,2.960494
2414,526,65.284271
2416,526,60.665909
2417,526,89.858444
2418,526,48.214249
2419,526,45.73275
2420,526,46.035023
2421,526,43.479515
2422,526,42.918915
2423,526,20.027784
2424,526,36.460186
2425,526,64.101936
2384,527,154.83107
2424,527,26.792477
