2413,1807,3.73599
2413,1808,3.630998
2323,1809,537.500305
2328,1809,621.801147
2399,1809,49.627953
2413,1809,1.985733
2323,1810,204.5
2338,1810,1747.053711
2398,1810,7.369047
2323,1811,58.0
2362,1812,1444.452148
2414,1814,2.382143
2415,1814,1.417495
2361,1815,177.57048
2414,1815,1.266667
2413,1816,2.734173
2414,1816,3.578171
2413,1817,1.047588
2414,1817,3.600237
2476,1817,38.244286
2477,1817,54.084457
2483,1817,1160.746948
2362,1818,771.402893
2414,1818,1.088052
2362,1819,594.648743
2235,1822,508.576904
2239,1822,21.987499
2497,1822,54.084457
2235,1823,23.299873
2236,1823,662.305298
2238,1823,26.573109
2239,1823,21.987499
2216,1824,956.358704
2217,1824,1158.255005
2218,1824,1351.118652
2219,1824,1277.224121
2220,1824,1036.403564
2221,1824,962.02301
2222,1824,832.466492
2223,1824,704.980408
2224,1824,686.482849
2226,1824,346.90036
2227,1824,297.791626
2228,1824,223.315063
2235,1824,5.453783
2236,1824,5.554759
2237,1824,502.926758
2238,1824,9.847845
2414,1824,1.28
2415,1824,1.648648
2215,1825,1.994551
2216,1825,56.281986
2217,1825,360.162994
2218,1825,524.237488
2219,1825,337.579834
2220,1825,403.806488
2221,1825,369.047119
2222,1825,496.571289
2223,1825,251.75531
2224,1825,194.789108
2225,1825,250.188232
2226,1825,136.309357
2227,1825,91.825089
2228,1825,73.879425
2229,1825,118.727249
2230,1825,68.084427
2231,1825,73.635719
2232,1825,39.954525
2233,1825,24.845757
2234,1825,35.019768
2235,1825,10.658024
2238,1825,27.75111
2414,1825,2.43
2415,1825,6.82415
2218,1826,127.565163
2219,1826,165.561249
2220,1826,136.135864
2221,1826,141.238312
2222,1826,135.149704
2223,1826,88.611122
2224,1826,90.634476
2225,1826,88.690994
2226,1826,44.142643
2227,1826,37.880943
2228,1826,40.569649
2229,1826,22.260323
2230,1826,17.931511
2231,1826,11.855457
2413,1826,1.274569
2414,1826,8.758477
2415,1826,6.043908
2219,1827,45.853672
2220,1827,48.057495
2221,1827,28.958015
2222,1827,32.073776
2223,1827,31.167559
2224,1827,28.538679
2225,1827,20.356953
2226,1827,13.062532
2227,1827,10.270477
2228,1827,12.675527
2229,1827,10.134731
2413,1827,2.619285
2414,1827,6.062986
2221,1828,20.654705
2222,1828,6.855899
2223,1828,5.992172
2224,1828,2.540031
2225,1828,1.512253
2226,1828,1.494829
2227,1828,1.419829
2228,1828,2.759622
2413,1828,3.64865
2220,1829,8.138891
2221,1829,12.308332
2222,1829,5.016666
2223,1829,4.461111
2224,1829,3.725
2219,1830,21.883059
2220,1830,19.963852
2221,1830,16.327377
2222,1830,16.152376
2223,1830,7.949996
2224,1830,6.809527
2225,1830,5.89286
2226,1830,5.89286
2229,1830,11.461544
2218,1831,138.709076
2219,1831,37.795631
2220,1831,83.373398
2221,1831,83.891266
2222,1831,42.678192
2223,1831,40.799225
2224,1831,21.840942
2225,1831,17.138851
2226,1831,17.138851
2227,1831,17.138851
2228,1831,17.513851
2229,1831,16.198376
2218,1832,192.872375
2219,1832,125.932381
2221,1832,80.853676
2222,1832,76.294449
2223,1832,59.991623
2224,1832,33.488487
2225,1832,27.202772
2226,1832,27.202772
2227,1832,27.202772
2228,1832,73.734505
2229,1832,68.234512
2230,1832,68.234512
2251,1833,33.920395
2235,1834,9.090901
2251,1834,2.983331
2252,1834,3.620687
2253,1834,5.508771
2254,1834,33.114807
2255,1834,70.279968
2256,1834,240.466522
2257,1834,243.669647
2264,1834,1647.486694
2458,1834,47.363758
2236,1835,17.903265
2237,1835,21.185881
2238,1835,9.768342
2255,1835,54.995552
2256,1835,61.377983
2257,1835,117.438248
2258,1835,89.113617
2259,1835,614.523743
2260,1835,360.877991
2261,1835,255.405441
2262,1835,227.311829
2263,1835,1660.659058
2264,1835,380.278961
2265,1835,2010.903809
2266,1835,2272.327393
2235,1836,31.160334
2256,1836,2.290321
2257,1836,23.732506
2258,1836,40.384304
2259,1836,81.242081
2260,1836,91.015808
2261,1836,99.911568
2262,1836,59.908524
2263,1836,70.496674
2264,1836,244.66391
2265,1836,570.521362
2266,1836,751.597107
2267,1836,1113.487793
2268,1836,1119.64209
2269,1836,2463.223633
2270,1836,973.289001
2271,1836,1486.43457
2272,1836,2103.894287
2265,1837,71.41851
2266,1837,107.05687
2267,1837,41.283699
2268,1837,41.283699
2269,1837,135.865677
2270,1837,223.0
2271,1837,27.221031
2272,1837,68.372894
2401,1840,13.103092
2402,1840,5.408267
2403,1840,3.53686
2404,1840,3.408448
2406,1840,2.710773
2407,1840,2.710773
2350,1842,8.432138
2469,1842,474.0
2462,1843,3217.0
2471,1843,325.0
2207,1771,10.343722
2222,1776,45.596649
2216,1778,88.786179
2432,1779,10.980655
2433,1779,7.982461
2432,1780,2.624999
2432,1781,2.624999
2397,1782,67.199356
2432,1782,2.624999
2431,1783,15.046952
2432,1783,4.709673
2445,1783,117.686676
2446,1783,62.365761
2431,1784,7.489823
2446,1784,22.576981
2405,1785,97.862816
2406,1785,84.631287
2408,1785,146.650269
2431,1785,5.272231
2404,1786,85.844604
2405,1786,48.027874
2407,1786,27.834482
2408,1786,38.065365
2430,1786,9.005564
2431,1786,3.462093
2404,1787,17.300718
2405,1787,26.870731
2406,1787,8.867432
2408,1787,27.583332
2430,1787,11.442408
2238,1788,7186.233887
2404,1788,5.894501
2405,1788,5.322662
2220,1790,346.200989
2221,1790,351.788269
2222,1790,349.069275
2405,1791,29.034391
2406,1791,16.117659
2404,1792,32.571411
2405,1792,29.034391
2406,1792,13.0
2407,1792,13.799992
2216,1793,698.027222
2404,1793,16.19751
2405,1793,13.316964
2406,1793,26.571407
2407,1793,7.714283
2405,1794,16.117659
2406,1794,7.4375
2429,1794,6.206135
2455,1794,122.793304
2456,1794,91.308533
2448,1795,50.778488
2449,1795,87.985374
2450,1795,102.723656
2456,1795,70.634636
2457,1795,110.705582
2452,1796,114.732857
2453,1796,106.110603
2306,1798,2209.713623
