1123,547,2.188823
1131,548,1.640304
1132,548,1.019611
1115,549,439.625061
1132,549,1.181239
1133,549,3.269778
1134,549,38.495327
1111,550,13.742583
1114,550,14.71808
1115,550,33.046379
1113,551,14.998463
1114,551,8.585894
1115,551,12.676313
1048,555,80.680687
992,556,30.858624
993,556,22.64238
994,556,11.644126
996,556,44.768955
1029,556,8.553853
994,557,27.506647
996,557,23.721479
1026,557,33.152523
1029,557,5.70098
1029,558,5.886288
1030,558,5.317323
1029,559,5.405134
1093,559,60.821922
1094,559,143.148026
1030,560,6.024963
1093,560,122.662186
1094,560,149.999649
1129,560,35.152596
1130,560,25.74258
1131,560,59.600468
1151,560,6.643039
1107,561,118.55648
1108,561,178.553864
1109,561,181.808884
1110,561,346.293213
1121,561,218.194565
1131,561,20.869865
1132,561,13.365748
1146,561,13.172611
1157,561,16.629995
1158,561,6.56719
1161,561,6.308097
1121,562,199.140182
1122,562,160.313751
1123,562,267.431702
1124,562,121.860321
1132,562,31.732487
1133,562,19.849844
1040,563,62.338184
1041,563,43.61602
1123,563,469.572571
1124,563,111.139664
1132,563,16.468143
1133,563,24.071974
1143,563,7.485875
1026,564,16.543344
1132,564,20.437548
1133,564,14.756145
1144,564,16.77247
1132,565,20.993561
1133,565,10.504782
1131,566,112.118019
1132,566,19.804838
1133,566,59.168411
1132,567,34.943909
1133,567,19.630997
1131,568,12.515169
1132,568,12.094038
1133,568,8.698779
1134,568,59.167542
1131,569,22.084415
1132,569,25.995377
1133,569,125.528336
1134,569,42.759453
1131,570,19.711864
1132,570,30.173626
1133,570,19.197262
1134,570,8.384855
1151,570,31.473812
1156,570,24.881321
1158,570,31.758305
1132,571,58.632374
1133,571,20.956728
1134,571,56.317009
1151,571,4.996387
1152,571,12.428917
1037,573,15.5957
1038,573,18.962372
1039,573,9.759626
1040,573,46.553532
1041,573,57.693481
1075,573,50.179523
1087,573,4.42455
1088,573,4.308927
1129,574,181.311264
1011,575,24.475189
1012,575,26.418177
1013,575,27.191338
1129,575,98.971344
1130,575,72.526939
1132,575,446.162933
1133,575,45.31189
1129,576,51.659206
1130,576,48.344242
1132,576,65.748474
1133,576,143.179871
1134,576,106.355202
1211,576,73.680916
1215,576,5.014493
1216,576,2.982581
1128,577,66.848526
1129,577,70.721817
1130,577,81.007355
1131,577,104.810364
1132,577,94.9244
1133,577,27.807852
1134,577,90.423859
1210,577,105.991127
1211,577,250.03064
1049,578,23.799675
1128,578,104.398018
1129,578,176.837723
1130,578,83.036736
1131,578,267.931824
1132,578,27.810953
1133,578,7.382589
1134,578,10.570329
1084,579,7.065883
1086,579,7.595209
1087,579,11.078791
1088,579,37.435688
1108,579,83.270439
1109,579,113.587463
1128,579,107.864494
1129,579,65.488434
1130,579,10.497151
1131,579,46.171108
1132,579,17.325281
1133,579,7.972627
1175,579,10.402946
1077,580,26.618904
1082,580,76.220764
1083,580,9.4664
1084,580,11.588825
1085,580,6.490149
1086,580,7.283343
1087,580,9.309625
1088,580,9.871592
1089,580,26.449486
1090,580,12.198977
1091,580,10.8048
1107,580,20.256256
1108,580,214.886459
1109,580,280.373291
1110,580,31.584475
1111,580,36.110657
1128,580,173.783752
1129,580,24.825306
1130,580,22.148676
1131,580,3.689806
1132,580,79.542946
1133,580,35.443165
1077,581,62.938122
1078,581,26.188719
1079,581,18.651932
1080,581,12.623354
1081,581,10.497899
1082,581,50.937031
1083,581,10.237771
1084,581,15.555565
1085,581,21.957211
1086,581,9.252788
1087,581,8.743519
1088,581,15.098944
1089,581,14.666783
1090,581,17.314157
1091,581,11.567816
1092,581,14.427407
1107,581,101.088158
1108,581,88.752396
1109,581,94.791275
1110,581,44.021366
1111,581,23.49931
1128,581,63.025192
1129,581,59.226986
1130,581,33.976418
1131,581,8.002356
1132,581,42.441566
1133,581,183.4189
1134,581,139.763657
1081,582,69.183861
1082,582,44.880756
1083,582,9.741424
1084,582,4.614563
1085,582,5.758121
1086,582,1.665211
1087,582,1.270834
1088,582,8.831211
1090,582,18.366127
1091,582,14.685534
1108,582,46.933384
1129,582,46.410389
1130,582,97.959038
1132,582,40.173794
1133,582,31.577051
1135,582,181.63472
1078,584,10.742253
1081,584,2.089687
1082,584,1.973332
1083,584,1.254723
1084,584,2.727355
1078,585,10.259436
1079,585,13.583218
1080,585,8.443263
1081,585,8.245054
1082,585,12.082727
1083,585,22.778107
1084,585,1.430175
1090,590,99.839645
1110,590,28.996899
1111,590,10.465591
1087,591,145.346725
1088,591,203.638016
1089,591,195.713974
1090,591,46.926273
1132,591,36.115788
1133,591,30.303032
1086,592,178.84137
1087,592,137.551956
1088,592,105.561195
1089,592,46.208668
1090,592,45.11404
1121,592,4.269461
1122,592,6.159773
1132,592,23.993338
1133,592,26.248703
1079,593,80.303474
1080,593,19.080786
1086,593,48.058735
1087,593,39.282581
1088,593,38.715088
1089,593,34.771198
1090,593,42.037151
1098,593,78.745193
1099,593,71.77758
1121,593,15.726254
1122,593,22.032757
1133,593,44.944607
1141,593,37.770752
1142,593,153.009857
1143,593,278.210541
1144,593,479.956177
1145,593,600.806946
1079,594,57.181232
1081,594,5.612527
1086,594,21.488247
1087,594,110.800209
1088,594,10.256224
1089,594,34.98452
1090,594,33.06287
1097,594,95.044044
1098,594,37.052269
1099,594,49.151985
1121,594,9.339951
1122,594,93.698235
1133,594,43.0513
1141,594,144.356888
1142,594,98.541702
1080,595,3.274797
1081,595,5.102418
1086,595,70.98819
1087,595,8.029063
1089,595,26.246735
1090,595,28.011667
1097,595,34.212978
1098,595,20.745974
1099,595,62.877331
1121,595,18.504232
1122,595,7.941019
1133,595,36.44273
1141,595,58.346252
1142,595,58.571766
1143,595,4.082755
1080,596,10.064192
1081,596,12.745425
1085,596,45.249027
1086,596,21.201408
1090,596,7.068282
1096,596,101.106918
1097,596,36.355255
1098,596,18.524094
1099,596,37.104115
1120,596,4.666762
1121,596,7.047883
1122,596,7.471904
1132,596,16.453678
1133,596,17.073
1141,596,40.228718
1142,596,156.24588
1143,596,9.882113
1085,597,13.261333
1086,597,1.259909
1096,597,76.392525
1099,597,26.339918
1119,597,5.740524
1120,597,3.481201
1121,597,9.461827
1122,597,55.792
1132,597,24.017385
1141,597,25.364977
1142,597,24.913855
1099,598,39.997501
1118,598,2.526983
1119,598,1.87333
1141,598,29.624954
1142,598,5.952707
1143,598,11.270706
1173,599,6.747475
1134,601,298.374847
1168,602,51.780056
1147,603,22.094215
1148,603,8.874483
1149,603,10.912943
1150,603,12.345663
1151,603,16.656727
1152,603,14.355946
1153,603,13.001823
1154,603,10.895924
1155,603,12.801719
1164,603,7.643709
1171,603,104.149178
1172,603,113.964149
1147,604,25.051199
1148,604,5.515744
1149,604,78.962486
1150,604,6.227354
1151,604,13.920939
1152,604,2.26198
1153,604,35.822906
1154,604,2.038177
1155,604,11.300166
1166,604,1.602951
1167,604,2.286159
1169,604,1.713428
1170,604,3.753545
1171,604,6.067626
1172,604,78.310402
1149,605,22.936741
1150,605,47.747932
1151,605,40.321625
1152,605,4.500339
1153,605,6.024064
1154,605,2.719255
1155,605,2.642182
1156,605,8.715231
1163,605,2.989714
1165,605,1.672022
1166,605,29.831898
1167,605,9.444634
1168,605,4.585836
1169,605,11.69353
1170,605,19.793314
1171,605,16.432667
1155,606,16.08625
1156,606,209.877975
1163,606,1.663713
1168,606,32.701443
1169,606,11.507944
1170,606,21.006731
1111,609,223.607513
999,610,100.244087
1111,610,90.456306
1129,610,135.899628
1130,610,115.956665
1131,610,64.834282
1143,610,69.871681
1128,611,505.554535
1130,611,96.603256
1143,611,62.491909
1141,612,149.523026
1142,612,151.499207
1143,612,55.984993
1145,613,31.770405
1146,613,1.646193
1147,613,2.412124
1148,613,1.172311
1149,613,1.502013
1150,613,2.646179
1151,613,4.147872
1152,613,7.79939
1153,613,3.889811
1156,613,4.580439
1157,613,13.005001
1145,614,171.86763
1146,614,10.13342
1147,614,8.981916
1148,614,8.126416
1149,614,8.241543
1150,614,13.545245
1151,614,14.91549
1152,614,1.336422
1154,614,31.126842
1155,614,23.096771
1156,614,2.443957
1157,614,4.886241
1162,614,13.4053
1159,615,22.077484
1160,615,100.069565
1161,615,138.166199
1162,615,210.320099
1163,615,124.66909
1164,615,74.875778
1165,615,79.323738
1166,615,105.777237
1167,615,117.098656
1177,615,23.558414
1161,616,85.455215
1163,616,212.749039
997,624,46.157413
1042,624,32.733807
1062,624,5.859241
996,625,17.778477
1042,625,18.298931
1046,626,76.709084
1100,629,2.091577
1101,629,8.274834
1102,629,16.272573
1103,629,20.306757
1104,629,7.928313
1161,629,16.051052
1162,629,6.398205
1163,629,7.993015
1164,629,6.312745
1165,629,3.941911
1166,629,30.885273
991,630,24.243612
1099,630,117.381561
1100,630,13.198758
1101,630,13.904489
1102,630,32.08828
1158,630,21.373648
1159,630,1.71001
1160,630,2.002012
1161,630,4.042642
1162,630,3.288996
1163,630,4.018471
1164,630,7.601028
1165,630,8.091686
1166,630,9.688547
1167,630,14.133452
1168,630,23.115107
1170,630,4.350397
1075,324,559.822693
1076,324,11.536501
1077,324,15.904664
1078,324,34.383659
1079,324,69.360764
1104,324,4.900858
1165,324,45.399837
1166,324,43.403469
1167,324,21.355947
1168,324,8.267113
1169,324,16.399122
1170,324,7.864452
1171,324,1.075863
1173,324,4.02447
1174,324,3.807084
1177,324,3.475072
1179,324,1.971143
1187,324,1.401471
1188,324,5.362866
1189,324,1.120905
991,631,194.191483
1076,325,11.974355
1077,325,17.111856
1078,325,33.11108
1079,325,75.105812
1091,325,129.572937
1092,325,185.121964
1104,325,6.03669
1105,325,62.734879
1166,325,86.526337
1168,325,44.940105
1169,325,12.298757
1170,325,3.26155
1171,325,3.769681
1172,325,1.27712
1173,325,2.174112
1174,325,3.753666
1177,325,3.73512
1178,325,1.751456
1189,325,2.388976
1000,632,127.399567
1001,632,86.123009
1002,632,155.315994
1076,326,31.928053
1077,326,30.786036
1078,326,76.035355
1079,326,87.338089
1080,326,121.544769
1090,326,75.381157
1091,326,37.527298
1092,326,83.845169
1093,326,83.334076
1094,326,120.478699
1105,326,11.348948
1169,326,20.691963
1170,326,11.054464
1171,326,12.575958
1172,326,5.587249
1173,326,2.158372
1174,326,3.503386
1178,326,8.814812
1191,326,4.461422
1090,327,44.825764
1091,327,20.975674
1092,327,35.776859
1093,327,34.517838
1169,327,8.478569
1170,327,4.545554
1171,327,12.439878
1174,327,1.433293
1189,327,2.473043
1190,327,1.719078
1191,327,3.009941
1091,328,28.757061
1092,328,44.065372
1093,328,44.540836
1170,328,16.738489
1171,328,31.348734
1188,328,5.234138
1189,328,1.684346
1190,328,1.674615
1191,328,2.732889
1192,328,38.841473
1091,329,42.412754
1092,329,38.746635
1173,329,4.144885
1174,329,9.068261
1189,329,3.516284
1190,329,4.653437
1191,329,7.967481
1194,329,1.481589
1195,329,2.269823
1100,635,117.195839
1090,330,48.386608
1091,330,19.596544
1092,330,37.564362
1093,330,44.379005
1094,330,186.953659
1170,330,2.641181
1172,330,2.101016
1173,330,6.391745
1184,330,4.18888
1185,330,1.482022
1186,330,1.70757
1189,330,2.672219
1190,330,1.723403
1191,330,1.012327
1193,330,9.261918
1218,330,21.677999
1219,330,4.663319
1220,330,2.154385
1221,330,3.573503
1089,331,301.660889
1090,331,210.338974
1091,331,63.359802
1092,331,83.971664
1170,331,6.429269
1172,331,2.238456
1173,331,2.322579
1174,331,4.253171
1183,331,5.148703
1184,331,1.988455
1186,331,2.266901
1187,331,10.307732
1188,331,1.207577
1190,331,2.888533
1191,331,9.419117
1088,332,154.004425
1090,332,260.758423
1092,332,107.543304
1107,332,110.609177
1170,332,2.880644
1172,332,4.372285
1173,332,4.98886
1181,332,8.650437
1182,332,6.496665
1183,332,1.916313
1184,332,3.610697
1185,332,4.910117
1187,332,3.774545
1188,332,6.276076
1189,332,2.970406
996,639,126.916855
997,639,55.737198
998,639,42.422424
999,639,46.567551
1143,639,1.768366
1144,639,3.20004
1145,639,20.803951
1146,639,4.368981
1147,639,5.816536
1148,639,10.342189
1149,639,8.189145
1150,639,47.985626
1152,639,48.579838
1153,639,44.408375
1107,333,48.850548
1108,333,78.620964
1109,333,108.339127
1110,333,225.458038
1180,333,10.408113
1181,333,3.404278
1182,333,1.751626
1183,333,1.977845
1184,333,4.870918
1185,333,4.924558
1186,333,8.681736
1187,333,3.477597
1188,333,5.477551
996,640,34.371204
997,640,34.780418
998,640,22.059462
999,640,33.497242
1000,640,17.84408
1001,640,30.063728
1002,640,31.804028
1003,640,33.808468
1145,640,67.20063
1165,640,1.440384
1166,640,1.258155
1173,640,9.547235
1182,640,165.763
1183,640,65.688065
996,641,74.9953
998,641,23.023212
999,641,14.065043
1000,641,8.675279
1001,641,7.363824
1002,641,18.922188
1003,641,44.174576
1084,641,11.982726
1085,641,137.195343
1086,641,162.335648
1087,641,17.731075
1088,641,32.932838
1092,641,28.56019
1093,641,101.657181
1094,641,20.309477
1165,641,1.14219
1166,641,2.078766
1174,641,132.123047
1175,641,139.942078
1182,641,41.113049
1183,641,36.638821
996,642,13.240833
997,642,4.131239
998,642,8.20188
999,642,4.40563
1000,642,3.945352
1001,642,2.871398
1002,642,8.580568
1003,642,16.671803
1086,642,26.052395
1087,642,4.982372
1088,642,35.971291
1096,334,19.682964
1106,334,133.78801
1107,334,69.124741
1108,334,38.630386
1109,334,76.515633
1172,334,7.561783
1173,334,4.314766
1174,334,3.716412
1180,334,2.900267
1181,334,2.166205
1182,334,2.58361
1183,334,5.115023
1184,334,16.34269
1185,334,14.445313
1186,334,14.220381
1095,335,9.372634
1096,335,9.737651
1097,335,11.04499
1099,335,20.392025
1100,335,9.410704
1101,335,8.66744
1105,335,74.272118
1106,335,55.099396
1107,335,31.476208
1108,335,31.981964
1109,335,92.922768
1179,335,1.080113
1180,335,2.798133
1181,335,1.082454
1182,335,6.881131
1183,335,2.054012
1184,335,40.064922
998,643,37.532192
999,643,399.161713
1000,643,33.542488
1001,643,1.732919
1002,643,7.354949
1003,643,14.450054
1004,643,12.12677
1079,643,11.609359
1183,643,36.993992
1255,643,17.407682
997,644,5.383741
998,644,1.30608
999,644,1.367766
1000,644,5.655299
1001,644,2.857852
1002,644,7.675147
1003,644,4.127865
1004,644,8.417295
1079,644,40.929611
1080,644,8.278975
1081,644,24.761921
1082,644,45.817924
1083,644,11.360551
1183,644,21.826231
1255,644,23.418205
1099,336,8.209589
1100,336,7.113696
1101,336,7.36707
1104,336,235.044708
1105,336,42.578304
1106,336,33.552624
1107,336,262.918884
1108,336,159.505493
1109,336,130.216766
1179,336,2.402975
1180,336,1.713819
1181,336,6.917754
1182,336,2.685764
1183,336,15.061085
1104,337,83.688568
1105,337,69.151764
1106,337,33.15377
1107,337,24.734518
1108,337,37.790646
1109,337,110.268784
1174,337,21.987024
1179,337,8.372321
1180,337,2.42842
1181,337,12.971608
1106,338,131.204666
1107,338,42.599102
1108,338,17.905003
1109,338,78.177658
1171,338,14.764586
1172,338,12.566851
1173,338,621.527832
1174,338,5.288531
1175,338,3.157066
1176,338,22.469343
1180,338,1.2836
1189,338,11.832159
1190,338,13.269412
1191,338,21.684952
1192,338,48.806091
1193,338,48.50909
996,645,115.287018
997,645,64.229691
998,645,93.281601
999,645,19.792458
1000,645,24.541286
1001,645,7.896893
1002,645,6.092133
1003,645,6.831557
1004,645,8.623129
1005,645,7.968058
1083,645,102.577232
1254,645,17.188473
1255,645,49.596695
1108,339,63.062939
1109,339,40.734394
1110,339,78.91037
1173,339,3.245776
1175,339,1.409759
1176,339,27.95775
1187,339,12.054021
1188,339,10.414473
1189,339,8.977672
1190,339,4.643401
1191,339,17.117004
1192,339,10.719237
1193,339,33.404633
996,646,201.305908
997,646,29.798326
998,646,216.923172
1000,646,19.582363
1001,646,11.626353
1003,646,13.182858
1085,646,61.860004
1086,646,18.673504
1254,646,21.401606
1255,646,56.147232
1173,340,6.22899
1175,340,2.084604
1176,340,6.30011
1186,340,15.605733
1187,340,4.405087
1188,340,45.845951
1189,340,2.927231
1190,340,2.3125
1191,340,5.012879
1192,340,16.958292
1193,340,14.143474
1253,647,186.446838
1254,647,25.23987
1255,647,7.471925
1172,341,37.182884
1173,341,12.083277
1174,341,2.097204
1176,341,2.082682
1186,341,20.910664
1187,341,10.187494
1188,341,3.779374
1189,341,4.003726
1190,341,6.157633
1191,341,4.036235
1192,341,9.799797
1090,648,24.56459
1252,648,22.880772
1253,648,4.011494
1254,648,1.79252
1181,342,1.68527
1186,342,15.289831
1187,342,4.372899
1188,342,6.526676
1189,342,8.524359
1190,342,4.58187
1191,342,10.423347
1192,342,9.617471
1084,649,13.920193
1090,649,29.058224
1145,649,7.123636
1146,649,26.86478
1148,649,7.417753
1168,649,29.697622
1251,649,10.253804
1252,649,2.924004
1253,649,1.234704
1078,650,15.244739
1079,650,38.791492
1080,650,339.640594
1081,650,395.113464
1082,650,103.615273
1083,650,35.986595
1161,650,3.925331
1251,650,8.925249
1252,650,7.128579
1253,650,7.444733
1254,650,2.292555
1178,343,1.027239
1181,343,1.449997
1186,343,21.600801
1187,343,15.299632
1188,343,10.060508
1189,343,9.473557
1190,343,13.138397
1191,343,13.838044
1192,343,22.841118
1095,651,236.274551
1167,346,27.903618
1168,346,28.923277
1202,348,4.787443
1204,348,2.182328
1206,348,9.755062
1207,348,10.775357
1208,348,31.8556
1202,349,1.965852
1203,349,2.062043
1204,349,5.525007
1205,349,11.495445
1182,350,8.353555
1183,350,57.168781
1184,350,51.516251
1185,350,211.625549
1186,350,219.242081
1187,350,221.656631
1182,351,6.492571
1183,351,3.378607
1184,351,5.549123
1185,351,99.721077
1186,351,54.752991
1187,351,53.384502
1188,351,36.483208
1189,351,29.260511
1190,351,30.543983
1191,351,37.021935
1192,351,77.466682
1218,658,1.899828
1182,352,8.667486
1183,352,3.545073
1184,352,1.71695
1185,352,203.328323
1186,352,65.399551
1187,352,38.58564
1188,352,18.351366
1189,352,16.484377
1190,352,209.38327
1191,352,50.909065
1192,352,33.001762
1193,352,81.524086
1182,353,17.417595
1183,353,4.16291
1184,353,2.479954
1185,353,127.635201
1186,353,46.611362
1187,353,18.113899
1188,353,84.000214
1189,353,16.278967
1190,353,20.706226
1191,353,208.576431
1192,353,19.97389
1193,353,31.38785
1151,659,16.306538
1184,354,1.049209
1185,354,120.108246
1186,354,55.869411
1187,354,24.378376
1188,354,14.805021
1189,354,6.464885
1190,354,2.896755
1191,354,9.375813
1192,354,18.357512
1193,354,19.301819
1194,354,34.12318
1185,355,88.279694
1186,355,38.909351
1187,355,39.606754
1188,355,44.338711
1189,355,11.290347
1190,355,6.891587
1191,355,7.837662
1192,355,17.458118
1193,355,55.304218
1202,355,2.376261
997,661,34.288559
997,662,22.022942
1185,356,146.617371
1186,356,16.700182
1188,356,18.214811
1189,356,40.604996
1190,356,18.336456
1191,356,7.98372
1202,356,5.285901
1190,357,29.081207
1191,357,45.459259
1202,357,1.08113
989,664,109.990845
990,664,179.397522
991,664,305.32074
992,664,179.01619
1077,664,111.341537
1203,359,1.247031
989,665,87.068932
990,665,151.34346
991,665,184.795013
989,666,18.273987
990,666,64.847137
991,666,181.464401
989,667,23.68396
990,667,72.652946
988,668,44.280716
989,668,15.089618
990,668,104.534492
989,669,30.475212
990,669,60.498837
988,670,19.253223
989,670,28.579199
990,670,64.863937
989,671,90.887268
990,671,147.013947
1001,671,88.70369
1002,671,107.112144
1003,671,116.225029
1004,671,99.238281
1005,671,121.712662
1006,671,148.210907
995,672,6.012559
997,672,66.428696
998,672,55.170464
1004,672,23.524837
1006,672,39.266647
1018,672,75.654861
996,673,5.767651
998,673,35.006596
997,674,3.309945
998,674,17.888454
1079,675,61.655006
1092,675,10.752991
987,677,11.602575
986,678,69.38353
987,678,19.009233
988,678,128.384705
986,679,22.716816
987,679,9.815166
989,680,281.940826
988,681,6.22022
989,681,15.846266
990,681,5.189822
988,682,1.374749
989,682,33.094593
990,682,13.788441
996,682,39.309643
997,682,15.167548
1001,682,35.58604
1028,377,18.839874
988,683,7.492393
989,683,6.961489
990,683,121.250526
1002,683,125.594208
1005,683,133.656174
1007,683,134.475342
1011,683,125.774101
989,684,2.449924
990,684,24.573139
991,684,56.949123
1028,378,12.214042
1002,684,96.292709
1003,684,2.03688
1004,684,5.521113
1005,684,20.895065
1006,684,31.596266
1007,684,6.281822
1008,684,37.660355
1009,684,61.126186
1010,684,51.963737
1011,684,120.394333
1012,684,5.413723
1074,684,34.183201
1078,684,44.672287
1093,684,17.2202
1028,379,48.970387
988,685,1.264092
989,685,1.197446
990,685,10.954608
991,685,30.416067
1002,685,3.917726
1003,685,2.424108
1004,685,5.232164
1005,685,5.420704
1006,685,41.888954
1007,685,1.260973
1008,685,18.059317
1011,685,24.48283
990,686,13.234937
991,686,19.49085
1006,381,231.219437
989,687,21.239855
990,687,28.887516
991,687,9.008367
1006,382,5.166513
991,688,7.930794
1027,383,22.188585
1074,383,57.092228
1078,383,31.534533
1079,383,39.14407
1080,383,71.101082
1081,383,73.110207
1074,384,81.035973
1075,384,73.053314
1076,384,60.309299
1078,384,95.034286
1079,384,170.888824
1080,384,106.515602
1081,384,145.583817
1215,689,1.791254
1215,690,9.369322
1007,386,4.713404
1218,692,1.194422
1069,387,58.428764
1070,387,144.792038
1069,388,102.084679
1070,388,35.532421
1069,389,78.137344
1070,389,35.28738
1088,390,58.920082
1089,390,56.276684
1090,390,72.915321
1091,390,81.387947
1092,390,73.765343
1093,390,35.462036
1094,390,52.675888
1072,391,8.131123
1073,391,24.445189
1088,391,126.624702
1093,391,381.512329
1094,391,196.669998
1095,391,137.177383
1096,391,53.317181
1097,391,48.132214
1072,392,30.705999
1073,392,7.374835
1074,392,10.375691
1076,392,107.93084
1077,392,11.908982
1004,393,1.705635
1005,393,1.902939
1073,393,26.289162
1074,393,63.188831
1075,393,87.568375
1076,393,28.26643
1077,393,7.589938
1078,393,92.971359
1079,393,158.351807
1080,393,40.168297
1081,393,20.478781
1075,394,86.055038
1079,394,66.326866
1014,395,13.255983
1015,395,29.993551
1016,396,36.726044
1018,396,72.839882
1019,396,91.548241
1027,397,66.796707
1081,399,57.05661
1082,399,96.457695
1099,399,54.839485
1100,399,60.389893
1101,399,54.707531
1081,400,69.544632
1082,400,58.541004
1088,400,89.168434
1089,400,6.159311
1090,400,59.719147
1091,400,62.977074
1092,400,62.435818
1093,400,47.505032
1094,400,61.591316
1095,400,72.663231
1096,400,68.842422
1098,400,189.452377
1099,400,50.860676
1100,400,337.563141
1105,400,113.826744
1106,400,23.147491
1107,400,47.271641
1108,400,30.60532
1109,400,20.654963
1110,400,56.145908
1111,400,74.481445
1112,400,30.375687
1113,400,19.487495
1114,400,16.038555
1115,400,15.734756
1082,401,60.013084
1095,401,46.988476
1096,401,28.113195
1115,401,149.407364
1116,401,38.211384
1013,402,30.549192
1056,402,33.354939
1059,402,32.975609
1060,402,28.597881
1061,402,34.655392
1096,402,19.956579
1119,402,666.275635
1012,403,26.357533
1063,403,48.577255
1118,403,83.035698
1120,404,139.72963
1121,404,432.952209
1088,407,51.191772
1089,407,49.405121
1090,407,40.545776
1093,407,34.980927
1019,408,12.126858
1085,408,57.42078
1086,408,39.659348
1087,408,86.569382
1088,408,64.983116
1089,408,16.28521
1090,408,44.563526
1093,408,34.252663
1094,408,50.157089
1095,408,27.357082
1096,408,36.000893
1097,408,35.600609
1098,408,37.275764
1099,408,14.942571
1085,409,52.668736
1086,409,23.500759
1087,409,75.052094
1088,409,13.868961
1089,409,16.348392
1090,409,45.813572
1093,409,38.653877
1094,409,21.692951
1095,409,28.813778
1096,409,20.850525
1097,409,30.878824
1098,409,15.054052
1099,409,12.405001
1106,409,58.294601
1107,409,62.21257
1108,409,36.069798
1109,409,7.026974
1110,409,2.189627
1111,409,2.329678
1112,409,2.34305
1115,409,4.451114
1116,409,10.783516
1021,410,10.627306
1023,410,207.102478
1065,410,67.297478
1085,410,54.188198
1086,410,26.051922
1087,410,50.967613
1088,410,26.048014
1089,410,11.650692
1090,410,11.27318
1099,410,14.654324
1106,410,45.780743
1107,410,22.330627
1108,410,61.151077
1109,410,31.233673
1110,410,36.752159
1111,410,27.463436
1112,410,22.50075
1113,410,22.61586
1114,410,7.002322
1115,410,9.328864
1116,410,31.454689
1117,410,35.14452
1018,411,27.551285
1020,411,13.039718
1022,411,107.670341
1064,411,37.780643
1065,411,56.722458
1085,411,53.528053
1086,411,35.396362
1087,411,25.377903
1088,411,11.468239
1089,411,7.822413
1090,411,11.572225
1095,411,14.028423
1096,411,24.340275
1097,411,39.594643
1098,411,59.206963
1099,411,21.042183
1107,411,40.850147
1108,411,37.996933
1109,411,32.989384
1110,411,18.243164
1111,411,15.6757
1112,411,38.342438
1113,411,54.803555
1114,411,50.300964
1115,411,42.865311
1116,411,43.988434
1117,411,49.160389
1018,412,12.373517
1020,412,15.457257
1021,412,9.017929
1022,412,30.47296
1062,412,27.881607
1063,412,25.096008
1064,412,9.37803
1085,412,109.219437
1086,412,68.402374
1087,412,22.341228
1088,412,10.073319
1089,412,22.125574
1090,412,17.305408
1095,412,20.680824
1096,412,8.069782
1097,412,22.704277
1098,412,13.110416
1099,412,22.480474
1117,412,43.344395
1020,413,51.439899
1021,413,10.122541
1022,413,131.887955
1023,413,17.267265
1026,413,4.857951
1085,413,83.690292
1086,413,78.996834
1087,413,51.617851
1095,413,89.300346
1096,413,21.547842
1097,413,24.094843
1098,413,7.260513
1099,413,13.241787
1022,414,38.66544
1023,414,12.665236
1024,414,59.124664
1026,414,3.535298
1056,414,75.225182
1058,414,91.188721
1085,414,95.358429
1086,414,79.339493
1087,414,35.304928
1088,414,34.550034
1089,414,31.787348
1090,414,15.21918
1091,414,62.204121
1095,414,13.230248
1096,414,10.597655
1097,414,5.599647
1098,414,6.269338
1099,414,3.797457
1123,414,104.415733
1023,415,231.829117
1026,415,6.139294
1086,415,95.705917
1087,415,41.148537
1088,415,22.903473
1089,415,18.258163
1090,415,15.437444
1091,415,24.136053
1092,415,21.11746
1093,415,63.468933
1094,415,149.166687
1095,415,31.862167
1096,415,25.146383
1097,415,6.080428
1098,415,3.918671
1099,415,16.214382
1104,415,15.08639
1105,415,5.887776
1106,415,6.108101
1123,415,67.484268
1026,416,4.621921
1086,416,67.627876
1090,416,96.739868
1091,416,19.080496
1092,416,23.69104
1093,416,47.565014
1094,416,34.358624
1095,416,18.503763
1096,416,17.8424
1097,416,16.283943
1098,416,38.649349
1099,416,19.026821
1123,416,107.396561
1026,417,7.770637
1098,417,16.092884
1105,417,4.287553
1106,417,2.840848
1026,418,16.136652
1071,418,44.971287
1117,419,185.761993
1118,419,110.151794
1119,419,69.257294
1106,420,25.204273
1107,420,48.627037
1114,420,75.04464
1115,420,46.98793
1116,420,34.304428
1117,420,10.495295
1106,421,56.478001
1107,421,24.750874
1108,421,69.139191
1109,421,101.75145
1110,421,53.948589
1111,421,162.357849
1112,421,20.279734
1113,421,37.351433
1114,421,48.793621
1115,421,27.303251
1116,421,27.509804
1085,422,63.617783
1109,422,5.364825
1110,422,11.407459
1111,422,43.610027
1112,422,38.917877
1113,422,63.121349
1114,422,60.7882
1115,422,4.287344
1125,425,201.516998
1124,426,34.266644
1125,426,222.403091
1126,426,217.552078
1124,427,50.01675
1125,427,24.388243
1126,427,59.704628
1149,427,1.642372
1124,428,33.957043
1125,428,28.19309
1126,428,1.452667
1202,428,43.229084
1063,429,5.679723
1064,429,18.839603
1065,429,44.150723
1066,429,39.370304
1067,429,28.877953
1068,429,21.066225
1069,429,36.538807
1070,429,44.623764
1071,429,28.22134
1072,429,22.29933
1124,429,82.780792
1125,429,17.108475
1201,429,9.955633
1202,429,8.219276
996,430,52.240452
1064,430,8.188078
1065,430,7.272311
1066,430,6.831477
1091,430,74.41909
1092,430,29.606802
1102,430,25.760283
1124,430,64.573715
1125,430,18.232441
1194,430,15.385616
1195,430,30.132917
1196,430,66.396523
1197,430,31.49234
1198,430,3.74482
1201,430,20.873814
1202,430,19.821918
1203,430,2.159564
1204,430,1.322651
1205,430,3.377959
996,431,55.334965
1091,431,65.50779
1092,431,81.903534
1093,431,36.666481
1094,431,37.928482
1095,431,36.005943
1096,431,27.073563
1097,431,24.844723
1098,431,49.882904
1099,431,24.009346
1100,431,12.549698
1101,431,26.517025
1102,431,26.615503
1103,431,25.505831
1124,431,47.267109
1125,431,15.423632
1150,431,2.174519
1195,431,32.020817
1197,431,168.894836
1198,431,194.085464
1199,431,9.80024
1201,431,42.279556
1202,431,41.502098
1203,431,13.023931
1204,431,3.821666
996,432,56.66243
998,432,13.779529
999,432,15.641895
1078,432,45.180145
1079,432,27.890293
1080,432,34.129692
1081,432,32.510921
1082,432,32.708286
1083,432,32.274551
1084,432,41.930107
1092,432,29.683014
1093,432,14.966058
1094,432,8.140386
1095,432,7.985202
1096,432,4.763864
1097,432,4.914457
1098,432,9.228217
1099,432,3.615915
1100,432,4.148957
1101,432,6.225965
1102,432,6.334146
1103,432,15.433543
1104,432,8.904617
1113,432,70.965561
1114,432,34.469654
1115,432,27.719105
1116,432,24.580023
1117,432,35.706825
1118,432,30.264534
1119,432,22.097136
1124,432,33.062183
1125,432,14.635525
1126,432,1.880401
1199,432,283.610107
1200,432,49.422256
1201,432,9.630981
1203,432,55.472931
998,433,14.434956
1061,433,3.887349
1081,433,37.10968
1082,433,22.864567
1083,433,26.480778
1085,433,6.889036
1101,433,7.939703
1102,433,5.904904
1103,433,7.849195
1104,433,10.010725
1113,433,68.579544
1114,433,31.466215
1115,433,25.07258
1116,433,11.932258
1117,433,12.544259
1118,433,17.824308
1119,433,4.698464
1124,433,75.479095
1125,433,12.199894
1151,433,1.077298
1200,433,145.128464
1201,433,159.767288
1202,433,8.194878
1204,433,50.147999
998,434,38.954136
1061,434,5.350058
1081,434,31.908403
1082,434,15.874738
1101,434,9.807161
1102,434,7.332886
1103,434,23.636616
1113,434,21.9165
1114,434,15.765826
1115,434,29.211887
1116,434,19.773939
1117,434,17.869909
1118,434,21.898876
1125,434,25.785452
1126,434,6.031488
1151,434,4.236408
1201,434,48.776859
1202,434,53.715584
1203,434,3.724909
1205,434,58.984676
1061,435,6.476891
1082,435,27.247404
1101,435,15.281395
1102,435,20.012859
1103,435,4.470031
1113,435,10.713324
1114,435,23.69977
1115,435,13.333364
1116,435,6.446444
1117,435,1.883318
1118,435,7.928936
1125,435,29.273472
1126,435,24.650764
1202,435,22.955099
1203,435,7.790488
1204,435,9.900609
1061,436,3.015891
1076,436,6.291255
1077,436,7.833721
1082,436,21.483471
1083,436,33.880638
1102,436,28.693659
1113,436,4.749978
1114,436,24.717941
1115,436,4.46004
1116,436,1.191064
1117,436,1.354668
1125,436,20.393122
1126,436,10.132815
1127,436,3.200596
1150,436,1.655287
1151,436,1.870473
1203,436,7.000973
1061,437,6.664513
1076,437,6.516929
1077,437,6.922101
1079,437,21.659079
1080,437,15.551269
1081,437,17.534473
1082,437,21.994877
1083,437,33.054184
1114,437,47.150818
1115,437,3.674656
1116,437,1.606208
1117,437,11.558938
1125,437,25.741865
1127,437,1.929023
1150,437,1.133574
1151,437,1.316106
1158,437,1.069222
1203,437,7.252703
1208,437,155.676727
1017,438,29.084021
1063,438,18.234804
1064,438,18.728779
1076,438,9.144703
1077,438,1.10665
1082,438,3.656662
1084,438,2.81108
1102,438,64.064476
1151,438,2.515308
1158,438,1.888536
1203,438,13.481186
1064,439,9.249611
1065,439,10.208582
1066,439,16.322798
1069,439,21.495422
1076,439,1.21118
1077,439,3.246574
1082,439,2.934294
1102,439,16.640511
1158,439,1.281359
1159,439,2.495507
1202,439,62.954742
1203,439,6.053568
1017,440,25.613216
1064,440,5.97594
1065,440,7.863821
1066,440,7.281683
1067,440,7.238404
1068,440,5.001004
1069,440,3.95976
1070,440,3.70779
1071,440,2.420858
1078,440,14.377576
1079,440,19.957977
1080,440,20.164248
1081,440,20.538799
1082,440,9.969281
1092,440,47.467697
1093,440,77.088135
1094,440,57.359276
1095,440,71.733574
1096,440,34.912003
1097,440,40.023293
1101,440,24.659863
1102,440,2.606282
1151,440,1.044012
1152,440,1.745164
1153,440,1.093595
1158,440,2.33124
1159,440,3.896135
1161,440,6.320322
1162,440,26.813612
1207,440,4.43713
1066,441,7.003547
1077,441,9.315304
1078,441,3.013417
1079,441,3.37347
1080,441,3.343808
1081,441,3.420292
1082,441,5.431723
1083,441,14.641663
1084,441,27.989277
1091,441,114.201477
1092,441,58.773392
1093,441,27.772106
1094,441,28.052473
1095,441,35.757233
1096,441,33.068443
1097,441,37.071358
1098,441,36.801743
1099,441,55.083626
1100,441,13.310919
1101,441,11.003923
1102,441,3.653987
1103,441,1.598796
1115,441,7.710716
1116,441,5.912134
1117,441,3.972127
1118,441,1.126206
1119,441,4.059344
1153,441,5.195603
1158,441,2.33124
1159,441,2.734936
1162,441,1.336315
1205,441,8.52873
1206,441,20.414278
1207,441,5.503565
1209,441,19.808601
1092,442,62.017555
1093,442,24.530233
1095,442,3.255446
1096,442,5.154233
1097,442,2.839063
1098,442,2.966963
1099,442,5.14827
1100,442,1.990485
1113,442,8.659389
1114,442,41.870209
1115,442,9.777568
1116,442,6.997066
1117,442,7.682824
1118,442,13.045574
1119,442,9.906858
1120,442,11.868489
1153,442,1.824255
1159,442,2.485807
1206,442,115.842896
1207,442,99.667656
1208,442,6.596584
1098,443,2.45605
1099,443,3.419118
1100,443,4.169761
1112,443,14.4825
1113,443,9.604963
1114,443,4.529349
1116,443,4.642067
1117,443,3.730597
1118,443,13.721744
1119,443,8.405493
1120,443,10.656849
1121,443,9.725024
1158,443,1.404529
1207,443,110.482025
1208,443,166.582169
1209,443,3.25659
999,444,39.543407
1112,444,55.264671
1113,444,32.74268
1114,444,5.283039
1116,444,1.518026
1117,444,1.465168
1119,444,1.395623
1120,444,1.399015
1121,444,1.507163
1122,444,1.554977
1208,444,5.060019
1209,444,107.051674
1210,444,10.480082
998,445,28.112185
999,445,15.434983
1061,445,6.089247
1076,445,1.08745
1077,445,2.62609
1078,445,2.917802
1079,445,2.402867
1080,445,3.377914
1081,445,2.7306
1113,445,10.244465
1114,445,1.792426
1210,445,1.844276
998,446,71.291801
999,446,82.800873
1076,446,1.583265
1081,446,1.03796
1082,446,1.416367
1083,446,6.579133
1101,446,13.9388
1102,446,2.407308
1113,446,3.605338
1114,446,2.277435
1211,446,16.153271
1083,447,9.380054
1101,447,6.161979
1102,447,5.031703
1113,447,2.433244
1114,447,2.343361
1212,447,11.958508
1083,448,9.757462
1101,448,3.851265
1113,448,2.520584
1114,448,2.021067
1129,448,1.106816
1214,448,131.514496
999,449,9.545155
1063,449,31.375391
1079,449,12.105904
1080,449,9.798494
1081,449,18.011026
1082,449,13.165687
1083,449,16.409496
1101,449,3.318494
1113,449,1.72088
1129,449,8.350092
1000,450,33.574551
1064,450,10.965248
1065,450,9.108644
1066,450,7.31376
1079,450,15.137762
1080,450,13.734606
1081,450,26.220886
1082,450,12.903904
1083,450,14.399507
1100,450,84.307312
1101,450,67.14975
1113,450,2.786552
1114,450,2.08237
1129,450,10.309543
1217,450,6.633546
999,451,18.180075
1069,451,3.493051
1070,451,7.842249
1071,451,2.358025
1079,451,3.872346
1080,451,3.589808
1081,451,8.220407
1082,451,11.650806
1083,451,20.332565
1092,451,53.127167
1093,451,90.314034
1094,451,52.582298
1095,451,50.349125
1096,451,54.533829
1098,451,72.557076
1113,451,3.323818
1114,451,2.703973
1129,451,18.635006
1130,451,1.714116
1070,452,2.660486
1096,452,35.152195
1097,452,17.678759
1098,452,45.946693
1099,452,30.049454
1100,452,35.282093
1113,452,2.955464
1114,452,12.286748
1115,452,4.710852
1116,452,5.560724
1117,452,9.164287
1118,452,13.402767
1119,452,8.144227
1120,452,16.618937
1121,452,8.566158
1122,452,1.760674
1129,452,11.659661
1113,453,2.715337
1114,453,6.797551
1115,453,3.247362
1116,453,6.657766
1117,453,6.592775
1118,453,7.651577
1119,453,11.220841
1120,453,13.151939
1121,453,6.73328
1122,453,3.534616
1129,453,9.37995
1113,454,3.453367
1114,454,2.931181
1115,454,2.676002
1116,454,3.692135
1117,454,5.66411
1118,454,7.573408
1119,454,10.761018
1120,454,11.718766
1121,454,2.654295
1122,454,1.914006
1129,454,110.424789
1130,454,5.781575
1027,455,7.040101
1113,455,2.326929
1120,455,2.969844
1121,455,2.199475
1129,455,12.504412
1130,455,5.615923
1023,456,4.095933
1024,456,2.098532
1026,456,80.648232
1129,456,28.137119
1130,456,8.251111
1131,456,2.836354
1024,457,2.523001
1026,457,5.245447
1027,457,98.296402
1132,457,2.63723
1064,461,7.28184
1070,461,9.772184
1062,462,7.060388
1063,462,4.180491
1064,462,5.880558
1065,462,7.173165
1066,462,6.259477
1067,462,6.761294
1068,462,5.895756
1069,462,6.428393
1070,462,6.858625
1071,462,4.325341
1089,462,102.763969
1090,462,68.283936
1092,462,166.078903
1093,462,53.147392
1098,462,26.852104
1099,462,27.877769
1100,462,15.500083
1101,462,5.109868
1063,463,4.506731
1064,463,3.098667
1066,463,2.736019
1070,463,2.814881
1088,463,87.891602
1099,463,4.954696
1100,463,10.170694
1101,463,5.576942
1113,463,12.113534
1114,463,13.053172
1115,463,19.04953
1116,463,16.984375
1118,463,63.97279
1119,463,23.288218
1120,463,16.356073
1122,463,2.1678
1100,464,3.271112
1101,464,4.340598
1102,464,2.36399
1112,464,6.638038
1120,464,46.48954
1121,464,9.507223
1122,464,11.670649
1123,464,5.853203
1124,464,3.150901
1059,465,6.25569
1060,465,5.932514
1100,465,4.289115
1101,465,3.211827
1102,465,4.408371
1123,465,2.330209
1124,465,2.363132
1125,465,2.535242
1059,466,3.868183
1060,466,5.029618
1112,466,3.770545
1059,467,5.167027
1060,467,4.844571
1059,468,3.707794
1101,468,7.404199
1134,468,11.405091
1166,468,27.501266
1002,469,42.628483
1003,469,55.964905
1004,469,36.226284
1005,469,44.340744
1006,469,387.374298
1007,469,28.293806
1008,469,21.155783
1009,469,21.073204
1010,469,19.402237
1011,469,17.840008
1012,469,18.902834
1013,469,36.371395
1014,469,22.780819
1023,469,129.455902
1060,469,3.783444
1101,469,5.955112
1102,469,2.957678
1112,469,12.624135
1134,469,11.956243
1135,469,4.156343
1163,469,16.544477
1165,469,7.909801
1166,469,4.402279
1006,470,43.417038
1007,470,27.724443
1008,470,21.269915
1009,470,25.219917
1010,470,19.615261
1011,470,13.277632
1012,470,13.365014
1013,470,15.49774
1014,470,50.429852
1015,470,42.295734
1016,470,17.457518
1017,470,56.012691
1018,470,58.222992
1019,470,97.838402
1020,470,124.949562
1021,470,113.624893
1022,470,65.259781
1023,470,147.884506
1062,470,4.32849
1063,470,7.917098
1066,470,6.875635
1101,470,7.188543
1102,470,2.316336
1111,470,7.271135
1135,470,5.284207
1162,470,6.385073
1163,470,9.501287
1164,470,3.227848
1166,470,5.273602
1176,470,2.027209
1242,470,11.362439
1009,471,36.076824
1010,471,32.012115
1011,471,24.796118
1012,471,19.267931
1013,471,19.247864
1014,471,28.949728
1015,471,40.336426
1016,471,37.362293
1017,471,40.155281
1018,471,33.733822
1019,471,153.422714
1020,471,114.065079
1021,471,51.131763
1060,471,5.307131
1061,471,5.806395
1062,471,5.860805
1063,471,6.015125
1064,471,7.588715
1065,471,8.441994
1066,471,5.2972
1067,471,6.552701
1068,471,8.221007
1069,471,6.196192
1070,471,5.991884
1111,471,7.540933
1112,471,2.771262
1135,471,4.21276
1136,471,2.290584
1162,471,24.934093
1163,471,18.286327
1164,471,9.990136
1165,471,10.048267
1174,471,1.246553
1175,471,4.195878
1242,471,18.107616
1243,471,56.867374
1062,472,2.012705
1063,472,7.54314
1064,472,8.564286
1065,472,8.004074
1066,472,9.595388
1067,472,5.819456
1068,472,6.282431
1069,472,6.548154
1070,472,4.987453
1071,472,9.330885
1135,472,5.482643
1136,472,1.19173
1163,472,14.041754
1164,472,9.585363
1165,472,7.796187
1167,472,3.202943
1174,472,1.801627
1175,472,2.509329
1242,472,498.425598
1243,472,135.862198
1062,473,4.039508
1063,473,5.495125
1064,473,7.697803
1065,473,5.996192
1066,473,5.321165
1067,473,4.835757
1068,473,4.74566
1069,473,5.021342
1070,473,3.829266
1078,473,3.004813
1079,473,8.798742
1080,473,2.070376
1120,473,4.176244
1122,473,2.511421
1123,473,3.720995
1135,473,6.279847
1136,473,1.363487
1163,473,22.688175
1164,473,15.079121
1165,473,2.410988
1166,473,2.719749
1168,473,1.475666
1176,473,1.604007
1177,473,2.013958
1178,473,1.395451
1063,474,6.225229
1065,474,5.419376
1066,474,5.66003
1067,474,8.085453
1078,474,3.529313
1079,474,1.913254
1120,474,5.924475
1121,474,4.329041
1122,474,4.573703
1123,474,4.51766
1124,474,7.143953
1125,474,6.203075
1126,474,8.007369
1127,474,7.170266
1135,474,8.231884
1136,474,1.352445
1163,474,23.436708
1164,474,6.856015
1165,474,2.452574
1166,474,5.076062
1167,474,1.417251
1170,474,34.345333
1175,474,3.415775
1176,474,3.751646
1078,475,1.867625
1124,475,2.659686
1125,475,2.240304
1126,475,2.530552
1127,475,2.622869
1135,475,5.542267
1136,475,2.941124
1163,475,174.935501
1164,475,23.130087
1165,475,1.584065
1166,475,3.295366
1167,475,5.026825
1175,475,3.230763
1176,475,1.63971
1179,475,2.593291
1057,476,3.44769
1058,476,11.630159
1135,476,6.500989
1136,476,5.845804
1164,476,176.228485
1176,476,2.936533
1177,476,3.13509
1000,477,9.480083
1001,477,11.574889
1055,477,14.972349
1057,477,18.476343
1058,477,14.202871
1136,477,3.763367
1137,477,3.779806
1176,477,1.931955
1177,477,2.325508
1178,477,2.242049
998,478,13.888391
999,478,14.40236
1000,478,3.290513
1056,478,1.649509
1058,478,23.243221
999,479,16.768984
1000,479,9.377633
1001,479,9.218719
1055,479,9.847647
1056,479,1.84185
999,480,4.939703
1000,480,4.509858
1001,480,8.875307
1148,480,4.57461
1000,481,3.905254
1001,481,9.678249
1054,481,6.364043
1055,481,5.636207
1056,481,3.054443
1182,481,2.026253
1183,481,2.097419
999,482,1.226716
1000,482,2.015837
1001,482,8.061869
1055,482,5.514269
1056,482,30.542311
1062,482,242.33931
1063,482,313.975159
1064,482,30.146841
1076,482,69.306381
1077,482,142.779861
1078,482,58.318439
1079,482,32.204697
1080,482,31.294432
1081,482,53.714725
1082,482,54.840912
1083,482,48.85833
1084,482,77.242294
1085,482,90.615456
1086,482,112.705437
1177,482,3.334726
1180,482,2.326832
999,483,89.421898
1000,483,6.434806
1001,483,9.289245
1061,483,177.448517
1062,483,242.817474
1063,483,88.873238
1064,483,18.259272
1077,483,52.533333
1078,483,7.949885
1083,483,43.711674
1084,483,23.74876
999,484,3.822404
1000,484,5.059052
1001,484,8.994802
1060,484,164.955704
1061,484,202.347549
1062,484,149.225403
1063,484,19.496084
1064,484,12.10923
1123,484,9.882422
1168,484,16.400393
1169,484,2.200963
1170,484,2.108436
1171,484,3.90687
999,485,2.383714
1000,485,4.675217
1061,485,267.910919
1062,485,1177.745728
1063,485,181.000793
1064,485,10.829363
1168,485,53.235542
1169,485,30.645393
1170,485,63.781071
1171,485,13.872731
1172,485,19.391977
999,486,5.573148
1000,486,4.440742
1062,486,318.036743
1135,486,13.064116
1136,486,6.541834
1137,486,9.158051
1138,486,4.606919
1139,486,4.166931
998,487,1.108781
999,487,10.390141
1000,487,14.536383
1137,487,5.752425
1138,487,7.782832
1139,487,5.475639
1149,487,46.842899
998,488,1.606362
999,488,13.606982
1148,488,194.001465
1149,488,18.436226
1149,489,14.454095
1184,489,3.669726
1185,489,1.335948
1186,489,2.197054
1148,490,104.462898
1149,490,12.524189
1181,490,1.987547
1182,490,1.35685
1170,491,4.565623
1179,491,1.403613
1180,491,2.453184
1064,492,53.398018
1066,492,32.047714
1067,492,3.506217
1068,492,3.365963
1069,492,3.405949
1077,492,194.737305
1078,492,135.501236
1079,492,64.438507
1080,492,6.533581
1081,492,6.388518
1082,492,5.46287
1170,492,1.920576
1176,492,2.09265
1177,492,1.847364
1178,492,2.708157
1179,492,1.570984
1180,492,1.702863
1066,493,46.703732
1067,493,3.619252
1068,493,4.066715
1069,493,3.401139
1081,493,6.464274
1082,493,5.38156
1083,493,4.563413
1084,493,3.798122
1085,493,3.084673
1176,493,4.650578
1177,493,1.079002
1178,493,3.201235
1067,494,3.233641
1153,494,7.067927
1120,495,2.394273
1121,495,2.582084
1122,495,2.760235
1123,495,2.599114
1124,495,2.591843
1152,495,6.315368
1153,495,9.05082
1110,496,123.995155
1127,496,5.137428
1128,496,5.920905
1129,496,7.317535
1130,496,7.426922
1131,496,6.867641
1132,496,7.140783
1133,496,6.9209
1134,496,8.774245
1135,496,12.545761
1136,496,1.927065
1137,496,1.951456
1138,496,1.780811
1153,496,4.151887
1184,496,1.300559
1047,497,5.877164
1048,497,12.288173
1049,497,18.57164
1050,497,2.032096
1051,497,3.422861
1052,497,2.524931
1053,497,3.294333
1110,497,34.997143
1140,497,8.946293
1141,497,1.021088
1153,497,4.408499
1178,497,3.353707
1179,497,4.469144
1180,497,1.817445
1181,497,1.659641
1182,497,2.685065
1047,498,11.935723
1048,498,26.428408
1152,498,5.320309
1153,498,3.817862
1179,498,8.421956
1180,498,3.338096
1181,498,5.225234
1182,498,2.560118
1047,499,12.363758
1048,499,5.862746
1052,499,19.226063
1053,499,28.155176
1152,499,6.978425
1153,499,4.314349
1179,499,5.989102
1180,499,4.681648
1181,499,4.022978
1182,499,1.279588
1183,499,1.09609
1047,500,10.615923
1048,500,9.557617
1052,500,32.152164
1053,500,26.840405
1066,500,111.924782
1067,500,78.262039
1068,500,111.194458
1152,500,5.338674
1153,500,6.693357
1180,500,6.679488
1181,500,4.09083
1182,500,3.376911
1183,500,6.910756
1047,501,32.179749
1052,501,14.264433
1053,501,23.65062
1066,501,122.483704
1067,501,128.332489
1152,501,5.485658
1153,501,4.946571
1154,501,3.595464
1180,501,23.667511
1181,501,2.830326
1052,502,64.379684
1053,502,30.471546
1067,502,77.347572
1096,502,175.777054
1151,502,9.84931
1152,502,4.822724
1153,502,5.154769
1154,502,7.283818
1180,502,55.627182
1181,502,29.273333
1182,502,14.495838
1183,502,3.025045
1184,502,4.142999
1027,503,127.259903
1154,503,5.145976
1155,503,9.031878
1181,503,45.428059
1182,503,15.142804
1183,503,7.091892
1184,503,1.348792
1028,504,47.08778
1181,504,41.53083
1182,504,19.251839
1183,504,23.92865
1184,504,11.346897
1028,505,265.425751
1183,505,31.413076
1184,505,18.702162
1028,506,484.171204
1029,506,35.220905
1030,506,157.465637
1031,506,93.913887
1045,506,44.849316
1183,506,22.714922
1184,506,14.028983
1185,506,17.514101
1186,506,7.706053
1033,507,32.845753
1034,507,28.070477
1035,507,31.350023
1036,507,25.412714
1038,507,41.69289
1039,507,39.765045
1042,507,72.004593
1044,507,42.168594
1186,507,12.637292
1038,508,18.972086
1040,508,22.687223
1041,508,16.755907
1042,508,29.891617
1186,508,15.006123
1187,510,2.90426
1041,515,6.218381
