742,537,281.312439
743,537,50.244827
744,537,51.714275
745,537,69.670677
746,537,4.430177
740,540,18.474007
741,540,10.011294
747,541,64.67791
855,541,76.105751
858,541,39.448994
776,542,21.897116
854,542,91.427498
855,542,137.654785
856,542,15.648659
858,542,3.864599
770,543,4.596024
771,543,6.858229
772,543,14.062708
773,543,20.783125
774,543,46.766766
775,543,75.998726
776,543,154.063049
824,543,111.542595
825,543,62.483601
827,543,4.484257
828,543,5.056895
829,543,18.575459
838,543,16.863321
840,543,95.52504
854,543,91.609718
855,543,74.170006
856,543,41.771969
857,543,8.453528
969,543,1.797478
970,543,1.269762
770,544,3.048198
781,544,12.56668
841,544,2.949069
855,544,2.006471
856,544,5.130735
857,544,3.032337
859,544,2.334841
860,544,1.500742
861,544,3.068306
863,544,188.055817
872,544,15.392555
873,544,51.7799
971,544,2.329863
972,544,1.77101
768,545,164.318954
769,545,141.413208
855,545,12.065096
856,545,3.894159
857,545,1.53322
860,545,1.178214
970,545,1.836906
971,545,1.566228
843,546,7.187584
860,546,11.316903
971,546,1.690097
790,547,74.135208
844,547,3.945796
971,547,2.530559
809,548,37.604778
844,548,41.205154
854,548,3.973873
855,548,1.121693
861,548,8.046472
973,549,4.741562
789,550,77.169769
864,550,3.6883
865,550,11.68104
972,550,5.842785
772,551,1209.229858
789,551,45.545067
827,551,582.220093
828,551,249.591797
829,551,121.979568
856,551,486.893494
861,551,6.10904
862,551,4.116574
864,551,6.45419
895,551,3.128511
896,551,2.689011
898,551,3.485812
771,552,347.499176
772,552,53.682339
773,552,315.207153
790,552,5.697274
801,552,3.686092
802,552,2.372409
804,552,6.077195
826,552,1061.728027
827,552,358.888794
828,552,307.767334
829,552,258.306732
856,552,119.828125
857,552,101.139153
861,552,9.745551
863,552,1.987267
864,552,7.79081
897,552,5.671283
898,552,1.550373
899,552,1.959898
900,552,7.048215
901,552,9.185699
768,553,596.004333
770,553,254.247375
771,553,285.466461
772,553,383.680328
791,553,4.531578
800,553,3.111527
801,553,7.304762
802,553,102.444687
803,553,252.739914
804,553,157.315384
805,553,16.581491
809,553,56.264965
826,553,50.565437
827,553,26.363842
828,553,8.102111
829,553,114.634888
854,553,224.414017
855,553,66.770157
856,553,25.564316
861,553,13.918773
862,553,11.509453
863,553,1.842405
864,553,3.350578
869,553,6.324884
900,553,3.458854
901,553,1.492231
902,553,1.252768
903,553,1.56324
974,553,7.700209
768,554,64.394615
769,554,132.922913
770,554,76.768265
771,554,105.079926
772,554,270.64447
792,554,7.855772
800,554,732.924683
804,554,29.253603
805,554,104.790215
809,554,102.986305
815,554,31.260269
826,554,76.869354
827,554,48.358784
828,554,16.569832
829,554,39.940426
854,554,88.969894
855,554,94.248329
856,554,21.786753
857,554,50.518257
861,554,6.090965
862,554,2.709507
863,554,1.760079
864,554,2.73061
865,554,1.923601
866,554,2.288011
867,554,1.946183
868,554,1.977389
770,555,14.210758
771,555,32.613068
772,555,198.51918
800,555,167.203445
801,555,1.79059
802,555,64.759804
804,555,1.482214
805,555,35.977985
806,555,235.542099
815,555,23.146988
826,555,581.733582
827,555,39.68811
828,555,28.161287
829,555,151.630157
854,555,175.921799
855,555,123.245644
856,555,95.714821
857,555,45.341938
861,555,6.748955
862,555,4.897718
865,555,2.076365
866,555,1.313929
867,555,1.717051
868,555,5.402369
869,555,1.562804
771,556,14.02523
794,556,1.030397
801,556,10.30873
802,556,265.542938
803,556,420.800415
804,556,2.689352
805,556,88.659279
807,556,82.348953
815,556,26.103741
819,556,144.570358
825,556,868.604553
826,556,349.873108
827,556,267.49411
828,556,51.489204
829,556,68.24675
830,556,50.463921
855,556,312.112152
857,556,42.911068
858,556,19.538826
861,556,5.684178
862,556,8.348943
863,556,482.5802
865,556,1.10338
866,556,1.463604
867,556,3.795213
868,556,5.295872
869,556,9.889541
731,557,36.584232
772,557,428.28418
786,557,80.257935
787,557,55.03698
794,557,2.260659
799,557,5.772565
801,557,6.841001
802,557,7.225842
803,557,7.282093
804,557,8.182076
805,557,62.205791
815,557,28.207283
825,557,217.96666
826,557,243.619995
828,557,95.74321
829,557,79.69429
830,557,59.808048
861,557,11.280062
862,557,30.687424
863,557,3.446067
864,557,1.198434
865,557,2.337382
866,557,5.710081
740,558,4.305675
741,558,8.585507
742,558,10.17331
743,558,7.470267
744,558,3.62159
745,558,6.279195
746,558,6.766245
747,558,2.872053
748,558,4.883073
749,558,2.684058
750,558,3.496569
751,558,4.929457
752,558,2.151592
754,558,1.086869
786,558,43.981586
787,558,53.493385
800,558,4.505091
801,558,39.530464
802,558,27.945108
803,558,21.721518
804,558,1.899344
861,558,11.094334
862,558,8.607006
863,558,2.993443
864,558,1.320062
865,558,3.15352
947,558,14.520716
948,558,11.386414
949,558,20.36249
950,558,76.905632
951,558,58.934521
753,559,3.435857
754,559,19.251257
786,559,43.256935
787,559,50.776638
801,559,3.282339
861,559,23.775063
862,559,12.965487
863,559,3.31584
864,559,6.776719
931,559,11.473262
754,560,14.258533
841,560,174.270096
861,560,23.8899
862,560,6.597079
931,560,1.876176
932,560,3.277924
933,560,5.174478
934,560,55.839348
935,560,4.013254
936,560,5.890196
937,560,7.057877
938,560,7.362604
939,560,7.727753
940,560,6.435309
941,560,16.368242
946,560,14.015639
754,561,30.261248
785,561,13.667391
861,561,18.889627
948,561,32.075199
950,561,45.181156
722,562,67.244324
751,562,4.469894
840,562,151.093384
841,562,25.127096
949,562,5.707129
950,562,26.102913
951,562,22.374273
952,562,48.800732
953,562,68.122864
755,563,96.21682
767,563,3.794399
768,563,6.569049
770,563,47.825237
771,563,107.370491
779,563,2.388588
780,563,2.423738
781,563,3.70939
782,563,1.565877
783,563,2.769421
784,563,2.702568
785,563,3.112824
787,563,106.302246
839,563,203.884689
840,563,125.909378
841,563,61.183064
721,564,4.145345
755,564,46.811592
767,564,1.590175
768,564,1.13186
769,564,10.376961
770,564,1.987561
785,564,2.664921
786,564,26.776676
787,564,46.062767
788,564,68.213554
808,564,371.217468
819,564,901.26886
820,564,225.600418
821,564,137.959641
907,564,4.93566
908,564,4.013856
909,564,3.961881
722,565,21.135082
755,565,54.131893
767,565,1.143485
769,565,4.017796
770,565,1.300408
786,565,15.579366
787,565,18.860973
788,565,52.701572
808,565,142.608871
819,565,829.891113
820,565,243.299728
821,565,138.533432
907,565,3.647238
909,565,3.508709
755,566,53.760281
768,566,1.857955
786,566,5.124301
807,566,14.871798
808,566,27.822638
819,566,382.342285
820,566,208.58577
908,566,2.770241
754,567,13.125471
755,567,35.055202
785,567,47.169384
807,567,25.326973
808,567,16.709162
809,567,272.508148
820,567,77.994141
907,567,5.699233
973,567,22.319344
753,568,9.99961
754,568,19.34903
755,568,29.683519
767,568,1.014191
770,568,1.487732
808,568,9.43082
809,568,7.230494
819,568,87.660248
906,568,9.831799
750,569,1.02
752,569,1.720232
753,569,6.738219
754,569,35.475628
755,569,18.274004
767,569,1.020509
806,569,23.616383
807,569,5.383621
808,569,4.211771
809,569,36.124935
819,569,278.559906
820,569,63.018242
821,569,67.842537
767,570,2.233794
806,570,13.834597
807,570,18.999252
808,570,31.33931
809,570,127.05439
818,570,499.346375
819,570,228.25415
820,570,86.73912
821,570,34.707165
938,570,13.342941
767,571,2.347498
768,571,1.827462
769,571,1.47139
770,571,1.936052
783,571,14.231571
784,571,26.490067
796,571,937.190918
797,571,501.342072
798,571,152.477707
799,571,47.202511
806,571,61.604485
807,571,75.236504
808,571,83.376717
809,571,80.627853
810,571,188.500366
817,571,335.882965
818,571,168.952744
819,571,70.13459
753,572,6.485103
754,572,1.543891
755,572,11.180538
767,572,1.536401
783,572,4.178668
784,572,37.537872
796,572,203.794235
797,572,111.545959
798,572,64.875778
799,572,10.610915
807,572,89.320564
810,572,112.971214
860,572,28.305878
753,573,2.945794
754,573,4.763336
755,573,10.236088
767,573,1.180391
770,573,1.921497
771,573,1.360374
775,573,9.12889
776,573,5.530314
777,573,6.008195
778,573,4.498623
779,573,5.994793
780,573,4.049368
781,573,4.440224
782,573,10.371625
783,573,8.595721
784,573,4.995507
785,573,10.010331
786,573,13.77825
787,573,62.469532
788,573,119.257477
796,573,220.832336
797,573,73.574455
798,573,5.706255
799,573,25.430351
800,573,10.890963
860,573,16.593834
753,574,8.330171
754,574,4.010452
755,574,6.297385
767,574,1.18512
770,574,2.330647
771,574,1.573571
775,574,2.226794
776,574,1.347273
777,574,6.76804
778,574,1.267274
779,574,1.051847
780,574,5.847383
781,574,6.759158
782,574,7.630059
783,574,6.672505
784,574,7.846985
785,574,5.064604
786,574,6.499032
787,574,8.038324
788,574,121.319283
796,574,119.308578
797,574,89.369858
798,574,11.029921
799,574,9.351326
800,574,21.83127
844,574,4.541967
845,574,19.637939
859,574,25.620651
748,575,2.146355
752,575,1.58575
754,575,7.107072
755,575,6.844215
767,575,2.58853
770,575,15.1798
787,575,25.33102
788,575,52.050484
789,575,89.854996
795,575,93.840248
796,575,151.220581
797,575,68.787865
798,575,36.038212
799,575,16.9531
800,575,34.712345
840,575,3.008706
841,575,1.740443
843,575,1.928862
844,575,2.197089
845,575,32.192005
767,576,4.214789
768,576,1.084175
769,576,1.710915
770,576,6.389072
795,576,167.770248
796,576,103.519409
797,576,47.16708
798,576,10.4449
799,576,21.921083
800,576,93.030991
834,576,115.334129
835,576,95.266953
840,576,3.029332
844,576,4.304013
845,576,15.051851
748,577,2.454314
749,577,2.934386
750,577,1.671285
751,577,1.291094
754,577,29.874435
767,577,2.809587
768,577,1.556826
769,577,1.731428
770,577,3.314008
794,577,333.344391
795,577,215.472839
796,577,118.138435
797,577,47.869728
798,577,13.810012
799,577,13.496787
800,577,25.025177
801,577,81.188232
834,577,163.048416
835,577,135.117981
839,577,43.771454
840,577,1.02639
844,577,1.213794
845,577,23.317467
746,578,1.830995
747,578,1.373844
752,578,4.639292
753,578,52.924477
754,578,160.764557
768,578,1.029532
769,578,2.481664
770,578,2.762807
771,578,3.828461
794,578,271.984009
795,578,180.001801
796,578,82.903282
797,578,19.777218
798,578,25.247961
799,578,24.300762
800,578,41.389862
801,578,81.918839
840,578,39.675331
841,578,37.750301
851,578,13.727984
852,578,27.335318
853,578,23.543333
753,579,64.264481
754,579,313.849854
768,579,1.021091
769,579,1.352919
770,579,3.7822
771,579,2.604289
794,579,202.391312
797,579,43.549923
798,579,25.103354
799,579,35.797081
800,579,35.205868
833,579,65.588402
834,579,20.712265
851,579,26.53352
852,579,15.53931
853,579,23.082203
854,579,40.70858
754,580,82.328415
768,580,1.268145
769,580,1.063601
786,580,48.088223
832,580,10.882635
833,580,50.069965
834,580,21.842617
835,580,41.170574
850,580,7.339688
851,580,7.633969
852,580,4.437627
853,580,20.168701
719,581,12.390496
724,581,12.478155
725,581,2.191725
726,581,3.558617
769,581,1.000972
770,581,7.265337
771,581,13.936823
775,581,18.324024
776,581,2.596373
777,581,4.966383
778,581,2.296771
779,581,4.388959
780,581,4.642291
781,581,3.851787
782,581,5.817555
783,581,3.08274
784,581,2.041367
785,581,4.744542
786,581,5.465338
787,581,8.099013
788,581,38.072475
823,581,23.364922
832,581,16.111111
833,581,5.415786
834,581,20.45919
835,581,83.877228
843,581,161.619537
850,581,10.540735
851,581,5.627106
852,581,4.575822
853,581,36.808971
719,582,25.561703
720,582,7.518647
721,582,16.664801
722,582,15.835659
723,582,19.618006
724,582,3.496953
725,582,1.252774
770,582,8.748073
775,582,14.989588
776,582,8.102186
777,582,6.193439
778,582,10.463702
779,582,10.945297
780,582,30.381264
782,582,13.875935
783,582,24.540657
784,582,23.096645
785,582,11.440975
786,582,18.896749
787,582,16.717577
788,582,126.122215
824,582,8.210757
825,582,5.587682
826,582,9.501462
831,582,103.568069
832,582,11.232295
833,582,35.290562
834,582,32.040661
835,582,62.422043
842,582,12.367657
843,582,3.598629
844,582,2.533396
850,582,8.209752
851,582,7.280832
852,582,3.68858
853,582,20.341154
719,583,52.617062
720,583,19.315334
721,583,6.596219
722,583,1.971487
723,583,709.979736
724,583,158.858521
769,583,6.336641
776,583,801.28656
777,583,782.104248
787,583,77.09787
788,583,144.939728
789,583,491.196136
824,583,21.917461
825,583,6.714359
826,583,1.09049
835,583,160.349625
836,583,117.560257
841,583,155.369019
842,583,2.914475
843,583,1.451549
844,583,2.249647
850,583,5.943648
851,583,5.479396
852,583,6.666189
853,583,11.096991
854,583,15.333592
873,583,195.747833
719,584,40.508217
720,584,15.333544
721,584,7.213844
722,584,2.160104
723,584,18.708105
724,584,3.977833
725,584,5.080795
770,584,5.332071
789,584,370.012909
823,584,45.353779
824,584,20.81934
825,584,1.800654
826,584,5.243587
827,584,3.876421
841,584,1.424829
842,584,298.121552
843,584,1.168729
844,584,1.463113
859,584,65.921715
860,584,21.152365
872,584,116.139893
873,584,48.351074
719,585,42.643524
720,585,6.865508
721,585,3.68679
823,585,13.891993
824,585,4.726851
825,585,139.642273
826,585,1.645211
827,585,1.359837
841,585,3.086345
842,585,1.283425
843,585,1.388278
844,585,2.670233
859,585,57.991413
860,585,24.589045
719,586,41.547512
720,586,1.203906
822,586,187.204376
823,586,95.176102
824,586,9.052188
825,586,1.728426
827,586,7.506812
840,586,6.432927
841,586,4.019137
842,586,3.503162
843,586,2.836642
844,586,4.925693
850,586,46.425102
851,586,39.881413
852,586,62.687302
853,586,25.423946
854,586,29.524881
855,586,37.21138
859,586,44.800591
860,586,14.26939
861,586,10.386757
822,587,497.130493
823,587,272.365204
824,587,25.999968
825,587,11.317346
826,587,16.521334
827,587,5.861395
850,587,9.383717
851,587,9.548494
852,587,18.848574
853,587,11.476212
854,587,10.157535
855,587,28.262951
859,587,12.39737
860,587,26.66395
861,587,23.434761
862,587,32.271812
841,590,96.403
919,590,30.104507
661,591,4.426518
817,591,21.369978
818,591,61.324772
715,592,11.685683
742,592,1.297644
743,592,1.732069
746,592,1.559968
747,592,2.072449
748,592,1.159784
749,592,1.298517
751,592,1.190066
752,592,1.00809
799,592,4.547717
800,592,5.089902
801,592,4.272862
817,592,3.810547
818,592,23.540594
661,593,3.557954
716,593,17.846394
745,593,1.027008
746,593,1.022468
747,593,1.143777
750,593,1.354125
751,593,2.021787
752,593,1.517983
771,593,156.558304
799,593,3.563134
800,593,14.643722
801,593,10.042471
817,593,5.020638
818,593,24.679506
822,593,11.867362
825,593,151.9711
833,593,35.463505
834,593,49.805573
842,593,75.886497
843,593,44.037277
888,593,28.402111
906,593,2.916327
658,594,2.028183
659,594,6.504316
660,594,1.611742
661,594,2.217059
752,594,1.558468
770,594,34.100727
771,594,191.174362
798,594,5.782957
799,594,1.303755
800,594,12.587592
801,594,6.786191
802,594,5.29783
817,594,4.600414
818,594,14.16083
822,594,26.502398
824,594,322.22937
825,594,26.360401
826,594,37.841103
833,594,59.574032
834,594,35.306255
835,594,44.959152
842,594,21.107433
843,594,34.223148
844,594,86.114479
851,594,38.773922
852,594,10.206375
853,594,46.780262
854,594,17.264381
860,594,26.914509
861,594,29.740637
926,594,44.846947
927,594,24.453882
752,595,26.840902
753,595,43.798264
772,595,167.079391
798,595,22.980927
799,595,4.92207
800,595,2.879108
801,595,9.460189
802,595,6.335298
817,595,4.928372
818,595,12.996881
824,595,51.419979
825,595,12.169668
826,595,45.114574
833,595,19.899157
834,595,12.026857
835,595,98.579063
842,595,19.316479
843,595,59.311512
844,595,39.149837
851,595,14.599704
852,595,32.613998
853,595,9.776503
854,595,16.421171
860,595,36.489719
861,595,15.478118
871,595,25.674437
926,595,6.959404
927,595,6.69792
928,595,5.216371
753,596,149.180511
767,596,268.580322
797,596,6.698238
798,596,7.474403
802,596,9.760516
803,596,6.245779
806,596,2.562361
811,596,1.62114
813,596,5.739728
817,596,5.48499
818,596,13.897233
823,596,57.628529
824,596,45.828087
825,596,8.12804
826,596,25.178478
832,596,19.628357
833,596,13.066822
834,596,9.734477
835,596,33.259571
841,596,12.962293
842,596,3.154736
843,596,9.060292
844,596,24.855637
850,596,18.253944
851,596,9.900291
852,596,7.918658
853,596,5.28748
854,596,12.309676
860,596,51.75209
861,596,8.311794
919,596,44.002361
926,596,6.278843
928,596,5.615178
929,596,3.707514
931,596,209.936691
793,597,43.836796
817,597,3.160675
818,597,11.077952
823,597,23.348497
832,597,24.348274
833,597,16.396545
834,597,17.037817
835,597,13.943979
841,597,4.73446
842,597,9.942818
843,597,35.075394
844,597,8.807396
850,597,19.002941
851,597,13.351957
852,597,20.573648
853,597,2.450698
854,597,6.137664
925,597,3.424239
931,597,53.222073
951,597,1.783155
721,598,9.706377
748,598,1.248889
749,598,1.071477
793,598,9.764122
833,598,26.679197
834,598,28.815123
835,598,34.141487
841,598,30.445562
842,598,20.557274
843,598,21.404264
844,598,24.891188
850,598,24.096796
851,598,13.753781
852,598,5.592761
853,598,5.665184
854,598,23.315136
855,598,7.573148
916,598,11.107704
917,598,15.887112
920,598,1.430172
923,598,1.042976
924,598,1.105985
925,598,1.144955
926,598,2.184155
927,598,1.723001
714,599,81.031425
715,599,51.046772
717,599,11.474383
718,599,10.46763
720,599,1.480277
721,599,1.570307
722,599,2.637102
723,599,9.736591
844,599,145.818161
851,599,69.894562
852,599,23.895605
853,599,16.725826
854,599,22.66482
906,599,28.278669
714,600,115.705612
715,600,20.240559
716,600,4.809968
717,600,2.299597
718,600,1.326418
742,600,3.665903
743,600,13.097882
744,600,4.736391
745,600,3.90183
746,600,3.714168
818,600,1.717913
916,600,35.766125
917,600,38.476883
918,600,40.30312
919,600,8.802619
920,600,21.917665
921,600,57.408287
923,600,34.837666
924,600,45.832729
925,600,20.838207
926,600,38.639561
714,601,43.812798
715,601,9.476747
716,601,5.880491
717,601,4.299305
718,601,1.324192
719,601,1.736636
720,601,2.177844
743,601,6.310777
744,601,3.713676
745,601,3.93595
714,602,46.253277
715,602,23.114557
716,602,27.222628
717,602,8.339032
718,602,6.165381
719,602,1.473473
720,602,3.365959
735,602,1.052738
822,602,3.269014
823,602,2.5735
951,602,34.44928
714,603,75.441452
715,603,86.324669
716,603,67.635521
717,603,21.546074
718,603,20.177326
719,603,9.235553
720,603,4.413007
721,603,5.186211
722,603,2.7501
824,603,1.307884
827,603,22.926229
828,603,25.224735
895,603,109.74498
973,603,5.919753
715,604,195.101929
716,604,134.266068
717,604,54.310398
718,604,42.272331
719,604,40.770309
720,604,25.061514
721,604,19.304426
722,604,16.006081
807,604,3.130442
808,604,260.911774
809,604,75.439743
810,604,95.12809
811,604,60.51849
813,604,258.645416
814,604,220.91304
815,604,220.495224
819,604,2.279349
820,604,1.238941
825,604,17.47143
826,604,17.927454
827,604,17.953335
828,604,41.038406
829,604,16.839104
830,604,16.985769
855,604,10.33965
856,604,2.072763
857,604,4.591755
864,604,36.169315
895,604,83.035637
974,604,22.758413
718,605,639.339844
807,605,3.097583
808,605,311.407715
809,605,94.982536
810,605,26.313332
811,605,40.060909
812,605,62.97517
813,605,47.868099
814,605,94.08493
815,605,226.535782
820,605,42.843971
825,605,16.39764
826,605,7.604928
827,605,13.275992
828,605,10.076818
829,605,14.237405
830,605,8.974806
831,605,19.611704
853,605,39.61903
854,605,30.733232
855,605,13.448172
856,605,12.446887
857,605,11.919293
858,605,15.824559
859,605,17.790127
860,605,14.559211
861,605,20.179504
862,605,17.238798
863,605,36.636669
864,605,41.736664
865,605,12.857418
866,605,38.986847
975,605,21.636353
716,606,14.613905
717,606,4.526508
721,606,1.759574
722,606,4.254115
808,606,142.535049
809,606,105.461945
810,606,28.166559
811,606,18.27883
812,606,51.101284
813,606,32.356449
814,606,99.305817
819,606,113.993874
820,606,32.788944
828,606,16.225912
829,606,16.99238
830,606,26.691181
831,606,68.737785
853,606,52.726227
854,606,49.701336
855,606,44.783596
856,606,22.071489
857,606,31.511595
865,606,84.261261
866,606,63.821831
867,606,35.314865
963,606,1.460137
716,607,9.906229
717,607,3.142363
722,607,7.536716
809,607,55.738716
810,607,66.783424
811,607,23.192583
812,607,23.785442
813,607,69.06588
814,607,105.406761
819,607,36.942169
853,607,77.848373
854,607,62.478123
867,607,13.954698
716,608,15.592115
717,608,3.8561
722,608,2.084654
799,608,40.2775
800,608,32.279057
809,608,90.338303
810,608,42.311459
811,608,16.009954
812,608,15.6059
813,608,101.003105
814,608,68.46711
815,608,159.948135
818,608,1.427548
820,608,2.737752
821,608,13.937745
853,608,111.375259
867,608,24.64362
962,608,2.485772
716,609,7.077877
717,609,2.319044
738,609,68.500427
739,609,43.637573
799,609,25.200369
800,609,31.202869
801,609,9.801998
809,609,104.269455
810,609,36.62439
811,609,20.394037
812,609,219.0979
813,609,243.385147
814,609,634.432922
815,609,468.79303
818,609,8.369835
819,609,2.007987
820,609,2.320941
821,609,60.201263
852,609,103.029892
853,609,25.774174
854,609,19.172882
867,609,46.482082
962,609,6.209594
963,609,4.219644
721,610,2.201634
722,610,1.055472
738,610,16.051949
739,610,16.036734
740,610,59.524998
799,610,375.21402
808,610,913.692261
809,610,211.995316
810,610,204.927353
811,610,514.112976
812,610,372.190796
813,610,365.781128
814,610,898.421631
852,610,92.330925
853,610,49.223343
854,610,20.428644
867,610,11.212253
716,611,167.205627
717,611,86.655243
737,611,4.405437
738,611,3.621746
739,611,80.272636
740,611,25.675598
741,611,100.40329
809,611,358.909332
853,611,53.403885
854,611,30.295862
715,612,375.471313
716,612,55.228416
717,612,71.900063
736,612,16.204788
737,612,8.362496
739,612,6.460511
740,612,16.390368
741,612,14.631001
742,612,7.024453
743,612,12.205953
744,612,12.270221
745,612,7.040445
746,612,59.125702
818,612,94.887543
819,612,7.148778
820,612,7.746316
822,612,4.790443
823,612,14.542559
854,612,40.645321
858,612,37.029812
716,613,99.465416
717,613,81.127197
723,613,3.033174
724,613,17.990225
735,613,11.529894
740,613,20.561058
742,613,35.189907
743,613,16.955723
744,613,25.571121
745,613,30.750385
746,613,125.532669
853,613,260.387299
854,613,40.463078
855,613,13.786381
856,613,8.67384
858,613,43.28397
859,613,34.807777
860,613,60.13028
861,613,33.483822
862,613,59.466362
863,613,76.068405
864,613,58.013458
865,613,26.494095
715,614,278.88623
716,614,76.847946
717,614,98.941399
718,614,105.150009
719,614,129.638031
721,614,132.779266
723,614,12.173466
715,615,73.749718
716,615,51.980225
717,615,55.526089
718,615,64.221619
719,615,39.347805
720,615,9.986625
721,615,21.885851
723,615,1.437619
716,616,73.441231
717,616,2.604076
718,616,7.207564
720,616,47.713623
721,616,34.175377
723,616,2.148402
716,617,46.085732
717,617,12.862249
718,617,6.547348
719,617,2.717066
724,617,1.635177
769,617,1.27232
770,617,1.889404
716,618,66.480682
717,618,28.321993
716,619,80.898972
717,619,18.844643
814,620,10.951974
816,621,1.345474
718,622,1.316975
817,622,2.446889
824,622,110.122169
825,622,59.842354
717,623,2.771005
824,623,157.462173
825,623,123.739929
840,623,60.337555
841,623,5.862849
842,623,12.019438
843,623,3.879024
844,623,7.730036
845,623,17.070856
846,623,6.852073
847,623,4.876544
848,623,4.658815
849,623,6.429591
972,623,89.462608
716,624,21.171165
717,624,7.884296
721,624,2.707238
745,624,25.023134
746,624,9.758549
840,624,670.154236
841,624,737.220215
842,624,320.138092
843,624,128.587341
844,624,225.623703
845,624,14.403878
846,624,14.023679
847,624,10.977565
848,624,15.300673
849,624,16.737349
850,624,9.264671
851,624,12.901142
972,624,54.998856
716,625,28.793304
717,625,5.921093
721,625,2.961629
745,625,17.333965
819,625,2.476502
841,625,54.800564
842,625,89.775078
843,625,77.693893
844,625,28.622128
845,625,15.27735
846,625,15.285639
847,625,11.205193
848,625,10.382623
849,625,8.962496
850,625,10.679608
851,625,33.376915
852,625,14.098931
853,625,9.379943
855,625,25.676888
856,625,29.609413
857,625,39.936577
972,625,39.226173
715,626,28.652039
716,626,28.147522
717,626,7.834159
723,626,1.26019
764,626,52.614628
831,626,149.208252
832,626,81.055672
845,626,64.937912
846,626,35.335625
847,626,20.223616
848,626,17.183004
849,626,26.980661
850,626,25.795378
851,626,39.905796
852,626,21.784767
853,626,20.921589
854,626,16.944206
855,626,24.037617
856,626,29.606731
857,626,13.383786
858,626,18.148394
948,626,34.569164
949,626,48.093094
972,626,74.415009
973,626,30.659315
716,627,3.722648
717,627,3.372694
718,627,1.58273
721,627,1.111724
722,627,1.136168
723,627,1.313568
814,627,1.412844
819,627,2.472837
831,627,44.55579
852,627,119.290962
855,627,119.152809
859,627,173.086716
876,627,10.256338
888,627,4.346869
889,627,1.505883
718,628,4.247734
719,628,6.020773
722,628,3.346169
815,628,17.791433
816,628,46.115265
817,628,27.822348
831,628,61.358372
887,628,16.9004
888,628,1.953643
889,628,2.146633
715,629,3.579538
716,629,5.520837
717,629,4.883129
718,629,5.885851
723,629,3.97474
815,629,20.818129
816,629,15.878541
817,629,28.383511
820,629,1.12676
718,630,4.201155
719,630,2.207995
720,630,2.111711
723,630,1.607465
796,630,1.719448
814,630,9.584434
815,630,8.291008
816,630,1.655339
817,630,2.246037
820,630,1.122243
821,630,1.283424
827,630,60.721115
887,630,8.181259
718,631,9.541273
719,631,1.83625
720,631,4.935432
721,631,3.563564
722,631,4.606413
723,631,2.447241
795,631,8.467484
796,631,8.917442
797,631,12.557305
798,631,12.983438
799,631,10.489987
800,631,19.269573
801,631,4.698667
802,631,10.258883
803,631,2.739244
804,631,2.096316
805,631,6.236465
806,631,7.826004
807,631,6.647956
814,631,17.245123
816,631,2.243642
817,631,2.61712
827,631,58.322563
828,631,12.420411
829,631,7.546588
830,631,4.266544
831,631,10.035567
887,631,7.437844
806,632,3.013047
807,632,8.809933
812,632,108.146179
813,632,10.750141
814,632,5.908613
815,632,2.233466
817,632,5.06214
818,632,10.199248
821,632,10.754237
827,632,46.124454
828,632,14.28413
829,632,9.325754
830,632,38.690865
831,632,15.580833
886,632,41.132359
887,632,64.220917
888,632,18.123848
889,632,2.056246
816,633,8.110416
817,633,2.1737
818,633,113.66198
819,633,96.184013
820,633,12.412381
821,633,15.443358
822,633,1.508145
827,633,26.310833
828,633,18.852474
829,633,2.757136
830,633,1.392361
831,633,7.590342
832,633,16.082195
887,633,57.828003
782,634,44.019424
783,634,17.908796
784,634,55.775242
785,634,48.258965
786,634,261.998291
806,634,16.805286
813,634,62.972858
814,634,36.08802
815,634,2.900528
816,634,7.043118
820,634,23.635794
827,634,11.165007
828,634,2.030559
829,634,7.988107
830,634,3.781367
831,634,17.09992
832,634,14.76599
838,634,140.284592
887,634,11.26842
780,635,46.056503
781,635,43.742207
782,635,63.630592
783,635,42.70055
784,635,47.987411
785,635,53.756954
786,635,206.117218
803,635,1.749185
805,635,1.521668
806,635,4.091656
813,635,63.592064
814,635,44.90242
815,635,2.960268
816,635,1.237351
820,635,15.280195
822,635,2.835371
827,635,3.61393
828,635,30.313961
829,635,5.549494
830,635,15.576404
831,635,12.358567
832,635,31.800211
775,636,103.721512
776,636,95.978447
782,636,152.356674
783,636,115.359367
784,636,209.878845
786,636,134.793152
813,636,1.887145
816,636,1.884366
829,636,1.089935
830,636,1.359176
675,637,1.133993
813,637,1.887145
816,637,2.047712
791,638,8.243614
792,638,16.589779
793,638,7.398225
794,638,9.333406
813,638,2.92633
814,638,5.730187
816,638,1.190302
819,638,27.175083
820,638,28.020775
831,638,4.393017
705,639,276.945465
706,639,57.142319
789,639,23.174583
790,639,5.05386
791,639,1.50058
793,639,2.091081
794,639,1.042871
795,639,5.153302
802,639,5.449603
803,639,9.725182
804,639,13.739157
813,639,3.259664
814,639,2.606838
816,639,3.06007
821,639,27.16658
822,639,73.886826
823,639,12.902241
824,639,6.842775
825,639,6.354689
826,639,6.788899
827,639,10.384094
828,639,14.985945
829,639,7.124316
831,639,3.777889
705,640,17.392122
706,640,43.958569
789,640,5.475955
790,640,1.359178
797,640,10.265445
798,640,2.845324
799,640,18.806507
800,640,3.527924
801,640,3.344829
802,640,1.943856
803,640,3.434707
813,640,3.501521
814,640,4.374988
816,640,1.495063
821,640,217.302414
822,640,26.061258
823,640,7.281972
824,640,8.030233
825,640,7.347984
826,640,8.332646
827,640,22.09494
828,640,9.977429
829,640,58.667637
705,641,3.925159
777,641,93.026855
779,641,82.128777
780,641,38.172031
781,641,49.112961
782,641,17.674191
783,641,16.59351
784,641,41.610214
785,641,21.383247
788,641,5.4408
789,641,13.261922
790,641,4.016023
791,641,13.570439
792,641,5.43497
793,641,4.27371
794,641,14.93356
795,641,16.358694
798,641,4.506173
799,641,5.066965
801,641,2.51932
806,641,1.436742
807,641,1.95383
808,641,1.868487
809,641,8.950678
813,641,3.050689
814,641,1.847758
815,641,1.650997
816,641,1.240274
821,641,24.531301
822,641,12.741892
823,641,11.089477
824,641,21.771311
825,641,28.589291
826,641,19.553894
827,641,54.789639
828,641,59.077148
829,641,71.351486
830,641,81.150391
704,642,97.451019
778,642,139.823441
779,642,42.580357
780,642,16.022343
781,642,9.274605
782,642,10.507453
783,642,11.858599
784,642,28.589193
785,642,24.635309
788,642,1.739111
789,642,1.55558
790,642,2.419127
791,642,2.22227
792,642,2.973916
793,642,2.191428
794,642,8.847401
795,642,15.306787
797,642,4.419654
798,642,5.924965
799,642,1.108871
806,642,1.647615
807,642,1.469911
809,642,10.262829
810,642,25.848606
813,642,15.018165
814,642,25.696201
815,642,1.988277
816,642,1.315791
830,642,36.475071
778,643,145.383972
779,643,14.236925
780,643,6.181722
781,643,5.280558
782,643,3.365149
783,643,4.108045
784,643,7.742666
785,643,26.139465
786,643,96.899246
788,643,5.076339
789,643,197.032257
794,643,1.177069
795,643,1.964401
806,643,1.897471
809,643,15.415686
810,643,113.090584
813,643,19.720715
814,643,31.914463
815,643,1.127628
816,643,7.820987
830,643,19.154728
704,644,51.931374
736,644,63.415199
737,644,44.855587
778,644,54.624031
779,644,13.257653
780,644,15.028434
781,644,19.650949
782,644,16.112936
783,644,20.318098
784,644,12.768574
785,644,22.163799
786,644,56.339737
789,644,1.166714
795,644,1.942177
797,644,5.293225
805,644,1.693077
806,644,1.440514
807,644,1.159473
808,644,407.86441
809,644,36.901779
813,644,15.262874
814,644,21.208689
816,644,3.740072
830,644,36.881145
839,644,127.808243
704,645,4.469902
705,645,16.204498
715,645,198.731995
716,645,113.215202
718,645,199.92955
736,645,19.534327
737,645,34.443298
738,645,35.608494
739,645,30.930532
740,645,76.546028
741,645,41.563408
775,645,10.122122
777,645,129.238068
778,645,53.960281
779,645,14.683967
780,645,23.418545
794,645,1.92093
795,645,2.931871
797,645,8.259183
805,645,1.739762
808,645,19.72369
809,645,11.797226
810,645,38.419502
813,645,17.162529
814,645,13.051062
816,645,1.334489
708,646,203.153839
709,646,210.545883
710,646,113.815834
712,646,390.942688
713,646,96.444092
714,646,370.369019
715,646,55.37788
716,646,278.082123
717,646,242.057175
718,646,92.296242
719,646,242.497833
720,646,929.129395
736,646,5.317088
737,646,6.4634
738,646,52.182487
739,646,17.786619
740,646,20.774677
741,646,20.900059
742,646,48.43504
775,646,5.489357
777,646,188.3508
778,646,100.391228
779,646,14.116711
780,646,23.377804
794,646,5.264725
797,646,1.897589
799,646,1.541198
800,646,2.171248
802,646,1.23535
804,646,3.515493
805,646,10.768282
806,646,28.621452
808,646,6.047258
809,646,8.551945
810,646,14.671227
813,646,21.641315
814,646,5.664543
815,646,33.943958
819,646,24.764753
820,646,5.690768
735,647,3.686247
736,647,4.78163
737,647,4.485401
738,647,5.754251
739,647,31.045025
740,647,6.091644
741,647,14.492977
742,647,100.632629
743,647,47.770153
744,647,34.135704
745,647,41.205593
777,647,58.798306
778,647,17.950695
779,647,13.3533
780,647,9.615935
797,647,4.049636
798,647,1.533491
800,647,1.108487
804,647,1.250306
805,647,1.131638
807,647,5.71499
808,647,7.073309
809,647,11.261347
810,647,68.740288
818,647,40.418495
819,647,8.140859
820,647,7.982526
736,648,2.072461
737,648,5.561492
741,648,2.084457
742,648,37.521576
743,648,35.085796
744,648,38.249657
745,648,19.188297
774,648,3.116597
777,648,75.66156
778,648,25.340422
779,648,13.877399
780,648,10.930354
791,648,1.012313
797,648,3.816368
798,648,2.457097
800,648,1.142488
801,648,2.195124
802,648,1.000616
804,648,1.901767
805,648,6.438576
806,648,3.394408
807,648,13.756329
815,648,13.259665
816,648,1.354531
818,648,172.612122
819,648,20.940657
820,648,4.945039
742,649,1.092775
743,649,274.078125
744,649,1.542476
745,649,3.051028
746,649,64.043365
777,649,50.771709
778,649,29.876736
779,649,2.97285
780,649,14.64551
789,649,2.738877
794,649,2.188122
797,649,23.164251
798,649,3.677086
802,649,1.544556
805,649,7.063461
806,649,2.219967
807,649,3.69491
815,649,4.913108
816,649,6.480621
818,649,84.939232
819,649,89.740433
820,649,34.676636
742,650,5.235953
743,650,16.4648
744,650,7.18078
745,650,4.076677
746,650,61.916157
747,650,83.768974
777,650,12.69776
778,650,11.839622
779,650,2.722988
780,650,5.563734
781,650,19.465351
793,650,2.220641
794,650,1.290442
798,650,34.073261
799,650,1.564375
801,650,3.223062
802,650,7.935453
803,650,2.219712
804,650,18.959454
815,650,24.5728
816,650,10.897515
821,650,50.436043
822,650,23.054729
823,650,3.859628
824,650,9.136092
825,650,7.573254
826,650,6.745521
827,650,48.870449
828,650,77.791809
710,651,1.542417
777,651,29.772278
778,651,8.34349
779,651,1.191119
780,651,2.757208
782,651,3.493191
783,651,18.439852
784,651,9.036024
785,651,17.437344
791,651,1.693374
794,651,1.150585
815,651,7.849158
816,651,23.913149
822,651,15.309202
823,651,12.534095
824,651,7.045137
825,651,9.610649
826,651,13.040966
827,651,15.429235
828,651,7.616317
829,651,33.044254
777,652,2.974447
782,652,2.531313
783,652,4.081355
784,652,3.968445
785,652,4.481147
786,652,20.92005
791,652,1.409194
792,652,1.17107
793,652,3.786465
815,652,6.598133
816,652,24.178333
824,652,25.174318
825,652,19.76421
826,652,15.805516
827,652,17.142038
828,652,64.52935
829,652,50.042057
830,652,12.648602
741,653,9.097692
784,653,3.193135
785,653,4.885521
797,653,10.12601
798,653,1.963012
799,653,2.853301
802,653,2.972496
803,653,4.4339
815,653,6.951552
830,653,46.34412
666,654,8.420248
667,654,6.211883
741,654,1.764737
743,654,9.912485
744,654,13.777096
745,654,42.026939
746,654,30.240171
794,654,1.51765
795,654,1.205883
796,654,16.060429
797,654,8.419007
799,654,1.162487
815,654,3.091394
816,654,11.464201
830,654,87.35569
831,654,12.902166
739,655,2.183652
740,655,1.234714
793,655,1.944506
802,655,1.395393
804,655,20.084827
814,655,5.061829
815,655,6.359899
830,655,19.583937
831,655,11.460119
793,656,12.554912
799,656,2.532114
800,656,3.207937
804,656,1.184317
814,656,16.094425
818,656,104.210396
820,656,15.627413
791,657,38.13274
794,657,1.746598
796,657,3.734456
818,657,193.748886
819,657,88.104279
820,657,32.602039
796,658,11.978709
819,658,10.210021
820,658,18.296391
898,658,48.591206
923,658,7.793417
790,659,3.365279
791,659,1.711084
888,659,18.87228
926,659,4.194789
927,659,3.186296
928,659,1.913811
929,659,14.408448
733,660,1.29931
734,660,2.054619
790,660,1.592736
821,660,83.996735
822,660,5.428421
823,660,8.388196
824,660,6.805942
825,660,10.48337
826,660,14.758579
827,660,13.846465
888,660,20.980509
889,660,25.272017
719,661,1.089137
888,661,20.787081
889,661,40.413906
715,662,13.312952
716,662,25.776207
717,662,1.492417
736,662,2.175132
737,662,2.866821
738,662,3.172059
739,662,2.5117
740,662,15.639252
741,662,6.037455
742,662,17.525923
888,662,57.277393
889,662,67.072891
736,663,5.976369
738,663,1.617644
739,663,2.559862
740,663,2.935508
741,663,13.19551
742,663,25.739059
888,663,79.762871
889,663,184.745605
733,664,1.170411
888,664,47.532452
889,664,100.027542
945,664,3.253594
889,665,93.776787
897,665,30.598249
911,665,21.27268
945,665,3.536836
960,665,10.655362
961,665,15.659315
970,665,83.024094
825,666,3.467524
898,666,11.178106
899,666,6.612399
900,666,9.043279
901,666,8.905227
902,666,9.789257
903,666,5.321056
904,666,8.016216
905,666,7.758478
911,666,18.174986
912,666,13.460725
944,666,6.782917
945,666,4.501444
946,666,8.317036
961,666,20.992294
970,666,116.292419
911,667,23.344181
912,667,12.691344
920,667,11.405107
921,667,15.059321
944,667,10.146925
945,667,9.357985
952,667,3.041149
953,667,1.3252
960,667,3.879038
962,667,7.512581
970,667,94.40284
912,668,8.438924
919,668,39.062187
920,668,9.821631
931,668,37.179764
932,668,81.754646
933,668,75.966141
934,668,74.533073
945,668,12.450825
960,668,4.388536
962,668,4.252213
970,668,133.836746
722,669,28.583138
911,669,11.17462
912,669,9.210006
913,669,5.373974
919,669,11.324523
920,669,100.130409
927,669,33.638988
928,669,75.236664
929,669,28.464424
930,669,113.897949
931,669,33.490952
932,669,11.182138
933,669,28.669092
945,669,17.613235
953,669,4.666196
960,669,7.499038
962,669,4.810722
718,670,14.81397
719,670,9.036754
720,670,16.707396
721,670,4.820735
722,670,12.719077
723,670,2.611639
724,670,7.637665
725,670,4.258867
727,670,13.643084
728,670,10.642344
729,670,10.72388
730,670,9.654643
731,670,8.404251
732,670,12.679436
733,670,18.05121
734,670,98.415329
763,670,11.818953
824,670,115.232109
912,670,7.441604
913,670,5.863956
919,670,11.455422
926,670,35.326988
929,670,48.633644
930,670,48.398064
945,670,6.459074
960,670,2.505061
722,671,4.542175
723,671,6.395379
724,671,364.722198
725,671,21.409061
726,671,5.142423
727,671,8.832932
728,671,9.40755
729,671,9.28341
730,671,8.970352
731,671,9.608163
732,671,5.299672
733,671,7.632679
734,671,42.139137
851,671,9.628028
853,671,9.049047
912,671,3.767055
913,671,6.55359
919,671,17.151556
952,671,10.963093
953,671,8.247223
954,671,3.152639
955,671,5.473865
956,671,3.1108
957,671,2.677235
958,671,2.230993
721,672,47.112621
850,672,14.787908
912,672,8.093689
913,672,11.939833
919,672,10.300741
950,672,25.628428
953,672,27.779354
954,672,7.6527
912,673,6.501173
913,673,5.59834
920,673,3.407686
886,674,46.884071
887,674,9.419082
911,674,47.468643
912,674,31.632004
913,674,32.67836
936,674,13.014104
937,674,24.241577
938,674,13.057465
950,674,32.858879
951,674,4.235337
952,674,10.950908
953,674,11.154091
954,674,11.535809
955,674,14.667192
956,674,11.512468
957,674,17.036715
958,674,4.82629
959,674,9.32911
886,675,39.180069
887,675,28.35314
908,675,2.566517
909,675,12.411091
910,675,22.431625
911,675,24.427885
912,675,41.086468
935,675,5.793383
936,675,1.789575
939,675,1.569658
940,675,2.989575
951,675,3.990153
952,675,16.784468
953,675,13.677475
954,675,6.169674
955,675,11.466179
956,675,28.063107
957,675,17.843647
958,675,4.439511
959,675,4.684388
960,675,4.878858
887,676,67.609398
904,676,11.116892
905,676,51.193333
907,676,16.782938
908,676,48.922001
922,676,3.203262
952,676,1.629095
953,676,8.945504
954,676,2.827169
955,676,8.112843
956,676,2.856686
957,676,3.750069
958,676,2.408769
959,676,5.424124
960,676,6.377412
968,676,29.535435
921,677,98.890007
957,677,2.297656
958,677,2.489968
922,678,48.593636
942,678,1.290397
945,678,1.135458
946,678,8.614334
737,679,1.085811
738,679,1.697201
739,679,5.31279
930,679,2.788656
931,679,1.962149
932,679,1.542764
934,679,7.244561
935,679,2.4389
942,679,4.128218
738,680,48.13887
739,680,57.191792
740,680,56.553406
856,680,515.273804
857,680,299.815979
925,680,50.094193
928,680,23.094511
929,680,54.29826
930,680,50.366676
931,680,96.171577
942,680,3.810704
943,680,3.822742
963,680,4.118929
736,681,340.514069
851,681,34.555798
854,681,662.05011
855,681,671.167053
942,681,12.550959
943,681,6.035882
945,681,4.284101
851,682,112.997749
850,683,102.390572
851,683,143.380997
951,683,1.126168
952,683,5.41305
953,683,4.838077
954,683,6.022987
955,683,5.374346
956,683,5.809435
957,683,13.837666
958,683,6.45151
959,683,2.070559
960,683,8.243015
826,684,274.086212
830,684,141.375763
837,684,172.107071
951,684,9.671579
953,684,17.819302
954,684,26.324661
955,684,23.337959
960,684,3.76336
898,686,70.115234
944,687,2.947431
945,687,10.712515
946,687,2.053011
939,688,3.278881
940,688,5.135845
946,688,2.322025
939,689,7.386256
940,689,9.417718
941,689,14.028789
942,689,1.259054
943,689,15.438692
944,689,2.324993
951,689,24.967882
937,690,3.748003
938,690,40.685677
939,690,17.659487
940,690,8.905232
941,690,2.192686
942,690,10.432165
943,690,6.675732
944,690,22.309738
950,691,4.421624
951,691,4.282594
952,691,23.852682
953,691,74.263924
954,691,14.182809
951,692,18.889038
952,692,3.947528
953,692,35.45573
954,692,78.226547
955,692,79.851692
956,692,115.751106
892,439,20.174635
893,439,16.810349
894,439,4.365363
895,439,10.688507
896,439,7.573222
897,439,10.906856
898,439,5.134702
899,439,7.598474
900,439,3.402796
901,439,2.760839
902,439,5.368382
903,439,1.538312
960,439,47.497303
961,439,93.535416
963,439,75.456123
967,439,1.342486
713,440,377.540222
876,440,2.192101
877,440,6.639777
878,440,50.214439
879,440,50.191223
880,440,119.904099
892,440,18.824606
893,440,5.60725
894,440,21.916302
895,440,1.661194
896,440,54.681435
897,440,51.163967
898,440,1.665502
899,440,2.723281
900,440,1.844366
901,440,1.714291
713,441,204.232956
879,441,14.498075
880,441,32.012321
892,441,24.148344
893,441,10.654731
894,441,14.582045
895,441,46.549824
896,441,42.975548
897,441,5.629447
898,441,3.345528
899,441,2.874686
900,441,168.717255
901,441,119.271561
910,441,141.867126
962,441,90.447495
713,442,88.822021
876,442,41.312336
877,442,2.499433
878,442,2.741112
879,442,2.846623
880,442,12.100821
892,442,22.491756
893,442,10.757732
894,442,5.557891
895,442,1.07618
896,442,1.119604
897,442,1.287417
901,442,1.441542
903,442,1.157023
904,442,1.525508
905,442,2.855635
964,442,45.961113
965,442,22.842308
966,442,13.137236
967,442,12.952031
974,442,13.145226
975,442,25.441359
976,442,199.212479
977,442,83.884148
713,443,196.867035
875,443,17.892605
876,443,1.880917
877,443,3.128931
892,443,35.60841
893,443,12.924339
894,443,5.991153
896,443,1.460725
900,443,1.210881
901,443,2.036388
902,443,1.619552
903,443,2.052523
964,443,10.585065
969,443,25.592907
974,443,3.95582
975,443,12.420807
976,443,9.651361
977,443,9.924948
713,444,132.751053
875,444,41.314892
876,444,10.671125
877,444,3.918363
892,444,70.029533
893,444,6.002493
894,444,8.85825
895,444,2.023981
899,444,1.353034
900,444,5.201883
901,444,7.923687
902,444,1.071489
903,444,3.240225
964,444,32.530483
965,444,21.741541
966,444,11.507715
969,444,3.190851
970,444,27.220181
976,444,3.858275
977,444,12.380164
712,445,72.508774
713,445,72.219528
874,445,14.575737
875,445,59.648918
876,445,12.780209
892,445,16.010809
893,445,4.637638
894,445,6.773818
895,445,1.836058
896,445,1.823804
897,445,2.802256
898,445,2.653245
899,445,2.582378
900,445,5.458127
901,445,5.56004
902,445,9.032455
903,445,40.375618
913,445,4.816659
964,445,102.535355
712,446,106.105911
713,446,75.521286
874,446,1.267957
875,446,55.659168
876,446,13.0405
877,446,6.680405
892,446,22.482718
901,446,19.002296
902,446,11.456853
903,446,28.054718
904,446,19.69783
905,446,36.387794
873,447,1.224324
874,447,1.464664
875,447,42.484711
876,447,2.910427
904,447,28.930338
905,447,17.917965
906,447,8.545073
873,448,8.63307
874,448,2.39454
875,448,25.048365
876,448,2.89036
869,449,5.114033
873,449,1.823862
875,449,56.22401
876,449,3.25885
875,450,22.088741
877,450,6.430223
874,451,1.306887
875,451,18.222866
876,451,22.453497
877,451,13.247061
878,451,31.776581
875,452,10.134908
877,452,31.800632
878,452,30.594776
973,452,2.416028
878,453,13.524178
895,453,78.612457
898,453,44.61013
899,453,32.98877
972,453,1.83496
973,453,1.18232
974,453,8.976886
975,453,4.177778
714,454,2654.747803
715,454,1378.649902
716,454,1229.203857
717,454,1265.889526
878,454,30.148035
887,454,87.368637
888,454,58.293812
889,454,58.27829
890,454,120.279175
894,454,30.130531
895,454,38.8983
896,454,8.74334
972,454,2.333441
975,454,3.737052
976,454,2.808013
700,455,654.357849
701,455,621.306763
702,455,561.302673
703,455,486.120758
704,455,488.642944
709,455,904.247864
710,455,1012.659668
711,455,1474.092163
712,455,1237.120605
713,455,1334.964722
714,455,1205.693359
715,455,559.716614
716,455,454.728699
717,455,1004.33252
718,455,506.93515
878,455,8.239019
879,455,24.258093
880,455,34.600445
881,455,20.466778
891,455,28.844814
896,455,15.273746
910,455,20.45083
911,455,15.394642
973,455,2.201235
975,455,3.981145
976,455,8.44773
977,455,3.095923
702,456,164.49617
703,456,139.326752
704,456,89.842529
705,456,113.246101
706,456,103.043365
707,456,132.007904
708,456,162.298355
709,456,97.93631
710,456,120.46067
711,456,136.191299
712,456,192.853516
713,456,218.798828
714,456,228.106369
715,456,110.729126
716,456,235.800919
717,456,112.697098
718,456,487.188843
877,456,2.386735
906,456,15.660411
907,456,46.362465
908,456,49.445869
909,456,13.315685
910,456,13.762682
911,456,8.225459
705,457,22.302694
708,457,11.782069
709,457,20.415791
710,457,34.109489
711,457,51.074173
712,457,61.057533
713,457,30.557581
714,457,54.585617
715,457,102.854271
716,457,123.505905
717,457,72.397346
718,457,371.066132
869,457,21.435444
870,457,16.406305
871,457,5.287655
708,458,27.628304
709,458,29.561968
710,458,61.703079
711,458,35.828201
712,458,71.565895
713,458,67.082733
714,458,33.192814
715,458,227.349609
716,458,120.570885
717,458,230.284897
718,458,268.427826
898,460,1047.104736
914,460,6.308316
903,461,26.478916
913,461,2.36282
913,462,12.816696
903,463,23.608734
911,463,10.872873
912,463,9.82093
908,464,377.899078
909,464,13.932258
910,464,15.230444
911,464,6.708279
912,464,8.110656
913,464,7.991078
914,464,16.280197
915,464,19.118052
904,465,39.168228
906,465,20.830589
907,465,13.180021
909,465,3.964999
910,465,6.135734
911,465,18.641483
912,465,7.777506
913,465,13.431458
914,465,14.077128
915,465,6.622268
904,466,2.624559
905,466,3.737671
906,466,3.118634
907,466,2.640002
908,466,2.273572
909,466,1.845174
910,466,4.327599
911,466,5.473923
912,466,2.73215
913,466,2.256016
914,466,4.369315
915,466,5.83347
911,467,3.965472
912,467,5.777963
913,467,5.351563
929,467,33.071136
706,468,100.518158
707,468,99.015305
890,468,264.285583
904,468,9.409244
905,468,8.992855
906,468,11.967046
907,468,12.33816
908,468,4.004068
909,468,2.7943
910,468,2.282687
911,468,2.282687
912,468,2.720607
913,468,6.265189
914,468,5.942403
709,469,77.637825
710,469,60.493362
711,469,109.240532
712,469,179.355835
713,469,210.274918
714,469,197.505295
717,469,159.943985
890,469,317.503448
906,469,5.9756
717,470,52.943237
924,472,12.943198
941,477,23.826355
942,477,11.402862
943,477,6.304045
960,477,53.651505
961,477,101.873245
890,478,1.109472
941,478,26.939381
890,479,5.966363
891,479,2.585181
892,479,1.046147
941,479,21.244675
942,479,7.354039
943,479,9.280104
944,479,7.180811
945,479,9.797259
946,479,9.909341
939,480,13.571573
940,480,28.693489
941,480,26.912094
942,480,5.166784
943,480,5.492092
944,480,8.33597
939,481,7.408597
940,481,18.899277
941,481,12.879498
942,481,9.121484
926,482,19.29915
940,482,7.389024
941,482,6.988242
939,483,30.919537
940,483,4.112736
941,483,9.121632
939,484,9.727793
940,484,10.14674
941,484,8.982821
919,485,9.702209
920,485,15.376715
927,485,215.812622
928,485,224.713104
929,485,132.199646
930,485,203.955353
931,485,52.721596
940,485,7.731618
944,485,16.662252
946,485,13.294754
947,485,11.902205
948,485,3.586079
919,486,5.189228
920,486,15.865329
940,486,5.062964
943,486,12.971119
944,486,8.569311
945,486,8.145442
946,486,2.831273
920,487,10.098856
921,487,12.792144
923,487,25.449251
924,487,41.231987
927,487,88.156242
928,487,61.85075
929,487,40.003372
930,487,62.201008
931,487,56.263706
932,487,41.272655
933,487,118.420189
940,487,8.371582
922,488,10.809768
923,488,6.921731
924,488,16.89793
926,488,400.378937
927,488,148.969467
928,488,70.951637
929,488,23.483557
932,488,9.959719
974,489,71.156403
975,489,120.911118
936,490,9.91324
937,490,3.319024
938,490,4.010463
939,490,5.540785
974,490,47.179729
946,491,75.910873
947,491,97.285858
948,491,36.32637
974,491,45.870136
946,492,83.905937
947,492,97.453445
947,493,54.755104
920,494,340.073486
921,494,249.390091
922,494,929.511841
923,494,574.730103
924,494,519.880188
925,494,543.114319
926,494,259.651062
927,494,219.85614
928,494,168.286209
929,494,107.762115
930,494,187.721725
931,494,144.739227
932,494,60.524563
934,494,160.981384
947,494,79.661453
918,495,124.529274
921,495,21.64263
924,495,20.178423
925,495,18.100376
926,495,42.983696
927,495,32.385944
928,495,20.232309
929,495,10.32675
930,495,4.75058
931,495,20.26037
932,495,9.040369
934,495,21.616795
935,495,67.032219
936,495,49.125309
937,495,19.050936
938,495,9.244073
939,495,150.8582
940,495,194.805969
944,495,105.355682
928,496,6.112961
930,496,3.400105
931,496,3.417643
934,496,17.63192
936,496,5.002528
937,496,2.062807
938,496,7.507229
939,496,7.396054
941,496,74.448952
943,496,51.153339
947,496,9.692665
959,496,176.659256
961,496,191.46608
935,497,18.548693
938,497,5.690985
939,497,6.971419
940,497,5.422249
942,497,3.188425
944,497,35.623898
945,497,13.672967
946,497,14.74202
959,497,89.78466
960,497,122.504715
961,497,215.143341
959,498,103.415359
972,500,8.5437
972,501,1.351466
958,502,6.008436
973,504,20.989117
906,509,6.795708
