310,210,66.234222
271,218,31.972609
272,218,15.135976
274,218,41.753296
275,218,83.775734
278,218,47.160942
279,218,132.594925
256,220,35.162849
257,220,111.923882
267,223,13.815169
270,223,4.145359
271,223,5.987431
272,223,12.15818
278,223,19.167168
268,224,7.237052
270,224,3.789257
273,224,2.282601
274,224,6.177598
277,224,21.5924
282,224,4.79585
283,224,21.785505
394,224,53.445618
395,224,43.652203
281,225,35.925735
357,225,2.656081
390,225,29.541647
391,225,23.762266
392,225,16.626535
393,225,14.561065
394,225,22.283144
395,225,14.704645
243,226,6.896094
244,226,14.34581
245,226,35.811279
283,226,33.702332
355,226,3.011864
356,226,7.677601
357,226,9.379635
389,226,51.672981
390,226,18.172617
391,226,10.093625
392,226,6.585365
393,226,5.895312
394,226,5.338392
395,226,14.357579
243,227,2.387519
244,227,3.690334
245,227,17.017618
246,227,13.361774
247,227,11.073007
248,227,10.549772
250,227,235.929688
389,227,47.623539
390,227,9.211288
391,227,2.966232
392,227,3.242101
393,227,2.837424
394,227,5.476579
395,227,9.987424
211,228,5.107786
244,228,2.205934
245,228,4.104094
246,228,5.455969
247,228,3.993913
248,228,7.424854
249,228,18.702587
250,228,24.793118
389,228,47.353428
390,228,13.069424
391,228,2.43677
392,228,3.318429
393,228,4.170412
394,228,3.869676
395,228,9.54674
244,229,1.259158
245,229,1.657012
246,229,5.121257
247,229,3.162493
248,229,4.736639
249,229,1.935508
250,229,3.340047
251,229,3.340047
389,229,30.627703
390,229,8.250572
391,229,2.827712
392,229,2.896318
393,229,2.506929
394,229,3.064242
395,229,23.814629
244,230,3.255565
246,230,1.523992
389,230,22.532007
390,230,7.250001
391,230,2.406469
392,230,1.63079
393,230,76.067871
394,230,4.0417
395,230,14.027069
242,231,1.738077
243,231,5.440377
244,231,5.242782
388,231,48.241562
389,231,19.027508
390,231,9.119537
391,231,4.823277
392,231,1.769936
393,231,2.195251
394,231,3.870944
395,231,8.667122
277,232,8.64908
388,232,56.303722
389,232,21.543192
390,232,4.964584
391,232,5.425303
392,232,4.60454
393,232,1.44778
394,232,2.788957
395,232,7.493728
277,233,11.66232
388,233,36.898205
389,233,13.978737
390,233,10.130411
391,233,8.804981
392,233,7.64317
393,233,9.256239
394,233,8.684982
395,233,23.106291
277,234,5.463675
375,234,11.450274
376,234,7.729886
377,234,16.209707
378,234,4.840179
395,234,17.345917
277,235,22.550898
278,235,5.253075
375,235,24.087563
376,235,10.561159
377,235,9.44145
378,235,5.018475
376,236,18.476772
377,236,7.688931
378,236,22.713964
376,237,8.525409
377,237,8.281487
378,237,6.83514
387,237,1.168611
388,237,1.154952
389,237,2.286808
270,238,100.564415
377,238,7.194113
378,238,16.179523
379,238,14.984828
386,238,7.056691
387,238,13.981615
388,238,19.751385
389,238,1.189397
390,238,1.140856
391,238,1.21297
393,238,1.088767
274,239,67.330627
279,239,104.183998
290,239,40.820068
377,239,4.441226
378,239,23.004801
379,239,3.141119
279,240,403.023682
280,240,259.517395
289,240,28.505083
387,240,3.529846
288,242,307.984283
199,244,6.204875
392,244,1.076745
390,245,1.01499
314,246,23.62673
315,246,7.051935
316,246,8.034607
322,246,7.348399
383,246,2.859585
384,246,4.130891
385,246,2.372552
312,247,8.102131
313,247,10.190554
382,247,13.24893
383,247,3.794458
256,248,125.906998
257,248,109.590149
382,248,9.527671
383,248,1.574296
256,249,45.910431
258,249,174.862213
381,249,9.260785
382,249,5.517909
383,249,2.703436
381,250,5.485171
381,251,2.336542
382,251,1.516136
380,252,4.142155
382,252,1.050143
378,253,10.265283
379,253,3.162502
380,253,2.726753
384,255,1.650076
383,261,1.806029
390,263,3.715177
387,265,1.647483
262,273,111.620178
264,273,99.743752
254,274,34.179947
255,274,27.404259
256,274,27.652683
257,274,21.489557
258,274,35.938934
267,274,20.66246
272,274,24.371717
241,275,16.544447
244,275,10.614291
245,275,22.955021
247,275,14.704739
248,275,11.614075
249,275,4.236166
250,275,16.142752
251,275,11.909051
253,275,16.132328
271,275,12.326202
272,275,16.384548
273,275,38.465324
241,276,4.379387
242,276,9.541098
243,276,7.135684
244,276,5.042512
245,276,5.597026
249,276,10.585424
250,276,11.053256
387,276,5.304785
389,276,21.864531
242,277,5.797676
243,277,6.345962
250,277,12.236144
266,277,35.221977
388,277,50.976814
389,277,59.532082
393,277,1.26646
240,278,6.504102
242,278,5.906134
243,278,11.861925
261,278,8.135715
389,278,65.059166
388,279,14.975862
389,279,15.707212
388,280,6.987702
215,285,4.672136
216,285,3.782243
216,286,2.419402
217,286,3.5522
219,286,3.805432
220,286,2.372622
221,286,2.944709
222,286,5.389412
223,286,5.592043
224,286,4.265566
244,286,6.415524
244,287,8.214432
245,287,10.053429
246,287,4.673637
252,287,37.843796
389,287,32.325436
390,287,40.165306
395,287,1.878784
236,288,22.500593
246,288,6.355877
247,288,5.418002
253,288,74.792671
224,289,19.777176
229,289,21.289972
230,289,73.203049
231,289,72.604538
232,289,50.213581
233,289,40.478924
234,289,43.360489
235,289,52.92485
233,290,5.486238
234,290,11.817377
235,290,25.741863
236,290,17.540974
237,290,16.876348
238,290,13.444389
239,290,15.13422
241,290,19.524509
242,290,25.751484
243,290,23.561283
244,290,25.158278
245,290,29.507446
246,290,32.102486
247,290,26.935522
248,290,45.940037
249,290,21.713058
250,290,25.752588
240,291,19.779331
244,291,2.700566
245,291,13.835593
246,291,9.221605
247,291,13.35201
249,291,23.373825
260,291,93.96035
254,292,4.825675
259,292,173.565918
261,292,15.622746
394,297,13.016317
355,167,19.758257
377,170,6.116411
378,170,8.480355
379,170,4.28318
383,171,2.323903
384,171,2.45647
357,173,70.370232
362,173,42.269222
363,173,31.040138
356,174,132.427185
379,180,5.656999
380,180,2.451717
339,181,150.629654
340,181,114.23893
341,181,141.552368
275,183,73.387985
276,183,50.437973
277,183,40.465584
275,184,46.418598
276,184,46.10046
277,184,65.158096
274,185,98.61351
275,185,54.113369
276,185,29.202198
274,186,308.083557
275,186,60.321236
276,186,53.596405
277,186,64.793793
275,187,81.85881
277,187,73.990181
275,188,95.474983
277,188,47.725967
275,190,27.994141
276,190,23.397455
277,190,39.782776
274,191,14.042053
275,191,86.854141
276,191,9.064469
277,191,37.266296
274,192,6.547328
275,192,10.839563
276,192,14.943805
277,192,29.304741
274,193,7.844776
275,193,9.573604
276,193,12.645247
277,193,36.046089
274,194,5.069392
275,194,11.807149
276,194,12.359526
277,194,26.640467
387,194,1.453945
274,195,7.171545
275,195,8.344601
276,195,18.257753
277,195,25.15066
383,195,17.128513
391,195,1.343179
392,195,33.219692
394,195,4.742197
395,195,1.284086
273,196,15.258457
274,196,9.054366
275,196,10.327817
276,196,12.109669
277,196,28.279608
278,196,62.790653
382,196,4.152666
383,196,14.309236
273,197,14.849369
274,197,8.172043
275,197,10.487371
276,197,11.919275
277,197,26.359951
278,197,74.338303
390,197,1.14145
273,198,6.536386
274,198,9.645383
275,198,19.335613
276,198,13.560954
277,198,21.94323
273,199,13.721184
274,199,12.874248
275,199,7.739835
276,199,9.917109
277,199,31.349556
274,200,13.21429
275,200,8.61839
276,200,15.360663
277,200,31.007494
274,201,51.368885
275,201,65.519264
276,201,15.50306
277,201,41.648853
278,201,99.003296
368,201,13.220597
225,202,7.192456
226,202,7.058341
227,202,13.37368
274,202,65.988525
275,202,34.083328
276,202,30.673838
277,202,27.059933
278,202,96.732567
368,202,4.600687
274,203,27.937595
275,203,228.791656
233,204,3.334484
275,204,450.181335
275,205,329.290588
276,205,199.941711
226,206,3.095252
227,206,7.881991
228,206,4.905763
276,206,15.480661
277,206,35.888359
226,207,15.807863
275,207,115.243317
276,207,19.600267
223,208,25.054123
224,208,28.806974
225,208,15.585232
277,208,82.402435
225,209,115.261818
226,209,32.58812
227,209,57.888172
