496,210,3.276549
497,210,11.375633
509,210,7.346282
512,210,1.855618
514,210,2.148937
516,210,1.872605
517,210,1.412979
518,210,1.401287
520,210,1.242907
523,210,1.976315
524,210,2.596141
496,211,7.422273
497,211,7.243719
510,211,1.392702
512,211,2.244131
513,211,1.482814
514,211,1.479819
515,211,11.18889
524,211,2.415493
525,211,2.648981
403,533,337.173065
496,212,3.167885
497,212,11.446684
510,212,2.159761
513,212,2.535728
514,212,3.951394
515,212,1.633929
516,212,1.338346
525,212,1.869587
526,212,2.409191
472,213,16.14426
473,213,4.443822
476,213,3.00376
477,213,2.292364
498,213,12.99546
510,213,6.225259
513,213,2.984159
514,213,2.531266
515,213,2.428845
517,213,1730.888916
522,213,1.01318
526,213,1.541912
527,213,2.083124
408,534,11.372553
409,534,42.063976
472,214,6.479579
473,214,4.853996
477,214,5.413091
513,214,1.841253
514,214,1.842633
515,214,8.487926
516,214,2.478938
527,214,2.155805
528,214,3.480922
529,214,10.595842
530,214,9.952312
408,535,13.454134
477,215,10.289236
478,215,13.409986
499,215,2.083828
511,215,6.605281
513,215,1.383216
514,215,2.393535
515,215,2.566474
516,215,1.429708
518,215,4.1
519,215,1758.145386
526,215,1.234259
528,215,1.012369
529,215,1.68849
530,215,6.903565
402,536,179.406036
403,536,13.468083
408,536,1.579116
477,216,8.784637
478,216,23.948954
491,216,1.452256
492,216,2.465393
493,216,3.312994
494,216,2.415214
495,216,3.755691
496,216,7.545888
500,216,1.318407
501,216,2.223846
502,216,5.711321
511,216,5.021413
513,216,1.6539
514,216,1.661454
515,216,1.731755
516,216,3.401576
519,216,162.680008
520,216,1.298899
530,216,3.301946
531,216,9.170115
478,217,6.876379
479,217,8.925206
484,217,1.567209
485,217,1.296189
488,217,1.364091
489,217,1.384285
491,217,1.190149
496,217,3.85869
502,217,3.463704
515,217,1.924567
516,217,2.48236
517,217,2.976298
519,217,1.540809
527,217,1.515488
528,217,1.164282
529,217,1.299046
530,217,9.565117
534,217,176.423477
478,218,7.102885
479,218,11.986994
482,218,1.507845
496,218,2.063484
502,218,2.739317
512,218,5.1759
515,218,3.343859
516,218,1.462709
521,218,273.066956
527,218,1.200787
528,218,3.354177
529,218,3.712682
534,218,63.229462
477,219,10.401628
478,219,5.675142
479,219,1.00337
481,219,1.501682
492,219,1.110498
495,219,9.433135
496,219,17.460337
502,219,2.700759
503,219,3.073958
512,219,3.48005
514,219,1.861296
515,219,1.549657
516,219,1.43828
517,219,3.675764
518,219,1.023743
525,219,1.165586
526,219,3.981611
527,219,10.71613
528,219,8.869156
537,219,13.929242
399,539,109.816772
400,539,108.482117
402,539,1.757129
452,220,6.848188
453,220,3.633785
454,220,2.956659
455,220,3.044137
456,220,7.1252
457,220,3.156716
464,220,2.272718
465,220,3.646083
494,220,1.128849
495,220,17.781759
503,220,3.33514
515,220,1.736356
516,220,1.698907
517,220,10.105181
518,220,1.350775
524,220,2.648731
525,220,4.629066
526,220,4.822316
535,220,21.05468
536,220,4.306161
537,220,7.79092
538,220,29.591631
461,221,6.408301
462,221,6.626959
466,221,1.379869
481,221,1.113375
484,221,107.501984
488,221,134.231384
489,221,160.531158
494,221,3.552469
495,221,12.011584
503,221,1.674056
504,221,4.115055
516,221,2.225419
523,221,5.081228
524,221,4.952883
533,221,5.500067
534,221,4.452498
535,221,2.420627
536,221,1.784129
537,221,8.843003
418,222,1.121832
419,222,1.474557
432,222,31.677336
433,222,39.858891
434,222,37.001156
435,222,16.782066
436,222,21.822424
437,222,24.135246
438,222,44.5741
439,222,18.099249
440,222,13.763319
441,222,13.801259
442,222,16.730942
443,222,16.694609
444,222,15.036067
445,222,23.140633
446,222,21.483622
447,222,21.875368
448,222,28.366858
449,222,19.060925
450,222,13.946535
451,222,16.462057
452,222,21.546957
453,222,17.153999
454,222,17.322248
455,222,33.329342
456,222,35.528214
457,222,14.858541
458,222,20.364994
460,222,16.351646
461,222,24.792086
462,222,25.112268
463,222,6.674191
464,222,3.138195
484,222,24.744419
485,222,35.053955
486,222,48.282757
487,222,39.809887
488,222,54.807262
489,222,49.790508
490,222,19.367582
491,222,51.285252
495,222,3.71769
500,222,2.25041
504,222,2.201331
519,222,8.917473
521,222,6.227811
522,222,7.012221
523,222,12.022346
531,222,3.972948
532,222,6.549168
533,222,3.585702
537,222,4.061316
398,223,1.424021
421,223,3.598339
422,223,2.30924
423,223,1.095881
431,223,13.990839
432,223,23.499464
433,223,25.928894
434,223,16.652025
435,223,11.546043
436,223,14.367937
437,223,13.550101
438,223,26.730433
439,223,10.777204
440,223,8.848598
441,223,11.325009
442,223,10.378534
443,223,9.761391
444,223,6.447396
445,223,8.362988
446,223,7.194354
447,223,8.341714
448,223,7.855152
449,223,6.852733
450,223,6.070991
451,223,5.686322
452,223,4.201549
453,223,6.669908
454,223,3.966655
455,223,4.833241
456,223,5.121651
457,223,3.439324
460,223,1.778697
461,223,1.784813
462,223,1.66811
463,223,2.391393
484,223,32.10162
485,223,13.465177
486,223,20.055759
487,223,18.984566
488,223,15.223679
489,223,25.422382
490,223,5.602972
491,223,58.586319
492,223,66.661903
495,223,4.782537
504,223,2.078521
513,223,3.892194
518,223,1.710928
519,223,6.849904
520,223,2.488909
521,223,17.08305
530,223,1.464072
531,223,1.024635
532,223,3.102009
535,223,3.576163
537,223,5.636248
397,224,2.190257
398,224,3.489817
420,224,1.464947
422,224,2.29794
431,224,9.853493
432,224,6.541907
433,224,14.506063
434,224,2.96905
435,224,3.794131
436,224,3.000706
437,224,3.750074
438,224,5.381361
439,224,1.719489
440,224,1.707988
441,224,1.396545
445,224,2.647203
446,224,2.691623
447,224,2.697543
448,224,2.500772
449,224,2.377571
453,224,1.090328
454,224,1.590295
455,224,2.81218
456,224,2.905703
457,224,4.022222
463,224,1.384894
464,224,9.555849
467,224,2.830208
484,224,24.283127
485,224,14.101151
486,224,6.328235
487,224,4.394051
488,224,1.075145
489,224,2.085754
490,224,10.982254
491,224,35.366249
492,224,95.343811
495,224,3.856023
504,224,1.350619
505,224,3.956845
514,224,1.374717
515,224,1.623888
517,224,5.193149
518,224,2.965342
519,224,2.874993
528,224,2.610816
529,224,2.693651
535,224,1.72418
536,224,1.691104
537,224,30.59306
432,225,4.051125
433,225,5.216053
441,225,1.033961
442,225,2.224127
443,225,3.935554
446,225,1.036286
447,225,1.001481
448,225,1.235551
449,225,1.271951
450,225,1.543176
453,225,1.459214
454,225,1.368787
457,225,1.873249
465,225,3.276049
466,225,1.367198
467,225,1.233938
468,225,4.537608
476,225,1.036389
484,225,24.088564
485,225,9.730177
486,225,5.239882
487,225,2.319216
488,225,2.584666
489,225,7.499122
490,225,15.559524
491,225,45.712769
492,225,116.027679
493,225,272.688477
495,225,3.703213
505,225,1.489409
506,225,6.592457
514,225,1.966031
515,225,2.450963
517,225,3.046876
518,225,7.063313
526,225,2.392868
527,225,1.776704
529,225,1.886216
536,225,2.058037
537,225,8.707962
538,225,40.448975
414,226,1.715624
415,226,1.510866
419,226,3.129456
432,226,6.52062
433,226,2.162933
438,226,1.636877
439,226,2.636877
454,226,1.499627
455,226,1.357411
456,226,1.34597
457,226,2.166741
458,226,6.887498
468,226,2.788465
469,226,4.76194
484,226,19.101732
485,226,7.550572
486,226,3.784073
487,226,4.061028
489,226,1.854652
490,226,14.340643
491,226,17.96356
493,226,109.144791
495,226,5.006346
505,226,1.252109
506,226,4.549452
514,226,5.811055
515,226,3.316839
516,226,3.347418
525,226,1.66676
526,226,2.505429
530,226,5.558856
535,226,4.148358
536,226,7.282006
537,226,56.619961
538,226,17.693291
539,226,18.294731
396,227,58.09721
412,227,1.173951
415,227,1.134011
420,227,1.105165
432,227,7.833574
433,227,1.290233
435,227,1.375528
436,227,1.124503
437,227,1.33715
438,227,1.298689
440,227,225.896805
447,227,43.259609
453,227,1.129563
454,227,2.167028
456,227,1.293665
457,227,2.489049
458,227,6.64884
470,227,3.647695
484,227,17.026625
485,227,7.759822
486,227,3.347615
487,227,4.119267
489,227,3.30935
490,227,4.251807
491,227,19.16349
492,227,29.241159
500,227,2.961852
506,227,2.893942
507,227,5.994859
515,227,7.466415
523,227,1.796639
525,227,1.260505
530,227,2.970146
532,227,2.253512
534,227,1.261998
535,227,11.241339
541,227,40.621971
542,227,36.300739
543,227,24.942139
420,228,1.047182
424,228,1.817339
431,228,9.841759
432,228,8.477994
433,228,6.176752
434,228,1.907519
435,228,2.039711
439,228,480.220245
448,228,1.621536
456,228,3.750401
457,228,3.08197
469,228,1.301027
470,228,2.729681
485,228,7.934601
486,228,2.469167
487,228,3.704557
490,228,2.181647
491,228,13.567782
492,228,31.130018
506,228,6.175059
521,228,1.381322
529,228,1.460971
530,228,3.126367
531,228,1.304994
532,228,2.07274
534,228,18.401867
535,228,48.353539
420,229,1.01598
431,229,10.357879
432,229,26.834703
437,229,1.739096
439,229,2.784585
449,229,45.276127
450,229,1563.420044
452,229,1.555775
453,229,2.510247
456,229,3.555945
457,229,1.524312
469,229,1.05586
470,229,2.322251
484,229,15.672344
485,229,8.66988
486,229,5.235222
487,229,3.732372
489,229,2.100963
490,229,2.277607
491,229,5.324407
492,229,26.202475
505,229,1.217325
506,229,4.391746
507,229,18.922922
519,229,1.906193
530,229,1.528523
534,229,7.620932
535,229,28.116087
536,229,34.336929
537,229,37.069283
545,229,54.572727
546,229,13.020109
431,230,6.799027
432,230,6.165104
433,230,1.40211
434,230,1.268994
436,230,1.313589
438,230,1.393123
451,230,4.394687
452,230,5.480898
453,230,12.220163
454,230,8.429979
455,230,2.958481
456,230,2.01013
457,230,2.063021
463,230,1.199528
470,230,1.912258
485,230,2.43956
489,230,1.496049
490,230,1.828536
491,230,8.12131
492,230,27.525204
501,230,1.525736
502,230,1.286662
506,230,4.093452
507,230,20.55402
517,230,1.72066
518,230,3.343877
519,230,2.165925
521,230,1.580548
534,230,3.123441
535,230,7.712677
536,230,1.040375
537,230,43.306767
539,230,3.722456
540,230,5.765133
541,230,2.126218
543,230,9.226224
544,230,6.926904
545,230,4.659455
546,230,2.080101
432,231,4.714054
434,231,1.999983
435,231,2.091736
436,231,3.131443
439,231,7.293257
440,231,5.31143
448,231,1.098057
455,231,5.75671
456,231,1.480599
457,231,2.037572
463,231,2.362122
470,231,3.339576
485,231,1.341066
489,231,1.290905
490,231,1.886619
491,231,6.53914
492,231,21.636681
506,231,2.678734
507,231,18.358158
518,231,2.37935
519,231,1.140265
526,231,1.054008
530,231,4.788028
531,231,3.64661
535,231,1.91537
536,231,1.56444
537,231,10.760138
539,231,2.245685
540,231,2.692907
541,231,1.341092
542,231,1.619058
543,231,2.728982
544,231,2.879963
545,231,1.469406
423,232,1.206478
432,232,4.37656
433,232,3.666507
435,232,2.462892
436,232,3.432826
439,232,6.225946
441,232,2.694008
442,232,2.614859
443,232,7.089162
444,232,3.265803
445,232,2.958596
446,232,2.991705
447,232,5.874413
448,232,8.935347
450,232,10.840592
456,232,2.066869
457,232,3.323797
462,232,1.348646
463,232,3.016433
464,232,3.20515
465,232,3.361214
466,232,3.219963
469,232,1.977255
470,232,8.153196
471,232,10.444483
485,232,1.631077
489,232,1.043339
490,232,1.578583
491,232,3.584504
492,232,17.44231
501,232,2.701928
505,232,1.186173
506,232,4.885569
507,232,17.969364
514,232,1.726384
519,232,23.666397
520,232,1.934533
521,232,1.026185
522,232,2.215652
524,232,2.738272
525,232,1.564829
529,232,1.390281
530,232,6.753998
531,232,5.339041
532,232,1.559701
533,232,4.012694
535,232,1.591902
536,232,1.677663
537,232,8.285371
540,232,2.867234
542,232,1.599222
547,232,8.831612
549,232,50.030327
433,233,3.70969
434,233,1.412115
457,233,4.891795
468,233,1.538912
469,233,2.777407
470,233,2.897174
471,233,4.05489
485,233,4.28889
486,233,1.24517
488,233,1.342227
489,233,1.015561
490,233,1.689098
491,233,5.595959
492,233,10.695507
505,233,2.165659
506,233,3.770389
507,233,29.154217
529,233,5.607084
535,233,1.867968
536,233,4.434598
539,233,1.597791
540,233,2.895032
541,233,1.74135
546,233,5.035858
547,233,27.029716
548,233,17.270683
549,233,33.778515
425,234,2.17636
471,234,3.299812
474,234,2.035305
487,234,1.704035
489,234,3.004224
490,234,3.876716
491,234,8.932307
492,234,23.566355
501,234,1.674616
506,234,2.519257
507,234,17.44463
508,234,16.884699
515,234,1.1893
529,234,1.651721
537,234,5.760377
539,234,4.828575
540,234,1.914494
547,234,2.865082
548,234,5.688951
549,234,18.984728
550,234,38.50309
472,235,3.350765
488,235,2.812312
489,235,1.145081
490,235,8.837048
491,235,10.517321
492,235,29.682703
493,235,95.657845
495,235,15.119011
506,235,1.181764
507,235,4.479405
508,235,22.17403
515,235,4.235978
535,235,4.819824
536,235,10.830303
540,235,1.797879
547,235,1.217436
548,235,1.745861
549,235,8.511927
485,236,1.764246
486,236,2.84268
487,236,4.803037
489,236,4.680472
490,236,2.031044
491,236,6.591692
492,236,36.175793
493,236,75.31221
495,236,19.585241
502,236,2.39271
504,236,3.114668
505,236,2.480875
506,236,11.294593
507,236,13.399968
508,236,45.147541
515,236,1.504698
535,236,23.722012
536,236,1.251492
548,236,4.737094
549,236,20.614315
475,237,1.076294
484,237,7.541159
485,237,7.077147
486,237,4.929861
490,237,6.073725
520,237,2.459632
521,237,2.067424
522,237,1.974372
523,237,1.737383
524,237,2.323073
525,237,2.276976
526,237,2.276976
527,237,2.135136
528,237,5.937994
535,237,7.900515
536,237,7.373994
537,237,29.355946
540,237,1.446334
548,237,1.797384
549,237,11.517853
495,238,9.994074
528,238,11.62768
536,238,7.785014
540,238,2.756593
541,238,2.150081
548,238,2.179645
549,238,10.207025
550,238,19.76548
551,238,27.548683
397,239,1.06917
540,239,2.168666
549,239,8.140849
550,239,39.894154
501,240,7.294218
502,240,10.151883
503,240,6.322119
504,240,6.616283
505,240,5.356948
506,240,10.406298
507,240,15.172531
508,240,24.913977
509,240,25.645897
510,240,8.562224
516,240,21.801413
517,240,15.690823
518,240,15.461506
519,240,13.468327
520,240,12.389553
521,240,12.455015
522,240,9.283743
523,240,9.283743
524,240,30.277317
525,240,21.607853
526,240,9.840524
527,240,23.885857
528,240,19.916275
529,240,27.302654
530,240,17.234642
531,240,21.662064
532,240,11.410852
533,240,16.592045
540,240,1.708391
546,240,1.577027
549,240,1.261094
550,240,5.513534
551,240,24.156879
501,241,1.841822
502,241,1.152841
503,241,2.01599
505,241,1.726193
506,241,1.453869
507,241,2.149297
508,241,4.916937
509,241,3.267847
510,241,7.139083
516,241,3.534996
517,241,1.683536
518,241,2.081455
519,241,2.701616
520,241,5.180019
521,241,1.854511
522,241,2.078652
523,241,7.279737
524,241,7.071049
525,241,6.04863
526,241,6.260523
527,241,6.329226
528,241,6.692934
529,241,12.500895
530,241,5.444227
531,241,4.697362
532,241,11.612514
533,241,4.549669
534,241,16.006491
540,241,5.714392
508,242,2.298749
509,242,7.626839
510,242,24.927896
516,242,3.209262
521,242,1.047135
524,242,1.103577
525,242,1.712887
526,242,1.792691
527,242,2.365244
528,242,2.007487
529,242,2.016186
530,242,3.616367
531,242,3.09132
532,242,1.128989
533,242,12.212941
534,242,35.299377
507,243,1.918892
508,243,2.443123
509,243,4.790379
517,243,1.793634
523,243,2.315145
525,243,1.245089
527,243,1.056161
528,243,1.328873
529,243,1.051249
532,243,1.438514
533,243,6.200774
534,243,9.130422
535,243,48.302528
536,243,18.080486
537,243,20.238791
397,244,1.117116
398,244,1.646565
500,244,1.887249
501,244,2.703741
502,244,2.784465
503,244,2.154967
504,244,2.227324
506,244,1.075926
507,244,1.945006
508,244,5.019161
509,244,5.625325
510,244,11.598825
517,244,1.427406
518,244,1.848667
519,244,1.152176
522,244,1.481759
525,244,1.029948
531,244,3.010246
532,244,1.436613
533,244,1.055249
534,244,3.96282
535,244,9.871524
536,244,2.977375
537,244,2.977375
538,244,16.267788
494,245,3.237046
495,245,3.586714
496,245,3.693029
497,245,2.716111
397,246,1.048228
488,246,4.353933
489,246,3.383109
490,246,3.431576
491,246,2.370038
493,246,1.517142
498,246,1.417355
509,246,1.093832
510,246,4.931762
511,246,4.859762
512,246,7.19613
540,246,5.981771
541,246,6.252213
542,246,3.677442
543,246,2.976342
544,246,2.832145
545,246,2.654129
546,246,4.867037
547,246,7.341913
548,246,8.710063
398,247,7.368517
530,247,6.212593
531,247,3.986087
532,247,4.018353
533,247,8.21287
534,247,1.509229
535,247,1.343809
536,247,1.283281
537,247,2.999871
538,247,2.994237
539,247,5.654672
540,247,1.08351
548,247,1.837716
522,248,4.072162
523,248,4.118845
524,248,1.952092
525,248,1.742881
526,248,1.770685
527,248,1.598477
528,248,1.414243
529,248,1.198547
530,248,2.370889
531,248,1.70852
532,248,2.107145
533,248,1.997813
549,248,6.763401
480,249,1.554919
507,249,1.131135
508,249,1.105477
510,249,1.328561
511,249,2.025183
522,249,4.329514
523,249,1.89603
525,249,3.369637
548,249,3.460729
549,249,1.361871
550,249,6.437191
522,250,1.781057
547,250,1.192315
550,250,4.606109
481,568,29.730024
480,251,1.475096
522,251,1.005237
550,251,3.221453
479,252,3.259572
480,252,2.117688
522,252,2.219055
523,252,1.576798
532,252,1.079141
533,252,2.092933
534,252,2.10613
540,252,3.788288
542,252,1.546006
543,252,1.784626
544,252,1.784626
545,252,1.797823
550,252,3.294125
409,569,87.704964
408,570,18.365673
530,253,1.289065
533,253,1.261751
534,253,1.261751
535,253,1.333411
536,253,1.333411
537,253,1.375077
538,253,1.333411
539,253,1.540693
550,253,3.445081
529,254,1.333463
530,254,1.261751
533,254,1.199175
534,254,1.199175
535,254,1.199175
536,254,1.199175
537,254,1.199175
538,254,1.199175
539,254,1.445841
540,254,1.387018
550,254,3.177992
406,572,9.558749
403,573,10.666136
531,255,1.965841
537,255,1.257576
549,255,1.288463
550,255,2.287572
537,256,108.899483
542,256,63.066853
549,256,1.189121
550,256,2.465413
533,257,62.666851
534,257,154.754929
535,257,44.855446
536,257,44.955444
537,257,62.822407
538,257,107.522293
539,257,218.504211
540,257,172.383896
536,258,69.722328
537,258,69.722328
538,258,69.722328
539,258,69.722328
550,258,2.448748
476,259,2.62802
477,259,2.848995
478,259,5.149185
479,259,8.427467
513,259,1.163095
533,259,6.333334
535,259,6.333334
550,259,2.564935
471,260,3.190694
475,260,1.069537
476,260,1.16279
478,260,2.53831
479,260,12.427097
538,260,113.799408
550,260,3.593493
468,261,1.436257
478,261,8.713072
479,261,23.411673
482,261,2.779339
551,261,1.753286
552,261,3.629631
475,262,4.399948
477,262,4.717102
478,262,1.765201
479,262,4.286546
480,262,11.07744
482,262,9.180511
552,262,2.774168
553,262,11.799708
464,263,1.122863
468,263,1.458615
472,263,1.252825
473,263,1.270066
475,263,1.584765
476,263,1.531861
477,263,2.72514
478,263,11.086825
479,263,16.598923
480,263,5.897708
482,263,1.339073
539,263,108.799484
540,263,44.69989
552,263,6.052798
553,263,37.252724
556,263,44.706329
560,263,24.595737
475,264,2.361359
476,264,1.429461
513,264,1.310254
541,264,132.69989
552,264,6.349958
553,264,12.095969
554,264,56.944153
556,264,13.471967
557,264,11.995926
558,264,14.212147
559,264,25.083405
560,264,8.228074
561,264,33.020222
562,264,29.15976
563,264,21.354342
468,265,1.638588
475,265,1.343941
476,265,1.737201
511,265,1.702435
513,265,1.418594
543,265,286.59906
544,265,69.666771
548,265,1.98052
550,265,1.090909
553,265,1.17259
554,265,3.470947
556,265,4.15181
557,265,3.096252
558,265,17.143198
559,265,8.261325
560,265,1.661639
561,265,7.774044
562,265,6.332742
563,265,11.968686
564,265,16.66321
468,266,1.439949
472,266,1.941041
477,266,2.719057
511,266,1.688921
513,266,1.428621
536,266,30.666754
537,266,30.666754
538,266,30.666754
539,266,30.666754
541,266,30.666754
543,266,113.799408
544,266,69.722328
548,266,2.806676
559,266,1.005347
560,266,1.809878
562,266,3.744738
563,266,2.99295
476,267,1.599208
477,267,4.466301
478,267,12.890798
535,267,30.666754
536,267,30.666754
537,267,30.666754
538,267,30.666754
539,267,30.666754
540,267,30.666754
541,267,25.200001
542,267,30.766754
543,267,113.799408
563,267,10.061055
469,268,2.62247
477,268,1.156095
478,268,4.849645
543,268,113.799408
545,268,6.333334
562,268,3.015429
469,269,1.320642
473,269,4.55703
476,269,1.033608
477,269,1.213909
478,269,6.207845
512,269,1.18593
546,269,219.055557
550,269,1.227307
553,269,1.289582
559,269,1.284335
561,269,2.104499
469,270,1.320642
476,270,1.375374
477,270,1.333056
478,270,5.531676
502,270,1.110344
512,270,1.394564
513,270,1.386633
547,270,289.142853
557,270,26.011976
558,270,26.147608
559,270,27.931549
560,270,2.102662
434,585,83.230766
435,585,10.9786
436,585,4.855386
469,271,1.301563
475,271,1.801947
477,271,1.376726
478,271,6.507913
492,271,9.229274
493,271,7.926198
494,271,1.367688
495,271,1.496971
514,271,1.462645
562,271,2.966561
469,272,1.312374
471,272,1.145917
477,272,3.917034
478,272,13.151272
491,272,1.063041
493,272,5.570933
498,272,1.063683
469,273,1.301563
471,273,1.154926
476,273,1.355389
477,273,3.487978
478,273,7.401024
488,273,5.470371
489,273,1.342026
555,273,1.110778
564,273,4.769838
476,274,1.938301
477,274,7.074732
478,274,21.194904
555,274,2.490026
562,274,4.610144
477,275,1.55682
478,275,9.181571
513,275,1.34115
514,275,2.937819
557,275,1.535097
558,275,2.907337
419,589,63.350418
559,275,3.133284
560,275,2.666842
561,275,4.65207
419,590,38.679417
476,276,1.462648
477,276,1.400878
478,276,7.883578
513,276,2.199219
514,276,13.757952
557,276,5.49646
558,276,3.864207
559,276,9.021178
476,277,1.168954
477,277,3.26594
478,277,10.626456
479,277,8.237141
502,277,1.140351
513,277,1.437625
514,277,7.906432
546,277,1.105332
554,277,2.26084
555,277,4.267999
556,277,4.07636
419,591,9.683325
507,592,110.305634
508,592,7.778166
478,278,5.236693
479,278,7.968359
498,278,1.202851
515,278,9.347583
546,278,1.730719
547,278,1.758089
548,278,2.00957
549,278,1.999515
550,278,2.167258
551,278,2.168678
552,278,1.526274
553,278,1.228423
554,278,6.911489
555,278,9.052341
515,279,1.697362
537,279,2.154591
538,279,1.786486
539,279,2.589055
575,279,23.272982
576,279,6.189767
432,593,472.547058
433,593,145.855164
434,593,336.253754
507,593,19.453003
508,593,61.591919
432,594,185.398224
433,594,8.404564
434,594,12.12859
435,594,14.74734
507,594,14.8874
508,594,2.705345
509,594,7.904414
480,280,1.760788
515,280,1.697362
528,280,1.7924
536,280,4.224095
480,281,1.041459
515,281,1.697362
576,281,33.212246
577,281,27.243822
432,595,395.801392
433,595,8.771387
434,595,3.596519
435,595,3.285067
436,595,7.996975
437,595,8.360407
438,595,15.617939
507,595,6.194556
508,595,2.851492
480,282,1.649245
514,282,7.771125
515,282,1.270644
573,282,1.356162
574,282,12.899229
575,282,9.081776
576,282,15.582418
577,282,31.359886
434,596,2.048607
435,596,2.296737
436,596,4.766012
437,596,17.600859
438,596,3.06958
439,596,6.764962
481,283,1.419415
514,283,10.037299
547,283,2.893651
548,283,2.341155
549,283,8.922253
550,283,5.92783
551,283,1.879439
552,283,1.146521
553,283,5.946136
574,283,16.746468
429,597,47.250469
438,597,7.639145
439,597,5.225971
440,597,8.355468
441,597,13.100308
442,597,8.878848
443,597,10.654223
428,598,67.119003
439,598,5.461439
440,598,7.272622
441,598,40.879566
442,598,5.852399
443,598,5.121627
444,598,7.433744
475,598,115.313004
569,284,3.529778
570,284,4.401183
571,284,5.337657
572,284,2.021692
573,284,20.414545
574,284,48.815308
534,285,44.052101
553,285,6.640769
427,599,59.747704
441,599,3.780029
443,599,2.918368
444,599,4.627337
445,599,27.501545
446,599,14.422734
447,599,7.384966
425,600,190.367157
444,600,9.887451
445,600,3.886451
446,600,1.515519
447,600,10.034018
505,600,99.734962
507,600,53.426598
532,286,52.698757
539,286,1.613783
543,286,4.615219
544,286,2.802458
545,286,6.344737
553,286,12.454388
515,287,3.541228
530,287,7.878171
534,287,2.278294
535,287,1.016796
536,287,9.383191
537,287,1.184211
544,287,10.152678
545,287,5.892191
514,288,3.30354
515,288,6.265388
532,288,1.976327
533,288,2.206117
535,288,4.234977
536,288,2.926456
537,288,12.551837
538,288,1.699859
539,288,2.404364
540,288,2.647632
541,288,2.651662
513,289,5.700381
514,289,4.227013
515,289,11.952874
526,289,3.200094
527,289,5.938886
528,289,4.684481
529,289,3.832603
530,289,2.307003
424,601,261.618683
490,601,20.462852
494,601,44.777016
505,601,106.398132
506,601,20.466047
507,601,22.603529
508,601,34.117855
509,601,118.24572
510,601,335.340759
397,290,3.413075
484,290,2.63816
490,290,1.732514
513,290,10.909125
514,290,3.603767
515,290,15.395506
489,602,14.013639
490,602,17.240381
491,602,3.857031
492,602,8.578053
493,602,14.71301
494,602,46.617493
505,602,97.384979
506,602,23.615578
507,602,47.195881
508,602,19.721664
509,602,102.542343
510,602,161.098694
396,291,2.090007
397,291,3.419453
511,291,1.407136
512,291,1.9932
513,291,2.588373
453,603,114.138474
454,603,60.352688
455,603,7.573442
489,603,20.064453
490,603,4.462327
491,603,2.850402
492,603,7.170404
493,603,9.850239
494,603,30.633883
505,603,77.232292
506,603,28.159782
507,603,46.88361
508,603,16.602995
509,603,61.303772
510,603,145.348862
400,292,2.85533
510,292,1.334943
515,292,2.757306
453,604,44.998421
454,604,10.791195
455,604,30.200779
456,604,10.35777
457,604,15.190608
489,604,10.554109
490,604,3.457454
491,604,4.35703
492,604,2.777538
493,604,8.663179
505,604,52.114449
506,604,41.490673
507,604,46.146645
508,604,544.152527
509,604,48.658752
401,293,2.85533
450,293,1.487051
511,293,1.275039
513,293,2.802579
515,293,1.514513
453,605,18.017696
454,605,33.678329
455,605,17.33984
456,605,11.29528
457,605,10.221787
458,605,8.63911
459,605,8.641246
460,605,11.113236
489,605,15.832393
490,605,3.671755
491,605,13.59446
492,605,2.387918
493,605,27.641743
505,605,67.947342
506,605,12.660995
507,605,18.271444
508,605,16.947855
509,605,179.822678
447,294,2.234356
453,294,3.416916
461,294,1.487051
462,294,1.164118
446,295,1.164118
451,295,2.327243
453,295,1.376532
456,295,2.49226
403,296,7.727291
446,296,1.487051
449,296,1.426522
452,296,1.688482
462,296,1.125146
465,296,1.170588
454,606,49.780209
456,606,13.815312
457,606,32.094421
458,606,9.176989
459,606,3.830729
460,606,4.941404
461,606,12.458632
462,606,16.193359
490,606,3.334155
491,606,4.53393
493,606,13.486336
505,606,45.107613
506,606,23.929565
507,606,17.314011
508,606,23.47858
509,606,125.01329
417,607,62.842152
418,607,96.424889
419,607,404.15213
457,607,7.581383
459,607,5.847687
460,607,5.908682
461,607,7.266209
462,607,8.466841
463,607,13.050621
464,607,30.254436
465,607,26.989109
466,607,11.702732
468,607,76.064255
491,607,13.875584
506,607,137.899689
507,607,31.731981
508,607,33.067661
509,607,57.202255
417,608,4.153955
418,608,10.485808
419,608,37.661362
420,608,44.72641
421,608,45.383537
459,608,3.57794
460,608,18.049103
461,608,2.11276
462,608,10.596661
463,608,3.313733
464,608,6.181961
465,608,4.37958
466,608,9.23612
467,608,6.035476
468,608,69.524162
469,608,150.978058
415,297,3.510644
416,297,2.712236
418,297,1.589
437,297,1.588802
447,297,1.125302
449,297,1.521608
465,297,1.311822
423,298,2.786679
465,298,1.215325
466,298,1.840997
419,609,62.820545
420,609,3.865237
422,609,60.920544
423,609,12.868999
424,609,8.263983
425,609,127.225822
462,609,3.673825
463,609,4.141456
464,609,6.511483
465,609,4.195267
466,609,2.422872
467,609,2.949126
468,609,37.358055
469,609,28.373571
470,609,2.191329
471,609,1.972575
472,609,7.178935
436,299,1.430267
448,299,1.051193
421,610,24.597984
422,610,11.581961
423,610,1.861667
426,610,1.626073
427,610,5.47718
464,610,1.215583
465,610,19.495375
466,610,2.458813
467,610,3.607993
468,610,6.86679
469,610,4.515719
471,610,10.010646
472,610,22.54689
401,300,2.255018
423,611,52.074402
424,611,26.904179
430,611,1.63459
467,611,3.160812
468,611,4.016528
469,611,3.146688
470,611,3.928563
471,611,4.712211
472,611,14.507096
402,302,5.749785
403,302,4.081532
399,303,1.383117
401,303,2.647053
425,612,60.13657
426,612,44.578091
427,612,51.313824
469,612,9.662327
470,612,8.61492
471,612,9.27405
472,612,15.749132
428,613,72.79715
429,613,36.637009
430,613,33.471619
434,613,1.662472
435,613,2.932285
400,304,2.86179
431,614,31.721811
432,614,27.443783
435,614,1.713736
436,614,1.255038
437,614,1.100955
438,614,6.16428
475,614,6.235322
476,614,1.524801
477,614,1.410022
478,614,3.25402
479,614,4.24128
573,306,65.616104
578,306,6.08933
438,615,1.104949
439,615,2.663603
440,615,2.872057
475,615,1.269556
476,615,3.276819
477,615,3.616032
478,615,4.207628
479,615,8.191954
514,307,8.623227
570,307,2.312562
572,307,4.889828
573,307,2.313625
436,616,28.535162
437,616,1.205437
440,616,2.476473
441,616,7.525573
442,616,6.76235
443,616,3.804687
479,616,12.416931
509,308,1.683395
511,308,1.756484
512,308,3.432608
527,308,10.314486
528,308,7.806989
529,308,7.595135
530,308,1.558813
567,308,1.451189
573,308,4.297574
574,308,4.791871
440,617,1.108925
442,617,1.522175
443,617,1.468161
479,617,2.650308
526,309,1.569253
527,309,5.257979
531,309,1.330701
532,309,7.178208
508,310,6.257235
526,310,10.112067
532,310,11.988186
533,310,7.802196
534,310,8.336497
535,310,11.836028
492,311,1.475889
493,311,1.439901
495,311,1.430822
496,311,1.652134
507,311,2.138183
526,311,12.908427
528,311,1.035785
531,311,1.061131
533,311,1.919807
534,311,7.566333
554,311,91.400139
555,311,79.15181
556,311,39.643856
557,311,52.830509
558,311,33.746552
572,311,21.795933
526,312,6.439093
533,312,3.241843
534,312,6.409223
552,312,4.649238
579,312,45.197746
448,621,12.893503
449,621,10.904613
434,313,1.456791
435,313,2.086947
436,313,1.33841
515,313,3.394858
527,313,2.327553
532,313,1.036873
533,313,2.694541
534,313,15.761679
547,313,22.88677
548,313,15.11949
549,313,9.295884
579,313,63.561531
436,314,1.239882
440,314,1.855095
441,314,5.621583
498,314,17.114407
513,314,11.821005
526,314,5.944178
530,314,2.042458
532,314,1.000689
533,314,3.4102
534,314,11.496055
544,314,16.468637
545,314,4.972544
548,314,1.767134
549,314,4.484099
557,314,1.158535
447,622,47.65316
449,622,4.567027
450,622,2.810643
451,622,2.595924
475,622,547.453247
479,622,518.402344
490,622,276.0047
440,315,5.248973
441,315,9.89685
460,315,17.010172
482,315,1.219419
496,315,1.443797
498,315,4.86656
512,315,3.839934
513,315,7.254789
524,315,2.969218
525,315,1.874645
526,315,1.678214
531,315,1.403008
532,315,1.06501
533,315,2.115913
534,315,17.244257
404,623,2832.966064
405,623,920.225281
406,623,881.707642
407,623,1110.970459
447,623,127.677208
448,623,20.455412
475,623,337.759613
476,623,97.497253
477,623,114.857124
478,623,52.088112
479,623,267.965271
490,623,75.883873
491,623,89.158295
492,623,299.671814
493,623,267.595245
431,316,1.84528
432,316,1.894119
433,316,2.035364
434,316,2.167298
450,316,3.905363
455,316,1.016091
458,316,2.593019
459,316,4.505741
460,316,9.844999
510,316,2.289267
511,316,1.33773
513,316,1.621508
514,316,4.072684
531,316,1.647942
532,316,2.004008
533,316,1.170179
534,316,14.35832
543,316,1.100703
451,0,8.395072
453,0,13.978292
454,0,11.263441
451,1,12.884334
527,1,1.073915
528,1,2.875794
404,624,256.376282
405,624,7.512266
406,624,22.358383
407,624,330.339294
408,624,198.013657
409,624,170.110352
447,624,13.799483
448,624,29.508974
449,624,11.163382
450,624,14.231859
451,624,13.433573
475,624,60.056828
476,624,137.304062
477,624,18.12402
478,624,25.319469
479,624,123.274818
490,624,28.144419
491,624,52.978996
492,624,43.32906
493,624,64.869995
453,317,1.28789
455,317,1.221746
456,317,1.221746
457,317,1.202904
458,317,1.251008
484,317,1.239755
485,317,1.213159
486,317,1.133288
487,317,1.58573
488,317,3.253687
489,317,2.57646
490,317,1.105297
491,317,2.421008
492,317,1.131691
508,317,2.958079
509,317,1.361826
511,317,2.288521
513,317,1.146171
514,317,2.109953
515,317,1.957041
529,317,1.195366
531,317,1.866937
532,317,1.989668
533,317,3.88257
534,317,1.313192
543,317,2.943945
545,317,1.263256
528,2,2.013656
403,625,2042.154541
404,625,86.726654
407,625,9.902606
408,625,4.500288
409,625,178.060089
410,625,92.094475
411,625,133.577682
447,625,43.957237
448,625,58.261787
449,625,29.000946
450,625,28.580061
453,625,3.646311
475,625,200.708359
476,625,38.410267
477,625,30.878067
478,625,82.847893
479,625,186.172043
490,625,28.085928
491,625,1.796033
492,625,97.431206
459,318,1.132167
464,318,1.012958
469,318,1.231343
513,318,1.173341
515,318,1.393522
534,318,4.172912
558,318,7.928762
528,3,2.058564
497,319,1.326401
513,319,9.381692
514,319,2.512108
526,319,3.605926
540,319,1.555134
562,319,1.14268
496,320,1.136829
506,320,1.26266
511,320,1.543103
512,320,1.820739
526,320,3.199849
527,320,1.919145
579,320,5.763093
403,626,103.438858
405,626,2.661563
406,626,1.61449
409,626,2.831032
410,626,6.39362
411,626,10.078849
412,626,66.929352
413,626,127.300293
450,626,28.491755
451,626,2.23167
455,626,1.144283
459,626,1.119906
460,626,1.646389
461,626,1.904284
462,626,8.220531
475,626,195.532593
476,626,37.339096
477,626,40.976723
478,626,26.912437
479,626,68.631546
490,626,12.42784
491,626,3.026771
492,626,14.60114
493,626,54.553276
528,4,2.058564
407,627,1.409325
411,627,5.248302
412,627,2.484195
413,627,1.225775
414,627,5.304575
416,627,6.050456
452,627,1.585153
453,627,2.404351
455,627,2.40343
457,627,1.057109
459,627,1.77821
461,627,1.308105
462,627,1.479148
463,627,1.677127
464,627,2.710222
474,627,39.340714
475,627,73.385887
476,627,24.400267
477,627,25.409481
478,627,33.971741
479,627,83.476471
480,627,126.786888
489,627,11.448485
490,627,20.569582
491,627,9.389217
492,627,19.979362
493,627,170.42038
528,5,2.062295
411,628,1.400173
414,628,3.101574
416,628,1.401514
420,628,35.090366
430,321,1.681561
442,321,1.609332
443,321,1.293661
444,321,2.453741
446,321,1.92787
447,321,1.472637
504,321,7.258527
541,321,1.936506
432,322,8.57751
442,322,3.289599
443,322,1.505955
444,322,1.656485
445,322,2.19154
447,322,1.193346
448,322,2.492224
449,322,1.81298
455,322,3.281021
457,322,3.233342
458,322,3.509638
459,322,1.532863
460,322,1.285192
461,322,1.259425
462,322,1.441874
463,322,1.84359
464,322,2.412534
465,322,2.412534
470,322,1.219078
471,322,2.464253
472,322,2.402115
473,322,2.818174
476,322,2.038903
487,322,1.742414
503,322,1.153004
505,322,1.325728
511,322,2.362363
512,322,3.03736
537,322,2.180616
538,322,7.755076
553,322,1.089108
554,322,1.464543
455,628,1.082556
461,628,1.049125
462,628,1.37929
463,628,1.052961
464,628,1.434624
465,628,2.696947
466,628,13.18885
467,628,22.02482
475,628,70.09967
476,628,33.021091
477,628,13.63829
478,628,11.518498
490,628,7.956595
491,628,6.315396
528,6,2.062295
412,629,1.375037
413,629,1.410806
414,629,1.476115
420,629,5.931819
421,629,56.967575
422,629,53.022614
458,629,1.343768
460,629,2.494452
463,629,2.263606
464,629,1.009255
465,629,14.193745
466,629,7.91964
475,629,232.035004
476,629,87.281998
477,629,40.478409
478,629,20.249853
479,629,71.036781
487,629,3.244873
490,629,8.343728
491,629,14.576735
492,629,20.362371
493,629,39.983093
429,323,1.21124
442,323,2.679851
443,323,1.209058
449,323,1.687971
450,323,2.245256
451,323,2.892063
455,323,1.576142
464,323,1.455024
466,323,1.090194
478,323,1.128819
479,323,1.177807
480,323,1.177807
502,323,1.222901
504,323,1.360244
506,323,1.165591
512,323,1.702349
513,323,2.686007
514,323,5.002361
515,323,6.574541
516,323,3.407878
579,323,7.813277
414,630,1.493575
421,630,3.058084
422,630,11.159934
423,630,78.514252
424,630,74.761673
425,630,93.161102
460,630,3.43983
462,630,2.676751
464,630,8.774539
465,630,14.091902
466,630,64.388062
475,630,202.981552
476,630,43.957977
477,630,32.086292
478,630,16.150986
486,630,1.150269
493,630,22.771791
451,324,1.590591
454,324,1.741137
457,324,1.560377
460,324,2.461541
461,324,2.010986
472,324,1.272887
473,324,1.938904
503,324,1.015602
507,324,1.132213
514,324,1.491891
515,324,1.785414
525,324,3.329855
419,631,1.257262
421,631,1.863816
422,631,1.723151
424,631,1.089807
425,631,14.611601
426,631,22.340673
427,631,45.87656
463,631,2.000518
464,631,2.372578
465,631,11.537069
473,631,256.376373
474,631,152.284195
475,631,132.973526
476,631,56.833405
477,631,33.738846
478,631,13.453729
479,631,25.375042
480,631,67.956787
484,631,3.989915
494,631,43.097557
450,325,1.638734
451,325,3.232565
452,325,2.433808
453,325,2.126474
454,325,3.849905
457,325,1.553314
459,325,1.314877
462,325,1.562173
468,325,1.988253
483,325,1.580553
484,325,1.576888
501,325,1.077648
503,325,6.382674
504,325,1.592945
507,325,4.692139
508,325,1.834165
509,325,3.663708
526,325,1.962865
419,632,1.63007
420,632,1.21332
421,632,1.322673
422,632,1.235559
424,632,1.061246
425,632,1.278702
427,632,24.605547
428,632,20.580212
429,632,142.016266
430,632,30.090651
465,632,58.494698
473,632,98.406731
453,326,1.007757
476,326,1.227867
484,326,1.382273
488,326,1.754079
503,326,1.456561
507,326,3.696921
508,326,6.959684
509,326,3.578547
511,326,1.404755
525,326,1.839817
526,326,5.071574
534,326,15.150114
535,326,17.560957
536,326,10.128196
537,326,25.334375
538,326,6.997285
423,633,1.403838
424,633,4.894736
425,633,2.057522
426,633,6.366687
427,633,1.58126
428,633,2.808509
429,633,1.887408
430,633,9.908338
431,633,21.490675
432,633,15.806967
451,327,1.49044
458,327,1.919169
492,327,1.061556
524,327,2.214159
525,327,3.008891
526,327,5.926253
534,327,5.54962
535,327,4.065146
536,327,5.044525
537,327,1.695605
538,327,6.622629
539,327,9.603307
540,327,8.758685
541,327,5.239895
542,327,5.58371
543,327,5.58371
544,327,9.266596
423,634,7.621536
424,634,8.796637
425,634,7.627014
426,634,3.233731
427,634,3.113416
428,634,2.360187
429,634,3.355981
430,634,2.036274
431,634,3.764497
432,634,12.875833
433,634,10.963883
434,634,12.870388
435,634,7.201067
524,328,1.778051
525,328,2.778316
534,328,4.625559
538,328,3.31478
539,328,1.802482
540,328,8.057808
541,328,2.631096
542,328,2.830479
543,328,3.265584
544,328,5.950105
545,328,15.818287
546,328,2.492301
547,328,2.772527
484,329,2.148711
534,329,2.965724
535,329,1.03889
536,329,1.644864
537,329,1.815957
543,329,1.157433
544,329,2.057806
545,329,1.333846
546,329,1.326759
547,329,1.32484
548,329,1.94802
549,329,1.994613
550,329,1.90732
551,329,1.715872
553,329,4.849113
554,329,2.745814
555,329,1.942652
556,329,2.637321
557,329,1.095191
558,329,1.568239
559,329,1.496145
560,329,3.970137
425,635,8.689414
427,635,2.680063
428,635,1.960094
429,635,2.503478
430,635,2.309371
431,635,3.896669
432,635,2.68908
433,635,1.483149
434,635,4.535445
551,13,2.226699
429,636,2.650619
430,636,7.71981
431,636,4.259573
432,636,2.436397
433,636,1.234256
434,636,4.295917
476,330,1.38661
482,330,1.800025
487,330,1.298115
490,330,2.332088
506,330,4.509768
507,330,35.28022
508,330,1.116971
544,330,1.061389
553,330,1.970232
554,330,1.081187
555,330,1.409559
556,330,1.132229
567,330,3.508139
474,331,1.012036
485,331,1.231208
501,331,2.142443
502,331,1.97155
503,331,5.387995
505,331,4.509768
554,331,1.916396
555,331,2.482398
431,637,6.310012
432,637,2.601315
433,637,7.849942
434,637,14.921424
433,638,4.326445
476,332,2.506479
555,332,1.03982
451,333,2.473806
477,333,1.313298
499,333,3.102981
501,333,2.205074
502,333,1.395195
504,333,22.771797
439,640,202.084808
440,640,106.603271
441,640,65.724274
514,19,1.231905
439,641,182.732513
440,641,47.996899
441,641,108.573776
442,641,55.670963
437,642,261.68219
438,642,10.433718
439,642,2.525813
440,642,10.039914
441,642,10.186969
442,642,25.519167
443,642,51.899799
444,642,25.343773
445,642,23.904835
446,642,37.772324
447,642,38.031307
448,642,66.126579
494,334,1.899434
495,334,1.282173
496,334,1.390491
503,334,6.023279
439,335,4.490691
494,335,1.134641
437,643,41.911449
438,643,8.678331
439,643,3.528255
440,643,3.085392
441,643,15.663028
442,643,13.039502
443,643,9.934739
444,643,6.296403
445,643,9.683019
446,643,42.541077
447,643,14.628069
448,643,60.747822
513,21,1.264706
437,644,64.892029
446,644,18.083677
447,644,27.334225
448,644,50.498505
453,644,12.690278
454,644,19.373381
455,644,30.872269
456,644,34.70919
457,644,31.198042
478,336,1.503439
504,336,5.951863
477,337,1.028793
493,337,1.10665
501,337,1.787197
502,337,3.365395
503,337,9.356138
504,337,2.275872
476,338,6.180702
477,338,1.975947
500,338,3.047803
501,338,5.244513
502,338,15.560457
530,338,1.160229
453,645,8.257196
454,645,16.262468
455,645,9.508857
456,645,15.625677
457,645,77.436142
461,645,63.394756
462,645,43.422035
463,645,59.872589
464,645,59.988361
465,645,30.485016
469,645,41.490223
470,645,37.414471
471,645,53.340271
485,645,1.35938
486,645,2.760371
487,645,3.480282
488,645,4.122593
489,645,7.811736
490,645,10.358588
491,645,12.655824
492,645,22.720362
493,645,25.863802
530,339,1.024834
502,23,44.69989
504,23,89.799774
451,646,5.02005
452,646,2.78077
453,646,13.717085
454,646,15.896106
455,646,9.90585
456,646,3.955048
457,646,23.590185
458,646,40.037167
459,646,18.208582
460,646,8.908087
461,646,18.317717
462,646,17.751329
463,646,16.41395
464,646,17.877111
465,646,15.278138
466,646,24.605255
467,646,5.97108
468,646,20.423883
469,646,10.707633
470,646,13.022211
471,646,31.069725
488,646,3.098674
489,646,1.255533
490,646,4.666853
491,646,4.015162
492,646,4.642132
493,646,6.915827
494,646,5.788982
495,646,17.17441
493,340,1.869071
501,340,21.269413
502,340,1.810917
451,647,5.058991
452,647,2.45308
453,647,3.184362
454,647,10.846979
455,647,2.522152
456,647,6.084533
457,647,13.75263
458,647,14.857575
459,647,12.609674
460,647,9.857217
461,647,16.110374
462,647,6.001516
463,647,8.212956
464,647,11.633714
465,647,11.9983
466,647,43.115185
467,647,4.823729
468,647,1.571762
469,647,1.728049
470,647,14.296716
471,647,23.469379
472,647,13.848988
490,647,1.145856
491,647,2.299601
492,647,2.047079
493,647,2.552758
504,25,25.25
505,25,45.199883
451,648,29.907312
452,648,4.264474
453,648,3.540535
454,648,9.816595
455,648,2.585791
456,648,3.579595
457,648,5.878246
458,648,8.522367
459,648,2.762562
460,648,25.38208
461,648,5.291403
462,648,18.632105
463,648,12.912147
464,648,15.243259
465,648,16.326185
466,648,19.526409
467,648,3.12327
468,648,1.790097
469,648,2.97973
470,648,2.027283
471,648,2.792182
472,648,2.167883
487,648,1.504834
488,648,1.581398
489,648,1.4031
490,648,1.245772
491,648,1.270934
492,648,1.157672
493,648,1.102594
507,342,15.439767
508,342,10.219925
516,26,1.135187
454,649,4.82825
455,649,5.778471
456,649,31.111845
457,649,6.069186
458,649,28.504412
459,649,25.879463
460,649,6.570823
461,649,5.899957
462,649,3.756418
463,649,18.883699
464,649,29.770617
465,649,27.218842
466,649,31.684044
485,649,1.642661
486,649,2.999302
487,649,3.605792
488,649,2.987452
489,649,4.567255
490,649,3.258038
491,649,3.117068
492,649,3.0035
503,27,89.799774
504,27,50.199883
516,27,1.120651
459,650,11.885376
460,650,14.823774
461,650,12.167419
462,650,11.867194
463,650,13.313743
484,650,6.697775
485,650,9.587365
486,650,6.828772
505,650,11.287287
477,343,1.110944
471,28,102.88591
503,28,25.25
478,344,4.548182
516,30,1.493166
478,346,1.220394
479,346,1.707367
536,346,7.020836
537,346,3.367784
538,346,4.061712
539,346,1.781512
514,31,1.11326
515,31,1.495009
534,347,1.915848
535,347,1.915848
536,347,1.69507
537,347,4.654226
538,347,2.374155
503,32,5.0
530,348,19.505445
531,348,13.725116
534,348,1.511354
535,348,1.002737
501,33,141.049774
553,33,1.368653
554,33,9.16978
488,34,19.011824
489,34,13.779079
490,34,8.920193
501,34,115.049774
412,35,7.455301
472,35,140.948547
488,35,19.011824
489,35,12.009718
490,35,7.84888
491,35,1.81721
501,35,51.25
503,35,335.5
412,36,8.750335
413,36,14.969203
489,36,26.426399
490,36,7.96775
491,36,3.31085
501,36,51.25
508,36,1.970187
513,36,1.999815
515,36,6.5963
519,36,147.937927
520,36,18.985523
413,37,2.720788
489,37,27.389112
490,37,7.49766
491,37,2.982625
492,37,1.309467
501,37,51.25
509,37,1.459419
515,37,4.040854
520,37,45.633244
521,37,11.988537
522,37,1.000707
523,37,1.100375
524,37,1.983277
525,37,1.384257
526,37,1.409443
527,37,5.058069
408,38,3.335821
409,38,3.192176
413,38,2.638205
490,38,7.754379
491,38,5.482625
492,38,1.309467
505,38,89.855331
509,38,1.170654
515,38,4.984492
520,38,49.451351
521,38,24.363329
522,38,5.672886
408,39,4.375787
409,39,1.812842
412,39,1.260135
413,39,4.638204
490,39,7.47355
491,39,3.861744
504,39,86.399826
505,39,25.25
513,39,1.982641
514,39,4.337859
515,39,10.146913
520,39,56.309944
521,39,22.213146
522,39,18.321123
523,39,6.667736
497,660,27.125977
498,660,45.875633
499,660,15.564681
408,40,4.590295
409,40,2.359063
412,40,1.260135
413,40,4.489293
414,40,7.491903
490,40,7.208133
491,40,3.242475
504,40,421.899841
514,40,4.342911
515,40,15.196369
520,40,129.735779
521,40,14.759647
522,40,17.226841
523,40,11.420716
524,40,2.0879
408,41,4.172095
409,41,1.359063
412,41,3.935135
413,41,4.489293
414,41,7.491903
490,41,7.208133
491,41,3.242475
504,41,86.399826
514,41,6.743008
515,41,10.381848
520,41,34.315304
521,41,19.31662
522,41,4.514084
523,41,1.904601
470,661,3.504372
471,661,3.504372
473,661,3.477176
474,661,3.477176
475,661,3.59287
476,661,1.990706
481,661,1.36922
483,661,2.081452
484,661,1.67661
497,661,22.227392
498,661,21.287157
499,661,8.316042
500,661,9.77638
460,662,3.189328
461,662,5.692856
462,662,4.463561
463,662,8.162848
475,662,2.155709
476,662,28.373575
485,662,70.226913
486,662,17.37949
487,662,24.780037
488,662,22.736706
489,662,27.248978
490,662,28.634333
491,662,33.024193
497,662,1.194685
500,662,5.359923
501,662,18.345921
408,42,1.957595
413,42,4.489293
414,42,3.543805
490,42,7.71851
491,42,3.608012
514,42,4.499623
515,42,11.345144
520,42,31.052879
521,42,18.127846
522,42,5.751564
526,42,3.762735
408,43,1.957595
490,43,7.71851
491,43,7.202764
492,43,2.041414
505,43,100.0
514,43,4.488753
515,43,10.327688
521,43,30.573519
522,43,9.85296
523,43,1.938665
526,43,2.385194
439,663,1.631736
440,663,4.104632
441,663,1.600717
476,663,3.154738
485,663,47.782135
486,663,14.307447
487,663,9.860754
488,663,7.818729
489,663,9.564109
490,663,14.469315
491,663,33.585682
497,663,1.161417
498,663,1.188739
500,663,2.040198
501,663,1.580436
522,663,873.336853
476,664,1.978295
485,664,73.743324
486,664,26.00367
487,664,12.937691
488,664,6.165649
489,664,5.535146
490,664,15.133766
491,664,62.891209
504,664,138.512833
505,664,481.302002
506,664,333.457977
507,664,649.288391
508,664,1087.369385
522,664,601.666504
490,44,30.375252
491,44,8.473745
492,44,2.041414
502,44,37.0
509,44,1.170654
514,44,4.488753
515,44,8.149632
521,44,34.978321
522,44,18.092949
523,44,4.348693
408,45,1.10274
490,45,16.979515
491,45,4.153566
509,45,1.170654
514,45,1.803553
515,45,5.298088
521,45,45.61203
522,45,19.805399
523,45,5.028214
485,665,96.737617
486,665,63.588432
487,665,20.904755
488,665,432.108459
489,665,82.068657
490,665,31.665844
491,665,92.940033
504,665,162.021255
505,665,101.81234
506,665,229.534805
470,666,7.919731
471,666,6.482944
472,666,20.103958
473,666,20.414593
474,666,16.390598
475,666,28.632866
476,666,49.648407
477,666,269.14621
485,666,75.953026
486,666,29.426493
487,666,248.121262
488,666,233.919266
489,666,18.61326
490,666,21.957327
491,666,34.687984
504,666,261.906067
505,666,428.06662
506,666,57.983955
470,667,4.893682
471,667,13.089611
472,667,15.805111
473,667,14.099593
474,667,19.545776
475,667,36.662827
476,667,94.220139
486,667,39.836273
487,667,183.496902
488,667,24.155083
489,667,6.483945
490,667,6.509924
496,667,96.543121
497,667,92.339279
498,667,127.833633
499,667,89.517532
500,667,195.972534
501,667,1098.166138
502,667,1007.659729
505,667,287.503082
506,667,93.381912
507,667,184.713928
490,46,5.206002
491,46,2.223204
513,46,1.069567
515,46,11.968688
521,46,50.289707
522,46,15.16165
523,46,5.53619
524,46,1.125781
489,47,31.029028
490,47,13.37916
491,47,1.441887
515,47,7.41924
521,47,67.593292
522,47,30.867929
523,47,7.215198
524,47,1.031987
485,668,158.28952
488,668,639.44397
489,668,5.845795
490,668,7.525303
491,668,45.391731
497,668,449.349396
498,668,421.580994
499,668,573.184082
500,668,484.937408
501,668,593.638184
507,668,183.845917
508,668,1371.851929
408,48,1.264291
489,48,42.788219
490,48,6.229449
515,48,5.687608
516,48,14.447513
521,48,67.593292
522,48,41.075985
523,48,7.215198
524,48,1.056601
526,48,4.27166
527,48,13.314367
444,669,39.49667
445,669,93.360542
446,669,77.891335
447,669,7.379561
448,669,3.63645
466,669,17.182259
467,669,18.795795
468,669,16.669119
469,669,7.163848
470,669,17.186714
471,669,10.167186
472,669,10.817322
473,669,15.732618
474,669,20.710712
475,669,62.203602
490,669,27.220703
491,669,40.339695
492,669,37.83783
493,669,41.060753
509,669,2146.252197
409,49,1.048193
410,49,1.065278
492,49,3.243817
493,49,1.239892
504,49,1.071429
516,49,8.105769
522,49,28.275217
523,49,15.173706
524,49,1.061183
526,49,2.26242
527,49,6.012858
528,49,8.440966
409,50,2.474947
410,50,7.959532
411,50,5.552448
412,50,1.40611
491,50,3.983536
492,50,2.870223
493,50,7.001417
494,50,2.543138
495,50,1.190484
506,50,1.898221
516,50,4.670537
522,50,38.931507
523,50,11.534392
524,50,1.172408
526,50,2.17378
527,50,3.607592
442,670,2.612386
443,670,18.813253
444,670,50.286751
445,670,7.596836
446,670,12.091778
447,670,3.311535
448,670,3.179261
449,670,3.554881
450,670,3.842706
466,670,82.141083
467,670,8.068127
468,670,6.134259
469,670,6.557145
470,670,5.264033
471,670,4.52475
472,670,5.617869
473,670,10.9214
474,670,19.675209
475,670,157.768188
408,51,4.145511
409,51,8.347018
410,51,16.528326
411,51,34.197205
412,51,18.466373
413,51,3.297013
491,51,33.00732
492,51,45.956413
493,51,17.648716
494,51,9.028309
495,51,3.174087
504,51,1.143496
505,51,2.476824
506,51,6.458195
516,51,12.769095
522,51,61.476982
523,51,18.142694
524,51,2.663945
527,51,6.332946
444,671,1.934705
445,671,8.573385
446,671,14.961128
447,671,8.307652
450,671,1.245333
407,52,19.940117
408,52,26.112297
409,52,54.663071
410,52,55.596077
411,52,46.824841
412,52,71.249825
413,52,64.764046
414,52,6.170467
493,52,36.665897
494,52,15.800279
495,52,5.104785
496,52,1.550728
501,52,1.612921
504,52,12.219825
505,52,12.123761
506,52,18.830183
509,52,1.329769
512,52,1.734141
513,52,1.712977
516,52,7.194741
522,52,64.685738
523,52,21.562813
524,52,2.663945
526,52,4.059958
527,52,6.6581
445,672,1.579022
446,672,1.260298
449,672,3.995407
408,53,70.520607
409,53,109.037903
410,53,140.131439
411,53,201.2724
412,53,246.576157
413,53,225.04126
414,53,361.770569
493,53,23.037868
494,53,14.395536
495,53,8.305395
496,53,5.800688
497,53,3.64845
498,53,1.500827
499,53,2.332403
500,53,2.062548
501,53,3.110196
502,53,4.439099
503,53,4.267844
504,53,17.764759
505,53,43.411339
506,53,27.166271
507,53,28.982479
508,53,1.891122
509,53,2.689785
510,53,2.034333
511,53,3.100079
512,53,3.60757
513,53,6.05997
515,53,4.402704
516,53,7.194741
521,53,40.132835
522,53,26.897161
523,53,9.33562
524,53,2.787574
526,53,4.020485
527,53,6.574342
444,673,1.263158
445,673,1.300405
446,673,2.287262
447,673,1.310712
448,673,1.023647
449,673,1.205683
450,673,1.256832
494,54,24.548386
495,54,27.879175
496,54,14.669439
497,54,5.170553
498,54,2.062548
499,54,4.439099
500,54,10.180044
501,54,15.252866
502,54,8.114079
503,54,8.114079
504,54,38.767708
505,54,24.378094
508,54,5.897
509,54,14.380039
510,54,7.663918
511,54,8.109344
512,54,20.182194
513,54,10.148264
514,54,5.797744
515,54,2.052521
516,54,1.367277
521,54,45.738426
522,54,47.190269
523,54,6.45361
524,54,5.435154
527,54,6.560781
493,55,73.214218
494,55,14.344025
495,55,39.656708
496,55,24.137207
497,55,10.942561
498,55,4.309222
499,55,12.835126
500,55,27.563017
501,55,15.439756
502,55,132.850494
503,55,49.467087
508,55,10.662863
509,55,31.089787
510,55,54.66341
511,55,46.178661
512,55,70.955338
513,55,21.249628
514,55,10.102209
515,55,2.197131
516,55,2.57285
522,55,83.256226
523,55,30.387476
524,55,8.713957
525,55,1.375565
441,674,15.183955
442,674,13.444768
443,674,7.62193
449,674,3.834401
450,674,16.373001
451,674,18.937382
441,675,157.376312
442,675,3.394805
443,675,1.151739
449,675,4.833882
450,675,15.847715
451,675,8.312834
495,56,45.585075
496,56,14.344025
497,56,34.423668
498,56,8.114079
499,56,11.909509
500,56,45.566833
509,56,54.659695
514,56,22.456694
515,56,12.599047
516,56,1.983181
522,56,133.82605
523,56,63.760483
524,56,21.959068
525,56,5.275263
527,56,6.990113
496,57,80.538551
497,57,15.696369
498,57,11.909509
499,57,43.603634
515,57,24.918694
516,57,2.982998
522,57,101.040588
523,57,65.086853
524,57,10.016027
526,57,12.750597
527,57,7.16681
441,676,7.731339
442,676,4.7424
443,676,2.387121
449,676,6.535524
450,676,17.267948
451,676,4.530356
497,58,30.225864
498,58,11.318708
441,677,14.348446
442,677,5.157569
449,677,4.758423
450,677,16.679207
451,677,6.696774
497,59,60.028717
500,59,19.54315
404,372,22.908413
526,372,4.605759
527,372,2.813037
405,373,25.120058
406,373,21.481403
526,373,13.196462
440,679,74.199776
441,679,164.993164
407,374,23.556173
408,374,18.311184
409,374,24.403038
410,374,28.410709
500,61,38.75029
410,375,32.387367
439,680,237.777588
440,680,34.378544
441,680,60.465294
442,680,50.409126
446,680,119.495674
439,681,139.34082
440,681,39.790909
441,681,38.347668
442,681,16.858873
443,681,40.570385
444,681,60.09491
445,681,58.601433
446,681,45.003292
459,681,2.350957
461,681,1.679321
464,681,1.631807
467,681,1.550284
443,682,15.081853
444,682,24.734055
445,682,43.619942
447,682,21.412039
469,682,5.412475
469,683,3.521925
515,68,11.700954
516,68,6.177236
517,68,15.778918
519,68,18.20718
520,68,10.445931
437,381,2.824856
436,382,1.160237
437,382,1.868304
438,382,4.309322
494,69,8.012675
495,69,26.524454
515,69,13.178501
516,69,7.610609
517,69,10.408149
518,69,4.357354
519,69,10.252124
520,69,15.388828
494,70,3.239152
495,70,6.048276
515,70,16.094852
516,70,7.582078
517,70,5.741098
518,70,13.352924
437,383,1.250139
438,383,16.051968
439,383,51.080849
435,384,4.713012
436,384,1.880997
438,384,7.676333
439,384,5.931657
526,384,73.967972
527,384,15.720638
542,384,3.976607
580,384,2.353588
491,71,38.614716
494,71,1.935482
498,71,6.167852
515,71,2.587229
516,71,8.024317
437,385,1.219191
439,385,2.363927
440,385,9.480312
441,385,46.768608
526,385,4.190353
527,385,20.472229
528,385,1.136305
535,385,3.960142
542,385,1.120779
491,72,10.630957
492,72,9.445765
493,72,5.059321
494,72,1.578503
497,72,6.305324
499,72,1.530736
513,72,52.018311
514,72,43.288784
428,386,39.892075
437,386,1.163155
440,386,1.155371
441,386,14.269815
500,386,16.730516
501,386,9.177214
502,386,5.528399
503,386,3.722036
504,386,13.348741
514,386,27.342211
515,386,68.489807
526,386,25.463259
527,386,6.999464
534,386,1.942495
582,386,4.373077
583,386,2.676847
476,73,13.634523
477,73,182.214996
478,73,124.146301
492,73,4.611628
497,73,8.737106
498,73,3.82894
499,73,1.812099
511,73,100.968231
512,73,60.22134
513,73,46.933174
514,73,38.13731
476,74,5.547597
477,74,33.45932
478,74,3.409263
492,74,1.559228
498,74,24.887804
499,74,2.577385
510,74,41.804462
511,74,40.360207
512,74,28.801157
513,74,29.256079
514,74,24.570047
425,387,21.779697
430,387,39.207809
441,387,1.808407
442,387,37.358894
443,387,55.654388
501,387,2.875209
502,387,3.408439
503,387,4.54499
504,387,5.741008
505,387,29.950436
506,387,13.34567
507,387,51.178844
508,387,2.1013
527,387,3.008136
528,387,5.87626
583,387,2.080804
423,388,20.071102
425,388,10.501576
426,388,9.41527
427,388,7.025301
431,388,8.414307
444,388,3.421423
501,388,1.289857
503,388,1.826226
504,388,1.691124
515,388,1.405582
516,388,2.146505
517,388,5.83218
518,388,21.104826
527,388,3.07783
529,388,3.038441
530,388,1.158429
531,388,1.163917
532,388,1.158429
533,388,1.156848
534,388,1.177997
535,388,1.205372
536,388,1.110066
537,388,9.205138
538,388,15.072941
547,388,5.174138
499,75,932.635193
507,75,28.552544
513,75,18.054132
514,75,23.307367
504,76,7.073204
505,76,3.823851
506,76,1.822903
507,76,4.556099
508,76,1.765389
509,76,5.844263
510,76,6.258327
511,76,8.405053
512,76,7.721178
513,76,10.954413
514,76,13.216903
515,76,6.574829
516,76,2.255657
423,389,6.10605
424,389,19.411688
425,389,5.985426
426,389,8.652106
427,389,73.59626
433,389,30.269875
529,389,1.535961
537,389,1.739678
538,389,13.7017
539,389,6.304223
543,389,1.731114
547,389,3.009358
548,389,1.588967
426,390,13.732458
435,390,10.960503
437,390,36.53521
438,390,58.755619
513,390,2.569501
516,390,1.38809
517,390,1.147067
518,390,4.091235
519,390,1.038843
528,390,1.083024
538,390,1.076153
539,390,5.129038
541,390,2.361861
547,390,1.225214
548,390,1.25931
584,390,1.521053
585,390,15.939352
477,77,3.302548
478,77,120.387901
504,77,1.053056
505,77,1.508051
507,77,1.271677
509,77,6.57211
510,77,2.697768
511,77,3.461855
512,77,4.707692
513,77,4.419727
514,77,1.888997
515,77,1.91882
482,78,23.559381
483,78,26.694653
504,78,66.966682
505,78,27.433413
506,78,10.463997
507,78,4.166723
510,78,1.419006
511,78,1.222626
512,78,4.0016
513,78,2.462524
514,78,1.91882
505,79,8.279577
506,79,5.687445
507,79,4.874182
508,79,1.273138
510,79,1.614991
511,79,2.798297
512,79,3.462524
513,79,1.982442
426,391,14.613757
427,391,5.452544
504,391,1.080983
510,391,2.969976
518,391,6.357435
519,391,2.642545
539,391,5.938196
542,391,2.804405
549,391,1.276288
585,391,93.001099
428,392,82.607849
518,392,1.126378
519,392,1.014513
541,392,1.146983
542,392,1.402826
547,392,1.365398
495,80,4.819471
504,80,184.116882
505,80,92.919067
506,80,33.182903
507,80,16.735634
508,80,5.709631
511,80,1.447273
512,80,1.589407
495,81,12.613119
496,81,5.738489
504,81,113.918854
505,81,36.912762
506,81,17.628567
507,81,10.611623
510,81,1.315816
511,81,3.641438
435,393,21.792509
436,393,16.519724
504,393,2.217365
541,393,1.151179
547,393,1.365398
505,82,154.398956
506,82,26.616802
507,82,14.907837
508,82,9.390165
509,82,2.676168
510,82,2.286323
511,82,2.112259
424,394,1.231945
435,394,52.075569
436,394,19.566628
450,394,2.52772
451,394,21.187975
515,394,1.202206
519,394,5.579519
541,394,1.146983
542,394,1.395195
547,394,1.703727
505,83,30.308172
506,83,12.170076
507,83,9.18676
508,83,2.521828
509,83,4.342897
510,83,4.467833
425,395,2.625432
446,395,13.543764
447,395,4.842962
448,395,13.341109
449,395,7.071315
452,395,36.397644
503,395,1.259164
519,395,1.649213
423,396,2.979907
426,396,1.716702
529,396,1.33208
556,396,1.3895
558,396,5.084198
559,396,11.127164
585,396,5.913758
586,396,5.029174
587,396,6.2383
505,84,51.627762
506,84,14.2546
507,84,6.934868
508,84,3.770687
509,84,5.112379
402,397,92.177567
422,397,2.129807
423,397,3.150996
424,397,1.64127
556,397,1.416359
580,397,4.25999
581,397,17.8748
582,397,21.156168
584,397,75.858719
585,397,69.8255
586,397,58.217945
507,85,13.014957
508,85,7.108181
420,398,2.361175
505,398,1.826262
507,398,1.322576
535,398,1.884514
562,398,1.206885
580,398,12.893908
434,86,12.591259
503,86,109.945946
507,86,16.633842
431,87,17.063499
432,87,26.382187
433,87,12.233768
536,399,1.201232
540,399,1.803303
519,400,3.799471
578,400,18.172354
580,400,8.384832
581,400,2.065828
582,400,5.120885
583,400,14.821814
584,400,14.140388
430,88,17.372967
431,88,14.584478
432,88,10.248949
578,401,4.508545
584,401,1.627752
585,401,11.220907
586,401,1.922554
587,401,7.031457
588,401,10.818904
431,89,5.686764
578,402,1.090286
586,402,4.458738
587,402,17.783476
534,403,1.732277
537,403,1.126386
543,403,4.467381
578,403,2.34821
579,403,1.266356
580,403,1.336474
585,403,1.085681
431,94,24.524008
432,94,6.920222
543,404,1.211282
576,404,2.556271
580,404,1.106933
512,405,4.304403
514,405,18.008158
543,405,3.59198
576,405,1.804585
580,405,1.177335
582,405,2.66491
583,405,1.536416
584,405,1.417755
585,405,1.656682
432,95,4.604278
429,96,7.354743
430,96,4.528306
509,406,6.758231
515,406,4.919252
576,406,2.018456
508,407,1.85124
544,407,2.550517
576,407,3.588714
576,408,6.144502
504,409,3.782074
505,409,1.178094
549,409,1.191873
550,409,2.224732
578,409,1.170329
581,409,10.538457
417,99,116.549133
532,410,2.056142
562,410,1.439896
564,410,1.278761
575,410,2.04605
583,410,14.489004
584,410,17.287481
585,410,16.157213
417,100,37.378922
564,411,1.173104
577,411,1.166487
578,411,2.833725
583,411,6.02024
584,411,7.039187
585,411,12.766486
586,411,7.769151
418,102,107.634308
550,412,1.922332
554,412,2.366038
555,412,2.306729
559,412,4.939389
564,412,1.890739
574,412,7.506237
577,412,2.670014
583,412,1.094772
585,412,2.812554
418,103,46.415684
498,103,178.893463
499,103,20.619347
501,103,3.980766
502,103,7.359359
559,413,1.259359
560,413,1.184504
563,413,9.382565
575,413,1.692635
496,104,8.369804
498,104,184.436798
499,104,58.2897
500,104,3.554165
501,104,5.927726
502,104,6.950738
503,104,9.990198
563,414,1.262388
582,415,1.274302
566,416,2.971954
567,416,3.205514
495,105,18.763256
496,105,18.433435
497,105,93.491203
499,105,9.136677
500,105,8.014264
501,105,13.042296
502,105,7.367733
493,106,43.06076
495,106,4.285235
496,106,4.53756
497,106,18.148787
499,106,7.859478
547,417,1.142108
429,107,13.39828
430,107,15.329983
431,107,21.122252
432,107,4.960414
433,107,4.502575
434,107,25.862953
435,107,5.827464
436,107,6.793787
492,107,89.31163
493,107,6.6046
497,107,16.895256
499,107,14.528597
502,107,6.076818
503,107,9.1868
510,418,2.126823
517,418,1.261541
547,418,3.240052
551,418,3.236423
574,418,1.155756
425,108,4.54706
426,108,4.161677
429,108,3.175426
430,108,5.015579
431,108,4.79514
432,108,2.010864
433,108,2.465963
434,108,2.403703
435,108,7.221267
436,108,9.145377
491,108,52.990959
492,108,7.106736
493,108,3.218245
494,108,3.317736
495,108,1.293309
496,108,6.176838
497,108,2.982221
498,108,2.733446
501,108,11.986262
502,108,15.929791
414,109,22.624752
429,109,2.153466
430,109,2.153466
431,109,1.317246
491,109,56.7243
492,109,23.10709
493,109,3.479267
498,109,1.039626
500,109,38.408253
501,109,11.825863
502,109,11.062647
510,419,1.38393
414,110,10.708706
501,110,7.896954
502,110,2.596327
483,420,37.39864
511,420,2.270833
540,420,5.660938
543,420,2.031639
547,420,1.467036
548,420,1.098445
549,420,1.998298
550,420,1.753331
556,420,1.048415
558,420,63.165901
574,420,1.099179
575,420,1.139953
576,420,20.452446
577,420,39.386253
414,111,18.413046
501,111,7.999934
502,111,4.992743
512,421,278.0
513,421,1.049087
564,421,1.014052
574,421,4.493226
577,421,55.155968
484,422,8.40611
512,422,98.0
514,422,1.561538
515,422,1.108779
537,422,1.98096
540,422,2.39098
557,422,1.037737
578,422,72.815857
579,422,57.922058
580,422,43.438698
581,422,13.454824
511,423,1.204464
513,423,2.0
531,423,10.401434
537,423,2.492104
538,423,4.921495
414,112,3.451071
425,112,11.53925
426,112,5.74358
427,112,3.293995
502,112,20.232262
413,113,11.884914
414,113,14.78569
502,113,14.044888
485,424,3.50611
531,424,9.897449
538,424,1.64879
576,424,1.509273
512,425,1.923405
516,425,1.135859
517,425,4.132216
413,114,12.095818
414,114,10.674644
413,115,13.96104
414,115,3.753556
431,115,239.929092
498,115,1.080735
499,115,1.044334
531,426,1.062412
531,427,2.124153
546,427,1.925434
547,427,1.289159
413,116,11.142591
493,116,14.809374
494,116,12.213528
495,116,3.918126
497,116,1.214131
498,116,1.133651
499,116,1.028337
502,116,26.70516
503,116,2.696985
413,117,11.490783
414,117,8.688089
426,117,7.915841
427,117,8.401315
428,117,1.896645
430,117,1.243779
433,117,1.101426
436,117,17.377859
437,117,13.346301
494,117,12.0758
495,117,6.595414
496,117,2.538462
498,117,3.181948
499,117,4.917459
500,117,1.263202
502,117,22.631184
503,117,23.300232
485,428,1.347733
531,428,2.609834
547,428,2.760844
413,118,9.683685
414,118,3.551589
426,118,5.005886
427,118,2.24137
428,118,2.388462
434,118,2.991465
435,118,8.129508
436,118,34.422878
494,118,18.956274
495,118,1.739598
498,118,6.860387
499,118,6.00094
500,118,1.143156
501,118,2.134687
503,118,7.223743
512,429,1.224621
514,429,1.73793
515,429,2.114714
516,429,2.104463
531,429,2.609834
413,119,11.464155
427,119,3.06636
434,119,12.852569
493,119,13.538025
494,119,3.896713
495,119,2.317724
498,119,10.669038
412,120,15.024895
413,120,17.808392
431,120,3.39441
432,120,6.613495
434,120,5.774532
435,120,2.772889
494,120,20.95196
495,120,2.826701
496,120,1.507577
497,120,1.066879
498,120,4.27744
516,430,5.00832
531,430,21.551945
512,431,1.399849
512,432,2.928616
530,432,2.74685
411,121,34.4813
412,121,21.406828
413,121,21.831091
429,121,1.034577
431,121,4.493779
432,121,8.310474
433,121,4.704876
434,121,1.041061
494,121,24.224216
495,121,6.717868
496,121,1.727968
497,121,2.707472
498,121,10.961808
530,433,2.808493
405,122,63.703026
428,122,17.742786
431,122,4.325508
432,122,8.442855
433,122,6.406833
496,122,3.227532
497,122,17.122507
499,122,4.033386
530,434,4.184305
538,434,44.143188
401,123,35.544292
432,123,6.936631
434,123,79.794487
435,123,45.398827
496,123,20.559311
497,123,5.020029
498,123,7.480189
472,435,1.159331
480,435,3.405886
482,435,10.953324
513,435,24.941074
514,435,6.65595
515,435,3.012126
516,435,2.991918
517,435,10.545915
530,435,4.932311
531,435,3.988718
537,435,3.538429
538,435,19.69792
497,124,18.684784
498,124,26.853195
472,436,2.054256
481,436,6.374122
482,436,3.032348
512,436,20.399611
513,436,1.633188
530,436,2.905208
531,436,36.946999
537,436,6.130073
538,436,12.928964
539,436,6.485931
540,436,18.918226
541,436,39.664261
482,437,6.365761
514,437,1.382638
515,437,2.270491
516,437,1.136555
518,437,36.346848
530,437,8.619565
531,437,6.324691
537,437,3.820788
539,437,3.01425
540,437,7.841733
541,437,7.06981
511,438,7.040005
515,438,5.074134
516,438,1.012003
518,438,14.033023
537,438,4.862107
516,439,1.114559
518,439,14.074826
549,439,122.065918
550,439,78.559967
551,439,112.502029
552,439,148.671494
553,439,114.050995
554,439,106.875572
555,439,118.350334
556,439,70.122017
513,440,1.296477
518,440,3.234915
549,440,21.788782
550,440,63.02433
551,440,25.910282
552,440,27.88327
553,440,42.641273
554,440,33.304287
555,440,30.195242
556,440,35.691704
480,441,2.259287
482,441,2.777913
485,441,4.573936
487,441,1.560763
489,441,4.031075
512,441,1.104473
514,441,2.908793
518,441,5.816076
549,441,10.643683
550,441,8.833173
551,441,18.348547
552,441,29.52825
553,441,31.103418
554,441,23.139109
555,441,26.553867
556,441,27.945847
557,441,21.341373
558,441,20.417238
483,442,1.226181
484,442,1.239267
485,442,1.814909
486,442,4.100717
487,442,1.449421
489,442,2.419049
514,442,1.131361
517,442,1.502639
518,442,4.460798
530,442,1.463229
531,442,9.017344
532,442,9.017344
533,442,3.132072
534,442,1.782564
535,442,2.28689
536,442,2.383338
537,442,1.519176
538,442,3.356922
539,442,6.722288
549,442,10.216216
550,442,4.346409
551,442,40.435989
552,442,32.151413
553,442,20.045834
554,442,9.955171
555,442,9.641602
556,442,11.622286
557,442,6.023177
558,442,13.959122
489,443,6.203578
513,443,1.541236
517,443,5.796036
518,443,4.460798
530,443,4.303249
531,443,12.122142
532,443,1.56104
534,443,1.132104
535,443,1.2819
536,443,4.884675
539,443,1.401898
549,443,12.237149
550,443,12.639793
551,443,124.723022
556,443,11.024297
557,443,13.261532
558,443,19.751577
513,444,1.453849
516,444,5.81056
517,444,3.083809
518,444,27.367458
530,444,10.906482
549,444,9.878116
550,444,10.569772
558,444,19.155605
407,445,17.953735
408,445,19.724539
409,445,8.330424
410,445,5.803856
494,445,67.173836
529,445,12.67408
549,445,13.198256
550,445,24.918312
558,445,133.904892
406,446,72.461784
407,446,9.665234
408,446,4.592644
409,446,16.827206
410,446,4.537437
411,446,7.18106
494,446,28.853092
495,446,57.231678
512,446,1.482435
515,446,1.400953
516,446,8.872521
517,446,8.886402
549,446,9.467672
550,446,18.737263
556,446,1.224973
557,446,5.048401
558,446,150.680084
406,447,3.239814
408,447,1.240526
409,447,2.470257
410,447,2.953199
411,447,2.870605
495,447,6.038853
512,447,3.856173
517,447,65.742714
529,447,8.404989
530,447,3.193285
531,447,5.817523
532,447,1.800594
533,447,10.402924
549,447,9.573365
550,447,44.334511
556,447,1.483121
557,447,1.70447
406,448,3.541404
407,448,1.339254
408,448,1.120229
409,448,1.24943
410,448,1.277445
411,448,5.452496
488,448,3.823439
489,448,20.721241
495,448,21.529238
513,448,3.501201
514,448,2.57097
515,448,9.816264
516,448,38.097931
517,448,2.842803
532,448,18.113146
549,448,9.934962
550,448,26.262114
556,448,1.434713
557,448,1.034505
484,449,2.950241
485,449,1.600491
488,449,2.480884
489,449,5.268025
490,449,1.559213
491,449,1.669832
495,449,45.117481
549,449,14.616033
550,449,23.079077
557,449,1.036825
481,450,7.798861
487,450,1.650602
488,450,1.512359
489,450,7.856482
496,450,7.489538
549,450,16.977253
478,451,1.400638
481,451,1.773634
484,451,1.218442
486,451,1.013171
489,451,2.681582
549,451,32.189655
550,451,103.452957
557,451,1.99039
407,452,4.79693
428,452,1.923468
496,452,16.746813
535,452,9.271502
549,452,24.422752
491,453,10.79565
497,453,15.524092
534,453,10.852025
549,453,31.406261
441,454,1.566163
444,454,1.125789
449,454,1.109204
451,454,25.414553
491,454,7.42651
534,454,11.058491
549,454,31.684156
407,455,6.786496
408,455,7.884476
409,455,4.587866
474,455,1.015379
491,455,4.818829
534,455,10.71216
548,455,56.346016
549,455,73.650612
407,456,3.915869
408,456,8.768307
409,456,4.677462
410,456,2.492194
411,456,5.477152
420,456,9.17968
421,456,4.307638
425,456,2.71205
429,456,1.806575
491,456,8.276921
497,456,22.932144
534,456,8.150249
548,456,64.867134
549,456,9.657
483,457,1.034756
489,457,5.706068
497,457,19.222254
534,457,8.329389
548,457,261.665375
549,457,97.505501
420,458,51.952469
488,458,1.003464
489,458,2.812587
534,458,18.446154
549,458,10.789662
489,459,3.660511
549,459,10.22382
450,460,1.916431
451,460,26.797152
453,460,1.482956
460,460,2.507423
490,460,8.377825
514,460,8.989971
534,460,4.735927
443,461,6.399789
444,461,1.67614
445,461,2.725462
446,461,2.583774
447,461,2.365865
448,461,2.365865
451,461,1.964662
453,461,4.56288
457,461,1.754858
460,461,1.780068
461,461,1.128884
496,461,1.409299
534,461,18.408484
443,462,1.198944
494,462,1.938802
409,463,5.272072
410,463,2.301342
411,463,3.623151
412,463,1.581659
413,463,1.101982
414,463,7.490008
415,463,24.630215
452,463,1.120261
457,463,2.061101
493,463,2.62894
494,463,4.53717
407,464,13.313301
408,464,16.136711
413,464,7.154504
414,464,5.98255
423,464,3.821374
424,464,1.182498
434,464,1.296832
442,464,1.063471
443,464,1.306805
445,464,1.062337
446,464,1.31791
453,464,1.334769
493,464,2.138484
494,464,5.307607
495,464,8.21909
549,464,16.775063
497,465,10.523024
490,466,7.022687
493,468,4.644707
494,468,2.766831
494,469,4.319108
441,470,2.153734
446,470,3.101388
447,470,2.15623
448,470,1.435848
450,470,1.044732
455,470,1.654012
456,470,2.582486
457,470,4.504277
458,470,1.00168
459,470,1.00168
460,470,1.476702
461,470,4.048924
462,470,1.087034
463,470,2.129223
435,161,85.303848
421,471,20.80196
422,471,7.59757
425,471,1.107312
430,471,1.886974
431,471,1.030823
433,471,1.288106
443,471,2.529011
451,471,2.747511
458,471,3.10478
421,472,5.694141
424,472,1.75912
426,472,1.579755
427,472,2.749883
433,472,1.010681
434,472,1.162463
435,472,1.129928
420,473,9.767697
421,473,2.427644
422,473,1.930717
423,473,1.998898
427,473,3.732896
428,473,2.494745
432,473,1.000168
477,473,1.419219
478,473,2.052328
480,473,5.327438
481,473,5.294148
482,473,6.412893
484,473,1.794575
420,163,45.419147
426,163,12.951702
427,163,5.082253
428,163,20.290936
432,163,17.35952
433,163,6.910614
434,163,11.426544
435,163,15.304465
432,474,1.48109
475,474,4.163408
476,474,5.44916
477,474,2.220331
480,474,1.486068
481,474,1.981145
480,475,1.040674
479,476,3.108477
480,476,1.411553
442,478,7.660285
443,478,6.34094
444,478,5.619242
443,479,4.028631
444,479,1.799631
445,479,2.348476
446,479,3.800301
451,479,5.300146
452,479,1.1406
499,479,5.60174
422,480,4.710764
423,480,4.802135
424,480,1.615664
432,480,1.136709
433,480,1.056141
441,480,2.012968
442,480,2.699406
443,480,2.481571
444,480,2.792649
445,480,3.586052
446,480,3.605796
447,480,2.750289
448,480,3.131484
449,480,4.248713
450,480,3.151831
451,480,3.406102
423,481,6.434008
425,481,1.658555
426,481,1.35151
427,481,1.049806
429,481,1.284137
400,171,1.120726
401,171,4.010802
402,171,12.095938
405,171,9.066187
406,171,10.292187
410,172,20.607365
437,172,82.898872
438,172,18.330254
439,172,19.157415
440,173,10.653432
408,174,6.762712
440,174,1.790272
444,486,1.972448
461,486,25.036919
462,486,21.885273
426,487,3.136611
463,487,1.193659
423,488,1.466844
424,488,1.544017
425,488,1.28903
426,488,1.21109
427,488,2.072524
428,488,2.849231
429,488,4.044998
430,488,1.652197
431,488,1.03722
435,488,1.21928
436,488,2.608349
442,488,1.714839
447,488,1.622896
448,488,1.098462
422,489,12.120418
424,489,5.371821
425,489,5.924874
426,489,4.075559
427,489,5.413288
428,489,5.107762
429,489,3.939266
430,489,4.660653
431,489,4.059814
433,489,1.954808
434,489,2.470203
435,489,5.929842
436,489,19.108248
442,489,7.615551
443,489,3.04424
431,490,4.755902
439,490,2.796264
440,490,3.227396
396,183,3.333906
455,183,1.450037
461,185,19.874371
462,185,1.23282
461,186,2.554509
462,186,8.042814
486,186,19.166025
421,187,20.831177
462,187,4.781912
500,187,18.925917
501,187,2.760799
502,187,3.25314
420,188,9.00727
421,188,16.802324
501,188,1.348414
502,188,1.351379
419,189,1.020194
420,189,36.929649
421,189,16.561573
462,190,3.027248
473,190,3.223498
485,190,1.539658
505,190,1.116394
398,191,1.067709
437,191,154.238983
458,191,1.242887
473,191,1.625637
484,191,4.026967
504,191,1.116997
506,191,2.094899
508,191,4.074111
509,191,3.823484
510,191,4.801073
473,192,6.339164
478,192,2.017658
485,192,1.603066
487,192,4.030597
508,192,2.430877
509,192,11.230669
510,192,8.079365
459,193,1.924804
473,193,4.092242
474,193,2.439239
478,193,2.733272
479,193,1.885665
485,193,1.131006
486,193,2.012072
505,193,3.351082
508,193,1.83072
509,193,51.467564
510,193,6.415073
511,193,5.194491
465,194,3.283807
466,194,11.673159
473,194,1.060513
479,194,1.476575
485,194,8.543431
486,194,1.244628
487,194,3.017961
507,194,1.15323
511,194,2.521083
460,195,2.684848
474,195,2.393386
475,195,1.210438
487,195,1.090193
506,195,1.988613
512,195,1.756778
514,195,40.916821
460,196,2.202615
467,196,1.749141
474,196,5.158118
475,196,1.286586
486,196,2.084365
487,196,1.671662
488,196,1.326234
490,196,18.132895
510,196,1.089768
514,196,92.03286
489,197,1.561192
511,197,19.143833
512,197,12.387787
432,198,14.336884
467,198,1.018159
481,198,3.381382
488,198,1.059422
509,198,1.27416
510,198,6.073743
406,199,6.886549
407,199,4.046278
411,199,1.086788
413,199,3.766617
467,199,3.971382
480,199,1.331553
481,199,3.192861
482,199,1.812592
488,199,2.058789
489,199,1.721335
508,199,1.952713
509,199,2.252856
400,200,6.380765
401,200,1.487526
402,200,11.481297
403,200,7.255442
404,200,3.115376
468,200,4.184858
476,200,3.392161
477,200,2.054819
478,200,1.766633
480,200,1.758957
482,200,1.013312
483,200,1.357179
493,200,1.324355
403,201,1.635999
415,201,21.931107
460,201,1.880359
468,201,2.294315
469,201,3.817306
475,201,4.722519
476,201,1.32939
482,201,1.150309
483,201,1.595812
488,201,2.674221
489,201,1.399692
493,201,1.27487
458,202,2.196713
460,202,1.61181
469,202,1.342854
476,202,1.04916
477,202,1.045708
478,202,2.036722
483,202,1.143387
489,202,1.222018
490,202,1.224237
493,202,1.320673
494,202,2.991505
495,202,1.785949
477,203,1.01423
479,203,1.508326
484,203,1.577694
491,203,1.002087
469,204,2.45404
470,204,1.355899
471,204,2.56179
477,204,1.29294
492,204,1.013385
514,204,7.51068
518,204,8.662847
417,516,16.409046
418,516,5.052408
463,205,1.248055
470,205,2.496726
471,205,3.826463
477,205,2.89525
479,205,1.750532
480,205,15.679263
484,205,3.128624
485,205,1.245494
513,205,2.975202
514,205,2.135895
515,205,2.178219
516,205,1.336273
517,205,1.421334
518,205,2.68775
519,205,4.319283
417,517,23.159666
418,517,6.967992
462,206,1.557614
463,206,1.448452
470,206,10.592338
471,206,10.13115
472,206,4.121151
477,206,3.741148
478,206,1.188991
479,206,1.212719
480,206,18.497019
483,206,2.100607
495,206,1.300934
508,206,6.063965
510,206,1.816064
511,206,2.102323
512,206,1.620181
513,206,1.389045
514,206,1.018932
516,206,2.008459
518,206,1.443872
417,518,11.805159
418,518,1.332433
469,207,5.401543
470,207,8.00723
471,207,7.147954
472,207,32.710949
473,207,5.481654
474,207,13.576218
477,207,1.080313
478,207,9.001079
479,207,20.236359
480,207,22.054926
490,207,4.629022
493,207,7.760277
494,207,1.348455
495,207,4.676771
508,207,5.079538
511,207,1.1718
519,207,3.263359
520,207,3.497859
470,208,7.977621
471,208,7.079214
478,208,21.224028
491,208,2.179428
492,208,4.232235
493,208,6.595566
495,208,6.018834
496,208,4.340547
509,208,1.627085
519,208,1.04221
520,208,1.973024
521,208,3.076689
417,519,12.574949
418,519,2.144423
491,209,2.414157
492,209,4.730542
493,209,3.016629
494,209,2.591758
496,209,3.783908
497,209,6.034063
509,209,4.105679
512,209,1.194214
521,209,1.692238
522,209,3.207502
523,209,3.594661
444,522,7.004191
443,523,9.222532
444,523,2.228351
431,524,95.3657
432,524,3.448873
433,524,17.535595
443,524,33.877575
444,524,1.650512
445,524,1.24275
431,525,27.327971
432,525,15.737026
431,526,2.713811
433,526,1.608912
434,528,3.888532
