2102,1817,531.33374
2103,1817,100.718964
2104,1817,198.113281
2105,1817,386.310547
2106,1817,1443.328125
2100,1818,15.5
2101,1818,13.949994
2102,1818,27.699993
2103,1818,27.699993
2104,1818,37.54998
2105,1818,47.199974
2106,1818,563.999878
2100,1819,2.85
2102,1819,1.8
2104,1819,6.3
2105,1819,41.414505
2106,1819,132.121613
2107,1819,413.659119
2100,1820,1.05
2102,1820,1.05
2103,1820,1.05
2104,1820,2.0
2105,1820,8.033333
2106,1820,23.333969
2107,1820,37.720791
2102,1821,1.2
2104,1821,2.2
2105,1821,4.85
2106,1821,3.333333
2107,1821,9.166667
2121,1822,15.472436
2122,1822,90.637802
2120,1823,90.333313
2121,1823,70.527542
2122,1823,201.362183
2120,1824,153.666687
2121,1824,183.0
2122,1824,276.178497
2121,1825,182.5
2122,1825,204.988007
2122,1826,129.078491
2056,1662,7.182914
2057,1662,5.758237
2058,1662,5.027229
2113,1672,1.838418
2115,1673,26.233902
2058,1676,13.104387
2111,1677,207.316071
2112,1677,50.436241
2112,1678,11.001042
2051,1686,23.824181
2047,1687,19.520159
2048,1687,28.224569
2049,1687,21.963213
2050,1687,39.844536
2051,1687,31.765059
2053,1689,167.586212
2054,1689,347.586212
2168,1689,13.711549
2169,1689,34.266838
2165,1690,4.319524
2166,1690,4.463085
2167,1690,4.369565
2168,1690,10.124462
2169,1690,67.478134
2170,1690,159.744736
2147,1691,10.46771
2148,1691,6.331998
2149,1691,28.678154
2165,1691,1.437254
2166,1691,5.334226
2167,1691,5.768188
2169,1691,55.717304
2157,1693,17.172548
2170,1693,3.47273
2149,1694,9.616328
2150,1694,2.144651
2156,1694,2.631536
2158,1694,18.443901
2146,1695,2.144275
2147,1695,2.144275
2148,1695,2.144275
2149,1695,2.144275
2167,1697,15.31074
2156,1698,1.360846
2168,1698,44.137779
2169,1698,63.550903
2156,1699,1.360846
2168,1699,2.557252
2169,1699,17.875227
2139,1700,6.951238
2140,1700,45.992149
2156,1700,1.47847
2169,1700,12.767016
2170,1700,35.638496
2171,1700,220.243164
2139,1701,16.638721
2140,1701,46.364239
2149,1701,45.19709
2151,1701,8.263177
2152,1701,5.59621
2153,1701,24.371359
2154,1701,8.720796
2155,1701,1.424048
2169,1701,17.480682
2170,1701,61.475372
2171,1701,326.47348
2142,1702,40.66637
2145,1702,3.005123
2169,1702,85.796143
2170,1702,201.145386
2075,1703,18.73155
2168,1703,92.296005
2169,1703,88.207054
2168,1704,147.467407
2169,1704,185.961609
2168,1705,419.881805
2169,1705,379.941315
2167,1706,72.491722
2168,1706,329.646179
2167,1707,46.669724
2168,1707,323.905579
2167,1708,46.497772
2168,1708,364.964691
2168,1709,328.718811
2040,1723,3.787876
2067,1723,23.777962
2068,1723,28.739891
2069,1723,28.739891
2070,1723,53.248581
2071,1723,53.493019
2047,1770,8119.827148
2049,1771,3987.5
2050,1771,4207.5
