1400,530,2.150218
1401,530,11.476658
1402,530,6.700844
1405,530,11.75482
1406,530,28.934597
1407,530,15.999881
1408,530,15.536696
1399,531,2.054794
1400,531,14.061683
1405,531,5.306387
1406,531,22.059906
1407,531,16.182653
1408,531,21.932165
1398,532,1.165368
1404,532,1.50347
1405,532,4.750871
1406,532,5.827797
1407,532,5.29064
1408,532,5.507702
1395,534,42.936798
1396,534,6.435547
1397,534,6.296998
1357,535,5.102639
1356,536,19.159618
1357,536,10.176722
1360,536,1.549996
1353,537,1.828454
1352,538,1.461545
1350,539,2.544558
1402,539,48.15921
1403,539,63.188828
1404,539,39.343578
1405,539,88.819267
1406,539,96.253906
1407,539,89.724358
1391,540,50.292751
1392,540,45.194561
1393,540,39.726887
1394,540,36.268677
1395,540,52.036304
1396,540,53.757591
1397,540,3.751266
1399,540,3.45547
1400,540,3.885875
1401,540,59.560207
1403,540,29.859442
1404,540,64.952644
1405,540,76.058357
1390,541,5.488175
1391,541,8.231464
1392,541,4.417379
1393,541,22.980551
1394,541,6.082634
1395,541,10.06563
1396,541,47.773762
1381,542,1.215352
1389,542,5.463894
1430,545,67.419228
1431,545,139.733871
1432,545,196.196732
1433,545,194.555496
1434,545,117.090683
1435,545,37.333652
1436,545,145.741837
1437,545,83.831421
1438,545,99.323151
1430,546,200.065079
1431,546,49.204018
1432,546,81.686028
1433,546,26.349352
1434,546,40.243141
1435,546,48.419048
1436,546,26.461414
1437,546,56.125755
1438,546,42.573212
1439,546,28.451799
1440,546,37.610844
1431,547,140.912033
1432,547,205.301605
1434,547,26.109613
1435,547,18.096783
1436,547,27.527023
1437,547,38.000648
1438,547,24.233047
1439,547,26.59486
1440,547,41.335815
1441,547,42.605701
1436,548,94.304482
1437,548,31.188637
1438,548,51.010521
1408,551,2.332238
1409,551,1.361326
1412,553,1.692165
1413,553,1.495123
1366,554,4.006192
1419,554,11.354472
1465,554,46.323944
1466,554,12.93626
1467,554,20.988655
1468,554,168.037689
1469,554,181.994324
1470,554,175.711426
1471,554,62.757454
1465,555,173.144958
1466,555,53.626431
1467,555,88.053993
1468,555,122.025589
1469,555,80.725861
1464,556,391.645752
1465,556,113.396484
1466,556,40.216328
1467,556,34.354259
1468,556,3.853621
1361,557,4.390824
1463,557,14.814397
1464,557,25.773197
1465,557,24.613827
1466,557,9.406322
1467,557,9.12607
1468,557,6.51719
1408,558,6.821715
1409,558,8.410562
1410,558,7.392999
1411,558,6.557526
1469,558,14.265987
1378,559,22.446075
1404,559,6.503798
1405,559,1.83004
1406,559,2.297954
1407,559,3.148148
1408,559,9.128734
1409,559,6.571469
1410,559,7.885852
1411,559,10.469794
1412,559,17.919777
1413,559,13.383265
1405,560,3.276789
1407,560,3.525594
1408,560,1.314593
1409,560,2.369818
1410,560,4.695887
1411,560,7.021302
1412,560,6.915781
1413,560,7.199966
1454,560,181.774033
1456,560,77.322479
1397,561,2.826488
1408,561,6.964383
1409,561,8.657253
1410,561,6.424189
1411,561,3.178153
1407,562,7.40692
1408,562,10.0292
1409,562,8.527599
1410,562,11.009115
1411,562,15.4388
1412,562,13.773441
1448,563,21.286198
1449,570,10.647964
1472,570,95.410332
1389,571,9.161634
1449,571,2.127854
1471,571,51.280434
1406,572,10.682417
1407,572,11.679007
1408,572,12.651898
1409,572,20.188362
1410,572,8.8841
1411,572,10.477805
1412,572,13.473573
1413,572,6.943667
1449,572,9.053889
1392,573,1.487658
1393,573,5.93338
1395,573,1.95431
1456,574,29.688269
1457,574,50.054264
1458,574,76.389069
1459,574,2.742637
1386,576,15.432451
1382,577,29.465702
1384,577,56.370758
1385,577,14.260659
1386,577,28.80578
1387,577,9.949922
1389,577,3.942676
1390,577,3.478861
1391,577,3.581386
1392,577,7.614797
1383,578,36.105576
1384,578,48.896854
1385,578,10.291452
1386,578,1.280277
1387,578,6.548508
1388,578,9.820403
1383,579,15.669712
1384,579,4.404868
1386,579,7.326619
1387,579,11.288879
1462,579,16.816936
1403,581,1.964281
1404,581,14.249546
1425,581,108.34507
1404,582,15.722632
1405,582,12.854215
1406,582,12.237132
1405,583,1.692565
1406,583,25.587301
1442,583,7.143101
1381,584,5.306641
1405,584,9.126206
1406,584,24.126562
1407,584,17.510958
1408,584,14.684043
1409,584,17.54493
1410,584,16.979013
1411,584,13.664576
1412,584,12.381617
1413,584,20.560627
1395,585,2.31801
1400,585,94.096191
1401,585,91.897552
1402,585,135.765579
1403,585,38.319771
1404,585,27.536455
1405,585,31.61017
1406,585,37.974449
1407,585,33.131226
1408,585,5.987805
1409,585,10.530689
1410,585,9.597947
1418,585,15.423579
1394,586,2.417771
1399,586,330.145416
1400,586,152.962173
1401,586,513.330261
1402,586,372.963654
1403,586,130.911499
1404,586,89.593063
1405,586,88.205498
1406,586,90.205688
1407,586,88.110435
1417,586,162.594711
1445,586,19.685064
1399,587,163.80954
1402,587,343.697327
1403,587,233.469894
1404,587,244.762985
1405,587,116.333656
1406,587,116.333656
1407,587,116.239624
1418,587,705.352966
1399,588,201.312683
1402,588,250.350723
1391,590,2.625
1444,590,3800.29248
1391,591,2.3295
1392,591,27.103453
1393,591,1.079475
1397,591,6.533065
1398,591,1.557159
1399,591,6.304435
1400,591,6.309948
1401,591,5.782993
1402,591,5.782993
1403,591,6.107346
1404,591,6.499115
1405,591,6.499115
1406,591,11.278715
1407,591,13.255891
1393,592,1.070501
1404,592,1.998575
1405,592,2.080583
1406,592,2.080583
1407,592,2.901592
1408,592,1.609071
1412,592,60.859528
1396,594,2255.384277
1397,594,2512.860352
1398,594,992.910828
1405,598,526.929138
1415,616,5.691506
1417,616,7.488789
1418,616,19.570522
1420,616,3.819993
1422,616,3.655138
1424,616,625.786682
1450,318,130.059875
1453,318,124.114571
1454,318,692.110901
1460,318,21.820873
1463,318,84.650253
1467,318,102.394348
1468,318,84.216148
1469,318,86.48497
1405,319,2.713196
1467,319,30.092831
1468,319,218.779068
1469,319,83.919037
1405,320,2.509821
1406,320,2.123568
1468,320,51.995438
1469,320,71.959473
1422,321,4.430434
1427,321,20.299103
1430,321,167.798492
1433,321,109.621353
1439,321,72.792725
1469,321,71.303047
1416,322,145.127914
1417,322,13.666245
1419,322,141.426544
1421,322,6.522592
1427,322,2.019566
1430,322,276.08905
1432,322,6.133754
1433,322,119.946869
1439,322,96.959717
1469,322,50.809483
1272,323,6.037243
1416,323,165.643631
1417,323,9.233722
1418,323,3.899871
1419,323,3.073663
1430,323,2.272549
1431,323,2.70416
1432,323,1.54264
1433,323,4.173605
1438,323,2.630578
1439,323,13.36368
1469,323,131.986618
1271,324,1.148344
1272,324,3.886602
1417,324,271.533203
1418,324,171.805832
1419,324,2.009384
1429,324,2.939709
1430,324,1.777383
1431,324,3.109814
1432,324,1.837698
1433,324,3.381923
1438,324,3.279781
1439,324,2.263486
1417,325,205.862854
1418,325,93.445541
1429,325,2.883597
1430,325,1.048691
1431,325,2.940129
1432,325,3.299571
1433,325,5.290522
1438,325,8.597401
1439,325,16.181316
1440,325,4.261585
1417,326,152.407089
1418,326,17.996059
1419,326,23.58119
1420,326,2.50256
1421,326,29.624065
1430,326,1.882277
1431,326,9.20677
1432,326,3.97729
1433,326,4.818822
1434,326,3.806017
1435,326,3.207031
1436,326,7.576157
1437,326,3.748975
1438,326,17.18935
1439,326,9.448428
1440,326,14.38938
1417,327,32.65807
1419,327,27.911785
1420,327,11.912024
1421,327,12.348315
1428,327,13.410076
1429,327,2.794118
1430,327,18.705156
1431,327,11.028525
1432,327,9.193901
1433,327,7.710055
1435,327,23.655529
1436,327,21.759222
1437,327,39.559502
1438,327,14.985617
1439,327,48.491875
1440,327,18.268793
1277,328,218.625763
1278,328,224.144119
1279,328,63.566406
1280,328,73.101456
1281,328,49.695404
1282,328,53.704449
1283,328,56.672382
1284,328,34.590096
1285,328,33.476009
1374,328,3.265556
1402,328,15.968876
1430,328,7.556973
1438,328,24.338009
1439,328,11.666368
1277,329,79.411583
1278,329,13.435593
1279,329,36.186695
1280,329,170.514832
1281,329,16.510294
1282,329,43.421944
1283,329,19.309412
1284,329,50.379498
1285,329,9.613355
1374,329,1.227297
1375,329,1.645861
1400,329,4.119548
1281,330,38.444813
1379,330,29.448706
1389,330,13.690605
1390,330,12.660844
1391,330,7.896077
1395,330,13.031292
1396,330,11.959452
1397,330,7.122079
1398,330,7.120893
1379,331,14.609406
1388,331,12.193302
1389,331,16.292219
1390,331,20.292755
1391,331,24.744743
1403,331,38.021767
1404,331,9.533613
1405,331,13.464149
1415,331,15.988645
1399,332,35.372276
1400,332,34.804649
1401,332,30.414312
1402,332,43.210037
1403,332,76.815933
1404,332,8.143456
1405,332,7.309267
1406,332,13.833764
1407,332,19.327757
1408,332,30.666168
1410,332,7.637903
1411,332,8.173348
1414,332,7.451226
1457,332,2.623956
1458,332,3.387486
1460,332,2.616205
1461,332,4.47881
1314,333,25.22121
1315,333,92.375862
1390,333,26.611542
1391,333,31.999994
1392,333,38.625935
1393,333,34.480873
1394,333,37.910618
1395,333,38.472511
1396,333,14.613441
1397,333,60.316917
1398,333,40.820534
1399,333,33.605103
1400,333,9.843018
1401,333,23.421959
1402,333,43.341152
1403,333,7.234607
1404,333,3.284284
1405,333,1.105214
1406,333,1.749053
1408,333,6.485727
1409,333,3.259249
1410,333,1.200183
1258,640,36.254311
1260,640,2.605195
1257,641,9.615993
1258,641,4.012916
1261,641,2.591811
1257,642,5.895582
1258,642,2.158587
1262,642,2.673474
1263,642,2.903919
1370,334,1.835896
1378,334,17.115747
1379,334,19.904577
1380,334,29.259548
1381,334,15.667806
1382,334,13.665214
1383,334,13.665214
1384,334,18.773619
1385,334,19.216957
1386,334,10.037118
1391,334,12.034965
1392,334,11.778765
1393,334,12.227647
1394,334,12.488425
1395,334,15.269624
1396,334,23.362806
1397,334,41.430851
1398,334,18.617235
1400,334,8.769873
1401,334,4.384984
1402,334,7.899179
1403,334,3.041857
1404,334,1.6094
1405,334,1.126189
1406,334,1.76562
1407,334,2.988869
1408,334,10.708973
1409,334,9.854242
1419,334,50.628445
1370,335,1.272442
1373,335,14.906838
1374,335,9.558491
1375,335,22.577524
1376,335,15.924486
1377,335,17.723841
1378,335,11.796884
1379,335,4.925738
1380,335,4.984974
1381,335,4.984974
1382,335,5.662086
1383,335,6.140211
1390,335,26.871017
1391,335,8.842762
1392,335,6.591547
1393,335,9.069317
1394,335,11.673096
1395,335,12.722527
1396,335,15.233315
1397,335,14.244975
1398,335,14.323761
1400,335,9.589306
1401,335,12.095924
1402,335,20.028963
1403,335,15.408616
1256,643,9.510864
1257,643,2.158587
1262,643,1.146293
1263,643,1.797023
1264,643,1.787616
1256,644,2.389112
1258,644,5.185306
1265,644,1.262059
1275,336,34.181839
1374,336,1.806775
1375,336,5.253246
1376,336,10.435197
1377,336,5.069857
1381,336,4.269322
1382,336,5.59763
1410,336,115.649719
1275,337,9.29746
1276,337,33.465401
1370,337,1.157476
1371,337,6.323237
1373,337,7.4826
1374,337,5.538894
1375,337,4.134446
1376,337,10.56131
1464,337,7.502866
1274,338,1.158636
1275,338,1.322268
1276,338,5.379906
1376,338,11.027355
1377,338,13.003059
1378,338,12.699036
1379,338,9.77207
1380,338,13.721108
1381,338,6.594401
1382,338,6.573854
1383,338,14.293418
1384,338,13.209315
1385,338,7.699052
1386,338,12.292123
1256,645,4.663678
1266,645,9.217205
1274,339,2.992194
1275,339,7.50007
1276,339,11.450528
1369,339,8.744425
1370,339,7.034497
1371,339,5.884207
1372,339,18.002022
1373,339,5.568704
1375,339,14.47652
1376,339,9.896278
1384,339,5.067118
1446,339,2.622875
1256,646,22.185463
1267,646,1.396942
1276,340,7.81803
1277,340,6.094419
1369,340,11.122796
1385,340,10.825475
1446,340,1.046983
1464,340,2.581692
1267,647,1.439055
1268,647,1.396942
1275,341,1.514443
1276,341,1.148299
1277,341,2.198858
1369,341,8.799263
1372,341,11.345146
1373,341,15.590787
1374,341,12.026855
1375,341,8.245015
1380,341,5.280622
1381,341,5.511893
1382,341,9.989002
1383,341,9.989002
1384,341,10.267618
1385,341,4.940216
1447,341,1.826439
1448,341,2.077133
1268,648,1.080023
1269,648,1.560652
1270,342,4.071648
1372,342,1.125756
1269,649,1.080023
1270,649,1.898569
1271,649,2.611056
1257,650,4.359637
1270,650,1.070721
1271,650,2.139246
1272,650,3.087914
1269,343,1.142619
1371,343,27.996265
1373,343,13.010466
1277,344,1.840897
1380,344,19.64086
1381,344,13.235949
1382,344,13.235949
1383,344,9.189152
1384,344,8.550447
1385,344,6.089192
1392,344,5.628112
1393,344,5.47826
1407,344,7.671648
1259,651,1.090199
1272,651,3.287867
1273,651,3.448048
1270,652,1.828002
1271,652,10.689772
1272,652,12.693444
1273,652,7.827711
1267,345,2.036948
1380,345,13.648795
1407,345,3.99219
1454,345,25.611006
1268,346,2.140423
1272,653,1.633982
1273,653,1.47574
1274,653,2.781735
1266,347,2.255601
1273,654,1.695395
1274,654,1.839235
1275,654,3.117843
1266,348,2.146557
1382,348,23.607225
1383,348,13.102818
1384,348,10.48461
1266,349,1.913587
1268,349,1.69697
1382,349,14.580549
1383,349,14.740728
1389,349,10.443565
1264,655,1.339418
1271,656,1.303077
1265,350,3.168899
1328,350,4.696305
1329,350,44.812149
1330,350,68.674706
1331,350,112.242737
1382,350,6.211656
1383,350,23.218958
1384,350,28.586559
1385,350,21.892086
1386,350,67.862076
1387,350,84.921684
1388,350,58.904041
1430,350,6.786139
1431,350,9.97097
1432,350,8.997569
1267,657,1.128078
1268,657,1.312411
1270,657,1.051016
1265,351,1.356606
1328,351,1.166732
1329,351,14.960941
1330,351,68.417137
1331,351,68.147408
1267,658,10.178871
1269,658,2.136032
1264,352,3.185568
1265,352,1.365712
1328,352,1.17974
1329,352,2.277764
1331,352,1.685608
1264,353,4.259201
1265,353,1.817239
1266,659,48.158558
1267,659,35.258034
1268,659,12.879832
1269,659,1.279723
1267,660,52.710732
1268,660,17.006369
1264,354,7.062348
1265,354,1.125626
1268,661,70.48333
1422,356,34.468708
1265,357,45.820709
1266,357,19.671824
1267,357,28.948149
1268,357,37.777809
1269,357,38.33572
1318,357,25.171942
1265,358,49.48143
1266,358,27.728075
1267,358,21.736244
1268,358,8.521583
1269,358,79.743217
1303,358,56.1712
1304,358,3.913858
1305,358,3.855804
1306,358,31.760918
1307,358,31.893534
1266,359,11.865054
1267,359,11.02078
1268,359,33.791935
1269,359,167.207169
1303,359,14.873496
1266,360,13.678306
1267,360,10.928987
1269,360,55.425545
1266,361,52.30146
1348,362,14.520231
1349,362,12.650396
1350,362,18.495674
1351,362,15.964269
1352,362,16.080618
1353,362,14.873021
1378,364,8.792436
1474,690,370.881439
1474,691,372.831299
1475,691,710.51062
1476,691,690.208008
1477,691,82.01754
1473,692,368.124207
1474,692,920.572266
1475,692,363.588928
1476,692,414.234894
1451,390,2.430647
1454,390,12.375631
1455,390,17.082895
1450,391,10.287821
1304,393,6.18452
1341,393,286.241302
1296,394,25.980415
1297,394,110.344612
1298,394,75.026314
1299,394,33.487465
1300,394,35.64777
1304,394,67.271774
1395,394,65.189873
1396,394,103.567719
1295,395,21.981689
1393,395,15.968303
1394,395,22.427958
1395,395,39.614353
1396,395,51.695656
1397,395,153.068863
1294,396,29.011097
1295,396,37.768311
1393,396,16.899824
1394,396,9.654615
1395,396,15.775663
1396,396,23.990273
1397,396,164.319702
1295,397,64.672104
1394,397,16.641024
1395,397,16.734257
1396,397,60.425594
1397,397,172.394592
1295,398,46.899418
1394,398,3.340896
1395,398,20.253876
1396,398,41.167351
1397,398,83.576088
1395,399,14.61682
1396,399,62.991096
1397,399,97.270287
1441,399,1.58526
1296,400,26.019207
1297,400,37.579803
1394,400,31.367134
1395,400,13.372244
1396,400,44.59251
1397,400,72.211098
1432,400,2.219332
1433,400,1.319082
1440,400,16.57398
1441,400,7.228981
1442,400,2.501002
1296,401,31.767866
1297,401,23.099316
1394,401,24.452789
1395,401,26.426397
1396,401,55.958282
1397,401,120.728104
1434,401,1.667026
1435,401,2.296572
1437,401,1.324912
1439,401,5.44787
1440,401,7.811679
1441,401,35.270588
1442,401,1.772313
1443,401,2.447587
1296,402,33.902763
1297,402,13.574286
1393,402,16.81045
1394,402,15.094433
1395,402,58.653664
1396,402,78.696754
1397,402,123.612183
1433,402,2.078215
1434,402,2.64657
1435,402,3.707296
1436,402,2.58216
1437,402,1.302306
1442,402,2.247322
1443,402,2.906239
1444,402,69.206833
1296,403,59.401871
1297,403,60.526337
1298,403,79.589508
1299,403,68.005516
1306,403,47.063644
1338,403,18.940828
1393,403,40.851517
1394,403,33.900982
1395,403,49.092682
1396,403,72.229828
1397,403,107.284607
1436,403,4.387991
1442,403,7.174014
1443,403,17.232172
1296,404,57.601063
1297,404,93.855965
1395,404,61.404434
1396,404,81.918648
1396,405,144.060974
1442,405,1.35617
1296,406,70.515045
1396,406,89.59314
1461,406,40.559036
1296,407,91.043091
1462,407,2.961424
1464,407,4.146387
1295,408,42.603287
1296,408,68.444382
1386,408,34.051727
1388,408,82.255257
1389,408,24.921387
1390,408,10.075801
1391,408,11.454288
1394,408,14.484731
1395,408,16.932539
1396,408,9.084651
1416,408,92.829956
1417,408,43.77961
1418,408,48.208652
1295,409,66.614075
1385,409,17.444412
1386,409,17.832766
1387,409,13.37131
1388,409,70.435677
1389,409,17.224827
1390,409,5.750694
1391,409,6.368416
1394,409,7.074944
1395,409,2.65047
1396,409,1.970531
1385,410,35.408131
1386,410,216.2491
1387,410,12.606627
1388,410,8.426843
1389,410,10.544972
1390,410,6.386023
1391,410,3.1685
1394,410,2.21613
1395,410,4.795907
1396,410,3.092833
1397,410,8.14311
1426,410,17.844563
1447,410,1.14284
1448,410,2.770397
1450,410,2.326447
1383,411,113.172714
1384,411,80.166626
1385,411,13.831038
1386,411,17.718967
1387,411,4.259326
1388,411,1.018113
1389,411,1.96776
1390,411,5.659696
1391,411,6.306704
1392,411,2.092902
1393,411,2.214169
1394,411,20.463243
1396,411,10.622599
1429,411,13.662615
1430,411,14.013105
1431,411,21.263968
1432,411,9.88771
1433,411,7.796401
1434,411,23.059299
1437,411,3.504664
1438,411,1.438671
1439,411,1.138381
1440,411,2.230516
1443,411,1.106286
1297,412,21.8641
1382,412,323.023071
1383,412,140.556046
1384,412,108.462738
1385,412,11.610321
1386,412,23.794495
1387,412,7.019685
1388,412,2.367383
1389,412,1.066431
1438,412,2.094337
1440,412,2.524435
1441,412,1.218286
1447,412,2.452342
1428,413,1.13273
1429,413,2.198681
1430,413,1.960449
1431,413,2.078837
1447,413,8.006166
1432,414,3.732286
1433,414,5.381553
1441,414,1.075002
1446,414,1.015247
1469,416,9.606559
1296,418,64.787544
1337,418,226.436859
1338,418,211.458984
1339,418,222.198471
1340,418,271.143738
1295,419,37.670715
1296,419,32.316231
1386,419,82.527412
1393,419,77.201614
1441,419,10.290605
1450,419,8.012776
1451,419,2.016087
1452,419,4.156113
1453,419,3.678503
1454,419,9.559034
1296,420,19.684208
1297,420,35.148205
1388,420,52.875622
1429,420,12.140728
1431,420,20.079576
1433,420,8.754992
1434,420,15.099795
1440,420,60.754395
1442,420,28.503893
1449,420,1.208894
1450,420,14.858109
1452,420,4.249691
1453,420,5.079048
1440,421,24.209499
1441,421,21.828888
1442,421,22.409908
1462,421,32.037098
1463,421,79.613029
1464,421,69.300575
1465,421,67.024818
1466,421,79.238449
1467,421,46.373737
1468,421,83.170723
1440,422,24.739758
1441,422,15.304363
1442,422,25.909542
1323,423,105.372009
1324,423,132.557083
1325,423,190.807831
1440,423,19.240911
1441,423,6.668614
1442,423,9.493875
1443,423,4.291814
1319,424,262.592743
1320,424,264.305298
1321,424,330.499908
1419,424,15.80235
1441,424,12.924531
1442,424,15.063908
1443,424,1.67541
1444,424,5.627458
1312,425,413.083862
1313,425,387.89209
1314,425,497.962769
1315,425,383.96817
1316,425,467.115601
1419,425,19.335575
1441,425,17.940268
1443,425,2.871379
1444,425,47.993065
1453,428,31.586544
1454,428,50.960018
1385,429,115.978371
1433,429,8.085041
1434,429,17.051043
1448,429,70.135597
1453,429,27.498287
1454,429,56.854179
1429,430,5.030771
1430,430,2.948395
1431,430,3.346521
1432,430,2.256071
1433,430,2.52052
1434,430,7.510623
1444,430,62.624229
1445,430,1.672414
1446,430,1.6
1447,430,1.416667
1448,430,7.845579
1451,430,18.639866
1452,430,45.121407
1453,430,6.252002
1428,431,4.480118
1429,431,1.665947
1430,431,2.171037
1431,431,2.423297
1432,431,1.235754
1433,431,1.442644
1434,431,2.037321
1436,431,27.360468
1444,431,66.53791
1445,431,1.681623
1446,431,1.350961
1448,431,6.413905
1451,431,14.139225
1452,431,9.625326
1455,431,15.903906
1428,432,5.564646
1430,432,2.585867
1431,432,3.933246
1432,432,204.106186
1433,432,3.70505
1434,432,2.271873
1436,432,32.314327
1444,432,33.528801
1445,432,4.247805
1446,432,7.22393
1447,432,1.743901
1448,432,19.358276
1428,433,3.698076
1429,433,3.041075
1430,433,1.591325
1431,433,5.551546
1432,433,4.343318
1433,433,6.152275
1434,433,3.397215
1436,433,22.258644
1444,433,45.994633
1428,434,4.320697
1429,434,2.766152
1430,434,1.063517
1431,434,2.70279
1432,434,1.042515
1433,434,2.394662
1434,434,3.03438
1444,434,34.264008
1302,435,358.386597
1429,435,2.295576
1430,435,1.059972
1432,435,1.526247
1433,435,2.137078
1434,435,3.653727
1302,436,1.222622
1448,436,12.236633
1302,437,214.557526
1303,437,173.422791
1439,437,8.978041
1440,437,7.607325
1441,437,17.238512
1442,437,12.058473
1443,437,14.797548
1444,437,16.374889
1445,437,17.41012
1446,437,10.402886
1447,437,12.210616
1439,438,42.351665
1440,438,51.255848
1441,438,42.333012
1442,438,41.16774
1443,438,38.613125
1444,438,51.660999
1445,438,86.306343
1446,438,79.656868
1447,438,84.566849
1432,439,3.315344
1433,439,2.863862
1434,439,4.748413
1435,439,4.122944
1436,439,3.766366
1437,439,51.34108
1438,439,105.421005
1439,439,123.044487
1440,439,43.882507
1441,439,66.049377
1442,439,57.947376
1443,439,65.839668
1444,439,47.119808
1445,439,89.127518
1446,439,58.025379
1387,440,9.472286
1431,440,28.072165
1432,440,17.9459
1434,440,10.411578
1435,440,9.452765
1436,440,14.642694
1437,440,12.391744
1438,440,86.892586
1387,441,9.988339
1431,441,24.921116
1432,441,13.257466
1434,441,11.662375
1435,441,12.333974
1436,441,14.763181
1437,441,12.572621
1438,441,47.574192
1422,442,1.146846
1423,442,1.628822
1426,445,3.977928
1430,445,2.614147
1431,445,2.931572
1426,446,1.891609
1427,446,2.124526
1428,446,2.548583
1429,446,2.133617
1403,451,4.312658
1401,452,23.37875
1402,452,8.229587
1403,452,28.543598
1467,465,72.384888
1470,465,143.372986
1465,466,92.311699
1470,466,157.540787
1470,467,58.687004
1470,468,109.079597
1469,469,177.168106
1470,469,114.817253
1469,470,224.23175
1470,470,171.079727
1433,474,42.229633
1380,475,1.666861
1425,475,29.563667
1426,475,13.833328
1427,475,9.29796
1428,475,35.518841
1429,475,32.140064
1430,475,10.386087
1431,475,15.996389
1432,475,36.805435
1375,476,12.616482
1404,478,1.403762
1405,478,1.846194
1406,478,1.09002
1428,478,2.487213
1429,478,2.473671
1430,478,6.07871
1431,478,50.504894
1432,478,5.217383
1433,478,8.764154
1350,479,61.983665
1351,479,82.552498
1352,479,80.381088
1353,479,124.841881
1358,479,67.856216
1362,479,343.349182
1367,479,15.909626
1369,479,1.240154
1370,479,28.046213
1371,479,3.392768
1372,479,8.983827
1380,479,2.0
1384,479,16.045454
1385,479,265.055908
1386,479,1.055907
1422,479,1.559713
1423,479,8.000772
1424,479,3.341965
1425,479,3.615074
1426,479,10.769983
1427,479,10.407345
1428,479,2.690129
1429,479,5.960069
1430,479,5.973048
1431,479,16.053749
1432,479,5.682957
1433,479,5.220369
1370,480,1.403
1371,480,1.859294
1372,480,10.063952
1422,480,1.274714
1423,480,5.089534
1424,480,5.432336
1425,480,8.714253
1426,480,8.139278
1427,480,2.676311
1428,480,2.544471
1429,480,4.200854
1430,480,2.446315
1431,480,5.871425
1432,480,5.29316
1433,480,6.703931
1434,480,7.930163
1432,482,64.486
1433,482,72.388641
1434,482,38.206074
1439,482,3.091279
1441,482,31.249123
1372,483,1.465083
1382,483,1.820787
1397,483,6.013215
1398,483,4.16441
1421,483,42.902962
1422,483,23.065487
1423,483,47.630165
1424,483,33.489555
1425,483,6.350406
1426,483,5.81655
1427,483,7.64523
1428,483,17.648155
1429,483,6.91453
1430,483,8.362386
1370,484,4.221208
1373,484,6.395701
1382,484,22.246935
1385,484,2.163451
1395,485,56.438713
1374,486,15.488027
1374,487,2.92385
1376,487,1.284766
1354,488,205.501114
1355,488,61.433109
1356,488,87.809669
1357,488,97.31205
1358,488,70.976791
1359,488,79.007645
1360,488,76.970726
1361,488,275.449768
1362,488,293.166412
1381,488,38.993896
1467,488,14.578012
1381,489,6.947578
1382,489,2.645814
1383,489,6.848454
1382,490,6.070037
1383,490,1.009043
1384,490,1.009043
1467,490,21.947701
1468,490,1.656754
1371,491,10.714185
1372,491,16.084497
1383,491,10.043325
1468,491,4.731641
1316,492,3.162125
1317,493,1308.611938
1372,493,2.085705
1428,493,139.403397
1430,493,121.413284
1432,493,35.026741
1433,493,45.263397
1318,494,497.270538
1374,494,2.331407
1394,494,21.681431
1408,494,84.01313
1429,494,110.307182
1430,494,165.798599
1431,494,148.06488
1432,494,74.165886
1306,495,1.718938
1375,495,2.187483
1431,499,40.423355
1433,499,20.927303
1434,499,15.508593
1333,500,1.93201
1365,500,2.794633
1366,500,1.180151
1370,500,1.639147
1371,500,2.201653
1372,500,13.495426
1373,500,5.811687
1374,500,7.812421
1375,500,5.712239
1376,500,4.956053
1377,500,8.868182
1387,500,2.546223
1430,500,167.458115
1431,500,95.761147
1432,500,46.241219
1433,500,48.440922
1317,501,537.553528
1335,501,14.23087
1378,501,4.96799
1379,501,10.35203
1385,501,1.13077
1386,501,1.030259
1387,501,1.408095
1335,502,4.536295
1360,502,1.585303
1379,502,4.796837
1380,502,9.499451
1381,502,8.342085
1380,503,1.047844
1381,503,8.02444
1388,503,1.048233
1380,504,3.055948
1381,504,7.999315
1389,504,1.642762
1380,505,1.962402
1381,505,8.124139
1396,505,1.047464
1397,505,1.488372
1384,507,1.346192
1387,508,3.333333
1392,508,17.955322
1291,509,67.010147
1360,511,3.444357
1369,511,9.431225
1370,511,9.960884
1371,511,10.896235
1372,511,1.74692
1373,511,4.313127
1375,511,8.82713
1385,511,11.777618
1386,511,9.852346
1387,511,4.943396
1376,512,1.044021
1377,512,5.781733
1378,512,9.013882
1379,512,3.966185
1380,512,5.514394
1381,512,1.564383
1387,512,4.468789
1402,512,305.144287
1387,513,3.500719
1390,513,9.745485
1391,513,30.735212
1392,513,28.685843
1393,513,129.85495
1394,513,39.268951
1395,513,168.104568
1396,513,74.622131
1397,513,91.85173
1398,513,203.807739
1399,513,204.923996
1387,514,1.699531
1395,514,16.981125
1397,514,14.314077
1447,514,452.511475
1448,514,427.166412
1338,515,4.328259
1339,515,339.117828
1386,515,3.583333
1387,515,1.19109
1447,515,363.294769
1381,516,3.391751
1385,516,1.585965
1387,516,2.381523
1381,517,3.00486
1384,517,1.372562
1385,517,2.094003
1386,517,5.133088
1387,517,3.470366
1383,518,1.611356
1387,518,1.555444
1342,519,4.338869
1345,519,1.277848
1381,519,3.035342
1381,520,6.200502
1340,521,1.485541
1381,521,3.423583
1383,521,2.872079
1384,521,2.383701
1341,522,1.028715
1383,522,1.913592
1386,522,1.134012
1387,522,2.274061
1388,522,2.984632
1319,523,3.790801
1388,523,3.143581
1389,523,3.456971
1390,523,16.621231
1391,523,12.260798
1332,525,3.211261
1331,526,3.273104
1332,526,2.748014
1405,526,2.020669
1405,527,1.539265
1330,528,1.038123
