2447,2481,4.169969
2452,2486,378.587311
2453,2486,353.86322
2454,2486,62.870529
2452,2487,4.824283
2456,2487,4.308173
2457,2487,85.18837
2458,2487,85.117722
2459,2487,84.930275
2460,2487,109.185265
2461,2487,170.917648
2462,2487,2036.20813
2468,2487,532.184692
2461,2488,1.039941
2463,2488,84.833679
2464,2488,84.838577
2467,2488,37.121994
2466,2489,22.572104
2467,2489,58.238888
2450,2492,4.855536
2467,2492,5.180445
2449,2493,5.397735
2450,2493,7.738156
2449,2494,3.276879
2450,2494,18.350645
2450,2495,9.677901
