2393,2277,252.343231
2394,2277,80.609917
2473,2277,2.475034
2474,2277,2.824702
2473,2278,2.738325
2473,2279,2.938013
2369,2284,81.18541
2374,2284,38.872383
2393,2284,55.733749
2396,2284,107.547974
2397,2284,82.350914
2404,2284,66.812958
2369,2285,38.76564
2372,2285,34.666187
2373,2285,28.281887
2374,2285,57.140682
2375,2285,307.912537
2376,2285,1084.343384
2397,2285,196.969833
2369,2286,72.35553
2370,2286,62.599644
2371,2286,66.411766
2372,2286,200.900589
2373,2286,136.048645
2374,2286,83.717056
2375,2286,84.273788
2376,2286,165.914749
2467,2286,41.687412
2367,2287,4.955947
2368,2287,26.59827
2369,2287,9.188701
2370,2287,14.950816
2371,2287,11.650775
2372,2287,92.50145
2373,2287,117.769447
2374,2287,34.008263
2375,2287,121.063515
2367,2289,121.701805
2367,2290,19.616566
2367,2291,44.858959
2367,2293,34.015568
2367,2294,20.244389
2383,2294,245.267807
2367,2295,3.592687
2380,2295,26.268166
2381,2295,83.880714
2382,2295,269.258331
2392,2295,268.399902
2396,2295,50.404259
2400,2295,712.521423
2404,2295,179.215683
2367,2296,15.543539
2368,2296,12.22015
2380,2296,662.208862
2392,2296,356.233551
2393,2296,129.974701
2396,2296,659.577026
2397,2296,174.8871
2401,2296,75.248596
2404,2296,265.13443
2405,2296,1167.248047
2409,2296,929.265259
2367,2297,17.310871
2368,2297,9.561068
2380,2297,7.736164
2367,2298,17.115561
2380,2298,7.524083
2367,2299,49.363495
2368,2299,3.009202
2369,2299,22.732887
2370,2299,22.851622
2371,2299,17.207945
2372,2299,15.334103
2373,2299,13.739458
2374,2299,8.422888
2375,2299,11.656659
2376,2299,12.842026
2377,2299,12.735276
2378,2299,9.236569
2379,2299,4.24307
2380,2299,9.601803
2367,2300,126.50396
2368,2300,18.1661
2369,2300,16.165976
2370,2300,14.802831
2371,2300,11.422931
2372,2300,12.39804
2373,2300,216.596573
2374,2300,109.372612
2375,2300,7.461714
2376,2300,7.465169
2377,2300,6.091956
2378,2300,6.044918
2379,2300,11.385495
2380,2300,6.729849
2368,2301,43.460217
2369,2301,30.668919
2370,2301,20.734089
2371,2301,19.824547
2372,2301,84.939262
2373,2301,98.013138
2374,2301,62.427662
2375,2301,40.359619
2376,2301,114.205879
2377,2301,47.468678
2378,2301,65.402954
2379,2301,25.890205
2380,2301,41.647667
2382,2301,91.591888
2367,2302,84.647438
2368,2302,8.028058
2377,2302,74.825897
2378,2302,55.582886
2379,2302,76.492157
2380,2302,56.589272
2381,2302,64.199913
2396,2302,5.209967
2398,2302,2.750988
2367,2303,5.797881
2380,2303,75.866135
2381,2303,69.38298
2367,2304,7.489453
2380,2304,78.787018
2367,2305,5.250192
2367,2306,7.06281
2388,2306,22.821907
2387,2307,3.320776
2388,2307,198.34935
2367,2308,45.962933
2387,2308,10.533383
2388,2308,174.623032
2387,2309,3.687972
2388,2309,46.169136
2392,2309,9.691925
2415,2309,274.414917
2391,2310,11.544772
2378,2311,4.159054
2379,2311,1.221583
2389,2311,5.662575
2390,2311,20.005299
2415,2311,25.837395
2389,2312,5.582814
2390,2312,8.795397
2415,2312,18.172892
2391,2313,29.609396
2367,2314,55.296139
2373,2314,28.208607
2374,2314,21.050068
2374,2315,19.022955
2377,2316,21.530014
2409,2319,34.19556
2410,2319,12.069367
2411,2319,13.063277
