1713,2124,32.0
1714,2124,43.590881
1715,2124,50.854305
1734,2124,25.590868
1714,2125,25.590868
1715,2125,50.854305
1734,2125,25.590868
1716,2126,32.628273
1632,2128,9.880924
1795,2128,603.415039
1759,2129,9.266079
1616,2130,9.880924
1759,2130,9.266079
1583,2131,5075.0
1584,2131,4725.0
1736,2131,13.333323
1759,2131,8.200047
1616,2132,9.880924
1735,2132,25.447281
1736,2132,56.724766
1758,2132,8.882715
1735,2133,37.721527
1736,2133,33.492023
1629,2134,15.250414
1735,2134,32.628273
1763,2134,25.447281
1616,2135,15.333294
1760,2135,21.949951
1761,2135,24.724766
1654,2136,19.4667
1655,2136,9.880924
1760,2136,21.949951
1761,2136,24.724766
1654,2137,15.333294
1659,2137,9.880924
1654,2138,19.761848
1659,2138,9.880924
1660,2138,15.333294
1619,2458,279.31076
1653,2139,40.0
1654,2139,25.916597
1763,2139,24.724766
1653,2140,53.466667
1654,2140,25.916597
1659,2140,16.035673
1653,2141,34.799995
1660,2141,19.4667
1660,2142,16.035673
1762,2142,21.949951
1660,2145,9.880924
1745,2145,37.721527
1660,2146,9.880924
1661,2146,33.999966
1745,2146,29.104898
1746,2146,24.875397
1747,2146,33.492023
1660,2147,9.880924
1745,2147,32.628273
1748,2147,27.922316
1756,2147,6.834532
1757,2147,18.148794
1758,2147,5.525391
1763,2147,21.949951
1660,2148,9.880924
1758,2148,25.447281
1762,2148,25.447281
1763,2148,24.724766
1627,2469,56.796967
1741,2149,13.333323
1759,2149,25.447281
1737,2150,19.666674
1738,2150,13.333323
1739,2150,24.724766
1736,2151,19.666674
1737,2151,13.333323
1738,2151,25.447281
1677,2152,15.333294
1736,2152,26.166639
1737,2152,25.590868
1677,2153,15.333294
1678,2153,40.0
1736,2153,13.333323
1737,2153,25.447281
1677,2154,9.880924
1684,2154,71.0
1737,2154,24.724766
1678,2155,33.999966
1679,2155,19.4667
1680,2155,15.333294
1681,2155,15.333294
1682,2155,19.4667
1683,2155,59.466698
1684,2155,15.333294
1737,2155,24.724766
1677,2156,9.880924
1678,2156,50.035637
1679,2156,35.502373
1682,2156,17.608215
1683,2156,17.608215
1685,2156,33.999966
1686,2156,19.4667
1737,2156,24.724766
1733,2157,25.447281
1737,2157,24.724766
1737,2158,25.447281
1737,2159,24.724766
1730,2164,24.724766
1627,2486,15.974831
1678,2167,25.214218
1621,2487,103.810371
1622,2487,235.766251
1623,2487,177.951065
1624,2487,8.626337
1625,2487,6.075428
1678,2168,25.214218
1734,2168,40.496342
1754,2168,49.133038
1755,2168,49.133038
1756,2168,51.885822
1757,2168,69.859375
1758,2168,69.859375
1768,2168,116.781425
1733,2169,50.315636
1768,2169,21.949951
1769,2169,24.724766
1733,2170,50.315636
1768,2170,25.590868
1628,2493,186.39476
1678,2175,9.880924
1679,2175,15.333294
1680,2175,15.333294
1681,2175,15.333294
1794,2175,24.724766
1795,2175,25.447281
1628,2495,8.783275
1628,2496,357.781769
1649,2177,9.880924
1650,2177,16.035673
1677,2177,16.035673
1678,2177,16.035673
1679,2177,9.880924
1680,2177,9.880924
1686,2177,42.333443
1625,2498,233.199799
1637,2498,17.532196
1674,2178,16.035673
1675,2178,16.035673
1680,2178,33.999966
1768,2179,27.265743
1637,2499,3.528493
1676,2180,16.035673
1715,2180,22.799988
1716,2180,140.5
1768,2180,27.265743
1671,2181,16.035673
1672,2181,9.880924
1673,2181,15.333294
1710,2181,105.333221
1711,2181,79.871979
1712,2181,79.871979
1713,2181,79.871979
1714,2181,84.666893
1715,2181,79.871979
1716,2181,37.538528
1768,2181,30.725176
1794,2181,30.725176
1656,2182,9.880924
1794,2182,27.265743
1797,2182,25.036953
1797,2183,25.036953
1797,2184,25.036953
1650,2185,9.880924
1655,2185,15.333294
1659,2185,9.880924
1660,2185,9.880924
1796,2185,25.036953
1797,2185,30.725176
1648,2186,17.608215
1651,2186,19.4667
1773,2186,53.362541
1774,2186,53.362541
1775,2186,56.115326
1776,2186,56.115326
1777,2186,51.885822
1778,2186,38.807816
1779,2186,38.807816
1780,2186,305.490814
1792,2187,39.002556
1797,2187,40.34375
1798,2187,27.338324
1690,2188,193.166611
1691,2188,115.000221
1734,2188,100.444458
1626,2189,19.4667
1627,2189,17.608215
1628,2189,17.608215
1643,2189,9.880924
1667,2189,15.333294
1797,2189,37.590965
1643,2190,9.880924
1667,2190,19.4667
1797,2190,37.590965
1643,2191,9.880924
1690,2191,114.415649
1731,2191,59.00008
1735,2191,41.444378
1755,2191,25.447281
1797,2191,40.34375
1643,2192,9.880924
1690,2192,102.666946
1735,2192,48.833405
1754,2192,13.333323
1755,2192,25.447281
1613,2193,44.698792
1643,2193,16.035673
1681,2193,42.333443
1735,2193,48.833405
1754,2193,26.166639
1755,2193,25.447281
1797,2193,27.265743
1643,2194,19.4667
1644,2194,15.333294
1797,2194,27.265743
1641,2195,25.916597
1642,2195,25.214218
1643,2195,318.0
1644,2195,71.0
1678,2195,62.000031
1679,2195,124.333641
1689,2195,184.66713
1690,2195,19.700005
1736,2195,170.0
1679,2196,65.13343
1689,2196,67.980568
1736,2196,557.0
1753,2196,25.590868
1754,2196,25.447281
1755,2196,24.724766
1756,2196,24.724766
1757,2196,109.325333
1679,2197,37.538528
1689,2197,20.932793
1753,2197,24.724766
1797,2197,30.725176
1684,2198,70.933624
1689,2198,21.385738
1797,2198,30.725176
1689,2199,19.247057
1736,2199,186.520905
1738,2199,186.520905
1739,2199,176.843597
1740,2199,100.333389
1741,2199,170.333405
1753,2199,16.333326
1754,2199,16.333326
1741,2200,142.36409
1777,2200,3.883101
1778,2200,4.137941
1794,2200,22.133402
1797,2200,30.725176
1777,2201,7.230778
1778,2201,2.608695
1797,2201,27.265743
1778,2202,6.651513
1797,2202,27.265743
1787,2203,52.785606
1788,2203,25.036953
1797,2203,27.265743
1787,2204,55.522522
1788,2204,25.036953
1674,2205,99.872139
1787,2205,49.797199
1796,2205,27.520988
1700,2206,15.747078
1701,2206,15.747078
1702,2206,21.385738
1703,2206,60.3335
1704,2206,60.3335
1702,2207,95.888481
1703,2207,114.229401
1704,2207,81.799973
1705,2207,47.049046
1706,2207,25.133682
1707,2207,16.29413
1708,2207,7.647065
1738,2207,59.00008
1704,2208,96.689842
1705,2208,98.983925
1706,2208,85.9543
1707,2208,79.9002
1708,2208,227.247162
1709,2208,192.762344
1738,2208,41.444378
1710,2209,230.668045
1711,2209,221.235031
1738,2209,48.833405
1717,2210,135.399216
1732,2210,135.399216
1737,2210,135.399216
1738,2210,41.444378
1633,2211,19.4667
1634,2211,32.071346
1717,2211,94.20639
1718,2211,219.201645
1730,2211,41.444378
1738,2211,48.833405
1718,2212,151.744385
1730,2212,59.00008
1737,2212,135.399216
1738,2212,41.444378
1718,2213,192.979584
1717,2214,8.100013
1718,2214,195.732712
1733,2214,41.333302
1737,2214,48.833405
1733,2215,41.444378
1737,2215,180.500076
1733,2216,41.333302
1737,2216,90.16671
1689,2221,25.428761
1689,2222,25.428761
1635,2223,659.0
1689,2223,22.360573
1689,2224,18.777775
1700,2224,27.27776
1701,2224,8.166662
1612,2225,25.232094
1689,2225,18.777775
1700,2225,65.799995
1701,2225,93.0
1706,2225,8.166663
1708,2225,132.79277
1612,2226,25.232094
1689,2226,14.166675
1612,2227,25.232094
1747,2227,79.499954
1611,2233,11579.516602
1612,2233,994.095642
1611,2234,3734.764404
1751,2238,87.224564
1747,2241,84.600563
1747,2242,84.600563
1756,2242,1.166667
1757,2242,1.387096
1746,2243,167.14296
1754,2243,1.387096
1755,2243,2.414633
1756,2243,3.238092
1757,2243,3.238092
1768,2246,84.600563
1772,2246,1.166667
1786,2248,2.539874
1756,2249,124.302132
1776,2249,219.628662
1777,2249,98.517296
1778,2249,24.444386
1780,2249,19.845297
1781,2249,6.909859
1782,2249,6.857143
1788,2249,2.414633
1793,2249,1.25
1776,2250,242.319885
1777,2250,251.04921
1778,2250,223.273407
1779,2250,210.373535
1780,2250,367.182892
1781,2250,232.243774
1782,2250,89.368111
1788,2250,3.238092
1789,2250,3.238092
1790,2250,3.238092
1791,2250,1.387096
1792,2250,1.387096
1793,2250,2.414633
1795,2250,2.769232
1753,2251,1.25
1756,2251,102.157089
1777,2251,97.95224
1778,2251,102.486046
1779,2251,444.369324
1780,2251,361.400085
1781,2251,256.255249
1782,2251,412.124878
1795,2251,2.414633
1779,2252,253.623352
1782,2252,102.256554
1795,2252,1.387096
1751,2253,81.89991
1795,2253,2.769232
1749,2254,43.316521
1750,2254,101.628937
1794,2254,1.387096
1790,2255,212.551666
1792,2255,2.769232
1794,2255,2.414633
1795,2255,4.186534
1677,1936,281.0
1689,2256,8.166663
1748,2256,44.653313
1751,2256,120.111664
1790,2256,102.045258
1791,2256,3.5813
1792,2256,2.414633
1794,2256,3.238092
1790,2257,122.336021
1791,2257,3.56741
1792,2257,3.56741
1737,2259,1.387096
1738,2259,2.414633
1740,2259,3.238092
1745,2259,692.55249
1788,2261,161.678345
1789,2261,100.783401
1790,2261,111.787842
1795,2261,3.814574
1660,2264,31.166656
1630,2265,19.917643
1715,2265,15.39999
1674,2267,58.106049
1675,2267,46.166672
1676,2267,31.166656
1677,2267,88.0
1677,2268,16.166672
1733,2270,3.238092
1747,1951,329.861053
1748,1951,1109.14502
1732,2271,15.39999
1733,2271,15.39999
1558,2293,251.318176
1574,2298,474.333374
1575,2298,834.311157
1574,2299,195.134079
1763,1981,68.797508
1764,1981,96.725876
1765,1981,94.798294
1766,1981,94.798294
1576,2302,279.0
1761,1982,62.39043
1762,1982,55.538338
1763,1982,52.872547
1764,1982,52.872547
1765,1982,52.872547
1766,1982,52.970119
1597,2306,18.700035
1593,2315,253.51178
1594,2316,18.700035
1737,1996,4.137941
1738,1997,3.370367
1739,1997,3.883101
1643,2318,463.764526
1737,1998,5.525391
1737,1999,7.321911
1737,2000,3.883101
1737,2001,80.307182
1698,2023,212.23497
1701,2023,54.399918
1594,2345,18.100033
1698,2024,437.426544
1700,2024,215.400543
1708,2025,175.880829
1709,2025,84.693359
1710,2025,175.534531
1711,2025,113.301392
1713,2025,201.738281
1715,2025,100.459763
1760,2035,52.722145
1761,2035,82.178589
1762,2035,59.472687
1660,2037,56.545311
1749,2037,323.685272
1753,2037,196.4375
1749,2038,59.400063
1589,2376,125.808388
1653,2057,164.999817
1586,2377,172.602844
1586,2378,788.127075
1585,2379,22.200048
1621,2380,18.0
1622,2380,66.297417
1759,2061,1265.544678
1598,2381,125.548279
1599,2382,73.803085
1588,2384,11.833332
1589,2384,13.5
1588,2385,12.0
1588,2386,15.088646
1624,2386,1411.281128
1706,2066,10.307693
1707,2066,10.307693
1708,2066,10.307693
1709,2066,10.307693
1710,2066,10.307693
1711,2066,10.307693
1624,2387,877.293701
1652,2387,434.431152
1609,2388,3.582185
1610,2388,250.604584
1650,2067,122.566322
1707,2067,25.333344
1708,2067,25.333344
1709,2067,27.7619
1710,2067,27.7619
1711,2067,25.333344
1592,2389,7.823944
1593,2389,49.635548
1598,2389,50.925205
1609,2389,41.390701
1592,2390,15.684211
1609,2390,163.505585
1657,2390,1.770515
1650,2068,125.66671
1651,2068,71.333282
1652,2068,115.717278
1653,2068,115.717278
1654,2068,175.999725
1764,2068,124.598206
1650,2069,29.0
1651,2069,29.166676
1652,2069,29.166676
1654,2069,73.333305
1609,2391,294.484222
1647,2391,300.80896
1653,2070,29.0
1654,2070,70.333282
1754,2071,9.258051
1755,2071,16.846977
1624,2392,440.623535
1647,2392,265.084442
1624,2393,327.622437
1645,2393,300.80896
1646,2393,265.084442
1768,2072,1049.0
1610,2394,28.119204
1611,2394,980.102234
1625,2394,736.306396
1610,2395,742.562195
1625,2395,151.603256
1626,2395,526.857239
1656,2395,1.228571
1657,2395,14.820305
1797,2074,131.824097
1617,2396,110.306046
1625,2396,32.0
1626,2396,361.177246
1627,2396,391.050598
1657,2396,153.97522
1626,2397,363.577271
1627,2397,454.51947
1626,2398,1181.161255
1627,2398,1000.473999
1626,2399,35.480011
1627,2400,48.496243
1529,2401,6581.398926
1627,2401,18.100033
1754,2080,10.378168
1677,2403,1.074074
1754,2082,8.018953
1627,2404,901.631104
1677,2404,31.092649
1678,2404,53.326683
1617,2412,600.73175
1675,2412,13.972217
1675,2413,13.968941
1675,2414,13.968941
1675,2415,6.678153
1738,2092,55.762619
1754,2092,72.088181
1755,2092,41.122395
1756,2092,25.590868
1738,2093,47.145988
1611,2416,569.448608
1622,2416,2582.157227
1675,2416,16.172823
1621,2417,421.684692
1675,2417,98.365417
1617,2094,15.250414
1618,2094,25.232094
1738,2094,46.637619
1617,2095,18.069523
1738,2095,37.721527
1675,2418,156.223892
1633,2419,3288.275635
1675,2419,33.158844
1738,2096,37.721527
1770,2096,25.447281
1738,2097,37.721527
1769,2097,25.447281
1795,2097,51.953407
1675,2420,34.997971
1675,2421,52.946815
1738,2098,37.721527
1768,2098,62.293701
1769,2098,30.725176
1616,2099,22.752258
1737,2099,38.780605
1738,2099,41.362442
1768,2099,52.713024
1675,2422,24.188957
1675,2423,8.282952
1736,2100,40.496342
1737,2100,36.266838
1738,2100,36.266838
1755,2101,2.608695
1756,2101,25.590868
1762,2101,25.590868
1675,2424,14.960526
1675,2425,59.611397
1750,2102,7.321911
1751,2102,7.321911
1752,2102,4.137941
1753,2102,3.370367
1755,2102,2.608695
1756,2102,25.447281
1797,2102,40.34375
1798,2102,137.856308
1750,2103,3.370367
1751,2103,4.169636
1752,2103,2.533334
1755,2103,2.608695
1756,2103,25.590868
1798,2103,245.164429
1799,2103,27.265743
1611,2428,1918.024902
1613,2429,253.250122
1796,2105,25.036953
1796,2106,58.536953
1796,2107,58.536953
1584,2108,1033.5
1751,2108,21.949951
1755,2108,25.447281
1751,2109,25.590868
1651,2111,16.035673
1652,2111,9.880924
1767,2114,25.036953
1735,2116,41.362442
1634,2120,16.035673
1635,2120,9.880924
1656,2120,16.035673
1714,2121,13.333323
1715,2121,25.447281
1713,2122,19.666674
1714,2122,13.333323
1715,2122,24.724766
1734,2122,19.666674
1712,2123,18.000011
1713,2123,32.0
1714,2123,43.590881
1715,2123,50.854305
1734,2123,13.333323
1735,2123,25.447281
