2202,2124,6.670859
2207,2124,50.785248
2208,2124,177.797699
2221,2124,4.993304
2264,2124,2.858397
2267,2124,1.251942
2272,2124,1.056124
2297,2124,1.338709
2298,2124,1.227933
2299,2124,1.301471
2300,2124,11.356856
2301,2124,27.230867
2351,2124,2.15887
2354,2124,5.134017
2355,2124,1.841271
2207,2125,67.135658
2208,2125,36.964745
2218,2125,1.399572
2264,2125,2.858397
2265,2125,1.214756
2272,2125,1.128098
2297,2125,8.298887
2298,2125,1.991667
2299,2125,1.285714
2300,2125,15.47852
2301,2125,11.356856
2302,2125,15.452216
2343,2125,6.224802
2347,2125,6.708186
2351,2125,5.446375
2352,2125,5.159708
2354,2125,5.134017
2355,2125,3.828052
2208,2126,277.476563
2218,2126,1.905364
2264,2126,3.434076
2265,2126,3.521424
2273,2126,1.002976
2300,2126,6.577766
2301,2126,4.409091
2302,2126,5.28656
2303,2126,19.196114
2354,2126,5.08646
2355,2126,4.57619
2218,2127,1.852245
2264,2127,3.474816
2265,2127,4.377692
2266,2127,1.045823
2269,2127,1.295601
2271,2127,1.147591
2272,2127,1.108833
2297,2127,2.071045
2300,2127,7.395999
2301,2127,3.559469
2302,2127,1.482839
2303,2127,4.683792
2355,2127,3.828052
2217,2128,2.263306
2253,2128,2.251791
2264,2128,2.969364
2265,2128,1.249713
2271,2128,3.047388
2347,2128,4.204895
2352,2128,7.849725
2355,2128,14.932575
2356,2128,15.936307
2208,2129,238.597321
2252,2129,4.269782
2264,2129,1.575555
2265,2129,1.973546
2272,2129,1.320725
2274,2129,1.333105
2347,2129,8.126712
2348,2129,34.31636
2349,2129,12.806378
2350,2129,12.806378
2351,2129,17.176384
2352,2129,15.577303
2354,2129,4.642191
2355,2129,10.025156
2356,2129,10.025156
2357,2129,10.641298
2208,2130,39.615696
2218,2130,2.032162
2252,2130,2.645502
2271,2130,1.408557
2274,2130,1.20278
2208,2131,60.245594
2218,2131,50.128319
2219,2131,1.623253
2252,2131,25.269258
2255,2131,5.699356
2265,2131,1.782223
2266,2131,2.739239
2345,2131,11.928582
2346,2131,6.665396
2348,2131,7.278614
2349,2131,7.535538
2351,2131,11.736181
2218,2132,4.076002
2252,2132,22.29299
2255,2132,6.889576
2256,2132,5.064608
2257,2132,5.519626
2258,2132,4.542085
2259,2132,3.766575
2263,2132,1.450818
2264,2132,1.450818
2266,2132,1.878884
2347,2132,8.920312
2350,2132,10.479102
2351,2132,7.834093
2354,2132,19.730297
2247,2133,2.976078
2252,2133,22.214338
2255,2133,6.061235
2256,2133,2.959353
2257,2133,2.720083
2258,2133,2.376801
2259,2133,1.878117
2265,2133,1.604824
2266,2133,1.685942
2275,2133,1.351193
2346,2133,12.790652
2347,2133,17.707439
2348,2133,9.321136
2351,2133,15.711588
2352,2133,7.849725
2353,2133,14.618078
2354,2133,13.717719
2355,2133,7.849725
2356,2133,2.855143
2244,2134,16.529902
2245,2134,5.900675
2246,2134,3.380651
2247,2134,1.862148
2248,2134,1.604085
2252,2134,1.737211
2255,2134,6.095056
2256,2134,2.053834
2262,2134,2.38469
2263,2134,1.44331
2346,2134,9.922863
2241,2135,14.060026
2242,2135,9.28755
2245,2135,2.183962
2246,2135,15.843075
2247,2135,1.969835
2248,2135,16.328894
2262,2135,13.388215
2263,2135,10.626297
2351,2135,3.627526
2353,2135,13.120856
2354,2135,2.179104
2200,2136,39.410591
2201,2136,4.794739
2241,2136,14.082401
2242,2136,9.666547
2275,2136,1.375299
2346,2136,13.627944
2354,2136,21.042507
2241,2137,3.693272
2243,2137,39.545998
2244,2137,1.070512
2247,2137,1.122269
2248,2137,4.855681
2249,2137,7.652778
2254,2137,2.208045
2354,2137,10.479102
2247,2138,13.022794
2273,2138,1.168308
2354,2138,10.479102
2245,2139,2.668378
2247,2139,14.972456
2249,2139,1.065489
2251,2139,1.442095
2354,2139,9.110798
2355,2139,9.110798
2206,2140,189.702759
2247,2140,13.556607
2251,2140,1.459718
2347,2140,3.872944
2206,2141,136.228973
2207,2141,252.520325
2250,2141,7.14582
2251,2141,6.808806
2255,2141,4.481334
2256,2141,1.633205
2257,2141,1.589707
2187,2142,41.329334
2206,2142,48.000595
2207,2142,64.621361
2238,2142,53.993927
2244,2142,1.160382
2245,2142,3.648467
2255,2142,3.868683
2256,2142,4.47777
2269,2142,1.275753
2278,2142,1.30472
2187,2143,2.161922
2188,2143,6.412165
2205,2143,57.241314
2206,2143,31.207293
2207,2143,77.922653
2270,2143,13.087996
2271,2143,3.598574
2272,2143,4.566025
2273,2143,5.657382
2274,2143,15.328558
2187,2144,4.045894
2188,2144,4.025578
2201,2144,78.422066
2202,2144,53.856697
2203,2144,70.607185
2204,2144,60.394478
2205,2144,43.292431
2206,2144,41.051563
2207,2144,81.965538
2243,2144,1.991942
2244,2144,2.176643
2249,2144,13.228489
2273,2144,8.212327
2274,2144,7.034923
2186,2145,3.418343
2187,2145,9.171344
2188,2145,3.700974
2189,2145,8.147525
2192,2145,25.507402
2193,2145,61.794254
2197,2145,49.156227
2199,2145,90.319824
2200,2145,81.982216
2201,2145,58.662231
2202,2145,58.737358
2203,2145,55.101913
2204,2145,110.524948
2205,2145,51.714268
2206,2145,70.554199
2207,2145,349.538605
2243,2145,1.400862
2244,2145,1.012965
2250,2145,5.198209
2251,2145,1.470097
2273,2145,13.937249
2274,2145,5.688485
2186,2146,157.255295
2187,2146,2.602052
2242,2146,16.162743
2254,2146,10.106221
2273,2146,4.898941
2283,2146,10.439834
2244,2147,36.155357
2265,2147,1.271584
2277,2147,68.649506
2244,2148,2.728247
2245,2148,14.235535
2265,2148,1.947115
2275,2148,1.113086
2243,2149,2.728247
2244,2149,2.463344
2245,2149,10.468493
2252,2149,2.077596
2264,2149,15.650173
2265,2149,20.728828
2276,2149,1.113086
2315,2149,178.95578
2242,2150,1.229011
2243,2150,9.343957
2252,2150,1.694651
2263,2150,11.725904
2316,2150,15.289528
2223,2151,89.283501
2242,2151,1.186529
2250,2151,7.697292
2265,2151,1.046546
2266,2151,8.441667
2287,2151,28.959381
2242,2152,4.920816
2249,2152,2.770323
2250,2152,3.592139
2251,2152,5.151281
2252,2152,10.773224
2301,2152,5.330326
2303,2152,3.438633
2307,2152,9.152473
2316,2152,336.492462
2242,2153,6.312305
2249,2153,15.572527
2250,2153,8.293724
2251,2153,3.456511
2252,2153,6.720591
2264,2153,6.769801
2265,2153,2.003351
2271,2153,2.727089
2277,2153,3.413609
2278,2153,13.022943
2301,2153,4.421839
2316,2153,196.086594
2239,2154,25.047607
2241,2154,1.778676
2250,2154,4.351025
2251,2154,9.560871
2254,2154,1.130031
2263,2154,3.449429
2264,2154,3.393501
2265,2154,3.393501
2266,2154,4.259449
2267,2154,4.078005
2268,2154,4.078005
2269,2154,4.384305
2310,2154,158.394363
2240,2155,4.657251
2241,2155,5.693154
2245,2155,4.141087
2246,2155,4.141087
2181,2157,104.781418
2207,2157,19.107605
2234,2157,96.444611
2235,2157,498.874146
2236,2157,133.371735
2237,2157,60.061653
2255,2157,309.086487
2256,2157,88.367096
2257,2157,42.694515
2283,2157,3.755027
2284,2157,3.385398
2291,2157,17.707096
2292,2157,9.797785
2207,2158,14.460117
2232,2158,80.678726
2233,2158,34.632858
2237,2158,39.440224
2250,2158,54.344414
2255,2158,15.302824
2256,2158,39.997849
2285,2158,3.23645
2290,2158,5.65609
2296,2158,36.380184
2297,2158,36.380184
2298,2158,320.150696
2207,2159,11.284208
2232,2159,175.319855
2249,2159,1.534163
2256,2159,89.269073
2284,2159,4.133917
2289,2159,256.692535
2231,2160,56.154533
2232,2160,4.370208
2233,2160,7.880192
2250,2160,1.484007
2255,2160,57.192108
2256,2160,86.463188
2215,2161,2.920044
2231,2161,133.516251
2232,2161,10.204905
2233,2161,5.238514
2234,2161,2.259552
2239,2161,10.952533
2249,2161,1.275508
2255,2161,1.245449
2256,2161,1.198437
2284,2161,2.63581
2285,2161,1.323928
2287,2161,2.874316
2288,2161,3.960143
2291,2161,11.33065
2311,2161,7.028564
2327,2161,15.266714
2215,2162,1.086824
2221,2162,5.474296
2222,2162,5.84496
2231,2162,43.373253
2232,2162,5.421546
2248,2162,34.710278
2249,2162,43.923306
2255,2162,2.773352
2256,2162,3.434506
2272,2162,1.749116
2288,2162,3.735101
2293,2162,2.231315
2311,2162,43.427101
2209,2163,18.656528
2216,2163,30.108261
2221,2163,33.211319
2222,2163,39.878422
2223,2163,6.243801
2224,2163,7.603523
2228,2163,1.740497
2229,2163,26.103254
2230,2163,44.363049
2233,2163,4.798625
2255,2163,3.15
2272,2163,7.111118
2273,2163,3.158584
2288,2163,3.11553
2294,2163,3.973152
2324,2163,2.61413
2325,2163,31.715012
2201,2164,491.790314
2202,2164,184.468658
2209,2164,55.650829
2218,2164,10.33317
2219,2164,12.969854
2221,2164,24.826738
2222,2164,6.787926
2223,2164,92.136276
2224,2164,15.319507
2225,2164,22.562162
2228,2164,92.751686
2229,2164,3.072745
2230,2164,30.558723
2231,2164,6.108883
2232,2164,1.233794
2233,2164,6.568939
2237,2164,19.713045
2238,2164,11.131407
2255,2164,62.061932
2256,2164,7.15915
2271,2164,2.417693
2272,2164,1.2175
2293,2164,5.159708
2324,2164,2.771908
2201,2165,20.68504
2202,2165,2.120022
2217,2165,12.557934
2218,2165,7.040133
2219,2165,2.213385
2220,2165,11.394001
2221,2165,6.16663
2231,2165,2.99079
2232,2165,28.276644
2233,2165,4.80883
2255,2165,5.64444
2256,2165,28.443169
2271,2165,13.96317
2293,2165,27.897717
2201,2166,40.525318
2202,2166,266.472473
2215,2166,58.422855
2216,2166,69.655922
2228,2166,4.917509
2229,2166,63.551735
2230,2166,7.579786
2231,2166,36.46286
2232,2166,4.798625
2237,2166,2.181177
2293,2166,116.743118
2296,2166,5.159708
2202,2167,6.803533
2212,2167,9.790392
2213,2167,13.8879
2214,2167,16.605675
2215,2167,75.352829
2231,2167,8.292742
2241,2167,24.580278
2321,2167,43.753761
2212,2168,72.736115
2230,2168,5.521328
2231,2168,3.51786
2232,2168,38.628159
2233,2168,11.969864
2221,2169,64.425423
2223,2169,12.566057
2224,2169,3.17483
2182,2170,120.633926
2207,2170,11.63012
2222,2170,14.620708
2177,2171,261.678864
2219,2171,140.614471
2304,2171,9.990034
2305,2171,10.171799
2236,2172,49.414177
2222,2173,19.623466
2178,2179,1.107832
2295,2180,10.377847
2178,2181,1.19237
2179,2181,18.238609
2181,2181,27.260214
2178,2182,1.865146
2180,2182,2.322286
2181,2182,5.685793
2184,2182,1.682367
2180,2183,2.879096
2181,2183,8.565674
2182,2183,1.003309
2183,2183,106.139999
2184,2183,22.975901
2187,2185,1.144646
2176,2186,1.966556
2188,2186,1.385062
2189,2186,73.12262
2173,2187,1.977075
2178,2187,1.724264
2179,2187,3.486548
2187,2187,1.053316
2200,2187,227.164169
2201,2187,24.867561
2171,2188,4.740576
2187,2188,1.662868
2196,2188,23.370932
2197,2188,171.795013
2201,2188,209.760666
2197,2189,99.744514
2249,2189,2.792406
2248,2190,23.654755
2256,2190,118.887283
2250,2191,63.662811
2257,2191,76.853027
2170,2192,1.518898
2193,2192,15.731452
2171,2193,3.391281
2174,2194,1.535778
2171,2198,4.918755
2196,2201,180.096771
2291,2201,3.10388
2292,2201,2.008651
2291,2202,1.082551
2292,2202,2.60388
2222,2205,196.488861
2183,2206,26.484955
2222,2206,82.453873
2183,2207,33.346836
2267,2207,4.973932
2335,2207,74.463226
2336,2207,24.970623
2211,1889,68.234512
2223,1889,63.178146
2224,1889,566.907776
2226,1889,133.625122
2227,1889,10.199993
2175,2208,21.227127
2176,2208,34.738567
2210,1890,5.499996
2211,1890,38.049225
2212,1890,51.888485
2213,1890,280.629944
2214,1890,540.032166
2228,1890,37.750008
2172,2209,31.455267
2173,2209,31.689806
2174,2209,87.218178
2175,2209,17.654005
2176,2209,452.566742
2219,2209,66.338951
2206,1891,27.202772
2207,1891,223.07164
2208,1891,229.396927
2209,1891,3.125
2210,1891,5.89286
2211,1891,85.507607
2212,1891,161.823303
2213,1891,484.504456
2214,1891,1377.393188
2219,2210,74.27179
2205,1892,183.904282
2206,1892,464.854736
2207,1892,488.544403
2210,1892,6.888892
2211,1892,14.388851
2212,1892,318.42807
2213,1892,770.894165
2214,1892,1921.371338
2172,2211,36.645401
2219,2211,75.282166
2352,2211,5.345085
2211,1893,17.7857
2212,1893,75.041466
2213,1893,435.240021
2171,2212,98.777008
2172,2212,114.253586
2186,2212,17.294123
2188,2212,3.270244
2351,2212,18.373146
2172,2213,30.863773
2181,2213,37.637882
2213,1894,24.98274
2338,1894,2.647061
2349,1894,3.319079
2172,2214,23.33952
2180,2214,117.773438
2348,1895,10.07563
2349,1895,12.628565
2350,1895,10.399992
2351,1895,7.847057
2173,2215,22.544167
2190,2215,43.099537
2193,2215,25.091623
2317,2215,98.322906
2318,2215,116.338089
2347,2216,35.583752
2187,2217,40.790939
2189,2217,32.345875
2190,2217,50.303066
2335,2217,19.384022
2336,2217,4.188674
2345,2217,26.61186
2346,2217,5.519977
2172,2218,22.871054
2176,2218,26.960104
2185,2218,34.11142
2186,2218,41.955444
2187,2218,49.17981
2191,2218,47.067978
2192,2218,22.022333
2193,2218,136.186081
2345,2218,4.864939
2349,2218,5.227885
2171,2219,16.550186
2172,2219,43.003891
2179,2219,24.150518
2180,2219,23.202932
2182,2219,133.276489
2183,2219,73.81279
2184,2219,30.02503
2185,2219,46.479298
2186,2219,21.156315
2190,2219,7.224041
2193,2219,2.131065
2194,2219,71.601074
2316,2219,1.041348
2317,2219,1.862413
2318,2219,16.493498
2319,2219,63.863483
2337,2219,31.800488
2338,2219,18.672125
2339,2219,161.704559
2344,2219,4.083256
2345,2219,8.777345
2346,2219,7.849725
2349,2219,10.459394
2350,2219,4.112353
2351,2219,3.872944
2177,2220,30.483061
2180,2220,28.398249
2181,2220,18.342644
2182,2220,126.254005
2183,2220,65.363548
2184,2220,87.710365
2193,2220,71.341675
2194,2220,68.821564
2318,2220,3.647953
2319,2220,19.548712
2336,2220,4.067245
2340,2220,40.542789
2341,2220,12.18244
2343,2220,7.164642
2344,2220,8.310953
2345,2220,8.914512
2346,2220,7.528201
2347,2220,7.155082
2352,2220,11.405782
2173,2221,1.84384
2177,2221,17.27594
2178,2221,31.455267
2179,2221,17.27594
2183,2221,7.316667
2184,2221,41.654579
2186,2221,47.955994
2194,2221,21.016115
2195,2221,33.36512
2320,2221,5.144766
2337,2221,2.631279
2341,2221,5.551933
2355,1901,1.34375
2170,2222,16.495964
2174,2222,26.067904
2179,2222,103.77623
2183,2222,1.93617
2184,2222,66.142059
2186,2222,39.583122
2203,2222,21.806505
2205,2222,4.332505
2206,2222,7.140318
2320,2222,4.646601
2330,2222,4.067245
2337,2222,2.631279
2340,2222,52.055958
2356,1902,42.051559
2174,2223,22.544167
2179,2223,30.863773
2181,2223,21.09358
2183,2223,1.534482
2186,2223,28.402771
2187,2223,20.412928
2189,2223,107.413071
2190,2223,8.32018
2206,2223,36.937782
2332,2223,3.852993
2336,2223,11.33065
2337,2223,4.058794
2339,2223,30.175014
2340,2223,41.190468
2341,2223,28.246355
2342,2223,1.161977
2356,1903,80.093941
2176,2224,26.215973
2177,2224,17.27594
2178,2224,43.003891
2179,2224,24.654364
2183,2224,145.035477
2189,2224,3.477006
2190,2224,7.923067
2191,2224,3.475406
2194,2224,41.50441
2332,2224,7.388934
2335,2224,4.067245
2336,2224,2.600863
2337,2224,3.413118
2339,2224,30.175014
2340,2224,21.665579
2341,2224,26.500343
2342,2224,1.828644
2171,2225,32.344826
2172,2225,24.24423
2173,2225,22.232523
2174,2225,30.863773
2175,2225,29.809153
2177,2225,34.142437
2181,2225,17.27594
2184,2225,49.432106
2331,2225,4.850393
2337,2225,2.631279
2339,2225,23.712811
2341,2225,24.972654
2342,2225,15.49531
2348,2225,5.159708
2171,2226,16.671398
2174,2226,40.239483
2175,2226,54.411987
2176,2226,13.00839
2177,2226,18.129919
2178,2226,34.060295
2185,2226,98.669434
2186,2226,48.089447
2335,2226,3.071286
2336,2226,2.631279
2337,2226,2.778711
2339,2226,4.255295
2340,2226,2.777464
2341,2226,1.303144
2342,2226,61.599766
2343,2226,27.500977
2344,2226,5.288381
2345,2226,5.345085
2348,2226,8.2889
2351,2226,101.865189
2176,2227,122.058693
2177,2227,138.57637
2186,2227,70.011246
2187,2227,64.19696
2204,2227,69.963158
2217,2227,7.302583
2316,2227,2.67555
2317,2227,4.567046
2326,2227,3.198258
2333,2227,2.973054
2336,2227,2.638082
2339,2227,2.304849
2340,2227,2.789218
2342,2227,65.348358
2343,2227,50.439796
2344,2227,124.135651
2345,2227,170.797501
2346,2227,34.725769
2348,2227,10.203898
2349,2227,3.900675
2351,2227,133.448364
2174,2228,8.128665
2175,2228,1.534482
2177,2228,52.324154
2178,2228,34.595711
2181,2228,67.459114
2182,2228,208.395813
2186,2228,50.437515
2187,2228,63.323879
2220,2228,27.004221
2313,2228,2.607797
2318,2228,4.567046
2323,2228,4.49906
2325,2228,4.268878
2327,2228,15.266714
2336,2228,3.074222
2339,2228,2.299419
2340,2228,1.830898
2342,2228,45.546772
2343,2228,14.789059
2344,2228,77.627449
2345,2228,89.522293
2346,2228,277.218475
2347,2228,42.428841
2350,2228,12.957164
2181,2229,34.678715
2182,2229,179.664001
2183,2229,185.372696
2186,2229,4.757348
2187,2229,71.527573
2192,2229,16.492369
2200,2229,72.016708
2213,2229,12.346059
2217,2229,4.978909
2220,2229,5.412705
2230,2229,44.704166
2233,2229,8.306623
2313,2229,2.145531
2314,2229,2.561928
2327,2229,4.614297
2328,2229,7.033944
2333,2229,4.393132
2334,2229,11.337453
2335,2229,3.074222
2336,2229,4.844887
2337,2229,13.671581
2338,2229,2.583505
2347,2229,328.648315
2348,2229,70.985863
2352,2229,26.493156
2173,2230,63.552315
2178,2230,18.129919
2182,2230,163.733429
2187,2230,6.785698
2188,2230,71.811035
2189,2230,182.023788
2192,2230,3.066664
2200,2230,6.786994
2201,2230,17.376856
2202,2230,120.672028
2203,2230,78.03437
2204,2230,29.172861
2229,2230,31.349373
2313,2230,2.641627
2316,2230,2.607797
2327,2230,4.090026
2328,2230,4.012281
2333,2230,2.561928
2338,2230,2.171451
2347,2230,5.159575
2348,2230,10.622211
2171,2231,15.429977
2181,2231,3.539667
2182,2231,75.283257
2192,2231,4.99999
2193,2231,15.966595
2198,2231,10.207085
2199,2231,13.039635
2203,2231,8.340419
2204,2231,43.357796
2216,2231,353.998444
2217,2231,54.419827
2218,2231,34.780361
2219,2231,34.780361
2220,2231,100.646332
2221,2231,108.626846
2229,2231,7.838766
2313,2231,4.393132
2316,2231,2.917433
2327,2231,13.524555
2328,2231,5.159708
2331,2231,2.917433
2334,2231,2.631279
2335,2231,2.63263
2346,2231,4.338267
2348,2231,24.848749
2171,2232,13.200814
2175,2232,7.378815
2177,2232,4.843013
2188,2232,16.198
2191,2232,4.00118
2199,2232,12.963117
2204,2232,30.367451
2213,2232,48.921959
2214,2232,13.797075
2215,2232,117.800438
2216,2232,101.256767
2217,2232,41.451042
2218,2232,9.844378
2219,2232,115.837349
2220,2232,213.730591
2221,2232,304.171906
2222,2232,366.461578
2223,2232,41.25951
2224,2232,7.38281
2227,2232,4.143715
2228,2232,6.577669
2229,2232,3.872127
2230,2232,34.191036
2232,2232,20.553595
2313,2232,2.607797
2331,2232,2.641627
2333,2232,2.641627
2334,2232,1.65652
2335,2232,2.189268
2336,2232,2.617066
2337,2232,2.63263
2338,2232,2.145531
2339,2232,2.641627
2340,2232,2.67555
2346,2232,2.67555
2349,2232,43.994385
2350,2232,12.234465
2351,2232,10.028584
2174,2233,2.417947
2199,2233,93.702942
2204,2233,30.378782
2207,2233,57.015476
2211,2233,308.068695
2212,2233,514.192261
2213,2233,25.52346
2214,2233,9.134159
2215,2233,162.822906
2216,2233,15.578364
2217,2233,7.346312
2219,2233,141.514191
2221,2233,13.699313
2222,2233,9.341719
2223,2233,516.60553
2224,2233,28.789061
2225,2233,25.714642
2226,2233,11.8859
2235,2233,52.513203
2313,2233,2.641627
2314,2233,2.557992
2332,2233,2.641627
2333,2233,2.164649
2334,2233,2.131899
2339,2233,1.140345
2340,2233,2.167584
2341,2233,2.63263
2342,2233,2.641627
2343,2233,2.67555
2347,2233,49.876179
2348,2233,1.655223
2349,2233,1.88493
2350,2233,9.36731
2351,2233,121.020607
2352,2233,11.888721
2180,2234,2.131065
2185,2234,38.55732
2186,2234,16.170675
2187,2234,7.017103
2188,2234,3.475406
2189,2234,32.186436
2190,2234,16.198
2191,2234,3.475406
2192,2234,15.966595
2193,2234,16.492369
2194,2234,16.889671
2196,2234,16.889671
2199,2234,9.988111
2210,2234,5.4553
2211,2234,57.281345
2212,2234,95.23967
2213,2234,8.828031
2216,2234,17.987534
2217,2234,7.760746
2219,2234,3.203778
2224,2234,5.215041
2225,2234,21.781733
2229,2234,41.28381
2231,2234,108.463463
2232,2234,138.627563
2316,2234,11.33065
2327,2234,2.970286
2328,2234,2.561928
2331,2234,2.641627
2333,2234,4.476499
2342,2234,1.140345
2343,2234,2.148479
2344,2234,2.63263
2346,2234,1.69545
2347,2234,87.575249
2348,2234,66.651764
2349,2234,92.884201
2350,2234,84.44149
2197,2235,3.066664
2200,2235,3.066664
2201,2235,6.785698
2204,2235,3.066664
2205,2235,397.782959
2207,2235,6.785698
2209,2235,130.980789
2210,2235,2.871795
2211,2235,70.568665
2212,2235,38.34153
2214,2235,6.97001
2218,2235,5.314449
2221,2235,41.247871
2222,2235,41.247871
2224,2235,109.374832
2225,2235,65.227989
2226,2235,29.839481
2228,2235,112.063789
2316,2235,4.476499
2323,2235,3.028789
2333,2235,3.546781
2343,2235,15.078231
2346,2235,196.274246
2347,2235,154.464676
2351,2235,1570.578003
2226,2236,40.142048
2227,2236,69.944389
2228,2236,71.076363
2229,2236,109.499443
2303,2236,1.339942
2318,2236,1.639017
2319,2236,3.852993
2326,2236,3.028789
2338,2236,2.145531
2346,2236,813.315125
2183,2237,3.066664
2185,2237,5.923067
2186,2237,4.124845
2187,2237,4.398483
2189,2237,4.00118
2190,2237,4.00118
2191,2237,4.00118
2192,2237,4.00118
2193,2237,7.708776
2194,2237,7.708776
2195,2237,6.785698
2196,2237,6.785698
2197,2237,9.004797
2198,2237,3.066664
2310,2237,6.335536
2313,2237,4.804358
2314,2237,2.576702
2315,2237,2.607797
2322,2237,2.917433
2323,2237,2.917433
2324,2237,2.561928
2326,2237,2.67555
2330,2237,3.028789
2334,2237,4.567046
2341,2237,2.613812
2342,2237,3.636834
2345,2237,594.458252
2175,2238,1.534482
2192,2238,4.185189
2209,2238,10.243856
2210,2238,92.970383
2211,2238,145.173935
2212,2238,17.256214
2224,2238,46.951927
2225,2238,74.625114
2226,2238,86.437386
2227,2238,143.445419
2228,2238,169.341934
2229,2238,214.482285
2230,2238,82.206581
2172,2239,1.534482
2179,2239,1.86964
2209,2239,50.537132
2210,2239,52.119637
2211,2239,43.990677
2212,2239,28.34252
2213,2239,49.522804
2214,2239,44.471245
2215,2239,25.816254
2216,2239,17.540865
2217,2239,12.98192
2218,2239,20.003744
2219,2239,22.531706
2220,2239,30.606791
2221,2239,29.37051
2222,2239,757.278809
2223,2239,53.111782
2224,2239,61.529579
2225,2239,68.843094
2230,2239,3.780885
2231,2239,71.544327
2171,2240,1.93617
2172,2240,1.534482
2192,2240,4.99999
2213,2240,13.871687
2222,2240,31.372366
2237,2240,38.938019
2243,2240,240.837601
2172,2241,1.866666
2173,2241,1.534482
2208,2241,121.614273
2209,2241,7.063324
2211,2241,1.392857
2213,2241,6.588937
2214,2241,5.397327
2217,2241,6.138998
2218,2241,6.142391
2219,2241,4.426135
2222,2241,49.047279
2223,2241,19.335501
2231,2241,8.699081
2331,2241,19.95525
2339,2241,11.155471
2171,2242,1.93617
2192,2242,3.475406
2195,2242,20.575436
2202,2242,8.370002
2209,2242,2.873091
2210,2242,2.873091
2211,2242,52.154408
2213,2242,1.478724
2214,2242,3.929841
2217,2242,2.871795
2219,2242,6.657736
2222,2242,17.372192
2223,2242,52.448742
2231,2242,6.851114
2333,2242,35.526009
2334,2242,55.050549
2339,2242,7.135723
2342,2242,1.595874
2343,2242,4.141264
2346,2242,2.623192
2347,2242,7.682628
2348,2242,9.778364
2349,2242,11.581506
2350,2242,59.489685
2172,2243,1.93617
2185,2243,3.066664
2193,2243,3.475406
2195,2243,11.633287
2199,2243,6.785698
2207,2243,1.773395
2208,2243,3.621924
2214,2243,21.981354
2316,1923,4.861691
2219,2243,21.117887
2228,2243,36.30582
2229,2243,24.398697
2230,2243,9.127954
2314,2243,56.773579
2315,2243,84.704124
2333,2243,21.41209
2334,2243,16.094757
2339,2243,4.665814
2341,2243,7.059438
2342,2243,25.595398
2343,2243,4.991989
2344,2243,2.94579
2346,2243,6.608365
2350,2243,9.026358
2351,2243,11.467633
2351,1924,7.315426
2352,1924,21.530996
2353,1924,30.257236
2194,2244,25.42557
2195,2244,5.612393
2199,2244,3.475406
2200,2244,4.99999
2201,2244,4.185189
2202,2244,1.125
2207,2244,1.517397
2208,2244,9.421639
2213,2244,1.125
2214,2244,8.279671
2215,2244,29.865013
2216,2244,7.786065
2217,2244,1.431184
2218,2244,3.674082
2219,2244,21.835695
2220,2244,35.694878
2221,2244,33.097519
2222,2244,30.022058
2228,2244,90.88266
2229,2244,6.993493
2230,2244,5.566571
2314,2244,31.499126
2315,2244,21.584768
2321,2244,4.435011
2339,2244,2.234188
2343,2244,3.857211
2344,2244,2.486603
2350,2244,18.895353
2351,2244,11.114147
2352,1925,6.143052
2353,1925,12.533603
2354,1925,14.767263
2355,1925,22.167458
2185,2245,3.066664
2197,2245,14.399674
2199,2245,3.475406
2200,2245,6.105524
2201,2245,2.875188
2202,2245,2.875188
2207,2245,2.997928
2213,2245,2.25
2214,2245,8.028387
2215,2245,17.75518
2216,2245,6.778387
2228,2245,30.221014
2229,2245,1.278984
2230,2245,3.594455
2231,2245,7.546601
2314,2245,2.68856
2315,2245,13.528004
2316,2245,5.426673
2321,2245,24.860327
2322,2245,1.864419
2330,2245,1.341966
2338,2245,1.01467
2342,2245,48.382538
2343,2245,7.206394
2350,2245,6.228053
2352,1926,20.129463
2353,1926,52.541683
2354,1926,53.047825
2355,1926,56.412094
2356,1926,125.380768
2357,1926,24.796799
2186,2246,3.066664
2199,2246,3.475406
2200,2246,7.669056
2208,2246,1.883696
2209,2246,1.42821
2315,2246,1.69545
2316,2246,14.825512
2322,2246,1.895834
2334,2246,1.349295
2338,2246,2.717895
2339,2246,50.90892
2347,2246,4.94397
2348,2246,5.432392
2349,2246,6.016056
2351,1927,14.75
2352,1927,30.048256
2353,1927,71.195816
2354,1927,176.209167
2355,1927,180.671234
2356,1927,108.753517
2357,1927,78.742462
2199,2247,24.567848
2200,2247,3.332763
2207,2247,1.431184
2209,2247,2.332474
2210,2247,1.46084
2329,2247,1.271657
2338,2247,1.771335
2339,2247,29.486511
2346,2247,2.57941
2347,2247,3.51753
2348,2247,4.266171
2349,2247,5.283069
2350,2247,6.011947
2288,1928,275.908234
2326,1928,49.561302
2352,1928,109.294647
2353,1928,219.372177
2354,1928,528.661133
2355,1928,328.47467
2356,1928,56.907219
2199,2248,9.852363
2200,2248,1.280143
2207,2248,2.871795
2208,2248,1.589132
2212,2248,2.910122
2214,2248,37.046268
2215,2248,37.043297
2323,2248,1.612058
2339,2248,7.687394
2347,2248,11.085465
2348,2248,14.242418
2349,2248,7.804635
2350,2248,5.035821
2327,1929,54.561302
2328,1929,9.230766
2333,1929,15.279763
2334,1929,7.779074
2356,1929,197.302658
2207,2249,1.198157
2208,2249,3.294017
2216,2249,60.495445
2251,2249,2.555812
2252,2249,81.466621
2253,2249,211.899704
2254,2249,80.760803
2317,2249,14.588614
2330,2249,3.394843
2341,2249,3.691139
2342,2249,3.006261
2343,2249,1.241847
2345,2249,3.661747
2346,2249,1.349652
2347,2249,2.804222
2348,2249,1.985073
2349,2249,44.974144
2350,2249,16.49268
2351,2249,7.458298
2327,1930,61.084656
2328,1930,34.554157
2329,1930,31.885338
2330,1930,29.545719
2331,1930,35.981514
2332,1930,84.982147
2333,1930,25.93622
2328,1931,50.923615
2329,1931,66.720222
2330,1931,32.243374
2331,1931,33.134159
2332,1931,36.633106
2333,1931,25.182381
2207,2250,3.32937
2212,2250,2.871795
2215,2250,1.125
2252,2250,65.117958
2314,2250,4.909163
2315,2250,1.134207
2316,2250,1.00581
2318,2250,1.283379
2319,2250,2.500746
2320,2250,1.717365
2341,2250,12.317535
2345,2250,4.526962
2346,2250,3.951009
2347,2250,13.129787
2348,2250,2.958897
2349,2250,16.49268
2350,2250,6.545067
2214,2251,2.871795
2313,2251,2.094344
2316,2251,3.618923
2317,2251,5.182573
2320,2251,1.007329
2345,2251,4.050717
2331,1932,50.346226
2332,1932,58.318874
2359,1932,35.385056
2359,1933,3.658939
2360,1933,11.026751
2267,2252,2.251686
2268,2252,2.251686
2269,2252,2.251686
2270,2252,4.336782
2312,2252,5.972592
2313,2252,6.066772
2314,2252,5.50627
2269,2253,1.538437
2344,2254,4.65501
2345,2254,95.975983
2359,1934,67.159088
2360,1934,21.472553
2303,2255,1.4445
2337,2255,2.267215
2358,1935,6.321427
2359,1935,161.606171
2360,1935,58.164993
2357,1936,22.088131
2358,1936,30.990519
2359,1936,325.813934
2242,2257,49.044788
2323,2257,2.877643
2240,2259,79.434349
2237,2260,30.531797
2238,2260,36.67197
2239,2260,17.975826
2240,2260,39.695469
2315,2261,5.904298
2238,2262,36.596153
2276,2262,6.687104
2365,1943,11.611072
2302,1944,305.272491
2312,1944,8.691109
2328,1944,19.530998
2329,1944,4.861691
2330,1944,7.58536
2364,1944,8.860953
2365,1944,11.951357
2251,2263,1.435796
2318,2263,108.873734
2312,1945,4.861691
2250,2264,1.516625
2251,2264,1.854649
2263,2264,28.868156
2330,1946,8.691109
2364,1946,7.779074
2251,2265,2.311729
2252,2265,1.854649
2255,2265,1.484422
2264,2265,4.037723
2270,2265,3.017413
2304,2265,1.078098
2258,2266,1.041565
2263,2266,3.017413
2265,2266,6.626332
2267,2266,6.626332
2344,2266,2.958897
2329,1947,4.861691
2331,1947,4.861691
2332,1947,7.58536
2257,2267,1.669603
2342,2267,2.477153
2258,2268,1.84018
2265,2268,2.097165
2329,1949,8.691109
2287,2270,3.071083
2329,1952,8.691109
2330,1952,8.666654
2204,2271,1.978437
2311,2271,96.885071
2312,2271,16.334044
2310,1953,16.191381
2331,1953,8.691109
2204,2272,1.236098
2259,2272,1.809156
2301,2272,3.593118
2309,2272,18.103605
2338,2272,1.985073
2339,2272,2.47845
2340,2272,2.006572
2341,2272,1.985073
2274,1954,136.782501
2311,1954,17.297131
2269,2273,1.263697
2282,2273,26.519295
2283,2273,4.102096
2341,2273,2.490248
2342,2273,2.155874
2344,2273,2.483314
2345,2273,2.665729
2346,2273,1.658432
2347,2273,3.300303
2348,2273,2.492013
2312,1955,10.924976
2204,2274,3.750088
2343,2274,2.970236
2348,2274,2.958897
2312,1956,15.786667
2332,1956,8.691109
2331,1957,4.861691
2203,2275,1.585714
2204,2275,2.259998
2259,2275,1.751567
2272,2275,7.297318
2286,2275,5.784329
2304,2275,5.761557
2343,2275,2.46875
2266,2276,1.275252
2267,2276,3.134732
2343,2276,2.109433
2344,2276,1.988516
2348,2276,1.755875
2268,2277,1.942208
2340,2277,1.647889
2344,2277,2.012414
2347,2277,2.46875
2253,2278,5.535353
2258,2278,2.124951
2259,2278,8.20911
2275,2278,3.400715
2341,2278,1.651459
2349,2278,1.057873
2303,1960,304.102783
2335,1960,5.279072
2290,1961,166.428345
2303,1961,283.854858
2268,1962,6977.737793
2290,1962,217.128159
2291,1962,316.999146
2296,1962,205.568695
2297,1962,367.925415
2301,1962,335.832397
2302,1962,281.198517
2294,1963,276.066223
2295,1963,205.214737
2297,1963,304.923065
2298,1963,430.525391
2300,1963,347.713684
2301,1963,530.312622
2302,1963,68.93782
2334,2281,2.888686
2335,2281,2.870123
2337,2281,2.514047
2338,2281,2.514047
2339,2281,2.514047
2343,2281,2.47606
2344,2281,2.46875
2345,2281,2.46875
2346,2281,5.431879
2347,2281,5.44869
2348,2281,3.910098
2349,2281,1.750408
2350,2281,5.855288
2297,1964,90.712997
2298,1964,215.607788
2299,1964,228.927063
2301,1964,68.000107
2302,1964,68.000107
2303,1964,99.192688
2329,1964,4.861691
2299,1965,234.22084
2286,2282,6.401995
2289,2282,13.550965
2346,2282,2.929544
2277,2283,1.944305
2282,2283,3.42517
2286,2283,2.771778
2290,2283,1.524906
2300,2283,3.076926
2346,2283,10.245162
2347,2283,2.134333
2350,2283,2.472143
2351,2283,98.201279
2223,1966,366.0
2330,1966,10.924976
2331,1966,5.404761
2333,1966,1.625
2276,2284,1.940912
2277,2284,1.578652
2286,2284,4.196426
2337,2284,3.341031
2339,2284,1.242398
2346,2284,1.356202
2347,2284,1.647889
2329,1967,4.861691
2252,2285,36.072079
2253,2285,75.959839
2254,2285,63.326683
2255,2285,408.470825
2256,2285,187.869019
2257,2285,26.260653
2274,2285,11.640797
2275,2285,106.673508
2276,2285,29.345154
2277,2285,17.909597
2337,2285,1.36318
2251,2286,48.850391
2252,2286,40.060886
2253,2286,60.974468
2254,2286,161.502945
2255,2286,78.148293
2256,2286,5.459797
2257,2286,55.32864
2277,2286,30.553898
2278,2286,53.944229
2279,2286,13.148521
2280,2286,5.542178
2291,2286,1.292779
2347,2286,16.839138
2352,2286,17.445898
2252,2287,143.665298
2253,2287,125.499008
2254,2287,10.24782
2256,2287,1.431736
2257,2287,22.604071
2279,2287,110.802948
2280,2287,33.573227
2281,2287,115.074295
2282,2287,14.845916
2283,2287,7.934621
2352,2287,201.594162
2330,1969,10.924976
2253,2288,92.546822
2254,2288,100.126411
2255,2288,8.405647
2256,2288,2.209198
2283,2288,14.842961
2340,2288,1.090475
2334,1970,33.460911
2257,2289,2.200001
2278,2289,4.59419
2279,2289,33.612255
2280,2289,25.666668
2281,2289,14.845114
2282,2289,9.798893
2283,2289,7.934621
2286,2289,1.137361
2340,2289,1.062004
2257,2290,424.020325
2278,2290,21.88068
2282,2290,7.403298
2283,2290,7.403298
2343,2290,158.751572
2350,2290,11.600384
2257,2291,488.901703
2258,2291,177.148788
2283,2291,43.961254
2291,2291,5.826395
2343,2291,8.084539
2350,2291,121.418671
2258,2292,266.356689
2343,2292,6.875802
2344,2292,10.43165
2350,2292,16.493835
2343,2293,60.354393
2180,2294,1.585714
2183,2294,2.259998
2283,2294,1.391774
2291,2294,1.395786
2180,2295,3.327866
2283,2295,1.290805
2334,2295,2.341527
2343,2295,18.736433
2267,1975,152.710098
2268,1976,94.112617
2327,1976,13.32667
2333,1976,5.279072
2257,2296,507.739685
2328,2296,8.134117
2343,2296,98.306274
2327,1977,28.18891
2257,2297,300.238953
2277,2297,8.691474
2279,2297,16.089317
2281,2297,94.496788
2327,1978,6.439995
2257,2298,254.611206
2258,2298,262.879425
2277,2298,7.56966
2280,2298,35.01326
2343,2298,26.594858
2230,2299,9.028731
2257,2299,351.7836
2258,2299,163.945496
2259,2299,322.860779
2277,2299,2.198297
2278,2299,3.966212
2280,2299,1.043482
2282,1979,149.203857
2231,2300,3.457893
2276,2300,3.801671
2277,2300,2.314453
2278,2300,1.981317
2279,2300,17.739025
2280,2300,71.290314
2295,2300,1.166283
2333,2300,1.163006
2326,1980,31.267193
2272,2301,9.284131
2273,2301,6.653555
2274,2301,4.230286
2275,2301,3.801671
2276,2301,2.577419
2277,2301,1.323699
2278,2301,1.171351
2279,2301,4.701317
2280,2301,28.96546
2295,2301,1.382489
2232,2302,8.635436
2273,2302,5.268216
2274,2302,2.657143
2275,2302,1.380952
2278,2302,1.6971
2280,2302,1.358053
2300,2302,3.027316
2303,2302,2.04946
2348,1982,6.108706
2355,1982,8.690839
2272,2303,235.247543
2273,2303,72.106827
2274,2303,1.119563
2279,2303,1.270682
2283,2303,1.028497
2287,2303,3.366956
2288,2303,6.689845
2289,2303,11.474254
2290,2303,8.498172
2293,2303,15.428694
2300,2303,2.503671
2328,2303,9.90521
2292,1983,13.467712
2272,2304,189.586502
2273,2304,71.315399
2274,2304,47.396133
2275,2304,20.72381
2276,2304,1.666667
2277,2304,1.843663
2279,2304,1.075629
2283,2304,1.028497
2286,2304,3.14628
2287,2304,5.555786
2331,2304,3.583367
2272,2305,196.081757
2273,2305,73.00074
2274,2305,26.71912
2275,2305,13.437222
2276,2305,6.159483
2277,2305,1.139193
2278,2305,2.952113
2279,2305,6.048409
2287,2305,1.799464
2288,2305,4.255863
2315,2305,22.680702
2316,2305,84.520844
2317,2305,2.969126
2318,2305,4.435468
2319,2305,46.438305
2329,2305,1.028553
2331,2305,3.973431
2332,2305,3.578755
2339,2305,1.396042
2293,1984,19.616085
2294,1984,17.382217
2296,1984,4.861691
2300,1984,15.53767
2301,1984,20.070629
2249,2306,38.925636
2250,2306,2.200001
2251,2306,1.085106
2252,2306,1.085106
2253,2306,4.26829
2254,2306,5.663417
2255,2306,10.638165
2256,2306,49.053596
2272,2306,199.580856
2273,2306,75.732193
2274,2306,30.374439
2275,2306,6.305072
2276,2306,2.33687
2277,2306,1.377128
2278,2306,2.150565
2279,2306,20.166899
2287,2306,1.823291
2288,2306,3.442036
2316,2306,2.66344
2317,2306,3.103371
2318,2306,5.822181
2319,2306,3.310099
2330,2306,10.897942
2331,2306,4.190108
2333,2306,1.089238
2339,2306,2.952706
2300,1985,9.723382
2302,1985,5.191819
2249,2307,15.115976
2250,2307,2.563634
2251,2307,3.033978
2252,2307,1.314286
2253,2307,3.649519
2254,2307,6.036967
2255,2307,8.081216
2256,2307,76.625305
2257,2307,65.301659
2258,2307,206.08345
2272,2307,208.939468
2273,2307,69.970551
2274,2307,33.407806
2275,2307,3.20842
2277,2307,3.022862
2278,2307,9.535176
2279,2307,13.404363
2286,2307,1.221501
2287,2307,37.687355
2288,2307,42.889301
2294,2307,3.351822
2313,2307,223.217957
2330,2307,12.341681
2331,2307,1.031557
2333,2307,1.19667
2249,2308,43.175915
2250,2308,20.947182
2251,2308,6.489352
2252,2308,61.13945
2253,2308,38.64854
2254,2308,18.058527
2255,2308,6.148863
2256,2308,5.840886
2257,2308,6.171537
2258,2308,51.661705
2272,2308,285.288513
2273,2308,103.280815
2274,2308,29.513584
2275,2308,2.689508
2276,2308,2.606351
2277,2308,1.776718
2278,2308,10.396522
2285,2308,2.168063
2286,2308,18.774305
2287,2308,14.880036
2288,2308,43.402142
2294,2308,2.140762
2295,2308,1.743503
2296,2308,1.163688
2297,2308,1.408424
2298,2308,5.273821
2299,2308,6.373987
2300,2308,3.121273
2301,2308,1.39503
2302,2308,1.861486
2303,2308,1.984576
2304,2308,3.176333
2313,2308,1.587732
2321,2308,8.581776
2331,2308,1.609645
2333,2308,6.827803
2348,2308,1.371706
2282,1987,4.861691
2285,1987,4.861691
2286,1987,4.861691
2292,1987,8.691109
2299,1987,4.861691
2241,2309,50.043499
2243,2309,82.873863
2250,2309,106.187729
2251,2309,31.953432
2252,2309,136.154495
2253,2309,282.059906
2254,2309,218.522842
2255,2309,67.466309
2257,2309,7.541629
2272,2309,38.981586
2273,2309,19.960911
2274,2309,14.467184
2275,2309,1.770496
2276,2309,5.55255
2277,2309,6.92276
2278,2309,10.813478
2279,2309,6.044147
2284,2309,1.106315
2321,2309,3.957407
2282,1988,329.094116
2283,1988,104.982552
2284,1988,19.820728
2285,1988,11.750763
2286,1988,24.115101
2332,2309,2.20978
2291,1988,135.151169
2295,1988,8.691109
2297,1988,9.497009
2348,2309,1.324934
2298,1988,4.861691
2187,2310,1.758332
2196,2310,3.327866
2222,2310,2.25
2245,2310,108.320366
2250,2310,38.658924
2251,2310,29.205803
2272,2310,64.024292
2273,2310,19.866911
2274,2310,6.596759
2275,2310,4.092753
2276,2310,2.526562
2277,2310,11.385957
2278,2310,8.934972
2283,2310,1.106315
2291,2310,5.597607
2292,2310,5.597607
2293,2310,7.196012
2294,2310,5.244674
2295,2310,7.147651
2313,2310,2.079823
2314,2310,1.01183
2315,2310,2.459204
2321,2310,3.563115
2282,1989,11.448141
2293,1990,10.084391
2298,1990,27.790503
2187,2311,1.758332
2197,2311,6.436583
2240,2311,72.19648
2241,2311,79.951317
2242,2311,91.966507
2243,2311,78.652374
2244,2311,33.776154
2245,2311,214.991135
2271,2311,262.489868
2272,2311,44.593575
2273,2311,40.559311
2274,2311,11.888067
2275,2311,3.419876
2276,2311,3.205811
2277,2311,10.247569
2278,2311,5.757013
2313,2311,2.73922
2314,2311,2.575072
2315,2311,2.508758
2321,2311,2.186133
2171,2312,5.651318
2187,2312,1.758332
2197,2312,1.795388
2198,2312,4.298285
2199,2312,5.125379
2200,2312,32.11311
2220,2312,10.531952
2222,2312,2.776191
2223,2312,7.269243
2224,2312,10.289783
2225,2312,5.414153
2235,2312,287.060455
2236,2312,269.753479
2237,2312,193.115128
2238,2312,136.007568
2239,2312,85.266991
2240,2312,51.46217
2241,2312,95.321075
2242,2312,26.065424
2243,2312,107.247864
2244,2312,83.040382
2251,2312,26.723553
2271,2312,55.82378
2272,2312,88.520561
2273,2312,20.184095
2274,2312,5.77545
2275,2312,1.611469
2276,2312,4.474479
2277,2312,6.85122
2278,2312,6.78429
2279,2312,3.693277
2283,2312,1.064815
2288,2312,8.425496
2293,2312,5.178938
2294,2312,3.794198
2295,2312,1.912018
2301,2312,2.225293
2303,2312,9.406018
2313,2312,26.340744
2314,2312,1.383102
2321,2312,1.051405
2170,2313,1.374334
2171,2313,2.226456
2172,2313,14.325221
2187,2313,1.758332
2188,2313,1.045835
2197,2313,2.297414
2198,2313,7.881591
2201,2313,401.94873
2219,2313,1.485532
2220,2313,6.362338
2221,2313,6.752958
2222,2313,24.487198
2223,2313,63.697571
2224,2313,119.288452
2229,2313,241.711533
2232,2313,497.178345
2233,2313,268.745605
2234,2313,237.908691
2235,2313,134.768311
2236,2313,92.449287
2241,2313,56.372528
2242,2313,81.803436
2243,2313,78.39109
2244,2313,189.942307
2251,2313,33.991711
2273,2313,80.415878
2274,2313,90.651253
2276,2313,24.065622
2277,2313,7.868714
2278,2313,11.660272
2288,2313,1.679481
2290,2313,4.698225
2291,2313,23.934862
2292,2313,31.818056
2293,2313,21.613857
2294,2313,22.304157
2295,2313,6.969994
2296,2313,4.765481
2297,2313,15.201138
2298,2313,24.780849
2299,2313,6.375018
2300,2313,7.188903
2301,2313,14.824623
2302,2313,3.093743
2303,2313,8.741329
2313,2313,1.062685
2314,2313,1.41737
2171,2314,15.78487
2172,2314,36.243874
2173,2314,27.575499
2174,2314,4.470507
2175,2314,2.192623
2176,2314,2.467633
2177,2314,1.602272
2187,2314,1.758332
2188,2314,2.217882
2189,2314,1.619221
2190,2314,10.867785
2191,2314,3.982745
2192,2314,3.566116
2193,2314,1.290707
2197,2314,3.190562
2198,2314,16.211563
2199,2314,9.781503
2220,2314,3.723651
2222,2314,51.558308
2242,2314,140.09523
2273,2314,762.990417
2287,2314,9.419897
2289,2314,32.558464
2290,2314,12.096791
2291,2314,39.335911
2292,2314,31.686899
2293,2314,18.790237
2294,2314,18.749155
2295,2314,17.944635
2296,2314,18.465872
2297,2314,27.544153
2298,2314,39.855839
2299,2314,28.079782
2300,2314,4.253886
2301,2314,3.050947
2302,2314,2.815074
2303,2314,8.914946
2304,2314,9.183851
2178,2315,3.011297
2187,2315,2.411792
2188,2315,2.376991
2189,2315,12.601993
2190,2315,22.942677
2191,2315,9.745265
2192,2315,23.56296
2193,2315,15.480795
2194,2315,5.708112
2195,2315,4.402593
2196,2315,3.607453
2197,2315,34.975967
2198,2315,43.642826
2219,2315,7.075858
2298,2315,131.274704
2300,2315,68.343803
2301,2315,3.049384
2302,2315,2.59562
2303,2315,6.607572
2188,2316,17.840534
2189,2316,36.927551
2190,2316,173.685318
2191,2316,87.889847
2192,2316,26.935818
2193,2316,97.650467
2194,2316,19.712545
2195,2316,38.571609
2196,2316,15.061615
2197,2316,40.674503
2198,2316,109.69857
2251,2316,26.895079
2252,2316,10.972217
2253,2316,14.085805
2254,2316,1.758959
2255,2316,2.40962
2257,2316,1.872169
2258,2316,4.91491
2259,2316,4.15942
2302,2316,21.180819
2303,2316,8.567552
2302,1995,6.439995
2303,1995,6.439995
2195,2317,293.680817
2196,2317,77.602234
2197,2317,171.46077
2302,1996,1.666667
2303,1996,3.75
2305,1996,6.439995
2202,1997,7.151509
2203,1997,3.575755
2204,1997,3.575755
2301,1997,3.018992
2302,1997,6.683825
2227,1999,2.157896
2232,1999,2.157896
2346,1999,391.663879
2263,2000,4.438153
2264,2000,3.472563
2330,2000,6.439995
2346,2000,20.047054
2304,2001,4.181817
2350,2001,14.596373
2351,2001,99.33857
2303,2002,2.114943
2304,2002,7.722209
2350,2002,39.160881
2351,2002,115.136169
2303,2003,29.57485
2304,2003,19.25857
2332,2003,5.279072
2336,2003,5.279072
2302,2004,36.861671
2303,2004,48.270241
2304,2004,44.73439
2337,2007,5.493358
2273,2011,30.833191
2341,2011,14.090899
2284,2012,16.458759
2323,2012,6.439995
2327,2012,6.439995
2284,2013,6.890506
2285,2013,16.590792
2334,2013,3.75
2343,2013,26.44385
2346,2013,21.14953
2284,2014,12.08887
2285,2014,36.628654
2343,2014,56.491951
2285,2015,20.209778
2332,2015,6.439995
2342,2015,14.090899
2339,2016,22.864082
2328,2017,7.722209
2329,2017,4.181817
2338,2017,61.362247
2339,2017,67.249931
2342,2017,2.439999
2343,2017,2.439999
2332,2018,6.439995
2339,2018,23.178331
2341,2018,19.694504
2342,2018,24.690449
2343,2018,14.090899
2344,2018,2.439999
2332,2019,7.722209
2342,2019,10.166667
2343,2020,14.090899
2345,2020,23.145466
2334,2021,19.694504
2343,2021,11.833337
2344,2021,23.023781
2345,2021,44.281555
2331,2022,13.301558
2334,2022,19.694504
2350,2023,2.439999
2199,2024,2.157896
2199,2025,2.320759
2308,2025,41.296627
2315,2025,15.359988
2355,2025,2.439999
2356,2025,12.833339
2185,2026,468.953033
2199,2026,264.599609
2316,2026,13.076935
2329,2026,23.026117
2355,2026,12.833339
2214,2027,149.148132
2352,2027,23.023781
2353,2027,14.090899
2341,2028,22.764513
2343,2028,21.192122
2344,2028,21.192122
2345,2028,19.694504
2347,2028,19.694504
2348,2028,22.649797
2350,2028,22.649797
2357,2028,21.192122
2358,2028,12.857113
2359,2028,19.694504
2345,2029,22.764513
2346,2029,19.694504
2354,2029,21.192122
2358,2029,21.192122
2359,2029,22.764513
2360,2029,21.192122
2361,2029,34.235966
2326,2030,15.359988
2339,2030,362.829376
2352,2030,21.192122
2360,2030,22.764513
2361,2030,23.44149
2320,2031,7.407403
2361,2031,36.289482
2225,2036,13.338058
2246,2036,37.909687
2247,2036,40.330044
2248,2036,26.376774
2259,2036,1.713785
2260,2036,1.093143
2244,2038,28.754089
2260,2039,1.871233
2316,2040,37.230961
2317,2040,42.720619
2313,2041,75.857574
2314,2041,19.760653
2315,2041,43.23505
2316,2041,39.42915
2317,2041,17.141899
2246,2042,2.320759
2323,2042,36.751923
2248,2043,2.608828
2315,2043,33.787251
2316,2043,12.194733
2301,2044,27.322531
2302,2044,23.441576
2315,2044,41.291019
2316,2044,37.977821
2317,2044,12.872239
2294,2045,6.109839
2302,2045,25.917015
2303,2045,33.749752
2306,2045,237.180374
2307,2045,45.693405
2308,2045,28.600924
2314,2045,43.638824
2315,2045,59.171791
2316,2045,74.051254
2321,2045,38.1245
2303,2046,45.088161
2304,2046,118.702232
2305,2046,116.429359
2306,2046,116.389648
2307,2046,74.038322
2308,2046,12.872239
2314,2046,11.760155
2315,2046,14.948196
2316,2046,48.694527
2321,2046,22.649797
2322,2046,22.764513
2323,2046,22.764513
2243,2047,2.320759
2304,2047,132.129211
2305,2047,140.501755
2306,2047,79.744873
2307,2047,78.53186
2308,2047,28.52597
2314,2047,12.355067
2315,2047,14.791819
2316,2047,5.090823
2348,2047,34.837219
2247,2048,2.157896
2248,2048,1.748598
2316,2048,4.864367
2321,2048,19.694504
2322,2048,21.192122
2316,2049,1.423749
2322,2049,44.590034
2345,2049,22.764513
2238,2050,3.350203
2239,2050,6.7342
2248,2050,2.157896
2315,2050,2.276293
2316,2050,1.285926
2322,2050,49.247528
2338,2050,84.608315
2340,2050,22.649797
2237,2051,2.157896
2242,2051,4.060498
2250,2051,2.157896
2252,2051,2.157896
2253,2051,1.192307
2258,2051,11.310976
2307,2051,1.454114
2315,2051,1.957388
2316,2051,14.916471
2321,2051,22.649797
2322,2051,43.951317
2338,2051,11.352951
2339,2051,20.138948
2340,2051,22.764513
2347,2051,26.308342
2348,2051,21.192122
2307,2052,1.454114
2308,2052,1.547202
2309,2052,4.605088
2310,2052,3.111764
2311,2052,2.276293
2312,2052,2.276293
2313,2052,2.084681
2314,2052,1.957388
2315,2052,3.849075
2316,2052,7.840436
2321,2052,68.900223
2338,2052,310.615753
2342,2052,22.979925
2343,2052,21.192122
2354,2052,21.192122
2355,2052,22.764513
2191,2053,162.368179
2192,2053,90.930954
2301,2053,3.371972
2308,2053,1.354261
2309,2053,1.210927
2310,2053,1.814499
2311,2053,1.785803
2312,2053,3.546138
2313,2053,2.298261
2314,2053,1.575795
2315,2053,1.615138
2320,2053,21.192122
2321,2053,28.49991
2349,2053,139.959488
2350,2053,48.885384
2351,2053,24.139101
2361,2053,4.21248
2191,2054,16.912371
2192,2054,22.752975
2295,2054,37.590397
2296,2054,43.628223
2297,2054,29.045195
2298,2054,47.123676
2299,2054,52.723099
2300,2054,2.687042
2301,2054,1.531484
2308,2054,1.395
2309,2054,1.618092
2310,2054,3.336143
2311,2054,4.78133
2312,2054,4.607539
2313,2054,1.543809
2314,2054,1.769487
2315,2054,1.36032
2189,2055,235.881195
2190,2055,51.562996
2191,2055,9.406563
2192,2055,11.417622
2193,2055,17.168266
2295,2055,28.580318
2296,2055,1.734522
2297,2055,1.763829
2301,2055,1.77393
2308,2055,1.405101
2309,2055,13.180277
2310,2055,29.393597
2311,2055,76.576324
2312,2055,75.453583
2313,2055,67.952797
2314,2055,10.253369
2315,2055,1.802139
2189,2056,796.695557
2190,2056,137.354843
2191,2056,44.916229
2192,2056,7.096147
2193,2056,23.442497
2194,2056,17.094839
2195,2056,30.331749
2295,2056,49.185333
2308,2056,17.946505
2309,2056,19.251106
2310,2056,69.67363
2311,2056,53.713665
2312,2056,85.704987
2313,2056,99.235748
2315,2056,4.014859
2190,2057,40.722862
2191,2057,26.094595
2192,2057,2.75327
2193,2057,5.462477
2194,2057,15.90187
2195,2057,15.588037
2196,2057,17.519987
2197,2057,19.345827
2198,2057,36.089836
2308,2057,31.613655
2315,2057,4.495503
2190,2058,353.787506
2191,2058,33.273224
2192,2058,23.730568
2194,2058,4.501282
2195,2058,10.291537
2196,2058,12.454598
2197,2058,11.271023
2198,2058,31.424152
2199,2058,21.852137
2224,2058,3.336468
2315,2058,7.757962
2316,2058,1.105634
2190,2059,90.246704
2191,2059,9.732596
2192,2059,4.244829
2193,2059,2.305019
2194,2059,1.841924
2195,2059,1.974616
2196,2059,3.786054
2197,2059,5.513722
2198,2059,3.809761
2199,2059,6.618952
2200,2059,17.368622
2303,2059,2.257592
2304,2059,2.213147
2307,2059,12.970808
2316,2059,1.076938
2358,2059,3.480685
2190,2060,49.317482
2191,2060,15.56023
2192,2060,3.082162
2193,2060,2.367755
2196,2060,1.053262
2198,2060,3.785488
2199,2060,6.031
2200,2060,17.096712
2303,2060,1.591783
2304,2060,1.952775
2305,2060,2.24866
2306,2060,8.008696
2307,2060,13.278425
2315,2060,3.339775
2316,2060,1.049153
2357,2060,2.007355
2358,2060,6.392967
2198,2061,2.525599
2199,2061,3.82305
2200,2061,11.59939
2201,2061,36.432758
2303,2061,2.184603
2304,2061,1.388499
2305,2061,6.132461
2306,2061,13.380897
2307,2061,27.958208
2315,2061,3.339775
2316,2061,1.049153
2196,2062,2.511905
2198,2062,1.777564
2199,2062,3.24362
2200,2062,8.106549
2201,2062,11.59939
2202,2062,17.096712
2203,2062,7.723141
2302,2062,5.23719
2303,2062,11.283694
2304,2062,11.57689
2305,2062,6.09761
2316,2062,1.076938
2199,2063,1.813796
2200,2063,3.24362
2201,2063,1.093458
2202,2063,5.829707
2203,2063,9.627104
2208,2063,1.935917
2209,2063,3.075253
2210,2063,1.538528
2302,2063,9.510935
2303,2063,7.578125
2315,2063,34.975651
2316,2063,1.796111
2350,2063,1.446211
2351,2063,1.703357
2352,2063,1.578357
2194,2064,1.384467
2195,2064,9.732245
2196,2064,12.2592
2198,2064,3.253811
2201,2064,2.093458
2202,2064,4.346706
2203,2064,9.656245
2209,2064,5.463292
2210,2064,5.101537
2214,2064,22.802271
2227,2064,1.192307
2228,2064,2.157896
2315,2064,32.071014
2349,2064,1.432886
2350,2064,1.400472
2351,2064,1.359733
2352,2064,1.34744
2355,2064,1.358713
2357,2064,8.057436
2193,2065,2.367188
2194,2065,9.832323
2195,2065,9.848087
2196,2065,11.011005
2197,2065,13.907513
2198,2065,11.592056
2199,2065,2.845081
2200,2065,2.152239
2201,2065,1.572456
2202,2065,3.26501
2203,2065,7.267673
2209,2065,11.777997
2210,2065,3.691652
2211,2065,2.087275
2212,2065,2.427868
2214,2065,23.834261
2215,2065,42.175076
2218,2065,52.344616
2219,2065,53.254616
2220,2065,34.472412
2222,2065,4.152423
2223,2065,4.698203
2224,2065,1.168896
2227,2065,1.192307
2347,2065,1.030303
2350,2065,1.72126
2351,2065,1.905559
2355,2065,1.826214
2357,2065,8.009293
2193,2066,11.505251
2194,2066,22.120609
2195,2066,25.939854
2196,2066,29.97393
2197,2066,32.432602
2198,2066,14.543489
2199,2066,8.409865
2200,2066,4.793178
2201,2066,5.888206
2202,2066,4.815001
2203,2066,9.145405
2209,2066,3.599689
2210,2066,3.508579
2211,2066,3.586868
2212,2066,5.45522
2213,2066,7.261851
2214,2066,11.115119
2215,2066,33.425426
2216,2066,42.494934
2217,2066,48.570545
2218,2066,38.303528
2219,2066,17.435247
2220,2066,1.384913
2222,2066,11.872412
2223,2066,7.086415
2224,2066,8.424782
2225,2066,2.968491
2227,2066,1.192307
2228,2066,2.157896
2355,2066,1.818729
2193,2067,38.918888
2194,2067,25.641127
2195,2067,25.184896
2196,2067,28.79439
2197,2067,39.869804
2198,2067,16.053461
2199,2067,14.688039
2200,2067,14.109804
2201,2067,15.554383
2202,2067,17.26519
2203,2067,17.818777
2209,2067,3.743019
2210,2067,4.137346
2211,2067,4.531523
2212,2067,19.100451
2213,2067,21.73682
2214,2067,23.59976
2218,2067,2.54814
2222,2067,75.82103
2223,2067,15.481228
2224,2067,15.445176
2225,2067,14.351896
2226,2067,6.606953
2228,2067,2.636362
2197,2068,51.424866
2198,2068,35.70319
2199,2068,19.65011
2200,2068,32.140724
2213,2068,66.445206
2214,2068,51.265747
2215,2068,70.109474
2260,2069,76.810898
2261,2069,17.176714
2262,2069,17.539373
2264,2069,59.09758
2265,2069,11.896236
2266,2069,23.048309
2251,2082,1.131291
2252,2082,1.459997
2251,2083,1.246948
2252,2083,1.284815
2303,2083,13.612967
2296,2088,9.522628
2296,2089,7.092357
2283,2092,5.674435
2302,2093,30.077955
2340,2093,16.413458
2291,2097,100.065125
2293,2097,37.920467
2291,2098,8.101686
2339,2098,1.117678
2340,2098,1.076938
2342,2098,1.105634
2343,2098,1.076938
2344,2098,1.076938
2345,2098,1.105634
2345,2099,11.530266
2347,2102,1.371411
2348,2105,16.97793
2275,2106,3.959782
2344,2106,10.223473
2345,2106,17.661551
2346,2106,9.21936
2347,2106,19.789116
2348,2106,17.859058
2343,2107,5.494835
2344,2107,12.825788
2345,2107,13.76367
2346,2107,11.622063
2347,2107,12.427313
2348,2107,14.067157
2343,2108,4.718559
2344,2108,8.367614
2345,2108,6.187406
2346,2108,10.773964
2347,2108,12.201866
2348,2108,13.359422
2256,2109,11.402345
2273,2109,28.502365
2274,2109,20.283936
2276,2109,1.147814
2343,2109,3.988158
2344,2109,7.632693
2348,2109,10.80539
2227,2110,1.070512
2247,2110,15.23677
2270,2110,1.385762
2250,2111,23.581141
2270,2111,2.047786
2305,2111,3.489877
2306,2111,2.864997
2308,2111,3.55575
2309,2111,6.295113
2310,2111,9.929759
2248,2112,2.097012
2249,2112,32.033291
2250,2112,3.808444
2251,2112,33.391903
2257,2112,13.56666
2264,2112,3.4495
2206,2117,9.859324
2207,2117,27.242758
2188,2118,22.881533
2189,2118,35.598587
2190,2118,40.134434
2191,2118,29.926895
2192,2118,25.215832
2194,2118,18.246107
2195,2118,9.673367
2196,2118,10.916832
2197,2118,10.819323
2202,2118,6.26283
2203,2118,5.201601
2204,2118,8.31184
2205,2118,50.874191
2206,2118,5.278869
2207,2118,19.817175
2252,2118,3.16699
2350,2118,1.267105
2357,2118,2.290321
2188,2119,49.655884
2189,2119,22.644463
2190,2119,19.706896
2191,2119,19.428558
2192,2119,14.553143
2193,2119,11.314427
2194,2119,21.19565
2195,2119,7.8994
2196,2119,5.064314
2197,2119,5.857769
2198,2119,12.945806
2202,2119,2.876779
2203,2119,2.358173
2204,2119,3.363923
2205,2119,3.990087
2206,2119,3.918637
2207,2119,37.747574
2354,2119,1.550388
2189,2120,5.355175
2190,2120,6.112809
2191,2120,11.777659
2192,2120,9.386204
2193,2120,8.079456
2194,2120,11.366244
2195,2120,4.496194
2196,2120,4.889025
2202,2120,2.608618
2203,2120,12.026034
2204,2120,10.634985
2205,2120,8.842117
2206,2120,15.241679
2207,2120,53.648449
2353,2120,2.599999
2188,2121,6.304632
2189,2121,8.356325
2190,2121,5.884912
2191,2121,28.2656
2196,2121,5.752856
2202,2121,1.030951
2203,2121,2.794327
2204,2121,5.004776
2205,2121,26.494999
2206,2121,50.492661
2207,2121,31.0812
2208,2121,77.73291
2217,2121,5.668643
2272,2121,1.08391
2345,2121,2.928501
2202,2122,2.137448
2203,2122,6.133267
2204,2122,7.561838
2205,2122,26.922161
2206,2122,66.38121
2207,2122,45.980309
2208,2122,28.768589
2271,2122,1.117138
2298,2122,2.633082
2299,2122,119.242165
2348,2122,3.994896
2349,2122,2.269664
2352,2122,2.007355
2353,2122,1.550388
2202,2123,5.38642
2206,2123,153.944153
2207,2123,47.03434
2208,2123,31.221231
2264,2123,1.905364
2272,2123,1.073479
2298,2123,1.409475
2299,2123,3.45161
2300,2123,15.452216
2348,2123,9.689399
2349,2123,10.960757
2353,2123,5.159708
2354,2123,5.134017
2355,2123,2.599999
