2499,2205,33.393848
2499,2206,63.928993
2499,2207,71.800133
2499,2208,35.231163
2499,2209,17.436935
2496,2210,205.176285
2497,2210,105.614487
2498,2210,42.386753
2499,2210,24.097334
2495,2211,727.459167
2496,2211,255.455582
2497,2211,78.196838
2498,2211,23.541252
2499,2211,3.943705
2495,2212,141.625946
2496,2212,191.965729
2497,2212,142.231659
2498,2212,60.411194
2499,2212,8.399069
2496,2213,400.721771
2497,2213,154.466461
2498,2213,34.887192
2499,2213,12.992153
2496,2214,677.67688
2497,2214,223.424164
2498,2214,34.674835
2499,2214,8.869312
2497,2215,178.39621
2498,2215,68.567505
2499,2215,10.046577
2497,2216,121.208519
2498,2216,45.890629
2499,2216,10.79751
2497,2217,173.165619
2498,2217,69.958496
2499,2217,15.744118
2497,2218,86.682854
2498,2218,56.420731
2499,2218,11.086557
2497,2219,61.588684
2498,2219,29.975346
2499,2219,6.210206
2497,2220,44.086739
2498,2220,40.760326
2497,2221,36.275982
2498,2221,17.087791
2497,2222,22.688631
2497,2223,31.338104
2497,2224,12.933311
2496,2225,84.525772
2497,2225,1.569736
2496,2226,44.023228
2497,2226,1.010309
2495,2227,50.83815
2496,2227,10.53034
2495,2228,48.540176
2496,2228,12.316135
2495,2229,26.560196
2496,2229,6.90789
2495,2230,13.122421
2496,2230,8.486926
2495,2231,40.499958
2496,2231,15.883005
2494,2232,15.651909
2495,2232,10.575304
2496,2232,16.403454
2497,2232,1.919026
2493,2233,2.426375
2494,2233,2.477578
2495,2233,2.137454
2493,2234,1.498415
2494,2234,2.493303
