2040,2443,2.745419
2041,2443,1.056232
2072,2443,1.264408
2077,2443,1.068966
2094,2443,11.144613
2121,2443,4.055474
2142,2443,19.932543
1928,2444,14.596163
2035,2444,5.84883
2038,2444,2.196844
2061,2444,1.493742
2063,2444,7.021662
2077,2444,3.25
2094,2444,1.074057
2121,2444,2.522292
1979,2445,14.508621
2030,2445,1.482959
2061,2445,2.267083
2076,2445,2.547636
2094,2445,1.172471
2095,2445,1.031472
2103,2445,2.321816
2121,2445,1.892045
2122,2445,6.704313
1928,2446,16.804337
1929,2446,37.140427
1978,2446,10.75298
1979,2446,4.786361
2061,2446,3.130479
2076,2446,1.09945
2077,2446,1.148575
2121,2446,1.177073
2122,2446,19.461018
1928,2447,12.70056
1929,2447,11.871517
1930,2447,16.671844
1931,2447,105.174202
1932,2447,47.42252
2028,2447,1.370636
2071,2447,2.917998
2095,2447,2.027246
2121,2447,1.705889
2122,2447,19.508272
1928,2448,17.493748
1929,2448,14.284058
1930,2448,27.238516
1931,2448,55.144493
1932,2448,101.790573
1933,2448,223.356171
1979,2448,6.205612
1984,2448,16.076189
2073,2448,1.918386
2074,2448,4.623987
2075,2448,3.849934
2097,2448,1.277612
2098,2448,1.339615
2122,2448,3.755761
1928,2449,26.061069
1980,2449,3.509911
1981,2449,11.754593
1984,2449,19.404774
1985,2449,27.045816
2079,2449,1.652045
2118,2449,9.315817
2119,2449,5.37712
2120,2449,2.510358
1985,2450,25.182919
2090,2450,3.510672
2116,2450,4.793888
2075,2452,7.522118
2076,2452,8.509869
2078,2452,17.613789
2044,2454,6.866459
1963,2456,17.231686
1964,2456,8.212046
1965,2456,36.729801
2113,2457,5.25069
2116,2457,4.102644
2117,2457,99.606071
2102,2458,29.315245
2103,2458,4.159986
2112,2458,5.369201
2113,2458,7.991224
2117,2458,10.368551
1954,2459,13.392324
1965,2459,2.296383
2102,2459,7.579022
2103,2459,24.054655
2107,2459,7.429196
2108,2459,19.442068
2111,2459,35.417431
2112,2459,3.801291
1953,2460,48.293846
1954,2460,7.393476
1955,2460,12.989017
1956,2460,13.656364
2055,2460,2.509519
2101,2460,12.174713
2105,2460,23.734386
2106,2460,38.79837
2112,2460,5.88681
2134,2460,101.88089
2137,2460,110.208023
2138,2460,161.062912
1940,2461,219.761322
1953,2461,8.98945
1954,2461,4.982907
1955,2461,8.303793
1956,2461,13.064857
2051,2461,52.489223
2112,2461,5.832967
2133,2461,99.814911
2141,2461,33.158386
1953,2462,55.568233
1954,2462,2.079545
1955,2462,12.57227
1956,2462,16.982813
2053,2462,2.677556
2056,2462,24.540556
2062,2462,7.480579
2114,2462,2.472091
2115,2462,1.52717
2141,2462,148.699371
2142,2462,23.714785
2047,2463,15.373189
2048,2463,3.755487
2053,2463,11.663762
2061,2463,23.609774
2062,2463,17.028097
2096,2463,2.559814
2100,2463,262.519745
2113,2463,2.172914
2114,2463,9.985672
2115,2463,4.657057
2116,2463,1.558927
2128,2463,353.955719
2141,2463,76.440735
2142,2463,16.043228
2051,2464,4.19394
2056,2464,11.143656
2062,2464,7.53191
2100,2464,48.320885
2107,2464,2.064661
2128,2464,78.9133
2141,2464,64.087227
2142,2464,31.992908
2051,2465,7.392909
2100,2465,414.508453
2107,2465,241.483002
2111,2465,10.672134
2128,2465,45.407349
2129,2465,34.043213
2142,2465,77.561035
2050,2466,11.527612
2051,2466,30.911516
2090,2466,1.993586
2100,2466,56.057549
2111,2466,3.802904
2128,2466,48.127853
2129,2466,38.879189
2142,2466,165.408966
2050,2467,16.188829
2087,2467,1.822535
2100,2467,51.672779
2111,2467,2.830681
2128,2467,74.043579
2129,2467,40.745987
2142,2467,29.921322
2050,2468,14.857804
2082,2468,2.689036
2086,2468,1.560907
2087,2468,7.033221
2099,2468,5.64722
2100,2468,18.849075
2106,2468,18.951567
2110,2468,25.909405
2114,2468,16.600336
2116,2468,5.027199
2117,2468,3.657797
2118,2468,26.295462
2119,2468,1.522252
2120,2468,1.439028
2122,2468,6.327397
2124,2468,19.873289
2125,2468,13.55113
2082,2469,2.985256
2083,2469,6.891008
2084,2469,1.959278
2085,2469,8.361436
2086,2469,4.676878
2087,2469,21.460186
2094,2469,23.999001
2098,2469,9.245622
2099,2469,13.559422
2100,2469,67.000999
2101,2469,169.490509
2119,2469,1.315943
2120,2469,1.82979
1942,2470,90.021378
1943,2470,165.353806
1999,2470,1.045112
2052,2470,26.617851
2053,2470,15.727615
2054,2470,6.028741
2055,2470,12.65953
2082,2470,19.869793
2083,2470,17.98871
2084,2470,12.406673
2085,2470,3.998165
2087,2470,32.959091
2100,2470,31.520996
2101,2470,138.025665
2116,2470,5.653337
2117,2470,1.728573
1941,2471,12.843719
1942,2471,93.51265
1943,2471,110.589012
1951,2471,39.237892
2003,2471,1.841879
2052,2471,13.167079
2053,2471,25.907013
2083,2471,41.430519
2084,2471,24.72451
2085,2471,11.847718
2100,2471,24.165684
2101,2471,2.914955
2105,2471,14.655682
2116,2471,11.61025
2118,2471,4.576536
2085,2472,45.435371
2085,2474,91.003212
2092,2474,7.65442
1946,2475,2.759085
1947,2475,11.63728
2007,2475,1.725694
2136,2475,61.364998
2137,2475,28.251326
2138,2475,23.463612
1947,2476,30.617794
1948,2477,4.084051
1949,2477,10.800471
1958,2477,11.466657
1996,2477,4.061757
2020,2477,1.00585
1940,2478,1.029451
1941,2478,54.998119
1948,2478,16.07914
1958,2478,12.9304
1959,2478,15.197192
2021,2478,12.008307
2023,2478,3.012361
2024,2478,2.464676
2026,2478,35.849518
1942,2479,2.825729
1958,2479,4.493341
2017,2479,8.100918
2023,2479,3.571187
2025,2479,13.480161
2026,2479,20.230873
1941,2480,3.39544
1942,2480,5.644279
1943,2480,2.738362
1944,2480,2.661832
1945,2480,29.285477
1947,2480,49.766853
1958,2480,8.437496
2017,2480,11.396927
2024,2480,4.014644
2025,2480,10.823713
2026,2480,19.620256
1940,2481,3.251511
1941,2481,2.979297
1942,2481,3.066879
1943,2481,3.717342
1946,2481,6.891702
1947,2481,11.698133
1958,2481,4.586335
2003,2481,1.524876
2016,2481,1.362699
1940,2482,5.410859
1941,2482,2.151949
1942,2482,4.455077
1945,2482,1.427747
1946,2482,9.302032
1958,2482,21.818027
2020,2482,4.237357
2116,2483,3.275795
1939,2484,18.634863
1949,2484,7.124413
1947,2485,19.817694
2017,2485,1.950469
1947,2486,9.37883
1951,2486,7.582408
2015,2486,2.625248
2017,2486,2.112699
2026,2486,2.944007
2030,2486,8.336814
1948,2487,1.355127
1986,2487,2.91155
2003,2487,2.754877
2004,2487,1.830772
2015,2487,1.607063
2016,2487,5.402248
1958,2488,1.055678
1962,2488,4.726332
1984,2488,1.10361
1988,2488,1.432557
2019,2488,1.548356
1984,2489,4.007794
1985,2489,3.37575
2010,2489,4.361278
1980,2490,3.31549
1984,2490,1.10094
2009,2490,49.54475
1984,2491,1.385939
1948,2492,2.14111
1959,2492,1.18711
1985,2492,2.601775
1986,2492,3.510185
1993,2492,7.892317
2009,2492,9.533244
2010,2492,22.297867
2098,2492,8.013165
2099,2492,5.216761
1980,2493,1.48142
1985,2493,3.249582
1993,2493,19.615074
2007,2493,3.99338
2008,2493,35.951633
2009,2493,49.490364
2011,2493,4.51074
2014,2493,3.360006
2015,2493,1.626865
2016,2493,2.834574
2066,2493,14.929515
1958,2494,1.434927
1961,2494,1.139945
1985,2494,2.79259
1993,2494,9.249734
2007,2494,7.259144
2008,2494,3.973936
1948,2495,1.513736
1985,2495,2.028394
2007,2495,1.09154
2008,2495,12.826584
2009,2495,8.309568
2010,2495,3.007072
2011,2495,7.278796
2012,2495,1.847957
2015,2495,1.267935
2021,2495,2.659341
2023,2495,23.500303
2065,2495,8.477427
1942,2496,3.039891
1992,2496,27.011383
2001,2496,5.469566
2002,2496,5.317698
2009,2496,9.176848
2013,2496,1.317535
2014,2496,3.179812
2015,2496,12.862236
2016,2496,6.897613
2021,2496,1.396143
2023,2496,3.161126
2141,2496,4.723244
1946,2497,1.493982
2007,2497,2.28296
2008,2497,9.57951
2009,2497,11.267492
2014,2497,12.782204
2015,2497,18.507818
2017,2497,4.14322
2020,2497,1.583324
2021,2497,1.30349
2023,2497,2.01782
2142,2497,48.30349
2148,2497,105.619293
1941,2498,2.308688
1947,2498,1.210653
1960,2498,23.611563
1961,2498,106.777908
1980,2498,1.450316
2008,2498,9.255453
2009,2498,8.69657
2010,2498,7.581894
2011,2498,2.075332
2012,2498,2.146703
2013,2498,1.368205
2014,2498,4.596978
2017,2498,6.349012
2018,2498,1.384688
2020,2498,3.049054
2021,2498,17.396322
2148,2498,37.604527
1925,2499,3.883223
1926,2499,3.868253
1927,2499,4.721964
1942,2499,2.161265
1943,2499,1.592587
1959,2499,44.084999
1985,2499,2.632128
2008,2499,1.946257
2013,2499,3.700154
2014,2499,72.456665
2015,2499,13.463955
2017,2499,7.49355
2019,2499,1.832797
2022,2499,1.202831
2023,2499,3.032261
2066,2499,42.083038
2082,2340,23.184797
2083,2340,18.53438
2084,2340,29.164875
2085,2340,12.443212
2156,2340,3.032027
1947,2341,7.186902
2076,2341,30.581987
2078,2341,22.067204
2086,2341,12.185871
2087,2341,3.675109
2089,2341,3.295
2090,2341,7.576742
2091,2341,6.324013
2076,2342,21.062368
2077,2342,7.645175
2078,2342,5.312436
2079,2342,32.3661
2086,2342,25.056391
2087,2342,5.628644
2088,2342,1.377512
2089,2342,5.950134
2090,2342,8.856678
2091,2342,11.080784
2093,2342,7.851513
2094,2342,7.327362
2095,2342,8.16388
2096,2342,8.197866
2077,2343,8.505398
2078,2343,5.172523
2086,2343,19.265543
2087,2343,11.230247
2088,2343,1.172645
2089,2343,1.090474
2093,2343,5.556366
2094,2343,1.283519
2095,2343,6.459297
2096,2343,5.469935
2097,2343,6.077059
2098,2343,10.084309
2154,2343,7.734733
2155,2343,3.335196
2033,2344,14.81454
2077,2344,7.396044
2078,2344,6.701235
2087,2344,9.091423
2088,2344,1.212692
2093,2344,2.355616
2094,2344,1.255074
2095,2344,3.00457
2096,2344,3.1704
2097,2344,4.172601
2098,2344,6.973727
2099,2344,17.155109
2100,2344,10.752398
2101,2344,24.029591
2102,2344,193.091293
2154,2344,9.018219
2155,2344,1.962546
1944,2345,3.517212
1959,2345,122.42627
2032,2345,19.404398
2077,2345,10.191969
2078,2345,2.70658
2087,2345,10.688625
2088,2345,1.208849
2092,2345,1.520593
2093,2345,1.118863
2097,2345,2.260509
2098,2345,1.425817
2099,2345,5.510976
2100,2345,9.800093
2101,2345,72.150803
2102,2345,69.799294
2103,2345,127.664932
2153,2345,22.110765
2154,2345,17.383745
2155,2345,3.7754
1944,2346,2.237339
1961,2346,72.527519
2032,2346,18.679356
2033,2346,17.956541
2077,2346,12.844733
2078,2346,2.233791
2087,2346,13.282601
2088,2346,1.432077
2098,2346,1.130452
2099,2346,1.309833
2100,2346,54.005356
2101,2346,23.323221
2102,2346,30.271605
2103,2346,57.562042
2154,2346,6.554483
2155,2346,6.556408
1984,2347,3.028095
1985,2347,1.933877
2033,2347,32.139111
2034,2347,27.58732
2077,2347,10.048955
2087,2347,22.467838
2088,2347,7.484109
2089,2347,6.439424
2090,2347,5.387037
2091,2347,5.763606
2092,2347,9.578279
2093,2347,5.65292
2094,2347,3.786752
2095,2347,2.527776
2096,2347,1.380246
2099,2347,2.168754
2100,2347,4.469799
2101,2347,7.400846
2102,2347,26.505175
2103,2347,54.261776
2155,2347,13.087439
1961,2348,20.50206
1962,2348,16.897125
1963,2348,9.249707
1983,2348,2.626995
1985,2348,4.211194
1986,2348,15.728716
2034,2348,37.528309
2087,2348,17.67453
2088,2348,21.565828
2089,2348,11.241339
2090,2348,38.559624
2091,2348,36.429283
2092,2348,28.935575
2093,2348,21.030003
2094,2348,5.844806
2095,2348,3.741844
2096,2348,2.310068
2098,2348,1.673028
2099,2348,1.263759
2100,2348,1.859993
2101,2348,13.59609
2102,2348,33.223644
2103,2348,64.714531
2154,2348,20.064285
2155,2348,3.072639
1961,2349,49.908863
1962,2349,5.525558
1963,2349,10.221741
1964,2349,6.093425
1965,2349,3.402477
1966,2349,4.243842
1967,2349,2.878726
1969,2349,3.596359
1970,2349,7.440429
1977,2349,2.758451
1978,2349,23.918447
1982,2349,2.128209
1983,2349,1.392791
1984,2349,1.797931
2094,2349,9.989271
2095,2349,3.089477
2096,2349,1.558663
2097,2349,1.079708
2098,2349,6.943324
2099,2349,4.330415
2101,2349,3.727712
2102,2349,13.335589
2103,2349,42.120052
2104,2349,78.856209
2152,2349,54.763531
2153,2349,33.046131
2154,2349,20.018986
2155,2349,2.36201
1960,2350,175.957489
1961,2350,53.848358
1962,2350,14.912211
1963,2350,11.041957
1966,2350,6.449712
1967,2350,3.866637
1968,2350,2.259819
1969,2350,4.368791
1970,2350,2.289364
1972,2350,23.14764
1981,2350,14.669718
1983,2350,1.424628
1984,2350,18.64575
2093,2350,19.79719
2094,2350,4.780938
2095,2350,3.814791
2096,2350,3.938897
2097,2350,11.28689
2098,2350,9.051762
2099,2350,12.648482
2100,2350,4.458861
2101,2350,4.117745
2102,2350,8.544767
2103,2350,43.959858
2104,2350,96.425499
2152,2350,32.471947
2153,2350,18.121548
2154,2350,8.178713
2155,2350,1.811449
1945,2351,2.572768
1960,2351,36.320309
1961,2351,181.79837
1962,2351,3.61952
1963,2351,6.047997
1966,2351,3.866637
1967,2351,4.334631
1968,2351,2.455698
1969,2351,4.240931
1971,2351,2.016049
1974,2351,1.29386
1983,2351,15.816833
1984,2351,16.751356
2091,2351,2.740571
2092,2351,7.661317
2093,2351,18.14263
2094,2351,7.323483
2095,2351,1.508217
2097,2351,40.347984
2098,2351,45.405502
2099,2351,34.611614
2100,2351,39.738052
2101,2351,17.566881
2102,2351,9.892567
2103,2351,21.528805
2104,2351,60.406151
2152,2351,3.369348
2153,2351,5.839213
2154,2351,21.265993
2155,2351,3.114244
1960,2352,95.586884
1961,2352,55.302635
1962,2352,1.53927
1967,2352,1.066308
1970,2352,1.010753
1984,2352,30.166641
2100,2352,44.527786
2101,2352,69.279396
2102,2352,42.913799
2103,2352,27.286818
2104,2352,25.959446
2105,2352,58.888424
2152,2352,8.633411
2155,2352,18.71315
2156,2352,2.940011
1960,2353,21.18779
1961,2353,83.815147
1962,2353,2.170059
1973,2353,1.533333
1983,2353,1.245538
1984,2353,83.798752
2155,2353,5.154913
1946,2354,2.600973
1960,2354,34.015858
1961,2354,50.874767
1962,2354,16.537857
1975,2354,1.115194
1982,2354,1.086591
1983,2354,2.601963
1960,2355,15.527948
1961,2355,21.135891
1962,2355,20.573315
1963,2355,4.763335
1964,2355,4.773018
1965,2355,5.036063
1966,2355,5.042834
1981,2355,2.394912
1983,2355,58.120613
1988,2355,3.486202
1960,2356,13.345316
1961,2356,49.795307
1962,2356,10.849511
1963,2356,1.782485
1964,2356,1.600044
1965,2356,1.496824
1966,2356,2.131196
1967,2356,2.66101
1968,2356,9.982943
1969,2356,1.74027
1972,2356,16.145164
1973,2356,1.107689
1978,2356,4.804554
1979,2356,4.024761
1980,2356,2.956234
1981,2356,2.519037
1982,2356,43.620861
2153,2356,21.117355
2154,2356,11.757908
1960,2357,33.579323
1961,2357,77.898956
1962,2357,20.683323
1963,2357,87.193733
1964,2357,12.301988
1965,2357,10.816623
1966,2357,10.100957
1967,2357,17.980289
1968,2357,6.743567
1969,2357,1.865183
1970,2357,1.49863
1972,2357,1.167108
1976,2357,1.38953
1977,2357,3.23127
1978,2357,1.071088
1979,2357,8.361408
1980,2357,2.61594
1981,2357,22.260225
1982,2357,13.091449
1983,2357,71.184448
1984,2357,57.955395
2139,2357,1.89227
2152,2357,17.386589
2153,2357,6.233375
1961,2358,57.254242
1962,2358,47.68092
1963,2358,28.830801
1964,2358,20.169609
1965,2358,30.44384
1966,2358,35.066494
1967,2358,31.409578
1968,2358,6.44738
1969,2358,7.470645
1970,2358,10.983323
1976,2358,2.335042
1977,2358,10.166939
1978,2358,13.770951
1979,2358,51.994648
1980,2358,16.106209
1981,2358,27.20801
1983,2358,164.610733
1984,2358,184.072311
2141,2358,1.297593
2153,2358,6.176129
1961,2359,48.693531
1967,2359,33.684875
1968,2359,14.545841
1969,2359,8.126667
1970,2359,3.049946
1977,2359,4.378667
2052,2359,2.403024
2151,2359,7.175765
2152,2359,20.271681
2153,2359,6.284193
1961,2360,95.319771
1968,2360,30.210522
1969,2360,4.447272
1970,2360,1.700643
1972,2360,1.4955
1974,2360,2.279113
1975,2360,2.417791
1977,2360,1.665612
2044,2360,3.468316
2049,2360,6.24042
2051,2360,3.05441
2152,2360,5.53383
2153,2360,8.151055
1931,2361,8.625938
1932,2361,23.587816
1933,2361,31.033371
1935,2361,13.175634
1936,2361,9.795617
1937,2361,7.655394
1938,2361,5.0773
1946,2361,1.290482
1960,2361,226.801544
1961,2361,109.180206
1968,2361,5.43613
1969,2361,6.993504
1970,2361,2.546027
1973,2361,1.888175
1974,2361,1.633463
1975,2361,5.397531
1976,2361,7.426504
1977,2361,4.238573
1984,2361,134.940689
1985,2361,35.950806
1986,2361,23.749287
2044,2361,2.319929
2048,2361,9.540304
2049,2361,2.581573
2050,2361,3.45875
2051,2361,1.870293
2053,2361,1.682918
2054,2361,2.616413
2063,2361,4.714296
1927,2362,22.214079
1928,2362,29.356018
1929,2362,23.305531
1945,2362,1.376362
1957,2362,39.146797
1958,2362,159.544296
1959,2362,31.149771
1960,2362,9.164449
1961,2362,9.56653
1968,2362,7.671857
1969,2362,9.538721
1970,2362,3.821995
1971,2362,4.038525
1972,2362,2.745802
1973,2362,2.54935
1974,2362,3.413096
1975,2362,2.166283
1976,2362,7.847209
1984,2362,2.977693
1985,2362,15.776628
1986,2362,34.434341
2044,2362,6.278995
2047,2362,20.014669
2048,2362,14.552477
2049,2362,8.874334
2050,2362,1.789155
2051,2362,1.875134
2052,2362,2.142048
2053,2362,1.11806
2054,2362,1.98531
2064,2362,4.768736
2111,2362,47.933544
2141,2362,21.808413
2142,2362,56.726154
2143,2362,1.002633
1957,2363,29.939871
1958,2363,12.914126
1960,2363,16.283684
1970,2363,11.6352
1972,2363,7.005354
1973,2363,4.258209
1974,2363,5.578021
1975,2363,10.379336
1976,2363,8.727112
1984,2363,2.899696
1985,2363,99.472855
1986,2363,65.608742
2049,2363,3.221552
2050,2363,2.627532
2052,2363,8.296248
2054,2363,1.067049
2058,2363,1.302956
2064,2363,2.449612
2065,2363,1.460713
2111,2363,24.249395
2116,2363,10.847671
2117,2363,8.218797
2142,2363,21.808203
2143,2363,7.324284
2144,2363,15.198475
2145,2363,3.864949
2146,2363,1.639535
1929,2364,19.556519
1957,2364,20.516033
1971,2364,9.071321
1972,2364,11.923037
1973,2364,26.575794
1974,2364,9.854242
1975,2364,16.410833
1986,2364,67.049561
2049,2364,6.691613
2052,2364,2.584929
2053,2364,14.574333
2054,2364,1.02249
2059,2364,1.273646
2060,2364,2.498082
2061,2364,4.022592
2064,2364,1.48929
2065,2364,1.518723
2100,2364,93.047295
2114,2364,3.143336
2115,2364,2.289284
2116,2364,3.815986
2143,2364,1.263703
2144,2364,66.184044
2145,2364,15.188495
2146,2364,34.683285
2147,2364,1.639535
2148,2364,17.355953
1925,2365,44.568031
1929,2365,18.553759
1939,2365,1.697253
1957,2365,28.052448
1958,2365,50.037418
1972,2365,10.056026
2061,2365,8.938298
2062,2365,1.576812
2098,2365,10.969031
2099,2365,2.640832
2100,2365,34.454941
2101,2365,50.367428
2114,2365,9.824987
2115,2365,1.456242
2128,2365,17.996149
2141,2365,5.158984
2145,2365,63.539326
2146,2365,15.188495
2147,2365,101.024902
2148,2365,57.233765
1929,2366,6.779444
1940,2366,2.356711
1957,2366,37.570732
2060,2366,8.419841
2061,2366,37.393127
2062,2366,3.47719
2063,2366,1.21824
2065,2366,1.131942
2066,2366,6.418458
2093,2366,43.720013
2094,2366,26.581598
2095,2366,68.57708
2097,2366,4.590847
2098,2366,3.716913
2099,2366,2.618259
2100,2366,20.769903
2101,2366,21.970295
2102,2366,85.352921
2115,2366,9.136358
2128,2366,4.828503
2145,2366,32.112946
2146,2366,1.547186
1933,2367,1.955184
1934,2367,2.390161
1935,2367,1.923236
1950,2367,5.421956
1951,2367,7.781586
1952,2367,10.379351
1953,2367,10.393343
1954,2367,10.101398
1955,2367,13.337436
1956,2367,8.849602
1957,2367,18.191975
1958,2367,21.553427
1986,2367,47.872803
2049,2367,2.272413
2050,2367,4.363297
2051,2367,5.166163
2060,2367,13.694768
2061,2367,10.359773
2062,2367,13.268851
2063,2367,4.764013
2064,2367,1.991489
2093,2367,49.048462
2094,2367,3.426033
2095,2367,6.492683
2096,2367,14.713863
2100,2367,27.760258
2101,2367,46.221626
2102,2367,188.849289
2112,2367,27.072054
2142,2367,4.569867
2151,2367,24.391422
1932,2368,92.542145
1933,2368,9.049722
1934,2368,4.942163
1935,2368,4.220397
1950,2368,7.803728
1951,2368,4.191058
1952,2368,4.716846
1953,2368,5.860901
1954,2368,5.998495
1955,2368,8.746727
1956,2368,9.342534
1957,2368,26.450003
1986,2368,32.956665
2048,2368,11.285119
2049,2368,1.534871
2050,2368,4.483212
2051,2368,1.353159
2052,2368,4.205995
2061,2368,8.334485
2062,2368,23.660332
2063,2368,6.147544
2093,2368,8.228423
2094,2368,3.112642
2095,2368,1.357395
2096,2368,1.655464
2097,2368,4.036962
2098,2368,11.139097
2099,2368,7.498913
2100,2368,64.772751
2101,2368,32.210976
2112,2368,38.004913
2142,2368,8.900067
2151,2368,19.864307
2152,2368,16.911188
1950,2369,4.960446
1951,2369,2.897978
1952,2369,4.787805
1953,2369,23.502846
1954,2369,15.6297
1955,2369,4.21771
1956,2369,18.18293
1957,2369,16.324638
1958,2369,21.58597
2000,2369,16.826931
2037,2369,45.549458
2038,2369,10.138419
2039,2369,8.680664
2061,2369,38.773205
2093,2369,25.592758
2094,2369,3.199491
2095,2369,1.670132
2096,2369,6.923311
2097,2369,21.27199
2098,2369,6.152322
2099,2369,9.975286
2100,2369,84.14299
2150,2369,19.507215
2151,2369,27.378538
1925,2370,15.629524
1929,2370,4.757058
1950,2370,3.988065
1951,2370,3.302015
1953,2370,54.867191
1954,2370,89.537605
1955,2370,129.919785
1956,2370,119.718414
1957,2370,107.339348
1970,2370,28.017063
1971,2370,49.265591
1972,2370,27.856291
1973,2370,27.224329
1974,2370,26.234741
1981,2370,1.969275
2093,2370,13.967985
2094,2370,29.058771
2095,2370,5.700899
2096,2370,9.395539
2097,2370,11.448266
2099,2370,32.365921
1925,2371,30.626974
1978,2371,1.831726
1982,2371,9.108824
2031,2371,9.463268
2140,2371,19.106577
2146,2371,2.162108
2150,2371,65.752571
2153,2371,1.789851
1972,2372,8.642812
1973,2372,7.637051
1974,2372,2.031381
1975,2372,3.235654
1976,2372,1.570272
1977,2372,3.319073
1978,2372,21.853214
1999,2372,20.129826
2153,2372,1.109433
1930,2373,5.24266
1972,2373,4.470289
2134,2373,19.826122
2141,2373,1.212132
2150,2373,8.126101
2151,2373,3.043344
2152,2373,3.712836
2153,2373,7.646698
1925,2374,4.025711
1929,2374,2.709032
1930,2374,3.299784
1970,2374,12.027322
1973,2374,1.463912
1974,2374,2.788489
1975,2374,3.044446
1976,2374,3.685413
1979,2374,3.21928
1982,2374,2.496426
1983,2374,2.595786
2150,2374,5.055242
2152,2374,3.273755
2153,2374,2.075069
1925,2375,68.470154
1982,2375,8.017092
1983,2375,1.743719
2142,2375,5.856748
2144,2375,21.873133
2149,2375,4.861865
2150,2375,3.354954
2153,2375,6.378736
1929,2376,2.100099
1968,2376,1.02909
1971,2376,1.183169
1972,2376,1.338851
1973,2376,2.081859
1977,2376,18.446156
1979,2376,5.521728
2052,2376,5.33254
2053,2376,4.703905
2131,2376,1.73299
2143,2376,10.387071
2144,2376,12.993597
2145,2376,17.017096
2150,2376,1.655773
2153,2376,12.439627
1938,2377,6.314591
1939,2377,5.089425
1940,2377,5.351985
1941,2377,1.164766
1979,2377,2.159961
1999,2377,3.314017
2052,2377,3.824635
2053,2377,10.205334
2070,2377,1.145815
2132,2377,1.527001
2144,2377,46.349373
2145,2377,3.390313
2146,2377,11.649076
2147,2377,17.808626
2149,2377,5.380884
2150,2377,3.736481
2152,2377,23.226961
1927,2378,3.047976
1928,2378,1.407781
1929,2378,1.157987
1930,2378,1.625442
1932,2378,2.193797
1934,2378,1.143865
1971,2378,17.280844
1972,2378,17.287453
1973,2378,25.04878
1974,2378,8.199589
1975,2378,3.860368
1976,2378,4.334197
1979,2378,4.599668
2020,2378,28.254068
2021,2378,8.558977
2022,2378,6.782331
2047,2378,4.679222
2053,2378,2.310037
2129,2378,1.30036
2134,2378,4.531533
2144,2378,5.543107
2145,2378,1.462529
2146,2378,3.189664
2147,2378,6.969616
2148,2378,3.190359
2150,2378,3.419963
2152,2378,3.20764
1927,2379,3.566889
1929,2379,1.865777
1980,2379,2.716269
1985,2379,1.125178
1989,2379,1.534396
1990,2379,7.675312
2046,2379,10.412416
2053,2379,1.717089
2054,2379,2.259443
2055,2379,10.706603
2056,2379,3.385278
2142,2379,6.491241
2143,2379,1.543314
2144,2379,1.510182
2146,2379,6.725735
2147,2379,2.173817
2152,2379,2.965781
1928,2380,10.392464
1929,2380,6.077477
1931,2380,3.67514
1977,2380,4.906129
2050,2380,9.542066
2051,2380,5.587601
2052,2380,4.948999
2055,2380,1.896786
2057,2380,18.091761
2066,2380,1.229025
2137,2380,1.947192
2138,2380,1.140677
2146,2380,3.409579
2147,2380,2.17331
2148,2380,5.124156
2152,2380,9.78146
1932,2381,18.19491
1933,2381,8.291259
1934,2381,2.673458
1952,2381,5.300908
1953,2381,6.188892
1954,2381,6.85321
1955,2381,30.176651
1977,2381,1.347465
1994,2381,1.125178
1998,2381,25.593342
1999,2381,3.018065
2043,2381,2.440286
2044,2381,3.299064
2045,2381,3.423165
2053,2381,2.848381
2069,2381,4.387546
2152,2381,6.042821
1928,2382,5.932175
1934,2382,4.333581
1935,2382,1.020969
1937,2382,1.888505
1938,2382,2.553139
1939,2382,1.000671
1952,2382,8.604935
1953,2382,3.648796
1954,2382,9.862535
1955,2382,41.499565
1986,2382,1.125178
2043,2382,2.457557
2044,2382,7.13124
2045,2382,1.22573
2052,2382,6.104718
2143,2382,2.843943
2151,2382,3.632159
1930,2383,2.120409
1931,2383,3.653045
1932,2383,3.400155
1933,2383,2.033049
1934,2383,4.104139
1935,2383,3.17955
1939,2383,2.370692
1940,2383,1.582917
1952,2383,19.960669
1953,2383,2.926229
1954,2383,2.422067
2036,2383,8.486657
2049,2383,4.058774
2058,2383,5.337912
2061,2383,3.447122
2062,2383,2.473261
2065,2383,2.890458
2066,2383,9.038986
2067,2383,5.929534
2070,2383,6.234445
2094,2383,9.326646
2049,2384,1.465716
2050,2384,5.514242
2092,2384,3.243675
2094,2384,2.348934
2097,2384,1.538287
2098,2384,9.087007
2099,2384,8.811368
2100,2384,8.837869
2101,2384,5.401716
2102,2384,10.617893
1932,2385,8.328177
1933,2385,4.483704
1934,2385,8.426769
1935,2385,3.864259
1938,2385,1.503736
1967,2385,13.415051
1973,2385,11.078946
1990,2385,2.595786
1996,2385,1.63676
1999,2385,4.111262
2000,2385,1.986207
2094,2385,4.309072
2097,2385,5.841491
2098,2385,14.734893
2099,2385,34.445442
2100,2385,7.92966
1935,2386,6.180441
1936,2386,1.341137
1950,2386,13.566101
1951,2386,39.029766
1963,2386,13.578727
1991,2386,1.588784
1999,2386,2.970665
2000,2386,70.90155
2001,2386,6.371283
2051,2386,4.596463
2056,2386,15.614589
2065,2386,5.280631
2066,2386,4.999868
2068,2386,6.895333
2070,2386,3.978098
2091,2386,1.133094
2094,2386,7.927596
2095,2386,3.065813
2096,2386,14.928731
2097,2386,20.012058
2098,2386,24.710453
2099,2386,101.363258
2100,2386,10.038928
1932,2387,9.795479
1935,2387,18.516062
1936,2387,1.155112
1941,2387,1.405011
1942,2387,1.412745
1950,2387,98.709251
1951,2387,20.598862
1967,2387,48.387314
1972,2387,46.740509
1973,2387,43.501751
1992,2387,1.588784
1993,2387,1.756281
1994,2387,1.659705
2002,2387,6.371283
2044,2387,3.008673
2065,2387,6.366623
2091,2387,1.332614
1934,2388,2.248099
1935,2388,2.462972
1936,2388,1.842384
1943,2388,1.852446
1949,2388,35.41267
1950,2388,3.043215
1951,2388,3.430199
1982,2388,31.429886
1990,2388,1.675199
1994,2388,1.608987
1999,2388,1.939204
2000,2388,1.671941
2001,2388,2.977165
2042,2388,6.399732
2052,2388,5.486076
2053,2388,8.740998
2054,2388,8.060001
2055,2388,10.362386
2068,2388,16.851149
2069,2388,34.432674
2070,2388,7.941984
2091,2388,5.77068
2143,2388,17.149315
2146,2388,3.245596
2147,2388,4.268543
1933,2389,36.128181
1938,2389,1.110167
1939,2389,1.16595
1940,2389,1.16595
1941,2389,1.235843
1942,2389,1.852446
1950,2389,9.581991
1951,2389,2.633139
1981,2389,1.153446
1992,2389,1.591391
2054,2389,1.076149
2055,2389,2.226908
2056,2389,8.205024
2064,2389,1.297104
2067,2389,51.302631
2094,2389,3.364268
2095,2389,2.845596
1933,2390,21.19401
1934,2390,12.138904
1935,2390,23.102148
1936,2390,7.840552
1950,2390,24.52017
1951,2390,32.917065
1968,2390,6.436264
1975,2390,1.85212
1977,2390,1.6857
2001,2390,7.446016
2002,2390,3.412482
2004,2390,11.926447
2056,2390,7.547726
2057,2390,13.063498
2058,2390,7.924217
2059,2390,9.691401
2060,2390,9.691401
2061,2390,9.221385
2065,2390,6.398323
1932,2391,10.859142
1936,2391,22.784046
1950,2391,5.177629
1951,2391,6.316302
1975,2391,21.514528
1977,2391,2.015631
1979,2391,17.965565
1980,2391,3.52807
1981,2391,1.562075
1982,2391,1.649492
1983,2391,2.261473
1984,2391,1.071348
1992,2391,1.17588
2001,2391,4.555608
2002,2391,1.019931
2003,2391,2.334195
2004,2391,10.777355
2046,2391,2.871869
2056,2391,5.335305
2057,2391,2.200973
2058,2391,3.530579
2059,2391,3.572307
2060,2391,2.732275
2087,2391,47.334717
1932,2392,2.807204
1934,2392,4.706186
1935,2392,6.804082
1936,2392,2.681879
1937,2392,1.470355
1946,2392,1.171056
1950,2392,4.459892
1951,2392,2.596252
1962,2392,14.753838
1963,2392,7.553367
1974,2392,5.963769
1975,2392,2.994396
1980,2392,14.861345
1981,2392,3.49208
1982,2392,1.266489
1984,2392,1.086254
1985,2392,1.151259
1987,2392,1.027025
2087,2392,6.62239
2088,2392,2.602397
2093,2392,1.151943
2094,2392,1.626435
2095,2392,12.104594
1935,2393,30.191326
1936,2393,5.40993
1937,2393,1.101982
1944,2393,1.168928
1949,2393,5.381008
1950,2393,3.829874
1951,2393,1.510911
1970,2393,2.041009
1971,2393,10.498349
1972,2393,2.041009
1974,2393,29.312998
1977,2393,5.055843
2001,2393,4.801646
2002,2393,4.469888
2003,2393,2.264113
2087,2393,6.857009
2091,2393,2.932968
2092,2393,1.100167
2094,2393,3.637383
2095,2393,26.275797
1930,2394,11.941649
1932,2394,41.092899
1933,2394,23.050869
1934,2394,35.692814
1935,2394,16.863848
1949,2394,5.23552
1950,2394,2.914245
1951,2394,2.897685
1980,2394,2.823109
1985,2394,5.212831
1987,2394,1.131075
1989,2394,1.937154
2001,2394,4.48894
2003,2394,1.38492
2046,2394,1.381477
2087,2394,4.421597
2095,2394,24.146875
1927,2395,18.736012
1928,2395,10.24842
1929,2395,11.932816
1930,2395,1.75725
1935,2395,16.435518
1944,2395,3.33128
1945,2395,2.384022
1946,2395,1.59485
1949,2395,2.964638
1950,2395,3.043746
1951,2395,8.577596
1985,2395,2.850075
1987,2395,3.151081
2001,2395,1.865816
2002,2395,2.497769
2003,2395,1.419303
2056,2395,19.846493
2088,2395,28.793356
2092,2395,1.827725
2093,2395,1.63382
2094,2395,10.53538
2095,2395,40.958286
1929,2396,4.75802
1930,2396,2.713562
1931,2396,30.822903
1932,2396,11.233313
1933,2396,13.405952
1947,2396,1.55794
1949,2396,3.174065
1950,2396,1.374413
1981,2396,44.205257
1982,2396,2.160441
1987,2396,2.311068
1989,2396,3.243484
2087,2396,9.223961
2088,2396,8.053478
2093,2396,73.578819
2094,2396,34.207493
1924,2397,4.606451
1931,2397,7.154469
1932,2397,1.698693
1934,2397,2.202499
1935,2397,1.955125
1938,2397,1.607078
1940,2397,1.344766
1942,2397,1.51691
1943,2397,10.503714
1945,2397,1.15788
1946,2397,1.339912
1947,2397,1.500412
1949,2397,3.132809
1950,2397,1.282555
1981,2397,5.935305
1982,2397,36.839523
1985,2397,1.186617
1988,2397,1.637728
1989,2397,1.419862
1993,2397,3.252249
2087,2397,7.455077
2088,2397,2.249359
1927,2398,5.785686
1928,2398,2.605651
1929,2398,2.62739
1931,2398,7.219852
1934,2398,3.007839
1941,2398,1.813169
1942,2398,2.357336
1949,2398,3.607771
1950,2398,1.360419
1985,2398,7.346381
1986,2398,8.370207
1987,2398,6.235224
1988,2398,1.737556
1989,2398,1.137979
2022,2398,5.423414
2023,2398,4.704154
2087,2398,11.36541
1927,2399,6.733535
1929,2399,5.285327
1930,2399,4.912027
1931,2399,4.809673
1934,2399,1.040182
1938,2399,2.525081
1941,2399,2.418591
1944,2399,2.165638
1949,2399,2.84654
1950,2399,2.240433
1985,2399,10.02931
1987,2399,142.48645
1988,2399,8.538863
1989,2399,3.211914
1990,2399,1.031099
1991,2399,4.131952
1993,2399,5.930395
1994,2399,3.518375
1998,2399,1.856019
2001,2399,3.896737
2003,2399,3.039522
2020,2399,30.042925
2021,2399,9.478503
2022,2399,8.513348
2035,2399,10.042623
2093,2399,19.101316
2094,2399,18.903683
2097,2399,2.715742
1928,2400,1.074597
1929,2400,2.76482
1937,2400,2.071403
1938,2400,1.350314
1940,2400,1.629921
1942,2400,1.566169
1946,2400,1.000577
1947,2400,1.251407
1949,2400,5.813856
1950,2400,2.367237
1969,2400,1.155626
1994,2400,5.16404
1996,2400,1.574249
2001,2400,3.495457
2020,2400,20.094618
2021,2400,11.994164
2036,2400,1.921458
2097,2400,1.834574
2098,2400,109.847443
1924,2401,2.475671
1925,2401,11.501771
1926,2401,3.005071
1927,2401,4.661632
1929,2401,3.209396
1930,2401,1.094216
1941,2401,1.671891
1942,2401,5.174981
1943,2401,8.535289
1944,2401,15.774914
1950,2401,1.037079
1951,2401,1.60429
1992,2401,3.141183
1996,2401,1.895651
1997,2401,1.694394
2020,2401,16.175322
2021,2401,5.287141
2097,2401,1.285684
1924,2402,3.477731
1928,2402,3.469529
1932,2402,5.697304
1933,2402,4.965185
1938,2402,2.210987
1940,2402,2.395437
1941,2402,3.684774
1950,2402,5.332576
1952,2402,8.189098
1953,2402,10.513879
1954,2402,10.570532
1955,2402,7.564835
1956,2402,6.086884
1990,2402,4.973681
1991,2402,6.801937
1992,2402,9.271077
1993,2402,7.340725
1994,2402,3.245775
1996,2402,2.278208
1997,2402,1.243218
2000,2402,1.37674
2058,2402,1.082354
2097,2402,1.844317
1923,2403,6.473501
1924,2403,21.120256
1925,2403,2.129425
1926,2403,3.369341
1928,2403,1.405321
1931,2403,1.355812
1943,2403,5.308631
1950,2403,2.584632
1951,2403,4.939814
1952,2403,1.942174
1953,2403,11.944699
1954,2403,12.701402
1955,2403,3.748474
1956,2403,150.596054
1990,2403,20.719641
1991,2403,20.433754
1996,2403,1.771441
1997,2403,1.411314
1998,2403,1.376479
2097,2403,5.520187
1924,2404,1.289503
1926,2404,5.162548
2096,2404,43.223705
1923,2405,2.614486
1929,2405,2.277537
1930,2405,1.549972
1952,2405,2.545307
1997,2405,6.848965
1998,2405,7.51911
1999,2405,1.504756
2003,2405,1.457425
2004,2405,10.169073
2030,2405,8.468811
2096,2405,82.008644
2150,2405,13.249802
1930,2406,1.935476
1998,2406,1.799848
1999,2406,6.08874
2003,2406,2.995511
2004,2406,2.48612
2029,2406,3.39426
2100,2406,48.822353
2150,2406,20.033764
2151,2406,42.74847
1927,2407,1.252117
2029,2407,7.574899
2151,2407,45.845284
1923,2408,4.173882
1925,2408,2.042926
1999,2408,13.147484
2001,2408,1.118565
2002,2408,1.242758
2003,2408,2.533647
2018,2408,11.926748
2019,2408,7.240207
2023,2408,2.435689
2082,2408,2.624817
1924,2409,2.141529
1999,2409,14.675686
2000,2409,7.466375
2003,2409,1.272177
2005,2409,10.280002
2016,2409,1.149775
2018,2409,5.275213
2020,2409,1.163215
2021,2409,3.567428
2022,2409,1.095488
2023,2409,11.858274
2024,2409,11.173823
2025,2409,12.032787
2027,2409,3.241034
2028,2409,5.491086
2030,2409,14.437938
2019,2410,1.063615
2016,2411,1.177351
2017,2411,1.713743
2018,2411,1.757573
2019,2411,1.988726
2014,2412,7.828931
2015,2412,10.306818
2016,2412,1.99846
2017,2412,1.154
2014,2413,1.743677
2015,2413,10.351117
2016,2413,1.80089
2018,2413,1.09351
2014,2414,3.743611
2023,2414,1.604317
2016,2415,1.003118
2020,2415,1.43506
1925,2416,7.266047
1926,2416,4.315825
1929,2416,14.399892
1931,2416,24.359976
1932,2416,203.376663
2015,2416,8.332952
2017,2416,1.688964
2023,2416,4.61521
1927,2417,6.382992
1935,2417,182.765625
2020,2417,4.259553
2021,2417,1.760914
2022,2417,1.021275
2006,2418,5.237092
2010,2418,4.962126
2015,2418,5.431118
2016,2418,1.270588
2017,2418,1.779367
2019,2418,3.605603
2048,2418,8.254015
1927,2419,2.268436
1928,2419,3.428567
1929,2419,4.887271
2010,2419,10.196869
2015,2419,4.862514
2016,2419,1.6737
1922,2420,54.136955
1923,2420,108.644661
1924,2420,3.815577
1927,2420,22.404818
1928,2420,10.472314
1954,2420,26.164841
1983,2420,17.767942
2009,2420,1.265601
2010,2420,71.237152
2015,2420,3.325149
2017,2420,2.347887
2018,2420,2.143606
2022,2420,1.245659
2024,2420,3.551445
2025,2420,1.479576
2026,2420,1.010726
2038,2420,50.578442
1927,2421,23.831835
1928,2421,22.395239
1953,2421,69.478729
1954,2421,16.495802
1955,2421,23.155931
1983,2421,15.461138
1985,2421,99.097343
1986,2421,2.052894
2006,2421,22.287914
2007,2421,12.491926
2015,2421,10.254107
2020,2421,1.535718
2022,2421,1.142091
2024,2421,3.133744
2025,2421,2.710083
2034,2421,1.142013
2035,2421,2.655559
2151,2421,35.855373
1927,2422,15.090125
1953,2422,34.307484
1954,2422,29.6796
1955,2422,17.058393
1987,2422,2.496979
2008,2422,8.835414
2009,2422,21.825247
2010,2422,33.725109
2015,2422,9.753145
2020,2422,1.001685
2022,2422,2.721608
2023,2422,1.050023
1922,2423,28.701866
1924,2423,11.65612
1955,2423,7.525628
2015,2423,9.543441
2020,2423,1.451137
2023,2423,1.119152
2090,2423,2.972369
2092,2423,6.742418
2093,2423,7.202422
1922,2424,27.481083
1926,2424,1.210839
1955,2424,2.510098
1956,2424,6.18694
1957,2424,23.069473
1967,2424,10.332705
2007,2424,5.200748
2008,2424,12.718921
2015,2424,11.289175
2016,2424,6.738948
2017,2424,2.498551
2018,2424,1.672554
2019,2424,3.005813
2026,2424,1.495573
2027,2424,3.294181
2088,2424,1.620148
2090,2424,3.841406
2091,2424,2.375314
2092,2424,1.187842
2093,2424,2.095058
2140,2424,12.883162
2141,2424,24.50481
1924,2425,9.753919
1925,2425,21.525835
1927,2425,3.900904
1936,2425,29.277689
1950,2425,11.802481
1954,2425,8.71801
1955,2425,12.786945
1962,2425,1.739829
1963,2425,1.485215
1964,2425,3.369555
1966,2425,31.641445
1967,2425,7.523809
1981,2425,7.927281
2009,2425,190.029266
2010,2425,5.526425
2018,2425,8.522579
2020,2425,1.7539
2022,2425,9.019297
2023,2425,16.356508
2024,2425,4.520759
2027,2425,1.744523
2075,2425,2.460026
2088,2425,3.233085
2089,2425,6.975496
2091,2425,2.170542
2138,2425,13.723445
2139,2425,10.498457
2140,2425,33.54459
2141,2425,3.229786
2146,2425,16.964077
2149,2425,3.967866
2150,2425,1.484311
2152,2425,1.19709
1924,2426,27.14785
1954,2426,4.609065
1955,2426,3.029525
1965,2426,1.265333
1966,2426,18.862289
1968,2426,58.70396
1981,2426,4.656735
2010,2426,108.295776
2024,2426,11.465042
2025,2426,16.889496
2027,2426,3.628115
2034,2426,1.67061
2086,2426,2.960945
2138,2426,12.85397
2139,2426,4.143072
2140,2426,3.681756
2141,2426,2.465291
2143,2426,1.118304
2144,2426,1.264551
2145,2426,18.414064
2146,2426,36.010086
2147,2426,8.49179
2148,2426,7.493085
2151,2426,10.629961
1924,2427,6.392168
1925,2427,17.66995
1928,2427,7.34586
1951,2427,6.80585
1952,2427,7.801195
1953,2427,36.798653
1965,2427,1.003695
1966,2427,16.824408
1981,2427,7.122917
1982,2427,2.252965
1986,2427,3.689105
2009,2427,249.599991
2010,2427,168.44252
2017,2427,3.100797
2018,2427,1.128479
2021,2427,2.270114
2022,2427,2.35464
2024,2427,1.35299
2032,2427,12.726629
2033,2427,9.816394
2076,2427,2.520329
2077,2427,1.305609
2085,2427,1.650284
2139,2427,5.792455
2140,2427,2.683788
2141,2427,2.037211
1923,2428,36.370098
1928,2428,7.65123
1929,2428,3.734542
1930,2428,5.325608
1931,2428,10.634624
1932,2428,5.822329
1933,2428,7.102821
1934,2428,24.798532
1935,2428,20.053679
1942,2428,79.747177
1950,2428,10.454775
1951,2428,4.802633
1952,2428,16.799774
1953,2428,21.168186
1954,2428,3.111792
1957,2428,1.093314
1966,2428,7.989439
1981,2428,18.733973
1982,2428,3.758186
1984,2428,2.864289
1985,2428,3.465305
1986,2428,2.447091
1987,2428,1.703169
1988,2428,1.113957
2010,2428,54.352425
2076,2428,8.118768
2077,2428,5.143908
2085,2428,3.079196
2130,2428,17.453802
2138,2428,6.621519
2141,2428,1.446241
2142,2428,9.878511
2143,2428,6.847937
2148,2428,29.593973
1923,2429,40.22554
1928,2429,3.081389
1929,2429,4.979842
1930,2429,4.307433
1931,2429,8.931639
1932,2429,4.478231
1933,2429,6.878634
1934,2429,28.647671
1951,2429,15.429822
1952,2429,18.175865
1955,2429,2.271988
1956,2429,1.275504
1981,2429,20.343058
1982,2429,3.471832
1983,2429,1.300561
1984,2429,1.065384
1985,2429,1.16718
1986,2429,1.561486
2010,2429,125.428276
2138,2429,5.298886
2139,2429,1.140625
2141,2429,1.250919
2147,2429,1.15482
1922,2430,58.380413
1923,2430,45.090363
1929,2430,3.023223
1930,2430,2.219365
1931,2430,4.726945
1932,2430,5.404771
1933,2430,7.128597
1934,2430,22.430475
1952,2430,16.042219
1953,2430,7.096483
1954,2430,2.117762
1955,2430,12.926044
1956,2430,1.039087
1967,2430,6.027375
1982,2430,10.881278
1983,2430,2.619827
2010,2430,153.071701
2015,2430,5.182571
2016,2430,3.918881
2017,2430,9.19207
2018,2430,2.071676
2019,2430,7.837697
2020,2430,1.744509
2021,2430,2.335541
2022,2430,2.085843
2025,2430,29.501534
2026,2430,2.299905
2027,2430,2.350501
2148,2430,5.382297
1923,2431,42.783451
1928,2431,4.111717
1929,2431,5.326719
1930,2431,12.605696
1931,2431,14.052185
1952,2431,1.70908
1956,2431,5.34878
2014,2431,1.906641
2142,2431,6.847093
2143,2431,12.92305
1923,2432,77.303917
1959,2432,23.521656
1962,2432,9.433228
1963,2432,5.254519
2014,2432,1.465054
2016,2432,1.418541
2020,2432,1.785715
2025,2432,8.963728
2028,2432,1.740398
2029,2432,1.409321
2034,2432,9.98538
2035,2432,2.762613
1923,2433,94.877922
1926,2433,1.844903
1927,2433,3.512053
2016,2433,1.503291
2022,2433,2.640894
2028,2433,11.274776
2031,2433,6.333327
2032,2433,1.757717
2035,2433,14.197395
1926,2434,2.437698
1963,2434,23.333153
2010,2434,16.745159
2016,2434,1.325195
2019,2434,1.153775
2021,2434,1.479625
2022,2434,2.197099
2024,2434,1.066488
2025,2434,1.106375
2028,2434,5.588248
2029,2434,1.311485
2030,2434,1.784939
2031,2434,4.054076
2032,2434,8.404614
2033,2434,2.746222
2034,2434,6.636332
2039,2434,5.331752
2081,2434,2.465562
2082,2434,2.543893
2084,2434,2.680479
2085,2434,3.84701
2095,2434,1.81266
1921,2435,33.043243
1927,2435,1.031806
1929,2435,12.965231
1963,2435,19.849226
1964,2435,6.061921
2006,2435,3.546773
2007,2435,7.461418
2008,2435,9.264665
2009,2435,9.840242
2010,2435,5.869321
2021,2435,10.348942
2022,2435,1.35057
2024,2435,1.246303
2025,2435,1.023277
2028,2435,1.209063
2029,2435,1.295202
2032,2435,2.011987
2033,2435,8.041759
2034,2435,2.682209
2039,2435,4.129705
2068,2435,3.219253
2081,2435,2.968193
2082,2435,1.153719
2083,2435,3.252729
2084,2435,2.058626
2096,2435,1.510213
1922,2436,34.876549
1926,2436,4.466118
1927,2436,2.21708
1929,2436,10.543051
1930,2436,12.398784
1964,2436,18.788504
1965,2436,9.38612
1984,2436,12.262894
1985,2436,22.977432
1998,2436,8.559475
2005,2436,1.773355
2008,2436,4.516229
2021,2436,1.512238
2023,2436,1.35057
2025,2436,1.337922
2026,2436,1.099109
2033,2436,16.3867
2039,2436,3.048257
2069,2436,2.163259
2070,2436,2.252121
2095,2436,7.64135
2096,2436,3.290893
2097,2436,2.678717
1926,2437,4.583379
1928,2437,17.843985
1929,2437,23.634161
1930,2437,41.890903
1931,2437,33.412151
2026,2437,4.066735
2031,2437,1.417307
2032,2437,2.813516
2038,2437,2.639944
2039,2437,2.596099
2044,2437,8.97774
2045,2437,4.785807
2070,2437,1.994646
2073,2437,9.975765
2078,2437,2.240315
1926,2438,4.583379
1928,2438,54.768265
1929,2438,79.506386
1930,2438,72.608627
1931,2438,68.16642
1932,2438,95.630669
2016,2438,1.300216
2018,2438,1.490116
2024,2438,1.025434
2028,2438,1.13103
2030,2438,1.626484
2031,2438,4.760041
2033,2438,23.215969
2034,2438,3.207376
2044,2438,1.861291
2094,2438,7.865423
2099,2438,2.800603
2105,2438,2.936413
2122,2438,20.462366
1926,2439,1.17486
1928,2439,47.281548
1951,2439,1.738529
2033,2439,17.469904
2034,2439,3.196125
2036,2439,3.083098
2037,2439,6.299835
2071,2439,5.717236
2091,2439,16.234659
2116,2439,8.381611
2117,2439,38.746166
2118,2439,85.727684
2119,2439,45.004173
2121,2439,6.020003
2122,2439,18.816467
2123,2439,28.698425
1926,2440,13.714788
1979,2440,2.544037
2033,2440,6.418872
2034,2440,1.678953
2036,2440,2.673094
2040,2440,4.064026
2042,2440,2.311697
2043,2440,4.322336
2070,2440,4.76324
2095,2440,2.451682
2098,2440,2.352153
2117,2440,11.791905
2120,2440,2.427154
2121,2440,16.036016
2122,2440,23.472775
2029,2441,13.211271
2034,2441,4.65146
2043,2441,1.181753
2095,2441,2.611586
2096,2441,8.015953
2097,2441,3.204086
2098,2441,2.774431
2120,2441,1.085173
2121,2441,2.75488
2122,2441,31.346462
2009,2442,13.644027
2072,2442,11.987309
2091,2442,4.577415
2104,2442,3.853414
2121,2442,8.467508
2122,2442,6.228227
2123,2442,71.544899
