2165,2443,6.18855
2201,2443,3.029667
2216,2443,1.753901
2218,2443,4.116149
2219,2443,8.490323
2220,2443,4.091352
2235,2443,4.074147
2237,2443,1.227738
2238,2443,2.443979
2165,2444,11.014853
2204,2444,3.350297
2219,2444,1.873911
2238,2444,2.138665
2239,2444,2.443213
2240,2444,4.370914
2285,2444,25.773964
2165,2445,11.119686
2192,2445,3.449062
2201,2445,1.035449
2204,2445,4.298623
2206,2445,1.730419
2210,2445,6.086948
2211,2445,1.743185
2214,2445,6.49694
2215,2445,7.640572
2219,2445,1.312648
2208,2446,3.886084
2240,2446,1.393054
2287,2446,28.853493
2288,2446,475.155273
2204,2447,1.730421
2205,2447,4.156728
2208,2447,14.208159
2209,2447,2.798745
2212,2447,6.183979
2213,2447,5.203371
2215,2447,6.007898
2216,2447,6.004219
2218,2447,1.33295
2219,2447,1.706526
2240,2447,1.227738
2241,2447,1.40377
2242,2447,2.102893
2243,2447,2.155603
2244,2447,2.277237
2245,2447,1.746286
2274,2447,70.230019
2275,2447,597.644836
2276,2447,71.371605
2279,2447,236.316315
2288,2447,34.099987
2289,2447,62.784447
2204,2448,3.350297
2208,2448,3.650389
2209,2448,2.912198
2219,2448,1.826454
2238,2448,5.280544
2239,2448,2.033975
2240,2448,7.687221
2243,2448,1.893866
2246,2448,4.37168
2276,2448,72.045723
2278,2448,215.389847
2279,2448,519.372253
2288,2448,6.171392
2289,2448,8.064334
2193,2449,20.121849
2209,2449,4.360399
2219,2449,1.146078
2244,2449,1.340415
2271,2449,64.622826
2273,2449,13.177283
2274,2449,25.841232
2275,2449,130.246323
2276,2449,55.382854
2278,2449,686.335022
2279,2449,5.20873
2204,2450,3.229293
2212,2450,6.181902
2244,2450,1.043363
2245,2450,1.540862
2246,2450,2.470708
2247,2450,4.370914
2248,2450,1.027619
2252,2450,16.150455
2269,2450,95.790985
2271,2450,68.383698
2272,2450,246.689194
2273,2450,263.352264
2274,2450,308.792419
2277,2450,18.244183
2189,2451,3.098928
2190,2451,2.828534
2191,2451,4.178189
2210,2451,1.282604
2211,2451,6.18171
2241,2451,2.834002
2247,2451,28.146088
2250,2451,1.353053
2252,2451,1.846451
2263,2451,50.659058
2205,2452,2.239054
2208,2452,1.726402
2209,2452,5.984764
2210,2452,5.077507
2252,2452,1.34889
2253,2452,1.863194
2260,2452,6.04413
2263,2452,56.12566
2264,2452,43.615673
2269,2452,23.950388
2270,2452,13.922459
2271,2452,30.142937
2273,2452,38.011772
2274,2452,17.187187
2279,2452,22.616005
2280,2452,9.917699
2281,2452,9.849693
2189,2453,5.333617
2204,2453,1.617889
2207,2453,3.135679
2208,2453,4.372321
2252,2453,1.106706
2253,2453,1.200271
2254,2453,38.299286
2257,2453,30.348398
2263,2453,8.482004
2264,2453,14.283731
2265,2453,23.558403
2269,2453,13.96817
2272,2453,141.725052
2278,2453,48.239689
2260,2454,9.241366
2263,2454,8.179504
2264,2454,5.959711
2266,2454,11.311295
2268,2454,86.53624
2270,2454,6.053347
2271,2454,20.305628
2272,2454,10.96364
2273,2454,20.059744
2274,2454,11.90439
2275,2454,16.429205
2256,2455,1.454883
2267,2455,16.802494
2268,2455,14.089687
2274,2455,24.483427
2203,2456,4.72428
2210,2456,6.881241
2221,2456,3.123437
2251,2456,1.978991
2252,2456,4.25831
2254,2456,4.600755
2255,2456,2.274185
2257,2456,2.623588
2258,2456,1.807757
2168,2457,2.449626
2202,2457,40.268196
2251,2457,1.72013
2253,2457,1.048471
2258,2457,1.807755
2264,2457,4.18183
2220,2458,2.482753
2264,2458,1.163449
2270,2458,36.27319
2220,2459,2.4036
2222,2459,4.939289
2226,2459,2.080264
2227,2459,1.713971
2186,2460,3.671516
2222,2460,4.536403
2228,2460,2.464421
2234,2460,15.000501
2235,2460,5.834585
2236,2460,15.21574
2187,2461,4.178189
2194,2461,6.032619
2195,2461,18.101076
2196,2461,8.122231
2197,2461,1.532029
2198,2461,1.374887
2216,2461,2.366122
2217,2461,2.267569
2229,2461,1.77348
2230,2461,1.556052
2231,2461,1.556052
2232,2461,1.765787
2234,2461,5.903822
2240,2461,16.44206
2187,2462,4.002641
2199,2462,1.003151
2200,2462,2.868633
2217,2462,3.342085
2222,2462,9.816252
2228,2462,1.695629
2232,2462,1.6595
2234,2462,13.665421
2237,2462,16.946594
2238,2462,48.938622
2239,2462,59.223911
2240,2462,25.087564
2241,2462,10.614895
2186,2463,4.002641
2187,2463,3.44887
2206,2463,2.264412
2222,2463,9.044735
2223,2463,3.626835
2224,2463,1.277018
2225,2463,2.976314
2226,2463,3.390027
2234,2463,10.996979
2235,2463,7.665726
2236,2463,8.184227
2237,2463,37.760715
2238,2463,8.797318
2239,2463,8.795172
2240,2463,6.732016
2241,2463,51.034351
2197,2464,10.063824
2199,2464,1.794658
2207,2464,6.626095
2234,2464,7.902489
2196,2465,11.426064
2197,2465,4.538342
2232,2465,1.060316
2234,2465,16.376907
2261,2465,12.15886
2262,2465,15.574337
2263,2465,27.696308
2203,2466,1.444497
2212,2466,1.920253
2232,2466,2.272876
2233,2466,2.331705
2262,2466,37.709049
2193,2467,6.737644
2194,2467,14.220068
2195,2467,11.053869
2196,2467,4.231504
2203,2467,3.418339
2205,2467,32.513157
2241,2467,38.392036
2250,2467,1.311491
2251,2467,1.381253
2252,2467,1.311491
2262,2467,63.842937
2192,2468,13.6856
2193,2468,17.155724
2194,2468,37.958042
2195,2468,4.418242
2196,2468,3.924715
2198,2468,7.616969
2201,2468,1.167895
2202,2468,1.074814
2203,2468,18.603979
2224,2468,1.325576
2227,2468,2.037828
2196,2469,1.460453
2198,2469,2.489174
2199,2469,1.478948
2203,2469,35.355766
2209,2469,1.552449
2213,2469,1.585098
2214,2469,1.585308
2217,2469,1.585299
2224,2469,9.025376
2225,2469,39.323254
2226,2469,17.976673
2227,2469,10.911993
2237,2469,2.822886
2198,2470,1.949762
2203,2470,5.081244
2213,2470,1.585098
2232,2470,1.426809
2178,2471,3.671516
2203,2471,1.112324
2204,2471,25.951378
2214,2471,4.392438
2233,2471,8.054268
2256,2471,52.919044
2259,2471,22.261337
2177,2472,11.165459
2178,2472,1.88323
2179,2472,67.833984
2180,2472,9.465054
2181,2472,1.212726
2183,2472,1.212726
2184,2472,1.212726
2185,2472,1.950638
2186,2472,1.73658
2187,2472,1.920405
2198,2472,1.09814
2203,2472,12.458545
2230,2472,2.799535
2231,2472,5.463671
2232,2472,6.078634
2233,2472,2.064419
2256,2472,58.19286
2257,2472,32.396717
2258,2472,60.894531
2259,2472,66.942352
2260,2472,61.619335
2261,2472,17.547064
2262,2472,28.827768
2173,2473,32.214165
2176,2473,32.936996
2177,2473,12.022962
2178,2473,3.560986
2179,2473,7.426653
2180,2473,1.56237
2186,2473,1.286825
2187,2473,1.134764
2202,2473,30.822519
2203,2473,7.904608
2204,2473,11.748516
2235,2473,77.580971
2236,2473,38.150795
2237,2473,106.97377
2256,2473,115.709801
2257,2473,38.697693
2258,2473,35.685196
2259,2473,35.156319
2260,2473,71.400871
2261,2473,46.793873
2262,2473,49.000542
2179,2474,1.378507
2180,2474,1.73658
2181,2474,1.099617
2183,2474,1.741322
2191,2474,3.906587
2192,2474,42.782066
2193,2474,3.824031
2194,2474,4.481657
2227,2474,1.585098
2230,2474,10.555664
2232,2474,2.799325
2233,2474,4.263609
2235,2474,54.534019
2236,2474,61.386574
2256,2474,28.440472
2261,2474,106.520584
2262,2474,38.229416
2172,2475,9.243481
2173,2475,17.408852
2175,2475,38.851463
2176,2475,6.391365
2177,2475,33.023361
2178,2475,1.378507
2180,2475,2.962717
2181,2475,2.728623
2182,2475,2.648352
2188,2475,115.090591
2189,2475,1.682826
2192,2475,200.775711
2193,2475,1.023509
2194,2475,12.620228
2201,2475,12.126789
2204,2475,77.883125
2230,2475,2.227757
2232,2475,3.408631
2261,2475,8.677935
2262,2475,67.547043
2172,2476,2.351984
2175,2476,16.054798
2176,2476,11.032324
2177,2476,6.712196
2178,2476,1.614167
2189,2476,5.349492
2193,2476,3.613641
2194,2476,12.86686
2195,2476,16.118694
2231,2476,2.328499
2168,2477,45.420139
2171,2477,1.24568
2172,2477,2.368641
2174,2477,16.054798
2175,2477,32.467503
2176,2477,7.915174
2188,2477,194.185028
2189,2477,32.07457
2190,2477,32.159863
2192,2477,27.838844
2193,2477,1.453773
2208,2477,11.932161
2231,2477,64.978699
2233,2477,6.734382
2163,2478,49.354828
2164,2478,41.737858
2168,2478,94.599442
2172,2478,5.00562
2174,2478,2.383603
2175,2478,1.365179
2176,2478,1.051681
2190,2478,38.784565
2234,2478,17.427542
2163,2479,8.194267
2165,2479,20.034166
2168,2479,1.614167
2169,2479,1.633243
2170,2479,7.418836
2171,2479,9.359684
2172,2479,3.615889
2174,2479,2.021903
2234,2479,8.949806
2169,2480,12.574467
2170,2480,5.166667
2171,2480,6.299562
2172,2480,3.398218
2173,2480,2.021903
2174,2480,1.741322
2184,2480,5.975904
2186,2480,6.470384
2188,2480,5.45563
2194,2480,1.560235
2163,2481,1.614167
2168,2481,18.605301
2169,2481,6.637829
2171,2481,1.430994
2172,2481,1.63834
2173,2481,2.024238
2183,2481,6.576591
2245,2481,17.081039
2163,2482,6.742262
2165,2482,1.24618
2166,2482,2.021903
2168,2482,1.408745
2169,2482,1.365179
2171,2482,1.751318
2172,2482,1.334398
2173,2482,1.267411
2188,2482,23.886124
2249,2482,8.234697
2163,2483,1.280357
2166,2483,4.454385
2168,2483,3.061653
2169,2483,1.73658
2171,2483,1.741322
2172,2483,1.365179
2182,2483,5.604648
2187,2483,6.758276
2188,2483,11.513227
2189,2483,1.205094
2190,2483,7.827704
2191,2483,9.009467
2192,2483,17.457478
2162,2484,4.469652
2164,2484,1.608829
2171,2484,1.016177
2172,2484,1.53026
2181,2484,2.083333
2182,2484,1.606379
2188,2484,3.170125
2189,2484,1.76262
2190,2484,2.242909
2163,2485,2.387527
2165,2485,1.305044
2166,2485,1.147319
2167,2485,1.547959
2168,2485,2.79979
2169,2485,2.77219
2170,2485,2.138312
2171,2485,2.233752
2172,2485,1.152157
2188,2485,3.968261
2194,2485,2.34509
2163,2486,10.963999
2187,2486,22.600761
2188,2486,22.024515
2189,2486,5.054301
2190,2486,7.296807
2194,2486,8.317933
2163,2487,1.107293
2164,2487,8.769793
2165,2487,7.532183
2180,2487,14.84414
2185,2487,1.051138
2186,2487,10.396601
2194,2487,1.196338
2165,2488,4.451078
2184,2488,6.852284
2185,2488,1.317684
2186,2488,1.011016
2187,2488,1.804099
2192,2488,2.677247
2194,2488,28.824162
2185,2489,1.011016
2162,2490,7.191342
2186,2490,11.729652
2174,2492,3.188367
2217,2492,27.301937
2218,2492,66.994888
2219,2492,21.321377
2182,2493,2.41592
2180,2498,5.340612
2184,2499,4.063726
2185,2499,2.941299
2184,2338,9.103826
2291,2338,3.520076
2179,2339,3.352256
2180,2339,3.456645
2181,2339,6.090358
2183,2339,9.109838
2342,2339,361.607666
2179,2340,5.821805
2180,2340,2.01123
2181,2340,5.846283
2290,2340,1.064815
2173,2341,1.833333
2182,2341,1.547222
2184,2341,53.015934
2201,2341,58.260292
2299,2341,2.270492
2303,2341,6.510417
2304,2341,7.320206
2308,2341,1.9709
2309,2341,92.086884
2310,2341,2.878724
2175,2342,1.973095
2182,2342,1.362931
2200,2342,5.643797
2201,2342,73.987305
2296,2342,1.341262
2297,2342,4.796951
2298,2342,1.345535
2299,2342,1.660438
2303,2342,9.69929
2304,2342,16.891136
2305,2342,1.87571
2307,2342,1.109867
2308,2342,1.753103
2309,2342,97.004929
2182,2343,1.334475
2183,2343,1.356433
2184,2343,4.592017
2185,2343,4.938199
2201,2343,24.752584
2304,2343,8.495047
2305,2343,1.302387
2307,2343,2.468791
2308,2343,2.912749
2184,2344,1.264151
2185,2344,4.592725
2186,2344,7.664145
2201,2344,49.72485
2304,2344,55.657383
2184,2345,1.264658
2185,2345,3.328067
2200,2345,102.104424
2184,2347,1.04834
2189,2347,7.635631
2190,2347,13.235324
2191,2347,6.728384
2286,2347,1.222507
2308,2347,98.906181
2182,2348,1.264343
2188,2348,2.2602
2191,2348,3.845712
2195,2348,12.892119
2306,2348,2.663698
2307,2348,5.209482
2308,2348,4.109886
2174,2349,1.299617
2177,2349,2.216455
2178,2349,1.203638
2181,2349,3.540896
2185,2349,1.264658
2186,2349,1.585714
2188,2349,1.585915
2191,2349,1.76538
2192,2349,3.845712
2195,2349,16.871782
2174,2350,2.009378
2184,2350,1.619622
2185,2350,3.598721
2186,2350,6.190179
2187,2350,2.837607
2189,2350,1.586422
2190,2350,2.260707
2191,2350,1.68734
2192,2350,4.346118
2193,2350,6.680351
2195,2350,6.680351
2295,2350,5.399538
2296,2350,1.082568
2174,2351,3.938188
2175,2351,2.207007
2178,2351,2.345979
2179,2351,1.945949
2180,2351,2.443787
2181,2351,1.22842
2182,2351,2.379884
2188,2351,1.021278
2189,2351,1.489133
2190,2351,1.07586
2191,2351,1.4058
2192,2351,5.166612
2193,2351,8.73405
2194,2351,33.196438
2195,2351,19.038488
2341,2351,424.770966
2331,2352,1.302387
2341,2352,52.467571
2174,2354,1.400662
2189,2354,1.45294
2191,2354,1.279867
2192,2354,1.279867
2193,2354,3.413845
2195,2354,10.095788
2196,2354,10.095788
2312,2354,7.30643
2342,2354,53.868431
2167,2355,3.327866
2168,2355,3.845914
2169,2355,4.231889
2170,2355,4.47855
2190,2355,16.429565
2191,2355,13.107328
2193,2355,1.789004
2341,2355,35.901054
2342,2355,167.271942
2168,2356,1.82172
2169,2356,1.627465
2170,2356,3.26315
2171,2356,4.227826
2174,2356,3.453997
2193,2356,1.206974
2195,2356,2.257969
2197,2356,3.758012
2198,2356,14.594551
2293,2356,3.906683
2168,2357,1.28125
2170,2357,2.549582
2176,2357,2.186306
2177,2357,1.234618
2178,2357,1.57331
2179,2357,1.901685
2184,2357,4.013062
2195,2357,9.279377
2197,2357,2.256703
2168,2358,5.019893
2169,2358,5.328544
2170,2358,2.718532
2179,2358,2.43922
2184,2358,1.920625
2197,2358,10.193426
2312,2358,1.735071
2168,2359,26.898619
2169,2359,71.905212
2170,2359,14.290962
2175,2359,4.75898
2179,2359,5.036864
2184,2359,1.140902
2185,2359,1.045069
2285,2359,2.746922
2337,2359,1.697744
2165,2360,5.138707
2166,2360,7.576979
2167,2360,2.361232
2168,2360,24.332253
2169,2360,136.705109
2170,2360,33.056721
2175,2360,4.674085
2180,2360,5.037075
2187,2360,1.083269
2196,2360,2.517934
2198,2360,2.485758
2285,2360,9.416306
2166,2361,9.742194
2167,2361,2.943254
2168,2361,8.528127
2169,2361,454.517914
2170,2361,155.178268
2175,2361,6.555027
2176,2361,11.067504
2177,2361,5.186296
2180,2361,1.045069
2181,2361,1.934986
2183,2361,1.262176
2185,2361,4.161177
2187,2361,4.171595
2192,2361,1.658725
2196,2361,2.446054
2284,2361,8.816792
2320,2361,3.532525
2321,2361,1.867281
2167,2362,2.100024
2169,2362,34.799217
2170,2362,165.271255
2174,2362,4.210336
2175,2362,4.371546
2176,2362,1.479675
2177,2362,1.593219
2179,2362,1.021086
2181,2362,2.477939
2185,2362,5.424255
2188,2362,1.289767
2189,2362,1.157077
2192,2362,4.339291
2193,2362,1.099338
2196,2362,1.672235
2197,2362,1.824575
2199,2362,1.308983
2279,2362,6.615977
2280,2362,2.781568
2306,2362,2.450772
2319,2362,1.650696
2321,2362,1.983913
2337,2362,1.996861
2167,2363,2.370174
2170,2363,3.739119
2171,2363,3.127483
2172,2363,12.793269
2173,2363,190.975128
2174,2363,7.330081
2181,2363,1.134179
2183,2363,4.160881
2196,2363,4.508711
2197,2363,7.110073
2198,2363,2.090438
2199,2363,1.57325
2200,2363,3.024519
2275,2363,12.884445
2311,2363,2.44953
2338,2363,7.019499
2167,2364,2.664534
2171,2364,2.033169
2175,2364,6.89893
2176,2364,37.610233
2177,2364,1.726443
2178,2364,5.317955
2179,2364,7.018156
2180,2364,1.383641
2181,2364,1.779568
2183,2364,1.13983
2196,2364,1.644771
2312,2364,7.601424
2313,2364,7.907743
2338,2364,31.783051
2167,2365,32.927261
2171,2365,1.932524
2172,2365,2.520424
2173,2365,2.794511
2174,2365,2.738859
2175,2365,2.264964
2178,2365,1.210347
2179,2365,8.986076
2180,2365,1.209889
2181,2365,1.714576
2183,2365,1.920625
2186,2365,4.281993
2197,2365,1.6411
2198,2365,3.087278
2199,2365,1.78431
2200,2365,1.449526
2338,2365,31.554874
2169,2366,3.27701
2170,2366,3.739119
2171,2366,2.189461
2173,2366,2.484298
2174,2366,6.551573
2175,2366,2.635143
2176,2366,2.113642
2179,2366,20.207819
2180,2366,1.106743
2182,2366,1.552931
2183,2366,7.536232
2187,2366,1.766887
2197,2366,1.334491
2199,2366,2.597825
2200,2366,2.514882
2307,2366,3.187762
2308,2366,1.578296
2331,2366,8.942388
2337,2366,10.330587
2338,2366,31.905005
2170,2367,3.276503
2171,2367,2.314225
2173,2367,3.352182
2174,2367,32.66153
2177,2367,1.103607
2178,2367,1.564139
2179,2367,5.694654
2180,2367,2.002995
2181,2367,1.017737
2184,2367,1.041977
2187,2367,1.918051
2193,2367,1.576321
2197,2367,1.010084
2199,2367,1.4755
2200,2367,3.174882
2307,2367,3.975601
2337,2367,12.23939
2338,2367,44.678719
2169,2368,2.37032
2170,2368,2.736224
2171,2368,2.133273
2173,2368,3.461301
2174,2368,1.804555
2177,2368,1.740768
2178,2368,2.242844
2179,2368,8.452431
2180,2368,6.867562
2184,2368,2.150861
2189,2368,4.396324
2194,2368,1.576329
2197,2368,2.159597
2201,2368,3.174882
2202,2368,2.897249
2225,2368,21.700806
2226,2368,19.044813
2227,2368,53.227684
2228,2368,36.715458
2305,2368,1.222522
2306,2368,1.52063
2337,2368,9.541243
2338,2368,50.325623
2168,2369,2.804531
2169,2369,2.15975
2170,2369,2.645629
2171,2369,2.091281
2172,2369,3.461503
2173,2369,2.76269
2174,2369,2.988887
2175,2369,2.629333
2179,2369,3.300812
2180,2369,4.807385
2181,2369,2.327119
2182,2369,1.66048
2183,2369,1.547387
2184,2369,3.12737
2189,2369,4.260175
2190,2369,4.417647
2193,2369,1.565606
2194,2369,3.440857
2196,2369,1.22234
2197,2369,1.168671
2199,2369,4.173031
2225,2369,15.097545
2226,2369,11.332701
2227,2369,11.090547
2228,2369,5.121834
2229,2369,4.72671
2230,2369,11.641383
2231,2369,7.4476
2232,2369,8.417229
2167,2370,2.38705
2186,2370,1.044024
2187,2370,1.502106
2188,2370,2.780791
2204,2370,9.918289
2205,2370,8.25588
2206,2370,6.871492
2207,2370,9.186633
2208,2370,28.142523
2209,2370,27.834805
2222,2370,11.617435
2223,2370,21.28018
2224,2370,19.900291
2225,2370,16.737555
2226,2370,5.687313
2227,2370,11.000811
2228,2370,8.727227
2229,2370,5.536733
2230,2370,18.813887
2231,2370,15.664608
2232,2370,7.724845
2169,2371,2.010329
2170,2371,3.465767
2171,2371,3.824924
2172,2371,4.015915
2174,2371,3.984236
2175,2371,4.259368
2176,2371,7.677345
2177,2371,5.226355
2178,2371,7.87925
2179,2371,10.524697
2180,2371,6.849426
2181,2371,1.829188
2182,2371,3.122214
2183,2371,4.837462
2184,2371,1.383973
2185,2371,1.033004
2189,2371,1.556963
2190,2371,1.431862
2191,2371,11.427367
2192,2371,4.823436
2193,2371,3.973726
2195,2371,1.580863
2197,2371,3.754347
2198,2371,3.436409
2200,2371,4.119754
2201,2371,1.584002
2202,2371,2.625052
2224,2371,24.336964
2225,2371,34.039101
2226,2371,2.15614
2231,2371,23.132786
2320,2372,5.612032
2321,2372,4.5464
2322,2372,5.756044
2321,2373,6.307178
2322,2373,14.509768
2203,2374,39.785526
2204,2374,6.562611
2205,2374,8.524221
2206,2374,46.476913
2208,2374,618.804199
2254,2374,88.879738
2255,2374,261.228333
2256,2374,68.213333
2172,2375,11.118237
2173,2375,21.858843
2197,2375,50.913918
2200,2375,114.060936
2202,2375,21.727119
2203,2375,20.001204
2204,2375,3.87121
2205,2375,4.105758
2206,2375,11.709891
2207,2375,12.844296
2254,2375,89.520844
2176,2376,4.393036
2185,2376,208.456924
2186,2376,51.491928
2187,2376,62.570774
2188,2376,75.078163
2189,2376,113.567009
2190,2376,41.717861
2191,2376,25.825129
2192,2376,21.413919
2193,2376,40.532204
2194,2376,80.966965
2195,2376,40.511421
2196,2376,17.327408
2197,2376,13.032263
2199,2376,4.982556
2200,2376,2.747654
2201,2376,3.090771
2202,2376,5.468613
2203,2376,7.04334
2204,2376,1.848297
2205,2376,2.782053
2206,2376,5.860565
2207,2376,5.451649
2208,2376,12.845048
2214,2376,41.866455
2257,2376,13.431703
2259,2376,56.048309
2261,2376,5.58153
2262,2376,6.940417
2263,2376,9.559531
2320,2376,6.579595
2170,2377,2.809433
2171,2377,9.618245
2172,2377,2.382122
2173,2377,22.360504
2174,2377,4.393036
2176,2377,5.012544
2180,2377,25.851517
2186,2377,54.769825
2187,2377,110.089302
2188,2377,62.163292
2189,2377,50.104397
2192,2377,80.534233
2193,2377,30.719191
2194,2377,52.675095
2197,2377,21.139547
2199,2377,4.68471
2200,2377,2.197554
2201,2377,1.135512
2207,2377,4.986789
2208,2377,3.397122
2210,2377,119.558609
2218,2377,6.390087
2171,2378,5.256986
2172,2378,8.022343
2173,2378,2.884905
2174,2378,2.085756
2176,2378,3.928684
2199,2378,3.103591
2206,2378,2.237433
2207,2378,1.301934
2208,2378,7.894736
2210,2378,47.480347
2212,2378,153.935211
2213,2378,100.362015
2334,2378,28.666103
2172,2379,4.899459
2173,2379,3.227533
2177,2379,19.179657
2178,2379,1.514229
2180,2379,4.763195
2256,2379,16.975334
2266,2379,54.332027
2169,2380,2.935954
2171,2380,2.680811
2172,2380,7.399119
2177,2380,9.618044
2178,2380,4.768096
2179,2380,1.354735
2180,2380,1.470752
2183,2380,4.236029
2184,2380,2.090623
2190,2380,1.622558
2198,2380,1.551699
2200,2380,1.030454
2202,2380,2.059954
2203,2380,31.525166
2204,2380,42.006386
2266,2380,37.919914
2318,2380,10.51687
2167,2381,9.618044
2168,2381,19.094219
2177,2381,8.758591
2178,2381,105.519104
2180,2381,2.086936
2183,2381,1.701122
2184,2381,1.804204
2186,2381,9.79153
2187,2381,8.593322
2190,2381,1.036531
2200,2381,3.402709
2201,2381,6.561562
2202,2381,8.04585
2219,2381,6.127526
2266,2381,15.832315
2315,2381,2.951877
2316,2381,2.77546
2168,2382,9.130125
2169,2382,1.275072
2178,2382,3.806282
2183,2382,1.313479
2184,2382,1.553169
2186,2382,2.109807
2187,2382,5.219046
2188,2382,4.488783
2189,2382,2.960813
2192,2382,3.744319
2193,2382,1.045289
2200,2382,10.004447
2201,2382,4.037457
2216,2382,1.363162
2218,2382,2.924642
2219,2382,1.976206
2222,2382,3.529427
2255,2382,59.667267
2266,2382,14.19657
2169,2383,1.444884
2170,2383,1.332709
2171,2383,38.323917
2172,2383,18.785685
2177,2383,10.192797
2178,2383,5.732701
2181,2383,1.871955
2183,2383,1.269907
2184,2383,3.20851
2189,2383,2.620769
2190,2383,2.626297
2201,2383,5.381294
2216,2383,5.147168
2249,2383,41.476646
2251,2383,33.392563
2313,2383,2.78259
2317,2383,7.7098
2166,2384,6.454531
2168,2384,5.429387
2169,2384,9.955368
2170,2384,6.538707
2171,2384,1.340839
2172,2384,1.012652
2177,2384,6.959949
2178,2384,1.287221
2179,2384,1.307559
2180,2384,1.169241
2189,2384,4.748437
2190,2384,22.439392
2191,2384,1.325406
2201,2384,2.307226
2234,2384,22.224533
2248,2384,25.83605
2249,2384,37.204063
2250,2384,28.871532
2251,2384,2.958637
2263,2384,18.12985
2264,2384,46.929333
2265,2384,10.102249
2312,2384,1.652755
2317,2384,1.368113
2318,2384,2.79673
2168,2385,2.527632
2169,2385,1.832805
2170,2385,3.21295
2177,2385,2.719558
2178,2385,2.405708
2179,2385,2.0899
2180,2385,4.529584
2183,2385,1.539371
2190,2385,6.081111
2191,2385,2.79845
2201,2385,3.543132
2236,2385,9.399219
2169,2386,6.191658
2170,2386,4.73824
2172,2386,1.136115
2173,2386,1.460235
2180,2386,3.44356
2181,2386,1.399101
2185,2386,10.322116
2186,2386,1.631597
2187,2386,6.959739
2188,2386,6.081111
2190,2386,9.740583
2191,2386,7.127097
2201,2386,3.372313
2238,2386,18.064646
2318,2386,1.752822
2168,2387,6.769958
2169,2387,3.010259
2170,2387,10.414568
2172,2387,3.882517
2173,2387,3.055148
2174,2387,13.431547
2175,2387,4.469068
2176,2387,2.83458
2177,2387,2.442315
2178,2387,5.420726
2179,2387,4.011898
2180,2387,4.821619
2181,2387,3.115303
2182,2387,6.497806
2183,2387,1.298587
2184,2387,2.273019
2185,2387,3.468794
2186,2387,2.369921
2187,2387,4.742109
2188,2387,3.106703
2189,2387,7.592687
2190,2387,4.455232
2191,2387,5.612961
2193,2387,18.486555
2201,2387,2.401744
2167,2388,6.248608
2171,2388,46.821075
2172,2388,4.084002
2173,2388,1.33694
2174,2388,2.498337
2177,2388,4.005235
2184,2388,1.519782
2188,2388,1.180147
2190,2388,1.837636
2194,2388,1.100038
2200,2388,40.379108
2201,2388,6.175629
2212,2388,1.648407
2235,2388,29.356653
2172,2389,17.954121
2173,2389,1.740274
2174,2389,2.30476
2175,2389,5.744854
2177,2389,4.005249
2180,2389,2.834594
2181,2389,1.897335
2185,2389,2.569429
2188,2389,1.767477
2192,2389,1.979555
2202,2389,1.221777
2231,2389,6.656038
2232,2389,7.338859
2233,2389,10.453866
2234,2389,7.59651
2172,2390,3.489671
2173,2390,11.924033
2185,2390,1.614412
2188,2390,2.083142
2189,2390,1.000773
2192,2390,1.643079
2202,2390,4.464783
2204,2390,31.266314
2205,2390,24.335501
2206,2390,22.926071
2207,2390,21.037151
2211,2390,6.03036
2214,2390,24.371719
2217,2390,7.830155
2218,2390,1.248233
2219,2390,1.440456
2220,2390,2.388299
2225,2390,2.011205
2231,2390,20.253595
2171,2391,1.391953
2172,2391,1.771418
2173,2391,9.670072
2178,2391,3.273603
2179,2391,3.026134
2180,2391,1.921077
2181,2391,1.311255
2182,2391,1.403404
2183,2391,1.077136
2188,2391,3.895969
2189,2391,2.408174
2190,2391,1.273322
2191,2391,1.026928
2192,2391,2.120561
2193,2391,3.259981
2194,2391,7.731605
2208,2391,169.80249
2210,2391,233.766708
2168,2395,8.352954
2169,2395,6.649724
2184,2395,2.781649
2185,2395,3.959682
2195,2395,2.528847
2200,2395,4.430495
2201,2395,2.728334
2204,2395,1.80101
2169,2396,2.135714
2170,2396,5.119322
2174,2396,2.177291
2177,2396,2.11266
2178,2396,3.103988
2221,2396,6.322145
2222,2396,1.331678
2223,2396,1.761497
2224,2396,8.706968
2225,2396,3.317853
2235,2396,20.544847
2204,2397,1.948768
2225,2397,3.546042
2229,2397,7.93169
2230,2397,7.785229
2235,2397,16.60437
2196,2398,3.513406
2210,2398,2.035557
2220,2398,14.895867
2224,2398,1.264698
2226,2398,3.546042
2229,2398,3.006079
2232,2398,4.528589
2233,2398,7.034965
2236,2398,16.60437
2294,2398,6.961515
2194,2399,1.987576
2196,2399,3.494045
2199,2399,1.510191
2211,2399,2.035351
2221,2399,14.895661
2222,2399,9.695722
2224,2399,1.897038
2226,2399,6.953796
2229,2399,4.555269
2232,2399,18.601776
2233,2399,1.081963
2234,2399,5.149065
2235,2399,1.485398
2197,2400,3.721618
2199,2400,3.478861
2225,2400,1.11674
2229,2400,5.818734
2182,2401,6.22864
2210,2401,3.866529
2218,2401,6.749331
2219,2401,2.451149
2222,2401,1.601182
2225,2401,1.171374
2226,2401,1.283878
2204,2402,3.478861
2218,2402,1.507769
2221,2402,2.034788
2222,2402,1.386615
2225,2402,5.824634
2229,2402,4.065318
2230,2402,5.946632
2210,2403,1.350404
2211,2403,1.422857
2212,2403,3.482751
2229,2403,2.802296
2230,2403,25.373707
2231,2403,13.3458
2232,2403,2.711146
2224,2404,1.171374
2225,2404,6.577101
2226,2404,5.101321
2231,2404,14.121206
2205,2405,3.492871
2209,2405,1.660362
2216,2405,3.490467
2202,2406,2.860466
2206,2406,3.492665
2220,2406,1.056107
2222,2406,3.766756
2224,2406,2.389481
2226,2406,4.829848
2227,2406,12.544582
2203,2407,22.782713
2219,2407,2.453698
2222,2407,2.627242
2223,2407,3.729339
2224,2407,8.495995
2225,2407,3.689562
2226,2407,4.517772
2227,2407,5.553081
2231,2407,3.208743
2203,2408,23.741812
2223,2408,3.681035
2225,2408,2.415
2226,2408,1.949863
2227,2408,7.644814
2229,2408,6.37865
2230,2408,1.230422
2205,2409,1.014493
2227,2409,79.942009
2204,2410,2.827047
2203,2411,1.320044
2205,2411,8.365038
2207,2411,7.663052
2208,2411,2.208616
2264,2411,8.584647
2168,2415,16.835373
2197,2415,1.177288
2198,2415,1.443842
2199,2415,1.4893
2200,2415,2.864723
2203,2415,3.00779
2204,2415,12.855299
2205,2416,1.343249
2206,2416,3.850464
2191,2417,10.420425
2255,2417,20.491898
2171,2418,6.949686
2231,2418,109.610397
2173,2419,4.690727
2231,2419,18.395264
2173,2420,6.946364
2229,2420,2.106632
2169,2421,5.850637
2173,2421,5.296629
2174,2421,6.476965
2229,2421,10.074204
2230,2421,4.664981
2169,2422,13.377087
2171,2422,10.444895
2172,2422,27.565763
2211,2422,1.285891
2228,2422,2.72725
2229,2422,4.680613
2230,2422,5.724504
2234,2422,4.921854
2169,2423,10.385017
2228,2423,6.159485
2229,2423,4.938622
2230,2423,4.331374
2178,2424,5.277741
2229,2424,10.325285
2230,2424,3.425371
2233,2424,4.87248
2272,2424,4.432183
2273,2424,35.435089
2229,2425,1.613472
2230,2425,5.055791
2233,2425,2.716302
2202,2426,5.369564
2226,2426,13.614551
2233,2426,13.40268
2202,2427,3.2067
2226,2427,2.444169
2227,2427,13.956331
2202,2428,5.832289
2228,2428,4.474371
2229,2428,1.89869
2231,2428,5.346828
2232,2428,2.565687
2207,2429,2.13356
2208,2429,8.346201
2229,2429,3.358557
2230,2429,1.89869
2232,2429,1.762657
2233,2429,2.756894
2207,2430,12.494551
2208,2430,5.24165
2209,2430,6.179705
2210,2430,8.907131
2211,2430,9.077366
2232,2430,4.07301
2233,2430,6.487607
2165,2431,1.999516
2211,2431,8.071867
2232,2431,23.613241
2233,2431,3.678337
2232,2432,1.578669
2233,2432,16.394249
2204,2433,13.810496
2215,2433,4.395421
2232,2433,2.401283
2233,2433,4.370914
2215,2434,5.217938
2216,2434,4.061749
2217,2434,4.298623
2218,2434,3.754428
2183,2435,9.339856
2184,2435,7.605636
2211,2435,1.727372
2218,2435,4.300645
2232,2435,4.103789
2233,2435,4.363386
2183,2436,8.385358
2184,2436,4.125029
2211,2437,4.398058
2166,2438,14.638762
2167,2438,37.606007
2214,2438,3.741127
2215,2438,10.826138
2216,2438,3.743273
2230,2438,1.838225
2231,2438,1.885897
2232,2438,1.135184
2233,2438,2.819238
2164,2439,18.477894
2165,2439,12.337981
2166,2439,60.509705
2167,2439,3.996113
2209,2439,17.877321
2216,2439,4.366991
2235,2439,1.377041
2165,2440,1.803042
2167,2440,3.202587
2209,2440,5.333612
2235,2440,2.074455
2236,2440,1.377041
2165,2441,13.128072
2209,2441,4.668074
2235,2441,1.73564
2282,2441,340.019379
2165,2442,5.96545
2188,2442,4.334339
2189,2442,5.830633
2209,2442,1.64338
2216,2442,1.778901
2219,2442,39.458786
2220,2442,3.346304
2235,2442,2.102907
2236,2442,1.832483
2237,2442,2.524479
2238,2442,2.560746
2239,2442,4.383801
2241,2442,2.831508
2284,2442,53.709312
