1464,1486,4.20756
1483,1486,8.71633
1571,1486,1.660621
1610,1486,52.091114
1611,1486,103.05574
1615,1486,18.060654
1618,1486,137.549713
1624,1486,3.838059
1635,1486,4.319158
1639,1486,5.369551
1640,1486,5.935479
1641,1486,9.333333
1642,1486,10.222217
1643,1486,5.999999
1644,1486,7.255817
1645,1486,19.062057
1646,1486,39.618504
1445,1487,33.166767
1463,1487,23.015337
1464,1487,40.070396
1465,1487,2.651383
1468,1487,7.745351
1478,1487,15.137254
1482,1487,9.765923
1483,1487,16.295732
1484,1487,158.067978
1485,1487,42.657925
1489,1487,21.37278
1547,1487,11.65392
1563,1487,1.261791
1571,1487,3.551886
1572,1487,46.445183
1586,1487,54.790535
1609,1487,40.123634
1610,1487,16.736795
1612,1487,60.305702
1616,1487,19.891932
1618,1487,3.838059
1628,1487,11.885697
1634,1487,3.838059
1635,1487,3.604328
1636,1487,8.973879
1637,1487,8.894979
1638,1487,15.380627
1641,1487,10.222217
1642,1487,4.516125
1643,1487,4.516125
1644,1487,14.270316
1446,1488,10.788729
1462,1488,25.768593
1468,1488,14.093
1477,1488,11.755713
1479,1488,14.407377
1483,1488,43.168167
1521,1488,218.087814
1522,1488,148.098663
1547,1488,19.588512
1563,1488,2.85655
1572,1488,2.073169
1573,1488,3.715043
1587,1488,22.021633
1590,1488,79.163795
1608,1488,77.188354
1612,1488,36.289452
1617,1488,483.087036
1619,1488,33.725876
1627,1488,5.935479
1628,1488,11.046716
1630,1488,3.604328
1635,1488,3.494102
1636,1488,8.391595
1637,1488,7.332161
1638,1488,8.894979
1639,1488,10.254637
1640,1488,8.399997
1641,1488,5.935479
1642,1488,7.255817
1645,1488,16.338877
1707,1488,118.407402
1445,1489,32.766235
1446,1489,12.386605
1451,1489,53.908905
1454,1489,74.571014
1481,1489,4.044299
1484,1489,20.975367
1485,1489,9.834668
1520,1489,260.523621
1521,1489,458.560883
1522,1489,9.230785
1547,1489,11.65392
1569,1489,1.261791
1581,1489,34.312195
1591,1489,857.853394
1608,1489,52.875107
1618,1489,3.494102
1619,1489,17.319153
1620,1489,3.494102
1626,1489,3.604328
1629,1489,8.894979
1630,1489,8.973879
1632,1489,3.604328
1638,1489,7.332161
1639,1489,11.995924
1640,1489,12.437106
1641,1489,12.547333
1646,1489,20.892412
1647,1489,18.998728
1451,1490,37.144958
1452,1490,9.03173
1453,1490,33.080147
1454,1490,33.183109
1520,1490,78.614044
1546,1490,11.65392
1547,1490,19.813107
1566,1490,1.468187
1582,1490,15.187968
1584,1490,17.802633
1592,1490,4.553536
1622,1490,5.048226
1623,1490,3.494102
1629,1490,7.332161
1631,1490,3.604328
1633,1490,3.604328
1644,1490,7.255817
1446,1491,36.762901
1451,1491,1.543216
1452,1491,1.14305
1453,1491,3.308406
1454,1491,33.649769
1456,1491,24.040028
1457,1491,31.387009
1486,1491,6.384963
1521,1491,35.591255
1562,1491,2.85655
1572,1491,3.081145
1586,1491,15.664397
1587,1491,26.194925
1617,1491,3.838059
1619,1491,6.73333
1622,1491,5.369551
1623,1491,5.369551
1624,1491,4.639797
1627,1491,7.129756
1635,1491,3.604328
1644,1491,17.780384
1709,1491,66.332748
1454,1492,52.919178
1455,1492,25.234745
1487,1492,5.618335
1488,1492,46.338795
1489,1492,123.357658
1494,1492,21.412634
1524,1492,61.110783
1574,1492,3.796933
1583,1492,5.689149
1587,1492,24.775038
1588,1492,23.327631
1589,1492,38.914169
1599,1492,159.96933
1622,1492,4.553536
1627,1492,6.73333
1628,1492,9.499488
1629,1492,8.391595
1447,1493,5.388973
1487,1493,18.727032
1488,1493,62.221329
1492,1493,11.306114
1494,1493,3.68479
1563,1493,1.261791
1574,1493,1.285714
1575,1493,3.842717
1576,1493,1.261791
1579,1493,5.85213
1581,1493,4.95234
1584,1493,5.689149
1585,1493,4.869195
1587,1493,88.668823
1589,1493,3.838059
1617,1493,5.369551
1618,1493,3.525428
1625,1493,184.728241
1626,1493,12.733039
1627,1493,10.967815
1628,1493,8.973879
1629,1493,6.988204
1631,1493,5.369551
1632,1493,12.601173
1633,1493,11.280447
1634,1493,14.26453
1635,1493,16.500523
1439,1494,22.496187
1518,1494,18.651693
1521,1494,19.90365
1543,1494,40.455368
1579,1494,3.74481
1580,1494,70.236229
1581,1494,3.74481
1582,1494,66.708344
1583,1494,7.407009
1587,1494,10.823318
1593,1494,90.676781
1610,1494,113.607407
1615,1494,4.553536
1616,1494,4.553536
1617,1494,3.838059
1618,1494,3.604328
1625,1494,8.894979
1626,1494,12.437106
1628,1494,8.391595
1631,1494,9.107072
1634,1494,12.601173
1456,1495,11.659309
1485,1495,27.005867
1486,1495,8.462626
1487,1495,4.52449
1488,1495,24.978148
1490,1495,24.510912
1496,1495,15.180049
1546,1495,25.619585
1580,1495,4.566413
1584,1495,10.475718
1625,1495,3.525428
1630,1495,9.107072
1636,1495,13.983116
1637,1495,9.20761
1638,1495,4.319158
1648,1495,22.175598
1455,1496,2.61489
1456,1496,17.857281
1485,1496,101.332977
1488,1496,15.690122
1546,1496,61.569263
1581,1496,8.631596
1627,1496,8.996103
1630,1496,3.494102
1636,1496,16.381262
1637,1496,11.343004
1638,1496,9.20761
1639,1496,31.185478
1640,1496,16.422039
1641,1496,9.460907
1455,1497,10.442162
1456,1497,20.687578
1490,1497,20.082972
1491,1497,3.707744
1539,1497,47.058662
1541,1497,18.648287
1546,1497,42.013611
1580,1497,2.585364
1584,1497,8.157864
1598,1497,495.178345
1629,1497,5.369551
1630,1497,9.107072
1637,1497,12.047932
1638,1497,33.297638
1639,1497,11.338688
1640,1497,13.527414
1641,1497,12.203375
1642,1497,13.527414
1643,1497,11.338688
1644,1497,9.688709
1646,1497,7.255817
1647,1497,13.12959
1496,1498,10.389107
1503,1498,9.703218
1507,1498,10.768125
1542,1498,177.471436
1543,1498,103.390213
1544,1498,80.73584
1574,1498,4.348443
1575,1498,7.713574
1577,1498,4.98788
1578,1498,4.974368
1579,1498,19.602171
1596,1498,19.145245
1631,1498,8.391595
1635,1498,3.525428
1637,1498,15.170479
1638,1498,15.175717
1639,1498,19.527414
1643,1498,13.417189
1644,1498,12.05933
1645,1498,25.425585
1646,1498,17.026644
1647,1498,36.927746
1648,1498,32.393299
1491,1499,10.608299
1506,1499,6.751468
1543,1499,2.85655
1545,1499,3.340347
1570,1499,4.705569
1579,1499,9.611302
1580,1499,4.974368
1582,1499,4.553536
1586,1499,12.086143
1634,1499,4.553536
1635,1499,3.604328
1636,1499,8.9361
1637,1499,9.838059
1638,1499,12.10288
1639,1499,11.417588
1640,1499,9.20761
1648,1499,16.852455
1540,1500,35.276119
1635,1500,3.494102
1636,1500,8.068415
1637,1500,17.238056
1638,1500,9.460907
1639,1500,18.386147
1447,1501,13.913577
1556,1501,1.261791
1557,1501,2.85655
1577,1501,14.041181
1578,1501,43.265934
1598,1501,8.599047
1637,1501,9.773538
1638,1501,13.417189
1646,1501,13.651603
1647,1501,16.148081
1648,1501,42.455803
1661,1501,16.236374
1436,1502,7.800996
1544,1502,178.64386
1581,1502,5.138151
1596,1502,3.838059
1634,1502,4.553536
1636,1502,8.872694
1637,1502,12.477022
1638,1502,214.053192
1645,1502,7.442388
1646,1502,5.935479
1647,1502,401.124084
1662,1502,73.311501
1706,1502,6.071947
1435,1503,51.156353
1502,1503,125.41497
1531,1503,18.480383
1581,1503,3.838059
1584,1503,3.838059
1586,1503,3.494102
1598,1503,4.553536
1634,1503,3.838059
1635,1503,10.227675
1636,1503,10.875536
1637,1503,11.574755
1638,1503,13.526769
1639,1503,7.01953
1645,1503,14.312555
1646,1503,105.397072
1647,1503,139.604462
1661,1503,7.255817
1664,1503,70.320526
1435,1504,20.611156
1452,1504,4.569109
1502,1504,112.792061
1505,1504,5.632728
1587,1504,3.838059
1590,1504,4.553536
1599,1504,4.553536
1636,1504,3.809942
1638,1504,24.354221
1645,1504,23.977308
1646,1504,150.72464
1661,1504,9.959992
1664,1504,13.12959
1665,1504,9.959992
1666,1504,18.016136
1667,1504,18.016136
1668,1504,110.093224
1669,1504,155.851532
1674,1504,263.021698
1675,1504,161.669815
1676,1504,150.406204
1678,1504,41.583714
1679,1504,41.583714
1680,1504,42.724438
1681,1504,42.724438
1682,1504,7.255817
1435,1505,13.908629
1436,1505,3.997528
1592,1505,4.553536
1646,1505,13.968597
1662,1505,14.270316
1664,1505,7.255817
1667,1505,6.058828
1668,1505,7.255817
1674,1505,183.237778
1675,1505,229.874496
1676,1505,168.596771
1677,1505,85.843422
1678,1505,32.224281
1679,1505,26.780415
1680,1505,26.780415
1681,1505,6.058828
1560,1506,8.870233
1586,1506,3.494102
1645,1506,22.222429
1646,1506,4.319158
1663,1506,9.959992
1664,1506,10.684405
1666,1506,9.959992
1667,1506,10.222217
1668,1506,9.959992
1669,1506,13.12959
1673,1506,14.41752
1674,1506,10.92153
1675,1506,230.100494
1676,1506,106.927841
1677,1506,258.851837
1678,1506,75.092545
1679,1506,5.999999
1706,1506,2.456141
1707,1506,3.749996
1708,1506,3.707703
1709,1506,3.663471
1597,1507,4.553536
1645,1507,13.824553
1646,1507,294.096069
1661,1507,6.428923
1662,1507,6.428923
1663,1507,1.983053
1665,1507,10.684405
1666,1507,11.959993
1673,1507,2.674608
1674,1507,3.566082
1676,1507,7.120196
1677,1507,7.398353
1678,1507,4.875
1707,1507,7.928581
1708,1507,3.833335
1709,1507,154.83783
1579,1508,3.718697
1586,1508,8.599047
1589,1508,8.157864
1645,1508,13.824553
1660,1508,4.875
1661,1508,35.78508
1662,1508,1.785714
1663,1508,1.783135
1665,1508,2.536927
1666,1508,3.879999
1677,1508,6.455971
1678,1508,12.458334
1685,1508,3.707703
1696,1508,6.027715
1707,1508,13.333329
1708,1508,24.08333
1709,1508,204.017563
1710,1508,345.765015
1435,1509,24.374704
1438,1509,5.43528
1445,1509,7.835253
1544,1509,1.486385
1579,1509,3.830605
1580,1509,3.75692
1589,1509,8.157864
1644,1509,286.600433
1645,1509,200.772949
1661,1509,19.632008
1662,1509,9.861198
1663,1509,2.748902
1665,1509,12.75846
1666,1509,27.44404
1667,1509,7.202381
1677,1509,11.188122
1678,1509,14.958336
1679,1509,4.70238
1696,1509,7.70614
1707,1509,8.499998
1708,1509,29.095249
1709,1509,62.627838
1710,1509,327.282684
1711,1509,326.165405
1712,1509,1125.710571
1444,1510,3.346679
1445,1510,44.653458
1536,1510,18.761862
1543,1510,1.261791
1665,1510,12.503956
1666,1510,26.588011
1667,1510,5.768767
1676,1510,4.476341
1677,1510,5.759998
1678,1510,3.665713
1679,1510,5.766189
1680,1510,3.863052
1700,1510,14.285729
1706,1510,7.699997
1707,1510,6.25
1708,1510,4.5
1709,1510,61.027641
1710,1510,101.541634
1711,1510,420.855652
1712,1510,620.157166
1443,1511,6.289654
1444,1511,7.212362
1445,1511,11.405344
1463,1511,42.046082
1475,1511,24.965137
1476,1511,13.782131
1529,1511,25.255548
1537,1511,3.226644
1585,1511,3.813269
1635,1511,23.0476
1666,1511,8.75775
1667,1511,19.67964
1676,1511,5.27396
1677,1511,3.628506
1678,1511,3.628506
1679,1511,12.78783
1695,1511,3.663471
1706,1511,5.75
1707,1511,12.375
1708,1511,9.625
1711,1511,3026.930908
1444,1512,27.180641
1474,1512,75.922752
1530,1512,19.820877
1533,1512,11.65392
1537,1512,1.263252
1550,1512,1.054846
1585,1512,4.553536
1675,1512,20.027155
1676,1512,3.983053
1679,1512,11.218387
1686,1512,1.645453
1705,1512,6.25
1706,1512,12.375
1707,1512,4.692308
1443,1513,12.347857
1444,1513,131.737747
1550,1513,1.261791
1638,1513,24.864059
1691,1513,1.645453
1692,1513,5.646523
1705,1513,4.5
1706,1513,9.625
1444,1514,397.43222
1520,1514,1.228117
1521,1514,1.261791
1544,1514,1.019833
1546,1514,1.019833
1562,1514,1.555214
1584,1514,3.838059
1691,1514,1.645453
1705,1514,6.25
1706,1514,12.375
1444,1515,84.735825
1497,1515,188.452179
1587,1515,8.599047
1642,1515,178.742767
1701,1515,123.0
1443,1516,9.015404
1444,1516,221.740646
1445,1516,11.768507
1564,1516,3.214959
1665,1516,5.671815
1686,1516,1.783135
1688,1516,1.783135
1434,1517,34.534973
1435,1517,10.403293
1444,1517,36.89418
1501,1517,1.261791
1585,1517,8.709272
1586,1517,6.721487
1587,1517,8.599047
1662,1517,16.903381
1665,1517,13.368172
1435,1518,8.407575
1579,1518,5.369551
1585,1518,7.01953
1586,1518,4.553536
1587,1518,3.494102
1588,1518,8.599047
1692,1518,808.834351
1447,1519,40.249729
1448,1519,58.872257
1573,1519,1.01815
1590,1519,8.807987
1592,1519,21.844938
1667,1519,2.320453
1681,1519,5.210631
1683,1519,3.41362
1545,1520,1.054846
1582,1520,6.25466
1583,1520,9.609654
1591,1520,8.282052
1592,1520,7.987621
1681,1520,2.458135
1682,1520,1.879999
1683,1520,3.983053
1684,1520,3.525452
1686,1520,2.020128
1691,1520,1.879999
1692,1520,5.416667
1547,1521,1.470731
1581,1521,3.817726
1582,1521,4.196133
1585,1521,3.494102
1586,1521,8.599047
1681,1521,2.320453
1683,1521,3.428589
1686,1521,1.879999
1691,1521,1.879999
1705,1521,12.375
1545,1522,1.054846
1546,1522,5.145252
1684,1522,1.879999
1685,1522,1.783135
1691,1522,1.879999
1545,1523,1.468187
1524,1524,1.052302
1529,1524,1.020491
1530,1524,195.440857
1543,1524,1.054846
1580,1524,4.706127
1581,1524,4.704465
1702,1524,42.500156
1703,1524,1308.123901
1529,1525,1.204893
1530,1525,225.443588
1548,1525,1.159392
1528,1526,1.052302
1529,1526,3.383585
1530,1526,243.589386
1536,1526,1.263787
1537,1526,1.207438
1626,1526,841.174561
1446,1527,200.862091
1447,1527,95.048088
1448,1527,45.854919
1452,1527,45.832699
1528,1527,1.054846
1529,1527,225.073502
1530,1527,130.92746
1539,1527,1.470731
1540,1527,1.462296
1572,1527,4.553536
1573,1527,4.706127
1575,1527,3.988988
1452,1528,9.490967
1453,1528,12.652781
1455,1528,12.581212
1530,1528,616.068604
1534,1528,1.052302
1580,1528,7.450521
1581,1528,8.599047
1582,1528,12.352977
1583,1528,8.599047
1623,1528,501.737946
1629,1528,68.381767
1681,1528,1.783135
1683,1528,2.320453
1685,1528,3.663134
1695,1528,1.783135
1460,1529,45.317497
1461,1529,98.30098
1524,1529,1.161054
1534,1529,1.054846
1581,1529,7.01953
1582,1529,9.20761
1583,1529,8.157864
1584,1529,9.923087
1585,1529,9.079367
1635,1529,12.512239
1636,1529,82.948174
1679,1529,2.207647
1683,1529,3.086502
1685,1529,2.0
1707,1529,765.0
1711,1529,1162.692261
1712,1529,87.374535
1587,1530,4.553536
1637,1530,4.553536
1640,1530,1.645453
1678,1530,1.783135
1679,1530,1.983053
1683,1530,2.674608
1687,1530,3.879999
1716,1530,93.427856
1503,1531,1.205776
1561,1531,4.432899
1562,1531,3.990651
1563,1531,3.494102
1628,1531,957.600464
1638,1531,7.268669
1639,1531,201.472382
1683,1531,2.320453
1687,1531,1.983053
1715,1531,93.427856
1716,1531,259.122131
1639,1532,3.604328
1694,1532,3.585262
1713,1532,605.0
1715,1532,296.569519
1716,1532,56.300014
1710,1533,57.267647
1711,1533,42.500156
1519,1534,1.032119
1522,1534,351.435059
1699,1534,1.783135
1716,1534,35.375
1506,1535,85.24691
1522,1535,3103.363037
1523,1535,598.403931
1506,1536,210.893143
1522,1536,3989.781494
1442,1537,2.790635
1490,1537,130.306931
1580,1537,8.599047
1491,1538,256.029358
1579,1538,8.599047
1583,1538,4.553536
1523,1539,71.324242
1573,1539,10.238236
1578,1539,9.20761
1583,1539,8.157864
1523,1540,2030.136475
1543,1540,1.626465
1572,1540,8.599047
1579,1540,8.599047
1581,1540,4.177208
1583,1540,8.709272
1571,1541,9.20761
1589,1541,8.709272
1593,1541,274.886719
1630,1541,8.480545
1631,1541,22.091726
1632,1541,31.57107
1505,1542,431.257965
1533,1542,1.637477
1549,1542,1.341181
1552,1542,3.257793
1437,2496,2.969258
1572,1542,8.599047
1584,1542,8.599047
1590,1542,8.709272
1593,1542,54.685448
1638,1542,10.392273
1477,1543,19.327906
1505,1543,2041.657593
1581,1543,4.704465
1590,1543,8.709272
1600,1543,8.599047
1630,1543,8.480545
1476,1544,27.622345
1535,1544,94.198357
1541,1544,4.977862
1575,1544,8.938196
1578,1544,8.473013
1580,1544,8.599047
1600,1544,59.920486
1505,1545,27.591408
1540,1545,50.027206
1541,1545,81.858276
1542,1545,81.858276
1543,1545,50.672619
1573,1545,10.262237
1580,1545,3.838059
1581,1545,8.914196
1536,1546,200.922714
1539,1546,50.027206
1580,1547,8.254034
1574,1548,8.599047
1580,1548,3.810724
1436,1552,2.272632
1437,1552,3.499995
1551,1552,69.838432
1572,1552,4.913406
1584,1552,3.838059
1586,1552,4.762477
1587,1552,3.838059
1436,1553,2.42841
1437,1553,2.399999
1548,1553,50.236149
1551,1553,82.067215
1574,1553,8.936534
1669,1553,1.783135
1670,1553,1.983053
1680,1553,1.645453
1436,1554,1.017999
1548,1554,82.064674
1551,1554,82.067215
1577,1554,3.494102
1586,1554,9.923087
1587,1554,10.473051
1671,1554,1.783135
1547,1555,98.75563
1548,1555,180.00502
1549,1555,60.453503
1551,1555,69.893898
1552,1555,70.071625
1578,1555,8.936534
1586,1555,9.77422
1587,1555,8.246795
1588,1555,9.923087
1689,1555,5.008391
1704,1555,14.394308
1711,1555,71.616669
1476,1556,17.039675
1484,1556,38.598083
1550,1556,79.912071
1551,1556,50.027206
1581,1556,8.157864
1598,1556,35.815929
1678,1556,2.674608
1705,1556,31.69961
1557,1557,50.411327
1598,1557,42.536091
1599,1557,39.335938
1601,1557,45.648651
1687,1557,4.416794
1688,1557,4.416794
1689,1557,13.69509
1602,1558,19.008991
1704,1558,44.167339
1448,1559,19.003014
1560,1559,50.236149
1703,1559,15.794853
1441,1560,15.824005
1442,1560,15.879472
1571,1560,87.370094
1688,1560,13.031094
1702,1560,21.929573
1703,1560,26.112858
1557,1561,82.218147
1558,1561,82.067215
1571,1561,69.893898
1573,1561,69.893898
1606,1561,67.005478
1609,1561,8.633137
1687,1561,1.645453
1689,1561,11.606357
1701,1561,4.111113
1702,1561,8.331206
1703,1561,43.556061
1552,1562,42.340313
1557,1562,50.236149
1609,1562,8.56642
1613,1562,8.413828
1614,1562,112.448875
1615,1562,43.438156
1688,1562,7.192309
1689,1562,11.751745
1690,1562,10.496924
1703,1562,24.469393
1704,1562,33.114452
1610,1563,8.413828
1611,1563,24.179022
1612,1563,8.413828
1641,1563,241.655869
1642,1563,44.424229
1689,1563,11.031431
1690,1563,20.453562
1702,1563,13.750701
1703,1563,12.598513
1704,1563,47.078217
1566,1564,50.514984
1572,1564,50.514984
1575,1564,50.514984
1617,1564,8.480545
1641,1564,10.263193
1642,1564,19.413446
1689,1564,13.383509
1690,1564,10.09973
1702,1564,10.5
1703,1564,20.191956
1704,1564,92.583626
1609,1565,46.005371
1616,1565,15.564805
1689,1565,3.778058
1703,1565,28.871183
1704,1565,88.386673
1712,1565,108.260948
1603,1566,16.928572
1689,1566,3.561584
1697,1566,94.060524
1698,1566,12.117909
1703,1566,27.539204
1704,1566,63.057167
1705,1566,106.135323
1552,1567,50.027206
1562,1567,50.411327
1704,1567,54.563545
1705,1567,92.583626
1451,1568,45.699043
1452,1568,45.629028
1453,1568,54.582153
1454,1568,54.336586
1455,1568,44.975338
1456,1568,77.388893
1458,1568,216.424011
1459,1568,221.640808
1557,1568,50.3997
1563,1568,70.047371
1617,1568,8.631474
1629,1568,259.825073
1706,1568,83.231667
1707,1568,104.635323
1452,1569,19.892357
1453,1569,49.188313
1454,1569,48.884792
1455,1569,48.941143
1456,1569,48.941143
1457,1569,139.986969
1458,1569,64.467194
1459,1569,313.572815
1489,1569,50.027206
1557,1569,81.858276
1606,1569,17.983883
1610,1569,16.666634
1434,1570,10.82163
1453,1570,26.227699
1454,1570,34.053909
1455,1570,31.153908
1456,1570,234.600372
1457,1570,62.562336
1458,1570,75.815727
1557,1570,81.858276
1606,1570,24.523405
1614,1570,1054.078979
1620,1570,78.401901
1621,1570,134.885727
1666,1570,1.783135
1434,1571,10.600065
1454,1571,6.911852
1455,1571,77.960449
1456,1571,88.661591
1457,1571,121.775085
1458,1571,22.256817
1557,1571,81.858276
1613,1571,17.005783
1614,1571,24.208256
1619,1571,44.499012
1620,1571,93.183907
1621,1571,100.31189
1434,1572,49.272083
1613,1572,29.013981
1616,1572,38.826229
1434,1573,23.607643
1435,1574,11.195639
1436,1574,11.096564
1441,1574,14.579614
1548,1574,50.027206
1629,1574,51.359875
1677,1576,1.783135
1678,1576,1.983053
1595,1577,16.666634
1599,1577,17.039127
1675,1577,1.645453
1676,1577,1.983053
1677,1577,2.0
1498,1578,57.777206
1594,1578,16.819225
1600,1578,7.206444
1673,1578,1.783135
1561,1579,50.411327
1591,1579,25.5
1592,1579,16.666634
1595,1579,24.547405
1600,1579,23.891275
1480,1580,20.138327
1555,1580,82.19577
1556,1580,50.364693
1558,1580,50.364693
1592,1580,23.466753
1593,1580,23.805902
1594,1580,7.208989
1684,1580,3.583782
1480,1581,6.958012
1499,1581,443.611603
1553,1581,50.027206
1560,1581,341.433563
1589,1581,48.458969
1590,1581,23.466753
1591,1581,16.666634
1648,1581,595.844849
1649,1581,196.926743
1484,1582,6.642863
1552,1582,81.858276
1553,1582,50.027206
1588,1582,25.933535
1589,1582,23.466753
1590,1582,24.208256
1600,1582,25.017658
1587,1583,48.433498
1588,1583,23.466753
1597,1583,7.152639
1599,1583,25.017658
1587,1584,26.055054
1588,1584,24.208256
1550,1585,50.027206
1587,1585,26.027035
1588,1585,24.208256
1588,1586,24.208256
1489,1587,869.208435
1554,1587,81.858276
1587,1587,30.599594
1588,1587,24.208256
1550,1588,81.858276
1587,1588,16.666634
1586,1589,16.666634
1435,1592,1784.144165
1436,1592,1105.137695
1497,1594,21.748346
1496,1595,34.273479
1497,1595,22.770172
1498,1595,210.926498
1583,1595,17.074757
1504,1596,3236.147461
1446,1597,98.979225
1552,1597,87.377182
1625,1598,201.409943
1626,1598,19.624992
1638,1598,78.731476
1587,1599,17.050756
1616,1599,47.405426
1625,1599,41.345291
1626,1599,119.999199
1634,1599,30.509895
1587,1600,23.825741
1616,1600,296.106506
1624,1600,81.462959
1625,1600,101.791
1626,1600,145.813721
1623,1601,47.648178
1624,1601,56.542278
1625,1601,51.844227
1626,1601,84.826736
1627,1601,20.646376
1622,1602,23.466753
1623,1602,87.869568
1624,1602,30.375
1625,1602,72.483208
1626,1602,74.810509
1558,1603,6.154442
1574,1603,24.545742
1575,1603,24.58075
1576,1603,17.050756
1577,1603,17.050756
1580,1603,21.969843
1546,1605,94.151749
1547,1605,190.584274
1568,1606,104.731979
1569,1606,66.777969
1571,1606,316.176697
1572,1606,241.274551
1573,1606,213.111832
1574,1606,93.090431
1585,1606,42.165043
1586,1606,120.394745
1587,1606,170.30452
1588,1606,78.226357
1579,1607,38.085857
1580,1607,25.629728
1581,1607,49.096485
1582,1607,60.713032
1583,1607,97.212936
1584,1607,92.962143
1585,1607,148.322891
1586,1607,192.891098
1588,1607,106.572891
1589,1607,256.179016
1590,1607,43.460411
1583,1608,86.911545
1589,1608,154.699524
1590,1608,293.443939
1590,1609,103.604431
1604,1610,416.208435
1583,1613,74.599121
1695,1326,3.530575
1696,1326,3.51075
1694,1327,14.461749
1697,1327,3.304354
1698,1328,14.256563
1699,1328,20.469971
1722,1328,3.852661
1723,1328,3.366076
1698,1329,15.237344
1724,1329,4.308048
1725,1329,9.056782
1718,1330,2.745094
1725,1330,3.331593
1617,1652,65.277763
1618,1652,87.980202
1624,1652,36.219837
1625,1652,36.219837
1628,1652,107.841293
1698,1331,3.528949
1699,1331,14.560627
1616,1653,143.78772
1617,1653,24.777718
1624,1653,25.507744
1630,1653,51.044014
1634,1653,66.794014
1635,1653,126.294014
1637,1653,30.706108
1695,1332,2.613164
1697,1332,2.748405
1699,1332,2.730207
1700,1332,3.304354
1576,1654,4.866665
1577,1654,54.55912
1578,1654,81.554642
1579,1654,199.353912
1616,1654,42.341591
1617,1654,24.777718
1629,1654,50.424866
1630,1654,50.424866
1631,1654,50.424866
1694,1333,2.227967
1696,1333,2.523811
1700,1333,2.730207
1701,1333,15.199987
1576,1655,11.73683
1616,1655,42.341591
1540,1334,7.476925
1701,1334,15.424582
1707,1335,3.51075
1616,1656,3.526317
1616,1657,10.714291
1634,1657,30.0
1635,1657,10.0
1615,1658,33.119381
1616,1658,8.599997
1634,1658,21.66667
1635,1658,10.0
1455,1337,14.577066
1709,1337,15.441156
1616,1659,7.052635
1615,1660,45.942146
1616,1660,7.052635
1455,1338,17.12496
1514,1338,865.444275
1710,1338,2.676403
1711,1338,3.513295
1712,1338,15.408928
1724,1338,1.634484
1454,1339,17.333902
1526,1339,2.916664
1615,1661,87.208817
1616,1661,8.392982
1615,1662,62.242149
1616,1662,8.392982
1526,1340,77.908035
1724,1340,8.722083
1449,1341,21.822981
1527,1341,6.285213
1552,1341,17.815737
1709,1341,18.343218
1711,1341,14.589092
1615,1663,57.121548
1616,1663,7.052635
1615,1664,62.242149
1616,1664,7.052635
1550,1342,2.681001
1551,1342,5.681905
1552,1342,42.585876
1708,1342,15.212808
1712,1342,22.907759
1725,1342,4.522736
1451,1343,11.897926
1457,1343,44.725754
1551,1343,16.360205
1552,1343,3.994305
1709,1343,15.222065
1711,1343,16.691221
1712,1343,73.983437
1615,1665,154.792236
1639,1665,679.384216
1614,1666,40.322327
1615,1666,58.599998
1639,1666,730.192139
1452,1344,5.524802
1532,1344,123.76017
1536,1344,5.739059
1709,1344,20.251604
1712,1344,20.600918
1713,1344,20.808937
1444,1345,11.555905
1459,1345,3.270693
1467,1345,5.46833
1533,1345,3.311716
1536,1345,2.685026
1542,1345,3.299714
1709,1345,5.331211
1717,1345,1.329082
1614,1667,10.714291
1615,1667,48.0
1625,1668,129.112885
1626,1668,148.574463
1627,1668,159.333496
1628,1668,108.29953
1629,1668,242.521683
1630,1668,108.29953
1633,1668,65.065865
1634,1668,194.065582
1635,1668,117.259239
1455,1346,6.34641
1464,1346,6.815163
1482,1346,803.783813
1483,1346,1543.579712
1485,1346,1273.363525
1549,1346,11.55987
1552,1346,3.605205
1457,1347,7.458224
1464,1347,5.524802
1471,1347,3.298034
1475,1347,5.945035
1480,1347,346.430115
1481,1347,303.717957
1482,1347,123.743324
1483,1347,422.621643
1484,1347,1122.462891
1485,1347,435.349335
1623,1669,164.869598
1629,1669,436.203522
1630,1669,158.516937
1633,1669,18.714254
1634,1669,406.173828
1635,1669,501.196045
1639,1669,397.202454
1528,1347,94.188454
1533,1347,2.152564
1549,1347,3.243274
1552,1347,3.26889
1553,1347,6.759501
1599,1347,487.728363
1711,1347,11.446034
1712,1347,2.750472
1483,1348,33.783138
1484,1348,1165.207397
1485,1348,1275.169312
1520,1348,126.79599
1528,1348,7.828745
1540,1348,3.311716
1548,1348,3.553846
1549,1348,20.594688
1551,1348,1.191442
1552,1348,2.960541
1553,1348,41.978836
1556,1348,3.481279
1711,1348,17.893936
1473,1349,11.971128
1482,1349,21.802813
1483,1349,71.714035
1488,1349,59.065811
1489,1349,116.787697
1548,1349,2.485715
1552,1349,14.573259
1553,1349,3.052971
1554,1349,3.187892
1555,1349,2.941054
1604,1349,104.331085
1444,1350,10.406669
1475,1350,3.549884
1482,1350,26.684868
1483,1350,262.592743
1484,1350,326.643036
1489,1350,260.000916
1524,1350,112.422539
1528,1350,3.549884
1529,1350,3.549884
1530,1350,4.76974
1540,1350,2.685026
1548,1350,2.493552
1552,1350,3.293004
1556,1350,2.395154
1598,1350,119.412544
1611,1350,145.697479
1612,1350,170.771347
1477,1351,25.084417
1478,1351,12.320866
1480,1351,26.534849
1524,1351,6.088306
1525,1351,6.088306
1526,1351,217.923599
1541,1351,3.002518
1552,1351,3.413903
1559,1351,3.217406
1597,1351,157.757141
1598,1351,97.459167
1599,1351,67.857216
1454,1352,24.645138
1467,1352,33.647381
1520,1352,99.024529
1526,1352,40.363209
1532,1352,16.259491
1549,1352,5.231022
1550,1352,3.238822
1551,1352,3.105293
1552,1352,3.326119
1554,1352,1.781665
1598,1352,55.713856
1599,1352,31.086552
1606,1352,10.301245
1447,1353,16.078215
1473,1353,8.545389
1478,1353,24.844805
1479,1353,5.329413
1480,1353,11.41855
1517,1353,10.751305
1519,1353,7.749128
1526,1353,31.559288
1540,1353,2.181049
1551,1353,3.368187
1552,1353,3.368187
1554,1353,3.293004
1559,1353,1.990151
1560,1353,1.990151
1479,1354,5.385885
1526,1354,8.027071
1554,1354,3.435368
1555,1354,4.625812
1559,1354,14.647806
1560,1354,14.573259
1561,1354,44.756668
1570,1354,27.702198
1600,1354,34.484299
1448,1355,16.804348
1451,1355,16.905468
1471,1355,6.646874
1482,1355,43.237587
1483,1355,1324.077393
1552,1355,3.413903
1555,1355,6.074211
1561,1355,2.473604
1567,1355,3.054765
1569,1355,2.620331
1599,1355,10.288441
1600,1355,9.924832
1651,1355,524.75
1577,1677,342.355865
1517,1356,14.369165
1518,1356,159.783463
1526,1356,36.67075
1527,1356,36.682377
1569,1356,2.618669
1633,1356,50.216835
1650,1356,242.826813
1652,1356,90.077621
1655,1356,761.162964
1568,1678,130.388199
1571,1678,16.735773
1572,1678,416.9599
1578,1678,4.866665
1472,1357,5.256044
1473,1357,25.554398
1500,1357,96.316124
1501,1357,11.477051
1502,1357,2.916664
1510,1357,3.207668
1515,1357,4.53371
1523,1357,7.792731
1525,1357,14.108732
1538,1357,8.414983
1555,1357,2.854186
1556,1357,2.033989
1566,1357,5.342756
1567,1357,2.365852
1570,1357,2.692334
1571,1357,61.475105
1574,1357,23.661255
1575,1357,2.676681
1576,1357,80.558678
1634,1357,111.647118
1635,1357,19.653511
1648,1357,119.44178
1649,1357,78.397385
1650,1357,55.53297
1651,1357,54.323849
1653,1357,96.95311
1654,1357,150.725525
1655,1357,453.60257
1463,1358,2.216375
1470,1358,5.971994
1471,1358,5.100635
1500,1358,77.180382
1501,1358,189.198898
1502,1358,10.882362
1503,1358,3.684212
1507,1358,3.276534
1510,1358,11.24135
1511,1358,4.05571
1517,1358,11.731859
1536,1358,5.466069
1566,1358,1.846736
1571,1358,5.458021
1572,1358,69.872795
1573,1358,2.590446
1575,1358,2.618669
1634,1358,25.803596
1635,1358,995.567261
1639,1358,156.165527
1642,1358,161.134689
1643,1358,6.589338
1649,1358,59.400822
1650,1358,114.820068
1651,1358,276.198212
1652,1358,67.332108
1653,1358,28.097029
1654,1358,44.207737
1567,1679,18.304087
1568,1679,8.054087
1611,1679,7.272723
1599,1680,6.199996
1603,1680,3.526317
1612,1680,21.000044
1467,1359,10.850949
1468,1359,9.450438
1469,1359,14.890142
1470,1359,4.717945
1471,1359,7.505559
1498,1359,37.808666
1499,1359,168.329391
1500,1359,321.693573
1501,1359,506.346893
1502,1359,199.956711
1503,1359,3.684212
1504,1359,2.916664
1507,1359,4.631712
1508,1359,2.857142
1509,1359,4.587873
1510,1359,34.041027
1511,1359,11.690863
1512,1359,4.610212
1513,1359,11.197512
1514,1359,11.536024
1515,1359,11.589743
1516,1359,11.589743
1549,1359,49.046513
1550,1359,19.915098
1573,1359,5.342756
1577,1359,2.620331
1594,1359,19.394808
1598,1359,4.829286
1638,1359,3.933044
1639,1359,266.052765
1640,1359,120.327148
1641,1359,154.111877
1642,1359,14.373384
1650,1359,61.076225
1651,1359,102.923607
1460,1360,10.083098
1467,1360,12.453961
1468,1360,16.531296
1469,1360,11.298389
1470,1360,23.200274
1499,1360,182.829971
1500,1360,281.535767
1501,1360,235.920044
1502,1360,461.548126
1503,1360,219.287064
1504,1360,43.701527
1505,1360,13.386983
1506,1360,29.464485
1507,1360,43.62698
1508,1360,11.589743
1509,1360,34.04784
1510,1360,23.676786
1513,1360,23.66748
1549,1360,66.20153
1550,1360,2.844926
1553,1360,34.316151
1581,1360,19.774418
1591,1360,46.513115
1593,1360,59.418793
1638,1360,174.722687
1641,1360,2.696477
1651,1360,79.732185
1599,1681,6.199996
1602,1681,6.199996
1615,1681,112.872734
1616,1681,52.095154
1601,1682,6.199996
1602,1682,4.866665
1465,1361,9.39163
1466,1361,12.453961
1467,1361,12.950406
1469,1361,11.169618
1500,1361,330.678802
1504,1361,37.14827
1505,1361,19.475109
1506,1361,19.499109
1507,1361,51.269321
1549,1361,5.748624
1550,1361,2.666314
1553,1361,2.743038
1554,1361,21.618208
1582,1361,93.557716
1591,1361,53.371635
1630,1361,339.251007
1634,1361,8.910219
1650,1361,59.678825
1466,1362,6.250717
1470,1362,5.24303
1500,1362,88.292908
1504,1362,66.081604
1507,1362,9.407081
1541,1362,4.041036
1549,1362,8.216364
1551,1362,2.012489
1552,1362,9.198373
1555,1362,4.980301
1560,1362,9.943338
1567,1362,2.806889
1581,1362,8.629767
1582,1362,397.567261
1591,1362,20.828749
1593,1362,1.559092
1650,1362,10.463413
1633,1686,70.594482
1463,1363,4.948044
1467,1363,7.435115
1470,1363,15.426091
1506,1363,9.059822
1507,1363,29.557411
1541,1363,5.982429
1549,1363,5.406293
1552,1363,3.17409
1555,1363,2.844926
1557,1363,2.047496
1570,1363,1.255219
1572,1363,6.751755
1576,1363,706.064087
1577,1363,3.743437
1591,1363,21.188904
1593,1363,6.13709
1640,1363,10.537125
1442,1364,2.706523
1462,1364,8.829287
1463,1364,7.561909
1466,1364,6.039345
1509,1364,29.564495
1510,1364,74.132965
1522,1364,44.640858
1550,1364,16.038055
1551,1364,2.839238
1555,1364,30.245407
1563,1364,42.30872
1576,1364,3.123743
1591,1364,20.828749
1593,1364,72.136665
1595,1364,1.844476
1650,1364,59.542488
1630,1687,200.64595
1631,1687,118.024261
1633,1687,62.488728
1634,1687,51.200108
1634,1688,122.394905
1636,1688,121.727379
1637,1688,58.384747
1638,1688,36.852852
1461,1365,8.203318
1507,1365,141.092468
1509,1365,8.2855
1510,1365,30.719637
1522,1365,125.035576
1549,1365,3.248198
1550,1365,9.762172
1551,1365,2.032327
1555,1365,42.812611
1558,1365,1.990151
1577,1365,22.946922
1591,1365,58.855892
1593,1365,129.220322
1594,1365,12.301183
1595,1365,6.131587
1596,1365,1.844476
1648,1365,78.064812
1649,1365,75.657303
1650,1365,68.693359
1440,1366,3.021672
1459,1366,8.465734
1460,1366,8.013458
1509,1366,291.144073
1510,1366,291.144073
1511,1366,48.274551
1521,1366,97.433731
1522,1366,75.82782
1523,1366,13.610308
1527,1366,8.881703
1549,1366,3.471843
1551,1366,8.508494
1552,1366,16.035511
1553,1366,2.839238
1554,1366,14.743851
1556,1366,2.985677
1559,1366,2.052176
1581,1366,45.264252
1593,1366,171.113678
1648,1366,42.746822
1649,1366,39.825134
1650,1366,70.365181
1463,1690,2209.172119
1659,1690,244.33194
1458,1367,8.79583
1459,1367,8.082241
1511,1367,32.128445
1519,1367,9.525197
1551,1367,3.53202
1552,1367,18.287163
1553,1367,14.795646
1554,1367,6.075047
1555,1367,1.825931
1564,1367,14.315238
1574,1367,3.189865
1575,1367,2.047496
1581,1367,184.689362
1591,1367,73.169571
1593,1367,175.263336
1651,1367,172.517944
1652,1367,36.347927
1459,1368,5.61882
1555,1368,130.227448
1581,1368,205.696609
1591,1368,72.944977
1593,1368,239.650818
1594,1368,19.383177
1641,1368,12.168662
1659,1691,370.000519
1660,1691,1438.001831
1440,1369,9.615799
1442,1369,1.085625
1510,1369,48.103741
1511,1369,13.715305
1552,1369,3.163492
1555,1369,79.37188
1581,1369,2.185687
1582,1369,22.85449
1576,1692,117.306145
1576,1693,117.306145
1511,1370,25.556814
1521,1370,4.528665
1525,1370,2.728008
1526,1370,2.693002
1577,1370,6.783886
1582,1370,2.841756
1594,1370,16.493866
1596,1370,23.945009
1508,1371,37.624569
1509,1371,65.507202
1516,1371,3.026494
1525,1371,5.307673
1526,1371,2.247522
1527,1371,7.790487
1532,1371,12.637413
1550,1371,2.82761
1574,1371,2.41452
1575,1371,4.636281
1576,1371,1.888387
1577,1371,48.134346
1578,1371,6.59045
1579,1371,40.866123
1582,1371,2.359894
1584,1371,206.043289
1589,1371,885.902283
1590,1371,646.533264
1506,1372,38.680195
1507,1372,25.098053
1508,1372,32.61132
1509,1372,8.108618
1525,1372,6.663203
1526,1372,2.988037
1527,1372,1.693547
1543,1372,2.811822
1552,1372,2.406383
1562,1372,4.486168
1571,1372,11.045304
1576,1372,1.166891
1577,1372,2.880766
1579,1372,16.426792
1584,1372,4.528943
1586,1372,103.275139
1587,1372,85.922745
1588,1372,142.579773
1589,1372,106.768738
1594,1372,12.725004
1443,2320,2982.36499
1577,1696,6.199996
1578,1696,6.199996
1525,1373,6.663203
1526,1373,2.305292
1527,1373,7.22422
1576,1373,53.740002
1577,1373,86.229012
1595,1373,23.391899
1658,1697,456.728271
1442,1374,148.759552
1513,1374,66.443611
1514,1374,82.498344
1525,1374,1.05772
1526,1374,16.754246
1527,1374,27.930092
1573,1374,14.339383
1574,1374,5.611804
1577,1374,3.791614
1579,1374,5.491072
1516,1375,6.195665
1525,1375,1.348208
1526,1375,34.453186
1574,1375,88.154404
1581,1375,2.221952
1586,1375,1.261343
1587,1375,2.480587
1588,1375,2.13366
1589,1375,2.13366
1590,1375,6.83135
1441,1376,309.984497
1482,1376,117.488121
1483,1376,20.216061
1484,1376,144.228592
1487,1376,18.55707
1515,1376,122.366524
1516,1376,8.736678
1525,1376,1.219761
1526,1376,11.1484
1538,1376,50.148151
1552,1376,5.83082
1582,1376,2.261212
1584,1376,1.315206
1589,1376,2.806829
1590,1376,45.567886
1595,1376,23.845209
1603,1376,11.749291
1651,1376,90.111725
1483,1377,222.807861
1526,1377,9.630032
1564,1377,6.905756
1579,1377,1.084188
1581,1377,6.425893
1582,1377,3.22578
1589,1377,45.263496
1590,1377,45.987972
1594,1377,120.168785
1595,1377,17.985695
1651,1377,13.189597
1721,1377,3.983893
1525,1378,69.196983
1526,1378,79.664459
1552,1378,22.868355
1589,1378,14.964039
1590,1378,46.817127
1595,1378,1.394573
1599,1378,10.300069
1514,1379,370.531586
1515,1379,1140.454346
1548,1379,20.743235
1551,1379,6.743643
1552,1379,6.743643
1554,1379,6.758006
1557,1379,55.724731
1589,1379,171.187683
1590,1379,2.588763
1593,1379,21.945723
1489,1380,2.349129
1516,1380,180.337143
1517,1380,41.587154
1529,1380,40.235996
1540,1380,59.567024
1541,1380,40.285366
1542,1380,40.285366
1543,1380,40.285366
1588,1380,10.319735
1589,1380,60.444481
1597,1380,10.288441
1516,1381,122.558601
1517,1381,6.195665
1556,1381,7.470138
1558,1381,15.805159
1559,1381,5.718477
1560,1381,5.730105
1561,1381,6.684882
1562,1381,5.703205
1563,1381,5.702746
1564,1381,5.766366
1565,1381,68.822327
1588,1381,6.218004
1460,1704,200.648193
1521,1382,40.183994
1553,1382,100.425369
1554,1382,34.857101
1558,1382,5.852948
1584,1382,88.86747
1586,1382,6.365365
1587,1382,6.429242
1588,1382,8.758496
1594,1382,93.602867
1488,1383,17.57761
1489,1383,25.30138
1516,1383,130.628433
1517,1383,6.134407
1518,1383,8.770135
1551,1383,6.524429
1553,1383,7.082041
1554,1383,34.553581
1557,1383,15.656437
1558,1383,6.974631
1559,1383,7.859822
1587,1383,5.810094
1588,1383,9.158073
1590,1383,555.7854
1594,1383,2.743038
1597,1383,17.56604
1488,1384,16.091902
1489,1384,11.867815
1516,1384,84.516037
1517,1384,114.237381
1518,1384,79.450233
1530,1384,1.17635
1553,1384,18.228889
1557,1384,16.578066
1558,1384,9.252941
1589,1384,22.215305
1590,1384,1.01956
1607,1384,46.594578
1512,1385,5.134602
1514,1385,84.661079
1530,1385,1.1773
1531,1385,1.195163
1555,1385,7.559027
1556,1385,7.781137
1557,1385,17.635164
1565,1385,8.051544
1594,1385,4.333534
1605,1385,5.167038
1606,1385,71.429115
1608,1385,12.782259
1453,1386,6.032764
1517,1386,98.037811
1530,1386,1.17635
1531,1386,1.057106
1533,1386,1.361882
1557,1386,8.558868
1563,1386,7.925217
1582,1386,6.509477
1599,1386,2.58953
1605,1386,4.159234
1607,1386,10.486912
1455,1387,5.778745
1516,1387,605.063171
1527,1387,40.362324
1528,1387,52.535652
1529,1387,1.010172
1530,1387,1.257802
1531,1387,1.257802
1551,1387,7.73145
1552,1387,8.563014
1553,1387,8.745374
1554,1387,8.745374
1555,1387,8.481749
1581,1387,5.826378
1582,1387,7.294197
1599,1387,2.5755
1600,1387,2.065045
1605,1387,2.862038
1606,1387,11.298738
1515,1388,8.309041
1526,1388,40.058872
1527,1388,59.354893
1528,1388,122.494453
1560,1388,26.069525
1561,1388,25.03129
1562,1388,180.623444
1582,1388,16.034727
1584,1388,3.805913
1600,1388,2.506818
1601,1388,1.918141
1604,1388,3.091313
1606,1388,4.524272
1607,1388,35.925888
1516,1389,55.703541
1600,1389,4.399943
1601,1389,2.551805
1607,1389,2.216663
1456,1390,9.281696
1515,1390,55.478851
1516,1390,549.747681
1517,1390,199.968384
1551,1390,8.633649
1586,1390,21.553656
1588,1390,1.216595
1589,1390,19.683556
1601,1390,1.785348
1603,1390,18.989664
1604,1390,1.723312
1606,1390,2.658213
1607,1390,2.616646
1515,1391,57.885471
1516,1391,199.968384
1517,1391,6.148668
1550,1391,8.434467
1573,1391,21.136059
1589,1391,1.216595
1601,1391,2.26549
1602,1391,1.408163
1603,1391,4.399943
1604,1391,4.277184
1605,1391,2.468093
1609,1391,64.053505
1509,1392,47.197079
1515,1392,60.564445
1516,1392,6.403453
1517,1392,2.200787
1557,1392,9.06098
1586,1392,3.504308
1588,1392,1.216595
1589,1392,3.67071
1601,1392,4.908525
1602,1392,1.40458
1603,1392,4.949788
1609,1392,59.207443
1610,1392,131.955032
1615,1392,80.828171
1513,1393,1425.910522
1516,1393,6.171665
1519,1393,1.497524
1525,1393,2.418425
1550,1393,8.587059
1552,1393,7.492208
1584,1393,2.00484
1585,1393,5.063363
1586,1393,7.597298
1609,1393,100.971428
1610,1393,25.496443
1728,1393,104.170471
1729,1393,236.822418
1730,1393,54.263458
1505,1394,74.295891
1512,1394,1430.293823
1513,1394,6.058973
1515,1394,5.90788
1516,1394,6.403453
1609,1394,73.205849
1728,1394,31.763086
1506,1395,135.648865
1509,1395,63.558086
1511,1395,55.131588
1512,1395,489.61377
1513,1395,6.328019
1550,1395,7.413584
1552,1395,8.617875
1567,1395,6.817633
1568,1395,15.143053
1589,1395,1.472588
1601,1395,18.402334
1602,1395,16.000124
1605,1395,5.934828
1727,1395,2.330884
1508,1396,70.176071
1510,1396,55.579971
1511,1396,99.318596
1512,1396,5.674017
1513,1396,6.21395
1539,1396,5.728817
1582,1396,1.646207
1583,1396,21.290295
1584,1396,1.160394
1585,1396,18.692009
1599,1396,14.259803
1610,1396,3.374741
1627,1396,14.027262
1726,1396,1.041467
1727,1396,2.886368
1513,1397,5.674017
1521,1397,1.497524
1539,1397,6.853261
1550,1397,6.981708
1552,1397,8.253219
1585,1397,1.310817
1586,1397,5.557051
1587,1397,4.996953
1588,1397,5.483387
1592,1397,1.078599
1628,1397,26.12211
1727,1397,2.139479
1502,1398,63.185616
1504,1398,144.853943
1508,1398,73.755814
1509,1398,60.416115
1510,1398,109.54686
1511,1398,205.860535
1534,1398,5.855751
1547,1398,8.587059
1550,1398,6.829261
1551,1398,8.762095
1585,1398,1.53989
1587,1398,1.324594
1602,1398,7.624721
1606,1398,29.261513
1457,1399,5.871904
1503,1399,131.947693
1504,1399,136.500229
1506,1399,68.332481
1507,1399,73.2621
1508,1399,153.471191
1509,1399,288.667175
1510,1399,333.253418
1511,1399,8.796657
1517,1399,1.046269
1547,1399,6.59052
1548,1399,8.973904
1558,1399,6.819295
1587,1399,1.396873
1589,1399,1.563275
1590,1399,1.324594
1601,1399,16.038338
1602,1399,31.203032
1603,1399,5.358985
1605,1399,13.390485
1608,1399,18.761723
1645,1722,19.461582
1502,1400,131.903488
1504,1400,68.500397
1505,1400,61.04089
1507,1400,8.475421
1508,1400,6.73304
1509,1400,3.535296
1510,1400,42.275337
1511,1400,80.001282
1512,1400,108.678894
1513,1400,141.335922
1549,1400,8.779092
1558,1400,6.011731
1585,1400,1.10457
1588,1400,1.343068
1591,1400,1.415071
1602,1400,2.044636
1605,1400,18.546434
1607,1400,16.442657
1608,1400,17.355749
1638,1724,70.594482
1639,1724,51.132896
1640,1724,19.461582
1501,1401,13.986236
1502,1401,6.24704
1504,1401,6.028212
1506,1401,8.536792
1507,1401,6.435627
1508,1401,1.836286
1512,1401,2.222887
1513,1401,2.200108
1530,1401,1.173244
1586,1401,1.021237
1604,1401,18.076365
1605,1401,15.418657
1610,1401,34.746376
1632,1725,40.961449
1634,1725,39.923138
1635,1725,37.214298
1636,1725,27.941576
1637,1725,34.782543
1638,1725,25.871265
1639,1725,17.391272
1640,1725,8.479994
1499,1402,109.585129
1500,1402,8.403273
1506,1402,8.475421
1507,1402,6.75704
1547,1402,11.06721
1549,1402,21.275127
1551,1402,8.656517
1552,1402,7.8333
1557,1402,6.19114
1586,1402,2.603787
1604,1402,12.292411
1606,1402,15.2561
1607,1402,149.664505
1609,1402,17.548899
1610,1402,13.498285
1727,1402,1.419716
1461,1403,9.225635
1497,1403,68.274185
1498,1403,110.086533
1499,1403,68.36908
1503,1403,56.046463
1505,1403,8.506927
1506,1403,6.435627
1550,1403,26.85671
1551,1403,21.921846
1553,1403,7.417963
1605,1403,12.129853
1606,1403,8.956394
1607,1403,164.754425
1609,1403,31.154053
1727,1403,74.50042
1627,1726,219.659424
1630,1726,78.439659
1631,1726,35.423424
1632,1726,55.132896
1633,1726,47.681808
1634,1726,16.959988
1635,1726,17.35878
1636,1726,25.000044
1637,1726,12.818174
1638,1726,9.545452
1639,1726,5.545452
1640,1726,4.0
1499,1404,61.68034
1500,1404,63.254261
1501,1404,80.964958
1502,1404,60.697025
1505,1404,8.528393
1506,1404,7.72051
1549,1404,6.793012
1552,1404,6.607516
1607,1404,17.12776
1608,1404,14.623407
1609,1404,56.627819
1628,1727,99.690674
1629,1727,30.261812
1630,1727,22.794916
1631,1727,20.724606
1632,1727,10.229994
1633,1727,24.333378
1634,1727,8.0
1635,1727,5.972222
1636,1727,4.625
1637,1727,2.444445
1638,1727,1.847222
1639,1727,1.222222
1641,1727,3.308081
1726,1404,5.079592
1727,1404,78.070457
1472,1405,5.885929
1497,1405,118.281883
1498,1405,67.923492
1499,1405,6.603404
1501,1405,9.711869
1504,1405,8.433136
1505,1405,6.465801
1506,1405,2.009455
1526,1405,1.497524
1562,1405,27.175341
1563,1405,87.086166
1588,1405,1.512137
1602,1405,12.292411
1607,1405,23.439051
1608,1405,47.210804
1611,1405,21.414946
1725,1405,32.869301
1726,1405,44.709797
1727,1405,37.226192
1498,1406,5.666948
1501,1406,6.093097
1503,1406,7.149509
1504,1406,9.08835
1519,1406,1.37605
1542,1406,20.646477
1559,1406,10.581072
1563,1406,46.841091
1588,1406,2.499959
1602,1406,18.528662
1603,1406,12.832437
1608,1406,50.575138
1610,1406,17.550562
1612,1406,69.465805
1725,1406,67.547577
1726,1406,63.68745
1727,1406,31.110247
1728,1406,54.679844
1628,1728,333.101013
1629,1728,27.263582
1630,1728,21.058867
1631,1728,5.663099
1632,1728,6.171714
1633,1728,5.527778
1634,1728,2.138889
1636,1728,1.960526
1637,1728,1.057692
1639,1728,1.294118
1641,1728,1.352942
1642,1728,1.4
1479,1729,12.583334
1633,1729,1.294118
1634,1729,2.044118
1635,1729,1.585526
1636,1729,1.375
1637,1729,2.75
1638,1729,2.15
1639,1729,1.1
1640,1729,1.4
1641,1729,1.85
1642,1729,2.523811
1440,1407,44.756912
1441,1407,24.817818
1499,1407,6.351215
1501,1407,8.506927
1503,1407,6.648108
1504,1407,79.323601
1505,1407,1.454753
1515,1407,1.784895
1543,1407,7.826085
1548,1407,8.574642
1557,1407,10.803502
1558,1407,10.251519
1559,1407,36.059193
1560,1407,21.383549
1568,1407,24.67555
1608,1407,17.282757
1609,1407,17.141972
1728,1407,52.591766
1479,1730,6.749999
1627,1730,1.585526
1628,1730,2.75
1629,1730,2.669118
1630,1730,1.4
1631,1730,2.799999
1632,1730,2.475
1633,1730,1.1
1634,1730,2.2
1635,1730,2.775
1636,1730,1.899999
1637,1730,2.75
1638,1730,3.299999
1639,1730,3.31818
1640,1730,2.523811
1641,1730,4.71818
1642,1730,5.13044
1441,1408,223.49147
1500,1408,13.33072
1502,1408,7.730486
1503,1408,7.294432
1504,1408,1.908942
1515,1408,1.435249
1539,1408,20.191669
1548,1408,6.366848
1549,1408,25.996393
1550,1408,26.803959
1551,1408,21.042063
1556,1408,35.587276
1558,1408,27.83238
1559,1408,17.692881
1560,1408,21.56073
1562,1408,16.869297
1566,1408,29.065483
1567,1408,50.252613
1569,1408,24.083845
1600,1408,36.442413
1601,1408,5.532297
1604,1408,18.498005
1605,1408,12.531026
1725,1408,1.322787
1627,1731,2.775
1628,1731,3.274999
1629,1731,2.999999
1630,1731,1.899999
1631,1731,3.799999
1632,1731,4.42381
1633,1731,3.31818
1634,1731,5.841991
1635,1731,6.854541
1636,1731,4.954542
1637,1731,9.909084
1638,1731,7.654251
1640,1731,5.13044
1641,1731,9.723821
1491,1409,86.855576
1513,1409,2.243728
1514,1409,2.270807
1515,1409,2.461141
1533,1409,1.204916
1543,1409,11.733537
1550,1409,24.017887
1551,1409,30.179184
1558,1409,7.018207
1561,1409,7.021768
1566,1409,29.358267
1567,1409,22.71155
1581,1409,11.043545
1585,1409,3.464701
1590,1409,3.254783
1592,1409,3.274167
1605,1409,15.613469
1609,1409,16.533258
1626,1732,5.841991
1627,1732,10.172721
1628,1732,9.909084
1629,1732,8.272722
1630,1732,7.030439
1631,1732,10.26088
1512,1410,2.661062
1513,1410,1.042208
1515,1410,1.473523
1533,1410,1.188897
1549,1410,11.341769
1550,1410,14.821392
1551,1410,5.859139
1552,1410,5.550332
1554,1410,10.686136
1561,1410,8.744532
1597,1410,2.935114
1605,1410,18.402334
1610,1410,16.404812
1716,1410,6.212209
1717,1410,8.286823
1498,1411,7.113785
1512,1411,3.613485
1513,1411,1.627356
1549,1411,2.521621
1550,1411,38.471069
1555,1411,9.384593
1561,1411,8.798357
1562,1411,20.634754
1566,1411,16.545689
1575,1411,26.667456
1583,1411,2.170964
1591,1411,1.009005
1606,1411,15.86301
1607,1411,14.896109
1608,1411,15.061211
1612,1411,12.832437
1716,1411,15.750015
1717,1411,30.97839
1718,1411,40.820976
1506,1412,1.497524
1511,1412,2.050754
1512,1412,1.135093
1550,1412,21.388586
1551,1412,22.429979
1562,1412,9.576268
1566,1412,16.997297
1567,1412,44.816357
1574,1412,18.245579
1575,1412,1.89886
1588,1412,2.820731
1589,1412,2.075405
1607,1412,18.247097
1608,1412,15.123247
1715,1412,17.368372
1716,1412,23.12015
1717,1412,23.12015
1718,1412,40.680832
1719,1412,34.736744
1443,1413,266.397217
1492,1413,5.586751
1507,1413,1.497524
1511,1413,2.461141
1512,1413,2.73369
1513,1413,2.246806
1525,1413,1.548322
1537,1413,1.232146
1538,1413,1.144142
1539,1413,1.029489
1552,1413,6.246291
1553,1413,6.196627
1554,1413,5.862835
1561,1413,10.873586
1562,1413,17.053646
1563,1413,7.598217
1564,1413,17.221025
1565,1413,7.887388
1566,1413,17.203325
1567,1413,20.976154
1568,1413,21.503969
1569,1413,19.354425
1580,1413,1.904561
1607,1413,5.377183
1480,1414,9.879526
1492,1414,36.323246
1493,1414,17.660463
1510,1414,1.761579
1512,1414,1.414688
1514,1414,1.393868
1525,1414,1.981076
1553,1414,15.490457
1554,1414,15.529916
1555,1414,35.997688
1559,1414,15.112396
1564,1414,16.962179
1565,1414,17.203325
1568,1414,21.082119
1574,1414,1.436595
1575,1414,2.566281
1576,1414,3.055354
1579,1414,3.464701
1585,1414,1.125049
1598,1414,1.416648
1607,1414,15.657272
1633,1414,14.307596
1450,1415,17.846678
1480,1415,9.645137
1481,1415,36.191601
1496,1415,2.654431
1510,1415,1.393868
1515,1415,1.764159
1521,1415,1.623853
1525,1415,1.548322
1526,1415,1.006298
1533,1415,1.7215
1556,1415,6.919341
1580,1415,1.31579
1582,1415,4.137581
1585,1415,1.118069
1587,1415,1.869555
1588,1415,1.190072
1609,1415,15.947055
1627,1415,18.579735
1630,1415,18.028303
1633,1415,18.028303
1498,1416,2.535454
1499,1416,2.497482
1512,1416,1.145453
1525,1416,1.823389
1533,1416,1.414688
1565,1416,7.80278
1569,1416,16.325481
1579,1416,1.240752
1580,1416,1.794743
1581,1416,1.041643
1610,1416,12.531026
1631,1416,13.725183
1633,1416,98.52459
1638,1416,63.67627
1714,1416,48.585476
1715,1416,23.12015
1716,1416,31.124817
1622,1737,9.909084
1500,1417,2.974763
1501,1417,2.087161
1513,1417,1.121452
1533,1417,1.274929
1557,1417,7.360543
1561,1417,23.88983
1565,1417,17.46299
1581,1417,1.157986
1630,1417,12.042931
1670,1417,6.875
1671,1417,2.678573
1714,1417,113.402138
1715,1417,27.90007
1716,1417,27.90007
1717,1417,17.368372
1448,1418,17.395496
1500,1418,2.535454
1501,1418,2.876115
1520,1418,1.436154
1550,1418,12.842039
1557,1418,6.53817
1564,1418,6.039809
1565,1418,19.560822
1568,1418,13.270172
1576,1418,2.041948
1577,1418,2.415351
1578,1418,1.832732
1612,1418,15.429793
1670,1418,34.106209
1671,1418,2.076924
1715,1418,12.700012
1716,1418,15.739659
1717,1418,36.25
1718,1418,68.500031
1622,1738,9.909084
1489,1419,1.484419
1503,1419,3.38573
1514,1419,1.492122
1564,1419,6.2843
1577,1419,1.215039
1593,1419,31.264534
1612,1419,1.690639
1670,1419,5.217497
1714,1419,23.12015
1715,1419,23.12015
1716,1419,26.612791
1717,1419,23.185947
1718,1419,32.900051
1503,1420,2.876115
1516,1420,1.239746
1563,1420,17.094242
1564,1420,7.437369
1622,1420,14.755104
1623,1420,17.563692
1669,1420,5.348489
1713,1420,32.105064
1718,1420,35.231621
1622,1739,4.954542
1622,1740,3.31818
1464,1421,1.085625
1517,1421,1.239746
1519,1421,1.826622
1543,1421,5.399402
1622,1421,5.054673
1627,1421,14.319147
1633,1421,37.683796
1670,1421,3.429998
1671,1421,4.959971
1674,1421,6.161589
1440,1422,223.815002
1465,1422,2.549638
1466,1422,1.670684
1504,1422,2.183831
1506,1422,2.565542
1507,1422,1.488524
1510,1422,2.471764
1511,1422,1.074462
1519,1422,1.218926
1525,1422,1.502378
1528,1422,1.04282
1532,1422,1.952951
1563,1422,22.610096
1622,1422,1.845894
1623,1422,70.626099
1624,1422,3.430415
1625,1422,15.049138
1627,1422,15.126307
1676,1422,17.345894
1714,1422,135.022888
1643,1741,39.053085
1643,1742,36.719742
1440,1423,157.639114
1445,1423,33.666321
1454,1423,33.584633
1496,1423,1.957134
1510,1423,3.04288
1511,1423,21.760426
1520,1423,1.350005
1526,1423,2.327076
1625,1423,17.238169
1626,1423,14.199877
1627,1423,18.968309
1628,1423,30.201529
1630,1423,30.886841
1631,1423,22.049
1632,1423,22.295057
1633,1423,43.104179
1636,1423,19.181833
1676,1423,13.41315
1713,1423,139.267105
1714,1423,84.286621
1715,1423,40.973099
1716,1423,60.373409
1506,1424,2.565542
1525,1424,2.032606
1563,1424,6.624619
1570,1424,2.029939
1606,1424,1.260458
1626,1424,81.910507
1628,1424,4.432824
1629,1424,1.980702
1630,1424,31.606728
1631,1424,126.385948
1634,1424,15.154566
1676,1424,1.668634
1709,1424,2.785357
1713,1424,125.425064
1714,1424,115.199898
1715,1424,36.704494
1716,1424,68.944611
1440,1425,170.518082
1464,1425,37.46479
1493,1425,1.905063
1500,1425,1.035028
1513,1425,23.50111
1525,1425,1.057387
1617,1425,1.829687
1626,1425,4.197156
1627,1425,5.385205
1630,1425,7.452345
1631,1425,82.339272
1632,1425,92.807549
1633,1425,21.496998
1634,1425,112.005814
1709,1425,8.513956
1710,1425,7.20799
1711,1425,16.337658
1712,1425,77.483139
1713,1425,113.47287
1714,1425,44.195694
1715,1425,69.546036
1716,1425,104.477142
1717,1425,124.092201
1514,1426,2.060015
1518,1426,1.404348
1527,1426,1.27058
1626,1426,9.630673
1629,1426,34.672661
1630,1426,15.796539
1679,1426,2.823913
1709,1426,5.840656
1710,1426,45.09893
1711,1426,46.256618
1712,1426,23.972412
1713,1426,25.467829
1714,1426,11.203659
1715,1426,64.933762
1716,1426,25.461185
1717,1426,6.050741
1718,1426,148.910858
1625,1745,4.954542
1626,1745,4.954542
1627,1745,5.13044
1628,1745,10.084982
1629,1745,10.26088
1630,1745,10.084982
1631,1745,30.472734
1632,1745,17.413784
1633,1745,17.413784
1634,1745,14.808306
1457,1427,44.440483
1493,1427,1.898684
1514,1427,2.992531
1518,1427,2.326872
1623,1427,1.960641
1629,1427,13.856991
1709,1427,46.381317
1710,1427,153.750458
1711,1427,263.392059
1715,1427,26.563465
1716,1427,64.6437
1718,1427,69.258301
1616,1746,30.231331
1617,1746,13.906469
1625,1746,1.375
1626,1746,1.899999
1627,1746,1.899999
1628,1746,3.274999
1629,1746,4.42381
1630,1746,4.42381
1631,1746,5.79881
1632,1746,7.255957
1633,1746,7.255957
1634,1746,8.844694
1635,1746,10.26088
1640,1746,5.13044
1641,1746,2.523811
1516,1428,1.860051
1520,1428,3.028512
1624,1428,1.960641
1630,1428,11.560565
1638,1428,13.374707
1709,1428,46.747261
1710,1428,68.455139
1615,1747,30.899326
1616,1747,16.476553
1617,1747,14.015877
1625,1747,1.375
1626,1747,1.375
1627,1747,2.4
1628,1747,2.775
1629,1747,2.799999
1630,1747,3.775
1631,1747,3.769118
1632,1747,8.741207
1633,1747,2.779069
1634,1747,2.75
1635,1747,5.047623
1636,1747,5.841991
1637,1747,5.218179
1638,1747,4.69318
1639,1747,3.31818
1640,1747,2.523811
1520,1429,1.239658
1620,1429,1.639498
1629,1429,11.086214
1631,1429,4.092991
1632,1429,42.270012
1633,1429,19.506289
1634,1429,17.716612
1635,1429,18.926409
1636,1429,99.166611
1637,1429,20.402794
1638,1429,10.046692
1681,1429,1.065019
1709,1429,13.663105
1710,1429,195.90451
1615,1748,15.125693
1616,1748,6.179936
1617,1748,1.997058
1620,1748,135.020309
1621,1748,42.455406
1631,1748,1.114372
1632,1748,1.647059
1633,1748,2.941177
1634,1748,2.75
1635,1748,2.5
1636,1748,2.2
1637,1748,2.5
1638,1748,2.669118
1639,1748,1.1
1640,1748,1.4
1490,1430,2.242065
1515,1430,1.785382
1519,1430,3.149017
1620,1430,3.298636
1621,1430,1.302651
1630,1430,8.286837
1631,1430,6.565018
1632,1430,10.856767
1633,1430,80.351074
1634,1430,68.889206
1635,1430,35.253387
1636,1430,120.417427
1637,1430,4.888741
1678,1430,5.77997
1714,1430,94.891716
1614,1749,17.757256
1615,1749,10.299034
1616,1749,1.392429
1618,1749,280.935303
1619,1749,92.870422
1620,1749,54.545933
1621,1749,42.292542
1631,1749,1.026263
1635,1749,1.5
1636,1749,2.044118
1637,1749,1.504644
1638,1749,1.447964
1639,1749,1.294118
1606,1750,93.533516
1607,1750,20.670732
1614,1750,10.26005
1615,1750,1.345382
1618,1750,79.601959
1619,1750,26.323462
1620,1750,16.996498
1621,1750,13.405382
1625,1750,1.2
1628,1750,1.45
1631,1750,1.813636
1460,1431,33.503471
1464,1431,1.577201
1469,1431,2.433221
1516,1431,2.164033
1518,1431,2.200657
1522,1431,1.328825
1523,1431,1.230667
1525,1431,1.254668
1631,1431,11.832535
1632,1431,28.497717
1635,1431,13.933555
1636,1431,12.709935
1637,1431,4.888741
1640,1431,12.025207
1641,1431,12.024796
1642,1431,134.193954
1460,1432,88.273079
1461,1432,59.192001
1463,1432,19.655251
1527,1432,1.27058
1626,1432,9.411837
1627,1432,6.599214
1628,1432,1.374638
1631,1432,1.251486
1632,1432,1.323777
1633,1432,1.597427
1635,1432,4.12582
1636,1432,25.939146
1639,1432,3.620889
1640,1432,4.463499
1641,1432,7.901755
1714,1432,118.729874
1718,1432,33.026222
1607,1751,16.689919
1608,1751,28.974901
1614,1751,2.766473
1618,1751,24.985226
1619,1751,7.420029
1620,1751,6.976763
1621,1751,3.881106
1622,1751,1.501367
1628,1751,1.014286
1630,1751,1.014286
1631,1751,1.880952
1633,1751,2.4
1441,1433,43.653545
1442,1433,33.170139
1443,1433,52.268307
1464,1433,27.87377
1522,1433,1.145078
1630,1433,10.075687
1635,1433,5.095742
1639,1433,7.750898
1669,1433,46.932816
1670,1433,94.257233
1671,1433,23.286249
1607,1752,3.200861
1608,1752,13.912991
1618,1752,2.743978
1619,1752,1.719475
1625,1752,2.2
1628,1752,2.825
1629,1752,1.25
1630,1752,1.25
1631,1752,3.45
1632,1752,1.291667
1633,1752,1.428571
1442,1434,25.486526
1469,1434,1.913204
1512,1434,1.264559
1513,1434,1.586093
1521,1434,1.174379
1523,1434,1.223748
1527,1434,1.121452
1548,1434,1.649779
1619,1434,1.331354
1636,1434,2.494651
1669,1434,30.146397
1670,1434,142.968994
1671,1434,12.82653
1468,1435,2.163804
1485,1435,2.1432
1486,1435,1.90968
1509,1435,1.091129
1511,1435,2.315958
1512,1435,1.624867
1513,1435,1.078653
1515,1435,1.254649
1521,1435,1.934045
1524,1435,1.8063
1525,1435,2.072005
1547,1435,1.423584
1548,1435,1.049708
1579,1435,1.251486
1619,1435,2.105983
1622,1435,1.331354
1623,1435,2.105158
1636,1435,3.012154
1639,1435,9.590155
1642,1435,22.227331
1606,1753,22.623671
1701,1435,46.983074
1608,1753,5.455954
1610,1753,548.194946
1611,1753,271.804321
1612,1753,213.544754
1613,1753,245.610336
1614,1753,103.236946
1631,1753,1.333333
1632,1753,3.2
1633,1753,2.825
1634,1753,1.25
1635,1753,1.25
1636,1753,1.291667
1464,1436,27.813841
1510,1436,1.188115
1511,1436,1.370361
1512,1436,2.688243
1516,1436,1.039935
1522,1436,1.506369
1523,1436,1.096364
1524,1436,1.02401
1526,1436,1.344053
1547,1436,2.333394
1548,1436,1.415204
1571,1436,1.18369
1623,1436,1.244688
1625,1436,6.192455
1626,1436,7.949264
1628,1436,6.490531
1629,1436,7.426027
1636,1436,2.417896
1637,1436,2.417896
1638,1436,2.494651
1639,1436,2.494651
1640,1436,2.494651
1641,1436,2.494651
1702,1436,6.919401
1609,1754,35.760941
1610,1754,45.965111
1611,1754,85.190727
1612,1754,87.671509
1613,1754,95.98349
1614,1754,44.189377
1609,1755,15.831258
1610,1755,11.721229
1611,1755,13.702888
1612,1755,14.25913
1613,1755,14.843148
1614,1755,11.463309
1511,1437,1.520262
1512,1437,1.172057
1516,1437,1.530579
1522,1437,1.26232
1523,1437,1.459309
1524,1437,1.121452
1527,1437,1.347234
1626,1437,12.326015
1627,1437,6.387549
1628,1437,1.556648
1629,1437,10.668449
1630,1437,6.988679
1631,1437,8.522113
1632,1437,8.069639
1633,1437,4.250478
1703,1437,3.178449
1510,1438,1.188115
1511,1438,1.162237
1523,1438,1.134343
1529,1438,1.685248
1627,1438,4.354508
1628,1438,39.18618
1629,1438,21.646378
1633,1438,3.279998
1634,1438,8.03371
1671,1438,17.901875
1703,1438,21.664791
1609,1756,6.198164
1610,1756,3.494463
1611,1756,2.143602
1612,1756,2.116641
1613,1756,1.031679
1510,1439,1.078653
1524,1439,1.125615
1529,1439,1.103519
1530,1439,1.100974
1635,1439,6.619897
1703,1439,19.277077
1619,1440,1.495094
1635,1440,4.861101
1636,1440,2.822299
1514,1441,2.286702
1524,1441,1.147953
1566,1441,127.973808
1567,1441,185.221939
1568,1441,1.187137
1620,1441,1.349594
1627,1441,6.34885
1631,1441,6.342662
1635,1441,8.983639
1705,1441,2.572783
1522,1442,59.355984
1527,1442,1.524342
1536,1442,1.756071
1566,1442,1.295338
1621,1442,1.558535
1628,1442,7.362028
1632,1442,5.91786
1635,1442,14.855095
1636,1442,3.279998
1638,1442,4.886801
1695,1442,4.173975
1699,1442,9.931035
1469,1443,26.47164
1474,1443,62.904465
1520,1443,5.295715
1521,1443,2.036499
1565,1443,1.295338
1582,1443,30.734955
1586,1443,16.000099
1698,1443,4.893394
1469,1444,34.019707
1470,1444,34.91032
1521,1444,5.280782
1529,1444,1.378899
1582,1444,30.473579
1589,1444,2.073169
1439,1445,64.282471
1517,1445,4.130527
1522,1445,7.471209
1523,1445,3.914962
1529,1445,1.053353
1551,1445,1.115287
1565,1445,1.867155
1582,1445,2.297764
1617,1445,1.134557
1618,1445,1.189047
1619,1445,1.134235
1620,1445,2.781322
1470,1446,1.490715
1511,1446,8.451179
1517,1446,4.351791
1522,1446,6.24719
1523,1446,2.348903
1524,1446,4.441896
1525,1446,1.561948
1551,1446,1.032
1552,1446,1.071913
1582,1446,1.655808
1585,1446,3.280699
1586,1446,3.280699
1587,1446,2.073169
1589,1446,1.510308
1592,1446,120.359772
1595,1446,29.920948
1597,1446,29.920948
1606,1446,3.280699
1618,1446,1.134557
1630,1446,1.854954
1634,1446,10.495644
1635,1446,3.438904
1441,1766,2215.626953
1470,1447,115.181328
1510,1447,4.847454
1512,1447,5.704216
1513,1447,2.583427
1517,1447,2.116099
1522,1447,9.072136
1524,1447,1.862538
1552,1447,1.126521
1581,1447,3.505294
1583,1447,3.280699
1584,1447,3.280699
1592,1447,138.907272
1595,1447,31.51218
1597,1447,30.734955
1598,1447,16.000099
1634,1447,10.455978
1635,1447,3.358512
1638,1447,3.208512
1520,1448,6.012959
1521,1448,11.87875
1522,1448,3.08809
1523,1448,3.042835
1534,1448,1.130471
1581,1448,31.920948
1583,1448,5.85213
1584,1448,3.280699
1598,1448,30.941351
1606,1448,139.116211
1607,1448,130.046524
1608,1448,26.600016
1621,1448,1.813362
1634,1448,4.810873
1635,1448,3.358512
1638,1448,4.886801
1639,1448,3.358512
1641,1448,3.587678
1642,1448,5.573744
1643,1448,4.861101
1646,1448,3.279998
1511,1449,5.595893
1517,1449,2.200691
1520,1449,7.794405
1521,1449,10.08002
1522,1449,1.596518
1528,1449,11.365293
1550,1449,1.187702
1580,1449,5.995899
1581,1449,2.671641
1583,1449,3.280699
1588,1449,30.734955
1589,1449,30.941351
1590,1449,34.295986
1591,1449,41.768948
1597,1449,29.920948
1608,1449,127.970657
1609,1449,28.786184
1610,1449,1.134235
1611,1449,1.118216
1635,1449,3.841405
1639,1449,10.01699
1640,1449,7.526304
1642,1449,3.279998
1646,1449,4.886801
1511,1450,5.639406
1521,1450,7.901527
1537,1450,2.315731
1540,1450,6.660916
1547,1450,1.003317
1579,1450,4.714235
1580,1450,3.567876
1585,1450,128.543015
1587,1450,30.941351
1590,1450,30.941351
1597,1450,40.768948
1598,1450,29.920948
1608,1450,128.523285
1609,1450,130.836761
1610,1450,20.526978
1643,1450,3.279998
1644,1450,4.190652
1645,1450,4.861101
1646,1450,3.279998
1522,1451,7.265381
1527,1451,5.362063
1554,1451,1.173482
1558,1451,1.237476
1570,1451,1.208941
1584,1451,128.561218
1588,1451,44.57914
1589,1451,42.44059
1598,1451,30.734955
1609,1451,1559.546997
1610,1451,32.235291
1611,1451,23.937317
1632,1451,6.094783
1646,1451,4.14286
1717,1451,275.000824
1523,1452,12.597879
1525,1452,2.064316
1526,1452,6.070933
1528,1452,2.27196
1552,1452,1.121281
1582,1452,4.706234
1583,1452,28.502703
1584,1452,46.824409
1589,1452,32.329399
1599,1452,57.290165
1610,1452,96.642113
1611,1452,53.506264
1612,1452,49.561539
1613,1452,18.501143
1632,1452,10.778946
1633,1452,4.969783
1640,1452,4.79286
1642,1452,7.526304
1680,1452,6.367099
1701,1452,10.435901
1702,1452,1.35711
1707,1452,2.917354
1445,1770,22.752258
1441,1453,324.494904
1527,1453,4.381561
1529,1453,2.27196
1578,1453,4.234416
1580,1453,37.043785
1582,1453,76.31292
1583,1453,74.557869
1584,1453,41.327419
1585,1453,33.306385
1589,1453,29.920948
1612,1453,71.433495
1613,1453,16.968287
1614,1453,51.043945
1615,1453,13.620487
1616,1453,14.649996
1632,1453,29.04763
1640,1453,9.199999
1641,1453,6.548731
1642,1453,4.861101
1659,1453,17.550314
1660,1453,12.745908
1661,1453,23.04215
1662,1453,21.162889
1668,1453,22.28417
1680,1453,26.131104
1692,1453,17.980042
1694,1453,38.427795
1520,1454,3.232938
1521,1454,1.382552
1554,1454,1.023972
1565,1454,4.370096
1579,1454,2.739836
1581,1454,112.419731
1584,1454,17.579044
1586,1454,69.158112
1590,1454,73.261108
1593,1454,60.422455
1614,1454,31.125347
1615,1454,51.022682
1616,1454,33.4688
1617,1454,27.536255
1641,1454,7.526304
1643,1454,24.295305
1658,1454,23.283642
1661,1454,18.466829
1671,1454,106.055511
1672,1454,457.942413
1679,1454,3.831229
1680,1454,37.34708
1681,1454,108.598701
1694,1454,8.838151
1695,1454,12.804889
1520,1455,5.151397
1521,1455,16.58894
1530,1455,5.653559
1540,1455,1.223246
1543,1455,1.742582
1561,1455,1.443848
1565,1455,6.357399
1569,1455,3.487096
1578,1455,111.476334
1579,1455,10.294331
1581,1455,17.803638
1582,1455,31.346481
1615,1455,17.026035
1617,1455,29.026014
1641,1455,6.452393
1661,1455,2.285711
1671,1455,186.095093
1672,1455,64.962219
1673,1455,303.376801
1677,1455,12.130705
1679,1455,20.157887
1680,1455,26.593037
1681,1455,55.444538
1682,1455,6.384577
1683,1455,79.248741
1695,1455,3.813681
1716,1455,3.523726
1440,1456,1149.930908
1441,1456,693.434937
1520,1456,4.330242
1521,1456,2.886372
1522,1456,2.376808
1528,1456,2.567475
1530,1456,2.561444
1541,1456,1.632805
1569,1456,3.280699
1615,1456,16.692335
1617,1456,11.230124
1618,1456,16.948889
1641,1456,12.377854
1642,1456,5.625469
1643,1456,3.279998
1644,1456,27.302399
1659,1456,23.280493
1673,1456,16.46632
1677,1456,19.488123
1680,1456,4.783601
1681,1456,15.199999
1682,1456,414.228699
1683,1456,94.405807
1693,1456,18.790167
1694,1456,31.612795
1441,1457,1249.120605
1484,1457,1.027917
1528,1457,5.008557
1534,1457,1.05836
1540,1457,1.610807
1582,1457,32.160488
1614,1457,31.909538
1618,1457,2.076924
1635,1457,3.494102
1679,1457,18.466698
1680,1457,62.443695
1683,1457,274.102417
1684,1457,95.348534
1513,1458,3.617897
1539,1458,1.13684
1634,1458,3.494102
1658,1458,59.429626
1440,1459,1294.09668
1535,1459,3.179867
1556,1459,19.969038
1557,1459,20.251015
1558,1459,55.634697
1559,1459,1.878362
1610,1459,27.634573
1634,1459,3.494102
1658,1459,15.130852
1659,1459,176.450531
1660,1459,84.878059
1440,1460,374.590118
1511,1460,2.378557
1560,1460,2.638833
1566,1460,5.194999
1567,1460,1.285714
1575,1460,66.098755
1576,1460,239.122269
1577,1460,232.429382
1611,1460,1.333333
1612,1460,4.886801
1613,1460,2.208955
1634,1460,3.494102
1659,1460,102.981956
1438,1461,549.352051
1439,1461,473.596863
1440,1461,318.904755
1567,1461,1.285714
1575,1461,61.171497
1576,1461,64.578407
1577,1461,543.263916
1610,1461,3078.868896
1611,1461,646.496216
1612,1461,70.728798
1613,1461,35.697624
1614,1461,3.826935
1634,1461,3.604328
1477,1462,37.073364
1523,1462,5.771889
1524,1462,6.707334
1525,1462,5.799899
1526,1462,8.048227
1533,1462,1.064743
1569,1462,1.655808
1578,1462,13.673163
1579,1462,36.642822
1612,1462,544.49939
1613,1462,631.624817
1614,1462,11.0
1615,1462,22.039986
1634,1462,3.604328
1645,1462,39.893539
1646,1462,19.999985
1687,1462,13.12959
1691,1462,35.179886
1714,1462,8.239835
1717,1462,11.036693
1440,1463,211.919891
1523,1463,7.185206
1524,1463,25.119423
1525,1463,9.653948
1526,1463,9.653948
1531,1463,1.25365
1533,1463,2.309199
1575,1463,1.666667
1614,1463,59.96933
1616,1463,10.615406
1634,1463,3.604328
1639,1463,44.537651
1687,1463,13.12959
1715,1463,14.653187
1496,1464,1.683246
1497,1464,3.674177
1500,1464,3.653755
1522,1464,3.224679
1523,1464,9.61192
1524,1464,18.45546
1525,1464,20.127817
1527,1464,1.709452
1528,1464,2.189044
1573,1464,4.95234
1575,1464,5.689149
1581,1464,40.876518
1614,1464,107.448044
1615,1464,16.736795
1633,1464,4.319158
1634,1464,3.604328
1638,1464,53.849312
1687,1464,137.779755
1688,1464,623.313477
1497,1465,1.683246
1502,1465,1.3935
1522,1465,4.251224
1549,1465,3.019708
1565,1465,13.5
1570,1465,2.468089
1582,1465,338.85202
1617,1465,18.060654
1632,1465,8.399997
1633,1465,5.935479
1634,1465,3.604328
1638,1465,80.776588
1639,1465,184.303009
1641,1465,53.094128
1643,1465,41.06094
1687,1465,487.350128
1688,1465,453.311371
1717,1465,306.325378
1521,1466,7.044169
1522,1466,22.027174
1523,1466,6.944783
1531,1466,1.132948
1542,1466,2.585364
1551,1466,3.912796
1553,1466,1.580079
1554,1466,3.364961
1570,1466,2.073169
1571,1466,2.073169
1573,1466,3.74481
1576,1466,3.498703
1577,1466,17.425632
1618,1466,16.736795
1633,1466,5.935479
1634,1466,7.098431
1638,1466,138.201752
1639,1466,70.243156
1640,1466,87.410233
1641,1466,134.652344
1642,1466,88.94529
1643,1466,111.087791
1644,1466,75.704041
1645,1466,85.763496
1725,1466,9.777711
1726,1466,8.972206
1470,1467,35.64156
1471,1467,64.766319
1531,1467,5.704948
1542,1467,4.087301
1551,1467,3.628575
1569,1467,4.987969
1575,1467,37.570095
1580,1467,35.030411
1633,1467,10.254637
1634,1467,8.863653
1637,1467,13.12959
1638,1467,19.462662
1639,1467,20.262207
1640,1467,19.200439
1641,1467,19.200439
1642,1467,26.013227
1643,1467,21.752676
1644,1467,4.979545
1645,1467,4.979545
1646,1467,76.419136
1525,1468,35.291515
1526,1468,18.033865
1527,1468,2.054175
1536,1468,1.426409
1537,1468,1.632805
1542,1468,3.679851
1570,1468,1.285714
1571,1468,3.680386
1577,1468,19.22677
1618,1468,13.59999
1633,1468,10.254637
1634,1468,8.863653
1637,1468,20.329144
1644,1468,13.12959
1645,1468,13.12959
1532,1469,6.310993
1533,1469,5.924338
1536,1469,1.062198
1570,1469,2.073169
1574,1469,4.385424
1578,1469,24.953798
1618,1469,16.736795
1619,1469,13.000011
1633,1469,11.052487
1634,1469,8.973879
1637,1469,20.262207
1482,1470,1.300066
1536,1470,1.555652
1537,1470,8.314727
1538,1470,5.035286
1552,1470,4.123311
1565,1470,6.315209
1569,1470,5.081364
1573,1470,3.073169
1617,1470,145.809921
1618,1470,13.59999
1633,1470,10.254637
1634,1470,7.208656
1479,1471,2.225269
1498,1471,8.089833
1536,1471,4.33954
1537,1471,7.504262
1538,1471,16.299593
1544,1471,1.018959
1547,1471,1.849624
1548,1471,3.792802
1553,1471,1.260485
1562,1471,4.635324
1571,1471,5.996037
1572,1471,4.371119
1617,1471,18.285248
1618,1471,10.936045
1619,1471,13.375463
1621,1471,13.59999
1633,1471,12.450663
1634,1471,8.973879
1463,1472,66.456985
1488,1472,15.509844
1548,1472,1.849624
1550,1472,1.954545
1551,1472,3.792802
1567,1472,1.661165
1573,1472,2.50416
1574,1472,3.280699
1618,1472,18.285248
1619,1472,20.567743
1620,1472,12.749907
1621,1472,13.000011
1634,1472,10.739102
1637,1472,18.786442
1638,1472,23.510761
1489,1473,1.312704
1498,1473,6.965268
1522,1473,2.163205
1548,1473,4.216824
1551,1473,1.954545
1568,1473,1.285714
1569,1473,1.37075
1570,1473,5.390879
1571,1473,2.529079
1616,1473,132.419556
1618,1473,18.285248
1619,1473,17.057434
1620,1473,20.708778
1621,1473,12.5
1634,1473,10.739102
1637,1473,12.147393
1638,1473,189.717438
1467,1474,35.573635
1468,1474,35.865498
1497,1474,13.232221
1498,1474,6.542375
1533,1474,18.963833
1534,1474,11.923971
1535,1474,11.914755
1560,1474,1.142995
1573,1474,1.43099
1574,1474,13.965985
1619,1474,18.285248
1620,1474,13.834404
1621,1474,12.999996
1634,1474,7.28527
1636,1474,15.813545
1637,1474,33.879868
1638,1474,280.866882
1467,1475,77.602722
1559,1475,3.450353
1560,1475,2.737955
1571,1475,1.952381
1573,1475,1.358987
1597,1475,47.33601
1598,1475,30.951868
1619,1475,17.057434
1634,1475,7.509538
1638,1475,211.764038
1478,1476,2.252555
1556,1476,4.222401
1574,1476,3.280699
1577,1476,52.841965
1598,1476,29.920948
1599,1476,34.071392
1619,1476,10.615406
1621,1476,13.59999
1625,1476,18.700584
1465,1477,12.509019
1479,1477,1.768895
1568,1477,1.097657
1578,1477,52.17878
1599,1477,6.090906
1618,1477,18.060654
1620,1477,28.140133
1631,1477,238.567749
1632,1477,66.98558
1633,1477,23.86281
1634,1477,12.512854
1641,1477,7.255817
1643,1477,13.12959
1462,1478,28.202366
1463,1478,26.646706
1464,1478,29.795578
1465,1478,55.753914
1480,1478,233.531555
1481,1478,11.096243
1494,1478,1.920084
1535,1478,18.480383
1536,1478,99.190422
1572,1478,3.833331
1576,1478,3.238098
1578,1478,45.42141
1630,1478,34.331276
1631,1478,76.671944
1632,1478,55.685383
1633,1478,29.518396
1636,1478,3.604328
1637,1478,3.604328
1638,1478,5.369551
1639,1478,4.516125
1465,1479,44.356964
1467,1479,26.708216
1484,1479,13.562927
1487,1479,1.142096
1535,1479,105.483017
1572,1479,3.704175
1573,1479,5.437839
1576,1479,3.280699
1630,1479,134.885391
1631,1479,47.349998
1632,1479,16.987965
1633,1479,13.214136
1634,1479,11.448914
1635,1479,7.208656
1638,1479,35.716625
1639,1479,19.984898
1697,1479,43.934448
1551,1480,1.423698
1552,1480,1.352015
1569,1480,4.234416
1573,1480,1.219298
1579,1480,3.280699
1580,1480,22.75178
1624,1480,48.470188
1630,1480,8.400001
1631,1480,39.585476
1632,1480,13.214136
1633,1480,12.701713
1634,1480,11.885697
1635,1480,8.973879
1542,1481,2.585364
1543,1481,18.555506
1551,1481,3.679851
1569,1481,2.85655
1571,1481,1.285714
1579,1481,24.41651
1580,1481,24.152645
1630,1481,12.668808
1631,1481,10.254637
1632,1481,11.448914
1633,1481,11.885697
1636,1481,8.894979
1440,1482,300.734589
1551,1482,1.426409
1579,1482,20.666666
1613,1482,18.14447
1616,1482,43.778107
1629,1482,9.200156
1630,1482,8.894979
1631,1482,12.499308
1632,1482,7.332161
1633,1482,9.107072
1635,1482,3.604328
1636,1482,8.391595
1637,1482,16.338877
1638,1482,3.494102
1641,1482,6.972266
1644,1482,35.061668
1439,1483,271.278503
1618,1483,142.654663
1629,1483,8.391595
1630,1483,7.332161
1631,1483,8.973879
1637,1483,8.391595
1641,1483,6.058828
1642,1483,42.16399
1643,1483,4.516125
1644,1483,14.270316
1545,1484,35.049843
1546,1484,41.752319
1581,1484,2.073169
1582,1484,11.333336
1589,1484,21.261766
1613,1484,58.714558
1618,1484,81.337708
1630,1484,8.391595
1631,1484,8.391595
1634,1484,3.604328
1635,1484,7.332161
1637,1484,7.332161
1639,1484,44.65963
1642,1484,36.70702
1643,1484,9.959992
1547,1485,11.578553
1582,1485,3.095236
1583,1485,1.285714
1637,1485,5.369551
1639,1485,13.564321
1640,1485,5.935479
1642,1485,5.999999
1643,1485,4.516125
1644,1485,14.270316
1645,1485,16.259037
1646,1485,9.959992
