1861,529,11.269669
1862,529,3.000625
1899,529,26.992569
1903,529,3.648635
1927,529,4.109859
1929,529,2.808118
1858,530,1.012363
1876,530,1.471385
1899,530,97.231552
1904,530,15.338733
1822,531,6.280027
1899,531,163.389832
1928,531,57.224392
1938,531,105.596214
1928,532,8.680537
1938,532,91.977394
1939,532,91.702858
1938,533,55.655815
1939,533,74.090355
1938,534,59.190094
1939,534,5.493933
1925,535,9.280333
1926,535,11.578161
1927,535,11.464174
1928,535,25.716354
1929,535,9.665004
1938,535,56.975319
1939,535,6.974094
1993,535,22.147673
1929,536,16.395548
1937,536,64.449722
1938,536,107.575455
1994,536,69.259628
1876,537,5.916162
1877,537,20.466879
1931,537,6.888969
1937,537,97.645126
1971,537,2.455436
1972,537,2.277272
1991,537,45.072289
1994,537,10.212987
1995,537,26.862162
1871,538,7.204777
1872,538,3.37217
1873,538,5.821214
1874,538,5.979003
1875,538,10.79269
1876,538,3.795465
1877,538,10.636464
1927,538,35.549995
1931,538,32.275597
1941,538,1.5724
1942,538,1.468869
1945,538,2.090989
1946,538,11.912425
1953,538,1.369085
1954,538,13.985011
1955,538,3.30094
1958,538,12.69953
1959,538,5.363109
1971,538,1.313169
1972,538,1.017923
1991,538,23.21349
1992,538,2.818875
1871,539,1.710706
1872,539,4.577919
1873,539,1.251979
1874,539,2.622899
1875,539,1.499644
1876,539,1.696773
1877,539,2.834859
1878,539,20.087055
1931,539,37.049679
1939,539,1.10017
1940,539,2.271852
1941,539,2.498126
1942,539,2.021374
1945,539,2.433915
1946,539,4.315839
1952,539,1.024673
1953,539,3.205559
1954,539,1.110236
1955,539,4.930232
1956,539,3.447023
1957,539,1.563036
1958,539,2.763286
1959,539,3.839275
1982,539,2.211019
1871,540,4.752864
1872,540,5.465765
1873,540,6.497401
1874,540,4.472018
1875,540,8.096981
1876,540,8.98873
1877,540,14.496859
1878,540,23.271017
1981,540,2.114649
1871,541,4.249531
1872,541,10.844825
1873,541,15.042026
1874,541,12.572926
1875,541,13.626548
1876,541,23.244141
1914,541,38.221039
1986,541,1.447371
1871,542,28.60383
1872,542,48.940491
1873,542,52.29903
1874,542,19.483694
1875,542,28.875526
1908,542,15.014763
1914,542,18.22493
1998,542,11.313935
1871,543,48.302086
1872,543,48.501209
1898,543,38.56155
1900,543,11.058647
1901,543,12.139804
1907,543,10.47303
1871,544,99.342339
1925,544,172.676483
1889,545,91.972099
1923,545,4.516369
1913,546,129.698639
1922,546,68.900291
1874,547,21.18832
1871,548,8.651293
1874,548,36.023666
1871,549,12.129139
1874,549,16.220062
1875,549,30.28717
1871,550,14.230156
1874,550,8.758135
1875,550,21.455067
1871,551,15.224674
1874,551,8.665819
1875,551,14.847481
1876,551,5.70158
1869,552,70.577385
1870,552,46.98658
1871,552,18.981468
1875,552,8.965842
1876,552,3.617457
1877,552,6.057155
2001,552,2.757689
2002,552,4.227638
2003,552,3.198145
2004,552,8.266219
2005,552,4.202931
1861,553,3.811945
1862,553,2.186504
1863,553,1.291945
1869,553,154.695724
1870,553,55.563419
1876,553,9.358607
1877,553,3.747721
1878,553,4.570934
1976,553,41.538624
1998,553,2.070501
1999,553,2.083135
2003,553,6.566106
2004,553,3.876863
2005,553,2.475994
2006,553,4.389981
2007,553,2.75435
2008,553,3.657676
2009,553,3.254193
2010,553,3.180258
2011,553,1.878506
2012,553,2.695232
2013,553,4.10158
2014,553,4.108124
1859,554,4.039927
1860,554,5.537121
1876,554,4.084673
1877,554,3.694155
1878,554,3.816753
1879,554,4.718052
1957,554,16.412811
1958,554,10.284596
1959,554,19.588636
1960,554,62.685799
1975,554,11.756512
1976,554,22.444996
1979,554,56.960384
1988,554,56.560066
1989,554,9.68814
1990,554,37.090797
1994,554,6.827159
1998,554,4.898441
2004,554,5.470512
2014,554,2.384296
2015,554,2.603388
2016,554,3.55274
2017,554,33.263538
2069,554,4.150233
2070,554,8.678583
1860,555,12.521323
1877,555,29.98987
1878,555,29.225643
1879,555,6.263308
1880,555,7.340232
1940,555,39.151764
1943,555,23.267408
1944,555,67.877495
1945,555,28.346601
1946,555,38.58839
1952,555,12.975033
1953,555,4.876476
1954,555,9.045682
1955,555,21.434029
1956,555,7.438824
1958,555,1.698318
1959,555,3.611669
1960,555,4.723779
1975,555,12.28051
2016,555,3.171758
2017,555,29.727203
2071,555,7.858048
1878,556,11.66877
1879,556,3.461547
1881,556,1.521911
1942,556,158.016388
1943,556,68.533913
1944,556,28.264
1945,556,42.683502
1946,556,70.283829
1947,556,123.07235
1951,556,6.159708
1952,556,3.309379
1953,556,1.4381
1954,556,1.353317
1955,556,1.699786
2017,556,28.742397
1879,557,1.857916
1880,557,1.377919
1881,557,1.040954
1882,557,6.261153
1951,557,22.542713
1952,557,2.991687
2017,557,25.937571
2061,557,8.546792
2062,557,12.462765
2063,557,1.743602
2064,557,2.604153
2065,557,4.399649
1881,558,1.79111
1882,558,2.415362
1883,558,38.394321
1884,558,23.210443
1885,558,19.613209
1886,558,16.56439
1930,558,32.195568
2017,558,25.15937
2063,558,1.5314
2064,558,1.036681
2068,558,1.418454
2070,558,1.22517
1882,559,248.422836
1883,559,190.972504
1884,559,206.930939
1885,559,232.29541
1886,559,134.388947
1887,559,193.935883
2018,559,42.700996
2062,559,1.877588
2063,559,4.170703
2065,559,1.386389
1879,560,54.271221
1880,560,41.289978
1881,560,21.230255
2061,560,4.598903
2062,560,2.650486
2063,560,2.780093
1874,561,84.505592
1875,561,34.445034
1876,561,18.264833
1877,561,86.434189
1878,561,109.137016
1879,561,114.152069
1880,561,128.95726
1938,561,79.500237
1975,561,3.159658
1938,562,3.879685
1959,562,5.137308
1974,562,16.185497
1975,562,2.510994
1938,563,10.636023
2062,563,2.551187
2063,563,1.257951
2064,563,3.238487
1926,564,17.885061
1927,564,11.356655
1928,564,11.461113
1937,564,18.368504
1938,564,8.232003
1959,564,8.20062
2059,564,5.01301
2061,564,5.723702
2062,564,3.226073
2063,564,2.909553
2064,564,11.658656
1925,565,12.008698
1926,565,78.606346
1927,565,9.829775
1928,565,2.868495
1929,565,5.295253
1937,565,56.439667
1959,565,7.636986
2061,565,9.28209
2062,565,3.908257
2064,565,2.325338
2070,565,34.846905
2071,565,33.205147
2072,565,3.304891
1922,566,15.105626
1923,566,16.803528
1924,566,2.750173
1925,566,32.979485
1926,566,71.024155
1927,566,48.461479
1928,566,3.763678
1929,566,39.26561
1959,566,17.269161
1960,566,13.723983
2069,566,1.355424
2070,566,2.417523
2071,566,1.925523
2073,566,12.78818
1863,567,5.727583
1922,567,27.644569
1925,567,61.245815
1960,567,6.670729
2072,567,5.041302
2073,567,14.142547
1861,568,8.076347
1862,568,2.925025
1863,568,5.678889
1864,568,36.844227
1937,568,42.836056
1951,568,33.679672
1952,568,93.022324
1953,568,45.708504
1955,568,125.222618
1957,568,547.761658
1958,568,98.017693
1959,568,17.659756
1960,568,11.976387
1961,568,48.449886
1973,568,8.764752
1974,568,27.255812
2072,568,4.003833
2073,568,7.55582
1861,569,4.802794
1862,569,1.553647
1863,569,24.023283
1937,569,17.182686
1938,569,27.3076
1939,569,59.422207
1940,569,14.680601
1941,569,30.49762
1942,569,24.79784
1943,569,70.039467
1944,569,25.083206
1945,569,23.019239
1946,569,4.511973
1951,569,2.982731
1952,569,7.776292
1953,569,10.863857
1954,569,13.892242
1955,569,12.208013
1956,569,10.334284
1957,569,11.632
1958,569,8.183221
1959,569,9.884159
1960,569,9.243216
1973,569,9.905124
1974,569,8.816365
2071,569,1.504525
2072,569,2.892385
1861,570,2.784544
1862,570,6.513814
1938,570,7.089903
1939,570,9.726855
1940,570,56.888195
1941,570,11.984298
1942,570,14.639928
1943,570,2.990299
1944,570,2.772857
1945,570,2.763857
1946,570,7.105486
1951,570,1.246474
1952,570,1.463596
1953,570,1.243792
1955,570,1.140273
1960,570,1.757648
1973,570,4.390625
2071,570,2.692517
1942,571,20.658396
1943,571,10.505284
1944,571,7.410213
1945,571,3.217754
1946,571,2.717798
1951,571,1.756646
1952,571,1.654851
1953,571,1.795276
1954,571,1.50913
1958,571,1.083817
1959,571,1.370766
1960,571,1.528254
1962,571,28.706129
1973,571,6.673709
1973,572,1.14478
1996,572,18.646957
2005,572,3.303123
1973,573,1.167134
1995,573,41.96088
1996,573,12.206321
1997,573,15.484811
1998,573,7.080423
1999,573,7.056576
2000,573,4.74879
2001,573,1.437109
2003,573,1.45711
2004,573,2.061239
2005,573,3.221914
2016,573,4.199515
2022,573,7.560901
1858,574,6.928833
1973,574,1.095388
1974,574,1.545576
1989,574,4.367485
1990,574,12.355264
2002,574,8.658207
2003,574,2.510301
1859,575,8.129369
1972,575,2.475107
1973,575,1.091828
1988,575,41.323013
1989,575,10.946161
1990,575,21.816652
2018,575,1.416302
1854,576,2.740417
1855,576,3.471302
1988,576,41.84082
1989,576,18.652439
1990,576,8.804973
2004,576,1.972732
1909,577,102.632065
1910,577,94.927467
1960,577,6.3997
1961,577,9.308052
1963,577,9.118097
1974,577,1.301143
1975,577,1.624407
1976,577,4.459556
1977,577,11.480729
2022,577,2.222694
1876,578,111.019348
1883,578,166.867462
1884,578,202.226837
1885,578,67.623573
1886,578,86.523071
1887,578,46.992702
1890,578,10.621743
1891,578,6.023457
1892,578,2.787818
1893,578,6.088072
1894,578,4.472092
1895,578,3.0011
1896,578,6.45472
1897,578,8.275165
1898,578,7.677084
1899,578,4.686341
1900,578,11.136363
1901,578,11.699659
1902,578,10.839525
1903,578,18.294655
1904,578,280.010498
1914,578,39.104012
1915,578,20.860842
1916,578,64.635277
1960,578,10.080091
1961,578,9.86396
1962,578,6.940806
1963,578,3.736883
1975,578,1.378783
1976,578,2.97888
1977,578,2.80237
1983,578,26.375557
1984,578,7.657484
1985,578,41.615112
2022,578,3.365216
2025,578,55.750069
2026,578,85.159592
2036,578,1.370607
1872,579,71.317116
1873,579,3.094822
1874,579,8.507592
1875,579,19.136921
1876,579,203.569504
1881,579,3.521936
1882,579,1.71885
1883,579,2.328908
1884,579,4.580006
1885,579,3.692496
1886,579,3.176778
1887,579,2.126129
1890,579,3.833514
1903,579,20.230284
1904,579,46.167038
1909,579,106.474075
1910,579,37.144176
1911,579,41.679066
1912,579,258.313385
1913,579,6.865274
1914,579,38.050205
1915,579,58.655716
1916,579,71.929291
1917,579,111.547127
1960,579,26.674364
1961,579,7.110149
1962,579,6.289706
1963,579,2.179691
1975,579,1.030131
1976,579,1.557283
1977,579,1.822451
1978,579,3.626779
1979,579,2.945261
1980,579,2.55779
1981,579,1.599622
1982,579,1.837052
1983,579,1.131378
1984,579,1.307941
1985,579,63.960869
1873,580,5.565101
1874,580,22.705942
1910,580,21.869335
1911,580,13.256777
1912,580,17.100273
1913,580,4.636136
1914,580,10.617702
1915,580,203.007141
1916,580,113.859665
1921,580,422.313293
1926,580,40.52454
1929,580,29.457891
1936,580,52.535114
1960,580,42.991215
1961,580,11.794402
1962,580,1.846634
1963,580,1.841224
1978,580,2.68171
1979,580,2.612749
1980,580,1.918396
1984,580,1.852183
1985,580,3.864927
1801,581,253.300705
1872,581,23.394115
1874,581,8.212722
1875,581,26.774979
1913,581,1.077715
1914,581,18.918327
1915,581,68.554398
1916,581,426.773132
1921,581,28.18325
1926,581,59.042362
1929,581,28.354382
1936,581,182.092331
1959,581,52.093636
1960,581,11.13838
1961,581,7.998322
1962,581,1.894784
1963,581,1.054868
1977,581,1.787217
1873,582,51.145557
1874,582,8.944305
1875,582,38.753632
1876,582,84.706467
1910,582,44.44249
1911,582,24.11191
1912,582,17.767111
1913,582,5.854708
1914,582,4.249391
1915,582,70.962952
1916,582,613.358582
1917,582,145.069046
1929,582,28.354382
1936,582,129.982574
1960,582,12.436343
1961,582,8.218045
1962,582,3.744818
1873,583,65.107864
1874,583,40.348927
1875,583,39.556709
1910,583,22.296856
1911,583,8.985589
1912,583,1.380132
1913,583,1.457078
1914,583,2.081697
1915,583,6.377825
1916,583,59.848377
1917,583,1360.163818
1926,583,124.05233
1929,583,111.213531
1936,583,49.827454
1937,583,88.53511
1938,583,15.26022
1939,583,19.736601
1940,583,16.461948
1941,583,54.539677
1945,583,114.645058
1953,583,148.428055
1954,583,285.501984
1955,583,100.64621
1956,583,99.71373
1957,583,93.458588
1960,583,5.215083
1961,583,7.219724
1962,583,3.532855
2073,583,1.576409
1873,584,50.476074
1874,584,26.420401
1875,584,30.557001
1876,584,52.980274
1910,584,39.11797
1915,584,3.066527
1916,584,128.169907
1917,584,364.063812
1926,584,26.466322
1927,584,64.011452
1928,584,66.623657
1936,584,3.00897
1937,584,2.219731
1938,584,3.522339
1939,584,6.026425
1940,584,9.305626
1941,584,14.796039
1942,584,53.784382
1943,584,49.815685
1944,584,26.097168
1945,584,14.110405
1946,584,22.064274
1947,584,33.125015
1948,584,68.014206
1949,584,165.024582
1950,584,37.855896
1951,584,31.28997
1952,584,18.381559
1953,584,14.13779
1954,584,10.149427
1955,584,6.456384
1956,584,6.107651
1957,584,5.81083
1958,584,5.880855
1959,584,3.956021
1960,584,18.655861
1961,584,7.002881
1962,584,2.851351
1982,584,1.525666
1983,584,1.125598
1810,585,112.139526
1873,585,61.168716
1874,585,39.985737
1875,585,58.877533
1876,585,53.699245
1938,585,5.939915
1939,585,1.42427
1940,585,2.055422
1941,585,1.423796
1942,585,5.821321
1943,585,5.209655
1944,585,1.262433
1950,585,8.500508
1951,585,5.590434
1957,585,1.58434
1958,585,2.951503
1959,585,3.102005
1960,585,2.025768
1961,585,5.495009
1962,585,9.875774
2022,585,10.157159
2023,585,13.830682
1860,586,50.015106
1871,586,25.758413
1875,586,91.992958
1916,586,4.353284
1917,586,40.881184
1918,586,151.604965
1958,586,1.12448
1961,586,1.126056
1962,586,7.852113
1994,586,1.049276
2022,586,1.176709
2024,586,25.680748
2051,586,20.332678
1916,587,2.645436
1917,587,277.692261
1918,587,121.379303
1975,587,1.385363
1976,587,2.960892
1977,587,10.768559
1991,587,1.173672
1994,587,1.89719
2023,587,8.041783
2024,587,33.284512
2051,587,10.946918
2053,587,43.150108
1916,588,31.212212
1917,588,291.316895
1918,588,135.433701
1976,588,2.375714
1977,588,6.283925
1978,588,11.897229
1979,588,5.963871
1991,588,1.106109
1994,588,1.5551
2018,588,3.508408
2023,588,5.595156
2050,588,88.794724
2051,588,28.927597
2052,588,307.716553
2053,588,193.079102
1854,589,7.542306
1889,589,43.240829
1890,589,10.301316
1891,589,11.934134
1892,589,21.690725
1893,589,55.116737
1895,589,41.442425
1896,589,24.845827
1901,589,53.487114
1902,589,30.030874
1903,589,39.655521
1904,589,38.743252
1905,589,19.762844
1906,589,27.730209
1916,589,97.536362
1917,589,108.30571
1918,589,93.849197
1977,589,2.935337
1978,589,3.566022
1979,589,5.855212
1991,589,1.173672
1994,589,1.387687
2022,589,2.676808
2023,589,6.130686
2051,589,7.830814
2052,589,38.873837
2053,589,51.058853
1864,590,2.78589
1883,590,38.446518
1885,590,27.499964
1888,590,16.665276
1889,590,12.738034
1890,590,18.346109
1891,590,237.549805
1892,590,375.668243
1895,590,44.816536
1906,590,24.861544
1916,590,2.686049
1917,590,33.031185
1936,590,171.804596
1978,590,2.467848
1979,590,4.937801
2022,590,3.22065
2023,590,9.88063
2051,590,68.162048
2052,590,19.332203
2053,590,11.463346
1864,591,1.592278
1865,591,1.296106
1882,591,197.813843
1890,591,145.453079
1907,591,72.57563
1935,591,109.757721
1936,591,58.240593
1940,591,1.590136
1941,591,5.610881
1957,591,1.586288
1959,591,1.354767
1960,591,3.316342
1961,591,1.053826
1977,591,1.071555
1978,591,2.18909
1979,591,5.308353
2023,591,2.407024
2025,591,20.617796
2050,591,435.780273
2051,591,177.394836
1866,592,7.292478
1934,592,129.936417
1935,592,3.879269
1936,592,21.167137
1977,592,1.473883
1978,592,2.650608
1979,592,5.543244
1994,592,1.487054
2018,592,1.220738
2022,592,1.017984
2023,592,2.876889
2024,592,3.10964
2025,592,170.307373
2027,592,3.204847
2028,592,15.162514
2029,592,20.330854
2030,592,23.367472
2031,592,21.256626
2043,592,163.724899
1934,593,3.874354
1935,593,2.005966
1936,593,13.543287
1940,593,1.475094
1942,593,1.201005
1977,593,1.593238
1978,593,2.465609
1979,593,10.262491
1994,593,1.336743
2039,593,3.902446
2040,593,4.551916
2041,593,17.222923
2042,593,50.699799
1797,594,46.583691
1798,594,7.327266
1799,594,4.138265
1866,594,1.515068
1932,594,11.338345
1933,594,3.839962
1934,594,6.095414
1935,594,1.24315
1936,594,5.453544
1954,594,1.56692
1959,594,1.195466
1961,594,5.112937
1977,594,1.376282
1978,594,2.395204
1979,594,5.44883
2016,594,1.306271
2017,594,6.272957
2037,594,1.036489
2042,594,46.548798
1797,595,6.334896
1798,595,9.981249
1799,595,4.225112
1866,595,1.756158
1932,595,1.886632
1933,595,2.433843
1934,595,2.179941
1935,595,3.567466
1936,595,3.416516
1949,595,1.136452
1950,595,1.754519
1951,595,7.055457
1952,595,6.966055
1953,595,5.353305
1954,595,17.011347
1955,595,6.211493
1956,595,5.085083
1957,595,6.110496
1958,595,6.110496
1959,595,1.511265
1977,595,1.292886
1978,595,2.273139
1979,595,5.194972
2014,595,1.477964
2017,595,6.307192
1914,596,110.671936
1915,596,159.428452
1916,596,243.386002
1917,596,254.243332
1931,596,7.874006
1932,596,2.703806
1933,596,1.256742
1934,596,2.531628
1935,596,3.308878
1936,596,3.915311
1949,596,2.122687
1950,596,8.651824
1951,596,5.507355
1952,596,17.444378
1953,596,15.803286
1954,596,41.853031
1955,596,18.273451
1956,596,22.656902
1957,596,8.081445
1959,596,3.358515
1960,596,3.808219
1961,596,5.128926
1963,596,7.112731
1977,596,1.918222
1978,596,2.129755
1979,596,8.234982
2016,596,1.061515
1866,597,7.228132
1915,597,43.837723
1916,597,61.027473
1917,597,63.574242
1918,597,521.522339
1933,597,1.197585
1934,597,5.024708
1935,597,16.11698
1936,597,25.717484
1947,597,6.29672
1960,597,5.836427
1977,597,1.523782
1978,597,2.918818
1979,597,26.792515
1997,597,1.982225
1998,597,1.829794
2002,597,2.488994
2003,597,3.240887
2004,597,2.168546
2015,597,1.032026
2016,597,12.188123
1798,598,27.392244
1799,598,32.966259
1915,598,5.842773
1916,598,14.24401
1917,598,33.13625
1933,598,1.592958
1935,598,30.748507
1945,598,4.013332
1947,598,25.141596
1948,598,8.160554
1960,598,9.665695
1976,598,2.806996
1979,598,1.985148
1981,598,8.710918
1982,598,4.991294
1985,598,5.379182
2016,598,6.050255
1796,599,10.328212
1797,599,4.182758
1798,599,24.667992
1799,599,113.829376
1864,599,7.247531
1865,599,12.991817
1866,599,33.155548
1915,599,3.915878
1917,599,11.220656
1918,599,38.181728
1947,599,6.914934
1948,599,10.215198
1960,599,19.591774
1961,599,3.866977
1976,599,5.310209
1977,599,2.732514
1981,599,15.628724
1982,599,5.649904
1983,599,58.556377
1984,599,34.850082
1985,599,16.831444
1986,599,37.203499
1987,599,4.466117
2024,599,4.331233
2068,599,26.245834
1796,600,4.02808
1797,600,4.299451
1798,600,16.115953
1799,600,15.793482
1865,600,33.950115
1872,600,64.669151
1918,600,161.261978
1919,600,21.299322
1960,600,12.97633
1961,600,7.149702
2024,600,10.808667
2066,600,14.834505
2068,600,53.821987
1796,601,1.054678
1798,601,11.039009
1799,601,27.312857
1960,601,8.734531
1961,601,7.505251
2023,601,5.83393
2024,601,11.41491
2066,601,11.635817
1797,602,5.146727
1798,602,11.593056
1799,602,8.851224
1823,602,164.58287
1872,602,147.956039
1903,602,16.357271
1904,602,13.192396
1906,602,26.267321
1964,602,1.091233
1971,602,33.26532
2024,602,5.377963
2066,602,11.750084
2067,602,69.553902
2068,602,38.802353
1797,603,4.884826
1798,603,12.166054
1799,603,36.138908
1823,603,283.24353
1824,603,566.69397
2026,603,3.761826
2027,603,4.681207
2028,603,12.142823
2029,603,10.610703
2030,603,6.633471
2031,603,4.163188
2032,603,9.135858
2033,603,21.588379
2034,603,42.630867
2035,603,34.303722
2036,603,32.14373
2037,603,51.01619
2038,603,55.435177
2039,603,87.158325
2066,603,16.825909
2067,603,31.548464
1797,604,3.107553
1798,604,5.774107
1799,604,164.499695
1823,604,318.662689
1824,604,21.334076
2024,604,13.25525
2025,604,15.124622
2026,604,5.00194
2027,604,19.256622
2028,604,11.254444
2029,604,10.270576
2030,604,3.70097
2031,604,5.380746
2032,604,13.016897
2033,604,9.644231
2034,604,17.99408
2035,604,9.984241
2036,604,20.669153
2037,604,34.277943
2038,604,37.412575
2039,604,38.068886
2040,604,86.748138
2041,604,127.188637
2066,604,18.893183
1793,605,10.563397
1794,605,19.744741
1795,605,251.698929
1796,605,1.592642
1823,605,230.275818
1824,605,67.775169
2024,605,158.014618
2026,605,230.572479
2027,605,1179.834351
2028,605,69.058731
1793,606,9.782211
1794,606,8.449816
1795,606,8.477084
1824,606,27.146502
1794,607,6.911699
1795,607,8.388266
1794,608,55.22538
1795,608,88.18264
1796,609,38.469803
1793,610,31.702776
1794,610,43.722923
1796,610,20.656382
1793,611,6.8139
1794,611,89.943855
1795,611,11.030828
1794,612,4.098419
1942,612,4.348024
1944,613,79.499397
1942,614,4.235314
1944,614,174.115372
1945,614,139.568375
1962,614,2.483759
1963,614,3.603499
1964,614,3.507101
1965,614,3.507101
1966,614,1.7831
1967,614,2.034539
1812,615,5.911449
1813,615,147.264053
1940,615,3.330305
1944,615,19.727598
1945,615,27.492115
1969,615,1.034539
1928,616,1.570472
1929,616,2.706069
1935,616,13.149932
1936,616,10.663875
1937,616,26.721014
1938,616,10.359914
1944,616,7.132852
1945,616,8.436069
1964,616,3.721687
1965,616,3.889536
1966,616,2.831073
1967,616,3.079668
2023,616,56.830204
1807,617,4.375659
1808,617,5.031351
1809,617,8.340003
1810,617,19.027489
1935,617,15.942373
1936,617,8.087319
1937,617,3.995953
1938,617,3.767189
1944,617,16.381277
1945,617,14.550379
1947,617,5.218917
1949,617,1.599426
1951,617,6.132313
1952,617,4.599879
1953,617,3.457086
1954,617,3.224015
1803,618,26.692593
1804,618,57.538822
1805,618,21.968554
1806,618,64.226898
1807,618,34.407692
1809,618,390.123108
1894,618,45.367939
1940,618,2.273397
1944,618,72.44799
1945,618,18.306175
1947,618,1.379529
1993,618,3.896157
1995,618,3.44102
1996,618,4.246377
2049,618,121.41671
2050,618,246.871918
1803,619,28.27492
1804,619,20.832878
1805,619,15.848444
1806,619,20.25967
1892,619,46.966328
1893,619,105.378571
1902,619,243.614105
1942,619,8.426242
1944,619,206.971634
1945,619,50.523666
1975,619,3.106329
2047,619,48.235741
2048,619,73.02137
2049,619,121.41671
2050,619,150.962921
1903,620,23.50293
1940,620,27.62212
1944,620,64.543564
1952,620,1.118389
1953,620,2.658185
1954,620,1.702017
1955,620,3.748976
1959,620,2.387361
1960,620,1.034539
1961,620,2.230843
1962,620,2.230843
1963,620,2.230843
1964,620,2.215138
1965,620,1.812334
1966,620,3.062334
1967,620,3.465138
1970,620,1.178564
1974,620,9.740139
2039,620,168.237457
1879,621,24.827753
1888,621,14.103126
1937,621,10.881004
1940,621,29.826239
1947,621,1.744573
1948,621,1.183324
1989,621,1.302577
1996,621,3.698125
2033,621,54.517628
1888,622,20.632215
1940,622,12.276054
1948,622,1.230237
1888,623,13.280199
1937,623,3.030934
1940,623,81.018768
1941,623,119.603737
1951,623,1.308644
1952,623,2.940602
1953,623,3.797272
1954,623,2.387361
1959,623,2.018835
1975,623,7.438194
1976,623,4.808909
1889,624,96.10807
1891,624,26.244844
1892,624,10.600624
1893,624,7.554845
1937,624,2.750632
1938,624,3.519608
1939,624,118.214821
1940,624,120.478691
1941,624,105.607224
1952,624,3.41254
1953,624,4.439854
1965,624,1.009694
1966,624,1.009694
1967,624,1.459666
1968,624,16.234795
1969,624,4.743562
1970,624,4.091019
1971,624,6.139474
1972,624,8.617372
1973,624,11.672715
1974,624,13.24825
1975,624,2.098042
1976,624,3.535158
1984,624,1.011053
1987,624,9.081874
2039,624,301.783783
1889,625,10.505272
1890,625,17.226721
1929,625,2.956009
1930,625,3.630215
1939,625,10.94075
1940,625,510.53772
1941,625,44.8311
1965,625,7.776066
1966,625,4.17679
1976,625,3.386194
1987,625,5.242408
2036,625,238.966721
2037,625,69.930237
1817,626,26.162498
1818,626,34.757431
1819,626,26.613594
1820,626,81.354858
1853,626,28.891628
1854,626,28.916351
1889,626,18.107756
1929,626,1.406634
1930,626,2.003663
1939,626,2.484505
1940,626,29.701813
1966,626,1.083155
1973,626,1.837789
1976,626,3.386194
1851,627,20.683113
1852,627,11.580069
1853,627,10.718982
1854,627,10.830215
1939,627,52.20026
1940,627,36.068527
1964,627,2.962386
1966,627,1.462875
1968,627,4.868172
1969,627,4.535381
1970,627,2.024833
1971,627,7.726309
1972,627,7.328405
1973,627,6.855069
1974,627,3.848444
1976,627,3.380926
1978,627,1.884743
1849,628,24.092529
1850,628,20.86854
1851,628,11.607825
1852,628,6.728759
1853,628,18.235826
1854,628,19.507612
1930,628,11.680374
1939,628,68.292328
1940,628,168.243973
1955,628,1.348084
1956,628,3.536027
1963,628,2.306733
1976,628,3.409522
2069,628,65.486603
1849,629,109.333969
1850,629,19.000919
1851,629,7.316854
1852,629,4.024752
1853,629,8.289787
1854,629,8.285044
1938,629,7.874868
1939,629,4.589061
1940,629,132.574951
1941,629,30.533527
1976,629,4.074773
2036,629,1.695913
1849,630,57.932117
1850,630,11.628895
1851,630,13.069803
1852,630,11.135758
1853,630,19.605295
1939,630,4.23908
1940,630,85.626656
1962,630,1.048983
1963,630,1.009694
1964,630,1.332798
2029,630,2.886533
2040,630,1.388216
1849,631,9.744686
1850,631,16.766827
1852,631,40.756702
1853,631,114.126717
1939,631,5.082227
1940,631,100.054955
1962,631,1.11974
1976,631,4.46969
1987,631,4.306149
1994,631,4.076743
1823,632,252.877792
1940,632,165.626648
1959,632,3.581203
1960,632,1.018835
1961,632,1.831106
1974,632,1.493662
1987,632,3.894707
1994,632,4.125488
1940,633,239.332809
1961,633,4.618991
2062,633,1.478517
2063,633,3.478986
1852,634,55.033688
1939,634,9.709795
1940,634,100.059319
1976,634,11.267365
1987,634,5.711308
1992,634,1.015685
1994,634,4.272944
2032,634,1.206243
1800,635,58.265972
1807,635,101.175018
1852,635,1.903268
1939,635,8.631361
1940,635,2.032631
1974,635,1.586136
1976,635,4.143595
1987,635,3.897871
1994,635,4.164505
2013,635,1.360645
2048,635,4.19353
2057,635,4.21682
2059,635,3.624105
1787,636,7.767802
1790,636,7.828632
1807,636,5.066678
1939,636,1.245851
1940,636,2.620617
1996,636,1.599203
2048,636,2.898913
1791,637,12.200575
1796,637,10.11844
1799,637,432.420441
1805,637,61.135147
1808,637,939.08905
1809,637,94.933174
1940,637,2.96999
1958,637,2.790958
1976,637,5.579454
1987,637,3.779578
1994,637,4.041932
1800,638,239.127502
1821,638,135.322845
1822,638,105.022186
1840,638,95.570244
1940,638,2.296777
1941,638,1.921734
1970,638,5.479211
1994,638,4.880231
2029,638,1.730744
2030,638,2.078076
2033,638,1.75948
2071,638,4.618573
1799,639,5.843352
1840,639,8.099251
1867,639,49.995285
1998,639,1.242066
2030,639,1.136523
2037,639,1.517439
1839,640,1.291772
1840,640,29.651411
1866,640,1.670629
1867,640,1.09968
1868,640,26.373913
1934,640,5.982353
1935,640,3.635097
1994,640,3.87404
1865,641,5.729994
1867,641,20.919504
1916,641,1.713118
1917,641,1.831759
1918,641,2.153386
1936,641,4.385361
1937,641,4.947383
1994,641,3.586123
2032,641,3.632168
2033,641,5.324715
2034,641,4.479557
2035,641,2.376703
2036,641,1.427454
2037,641,2.172872
1865,642,6.812097
1866,642,16.053967
1916,642,7.925012
1940,642,13.301594
1965,642,1.081943
1996,642,1.600756
2034,642,1.006004
1865,643,10.858069
1866,643,8.182878
1937,643,2.67664
1939,643,1.90677
1940,643,1.898403
1941,643,1.723867
1947,643,2.558183
1948,643,2.642191
1949,643,2.749013
1950,643,3.04011
1951,643,1.756325
1952,643,1.085778
1993,643,3.816447
2072,646,77.749001
1953,647,12.314951
1954,647,2.747946
1955,647,2.925367
1956,647,2.683738
1953,648,1.992091
1954,648,2.757231
1955,648,2.575554
1956,648,3.66744
1958,648,1.483051
1959,648,5.939452
1960,648,5.994632
1961,648,2.238409
1962,648,3.083491
1966,648,1.062617
1967,648,1.062617
1968,648,1.062617
1969,648,2.321383
1970,648,2.146955
1993,648,5.795345
2002,648,1.593074
2003,648,1.524351
2063,648,4.366259
2071,648,168.082123
1947,649,2.437286
1948,649,2.95539
1949,649,1.619377
1950,649,3.610444
1954,649,1.709038
1955,649,1.87127
1956,649,1.219326
1965,649,1.034357
1966,649,2.929757
1967,649,1.571079
1993,649,5.001274
2002,649,8.98983
1911,650,1.135047
1933,650,126.091095
1945,650,70.15213
1951,650,1.25829
1956,650,1.043478
1988,650,5.88976
1990,650,1.353336
1991,650,20.888721
1993,650,3.932636
2002,650,1.079494
2003,650,2.513366
2061,650,1.328746
1943,651,1.2093
1945,651,31.237988
1950,651,4.811203
1956,651,1.045676
1987,651,2.345723
1993,651,4.281593
2003,651,1.603025
2018,651,2.593471
2019,651,1.815214
2020,651,1.138594
2021,651,2.009605
2022,651,2.783328
2023,651,2.781579
2024,651,2.403077
1863,652,13.705052
1932,652,4.567511
1943,652,1.487046
1944,652,7.933329
1945,652,1.072643
1947,652,1.806567
1948,652,12.721402
1949,652,6.053025
1950,652,3.215741
1952,652,13.812398
1953,652,9.325259
1954,652,2.137991
1955,652,1.030612
1956,652,1.030612
1960,652,1.778142
1961,652,2.94085
1993,652,8.976601
2003,652,1.471547
2056,652,1.128804
1862,653,31.684038
1863,653,9.058653
1883,653,80.05127
1930,653,1.507482
2003,653,2.458329
1838,654,1.041125
1862,654,11.632224
1863,654,14.038013
1984,654,1.41722
1985,654,1.555155
1991,654,1.840741
2028,654,1.716478
2029,654,1.18377
2030,654,1.18377
2031,654,1.179157
2035,654,4.620968
2056,654,4.088011
1839,655,1.916802
1841,655,11.642183
1861,655,3.72525
1862,655,9.209364
1863,655,3.5522
1899,655,1.958289
1900,655,4.180105
1928,655,4.927234
1945,655,1.870033
1987,655,1.299354
1991,655,2.639273
1992,655,10.765879
1840,656,1.532846
1842,656,14.034419
1843,656,9.830084
1844,656,8.382092
1845,656,14.957014
1859,656,19.695179
1861,656,5.183315
1862,656,15.310217
1863,656,1.305754
1899,656,2.582252
1919,656,1.0913
1920,656,1.494328
1947,656,6.269925
2001,656,2.338963
1817,657,3.212223
1818,657,4.641658
1819,657,3.409349
1842,657,3.166099
1843,657,3.878969
1844,657,7.737293
1845,657,22.924038
1860,657,5.832688
1861,657,8.735513
1862,657,1.490692
1896,657,5.752604
1898,657,6.640459
1899,657,8.761997
1900,657,1.668306
1918,657,2.548962
1921,657,47.788158
1927,657,11.162024
1939,657,1.367041
1940,657,2.375786
1941,657,1.642599
1942,657,2.059202
1948,657,1.055932
1987,657,1.412952
2030,657,1.130869
2031,657,1.140651
2034,657,1.789766
2035,657,1.677907
2050,657,108.429199
2051,657,13.172376
2052,657,10.532134
2053,657,3.855583
2054,657,31.779091
2055,657,26.748043
1797,658,1.167176
1816,658,4.069212
1817,658,1.127039
1818,658,1.076906
1819,658,1.933244
1820,658,2.028644
1841,658,1.313154
1843,658,1.411325
1844,658,1.018182
1845,658,2.175425
1846,658,19.542158
1860,658,9.088688
1861,658,4.490178
1862,658,8.356979
1920,658,4.414145
1921,658,2.526679
1922,658,6.441969
1927,658,2.24691
1928,658,11.532037
1939,658,2.679539
1940,658,3.37693
1941,658,4.324555
1942,658,16.503286
1987,658,1.011294
2001,658,9.929966
2009,658,4.316819
2031,658,1.236121
2049,658,52.972191
2050,658,16.612633
2051,658,4.830841
2052,658,8.023774
2053,658,2.592545
2054,658,6.958537
2055,658,4.243083
1818,659,1.629146
1819,659,1.309456
1845,659,2.175425
1846,659,10.937729
1860,659,9.114654
1861,659,8.312591
1862,659,1.614758
1904,659,1.926004
1918,659,6.371519
1919,659,1.094259
1927,659,6.498454
1929,659,5.01709
1930,659,26.748226
1931,659,24.12681
1932,659,9.913998
1939,659,4.133645
1940,659,5.044543
1941,659,10.464952
1942,659,1.83954
1952,659,4.770467
2048,659,2.124332
1845,660,2.175425
1846,660,11.985236
1847,660,2.234366
1859,660,9.114654
1860,660,6.585582
1861,660,6.239421
1862,660,5.855327
1899,660,2.629175
1900,660,8.075651
1930,660,10.050622
1931,660,5.404229
1932,660,3.664081
1933,660,15.261292
1934,660,5.84044
1935,660,6.561292
1936,660,6.105735
1937,660,5.901125
1938,660,4.460211
1939,660,4.214458
1940,660,3.764449
1941,660,6.13633
1952,660,2.306095
1953,660,2.59595
1954,660,1.002198
1984,660,3.819936
2024,660,1.247291
2038,660,1.145653
2039,660,3.829496
2041,660,2.556171
2071,660,13.012599
1847,661,16.956453
1848,661,4.425156
1860,661,6.239421
1861,661,4.314959
1862,661,10.39612
1863,661,4.399954
1927,661,2.397691
1932,661,3.116328
1933,661,8.578039
1934,661,5.81307
1935,661,5.054301
1936,661,5.228666
1937,661,5.798597
1938,661,9.043109
1939,661,10.364845
1940,661,3.664764
1943,661,11.112134
1994,661,3.908616
2071,661,4.685627
2072,661,107.013626
1848,662,3.922509
1860,662,10.094513
1861,662,14.061722
1862,662,11.466457
1863,662,5.681261
1908,662,1.930102
1909,662,2.839485
1921,662,2.376155
1922,662,1.766681
1924,662,5.998486
1927,662,5.030173
1945,662,2.528463
2012,662,2.142857
2013,662,1.115601
2016,662,1.34623
2036,662,4.085748
2037,662,1.14942
1843,663,1.184433
1859,663,16.216972
1860,663,17.944996
1861,663,25.601421
1862,663,12.085399
1863,663,10.953712
1864,663,25.936567
1900,663,2.306211
1901,663,1.848444
1908,663,5.112029
1909,663,2.721606
1910,663,2.479316
1911,663,2.436984
1912,663,7.273756
1913,663,6.354203
1914,663,4.329019
1986,663,2.759101
1987,663,1.548927
1988,663,1.526502
2001,663,1.93313
2036,663,2.192072
2040,663,2.661465
1860,664,16.140837
1861,664,16.681921
1862,664,9.035078
1863,664,21.216431
1864,664,30.817495
1899,664,20.847178
1900,664,2.768422
1901,664,3.702168
1908,664,4.645846
1914,664,1.004389
1922,664,1.358173
1923,664,1.261837
1924,664,1.404317
1925,664,2.493566
1942,664,1.009694
1943,664,1.090288
1980,664,10.00453
1984,664,5.784113
1985,664,1.663897
1987,664,1.982942
2036,664,2.05943
2041,664,8.59857
2048,664,2.245446
1860,665,4.718045
1861,665,15.676897
1862,665,2.217006
1863,665,29.236404
1864,665,24.975489
1865,665,27.945723
1901,665,2.621936
1903,665,6.174061
1908,665,2.090955
1912,665,8.869527
1921,665,6.980985
1922,665,3.109993
1927,665,5.554076
1942,665,11.590605
1943,665,34.406746
1945,665,3.52187
1952,665,4.990632
1987,665,7.78467
1988,665,1.739847
2002,665,1.203096
1858,666,3.903517
1859,666,5.289166
1860,666,4.660945
1861,666,6.776474
1863,666,4.776961
1864,666,25.005873
1865,666,42.311722
1881,666,1.802818
1901,666,3.06366
1910,666,5.601756
1911,666,21.042139
1912,666,3.062874
1913,666,8.987947
1914,666,6.300494
1924,666,1.312171
1925,666,7.141457
1929,666,6.038468
1932,666,18.068518
1933,666,35.880615
1934,666,36.9725
1935,666,34.59903
1937,666,28.264925
1938,666,34.370678
1939,666,10.727442
1940,666,58.257172
1942,666,7.340292
1945,666,12.26712
1999,666,1.265701
2000,666,1.072829
2002,666,6.367883
2003,666,4.60924
2014,666,1.596769
2039,666,5.461703
2067,666,1.338403
2069,666,1.752047
1858,667,2.926136
1859,667,4.67912
1860,667,12.111043
1861,667,9.47696
1862,667,3.458728
1863,667,3.49625
1864,667,4.252344
1865,667,2.425344
1899,667,3.736078
1908,667,4.756424
1910,667,1.601343
1911,667,26.195343
1912,667,5.829043
1913,667,1.936158
1914,667,3.954002
1921,667,3.814531
1922,667,10.828507
1939,667,2.234922
1940,667,34.487438
1945,667,2.527825
1948,667,1.267969
1952,667,1.920741
1953,667,19.575703
1958,667,9.723655
1970,667,2.108168
1999,667,1.347507
2000,667,1.494116
2013,667,1.297509
2021,667,1.443041
2040,667,2.224221
2047,667,8.468168
2066,667,2.371075
2069,667,3.449582
2070,667,1.376399
1857,668,2.303676
1858,668,6.025393
1859,668,10.938539
1860,668,6.587059
1864,668,1.760855
1865,668,8.419696
1887,668,21.529972
1894,668,1.366519
1895,668,2.137254
1896,668,2.931204
1897,668,7.073378
1898,668,2.005769
1908,668,3.071108
1916,668,2.710684
1917,668,4.083983
1918,668,7.333569
1935,668,7.409569
1952,668,1.641199
1954,668,3.669719
1957,668,2.569399
1986,668,8.110481
1987,668,7.631334
1999,668,10.195992
2015,668,1.963877
2038,668,1.3412
2039,668,2.098322
2040,668,2.268333
2041,668,1.557949
2052,668,1.22318
2054,668,1.379486
2064,668,4.660345
2066,668,1.257095
2067,668,1.528675
2068,668,1.247871
2069,668,1.833804
1849,669,1.468563
1854,669,2.510141
1855,669,4.317276
1856,669,5.568511
1857,669,4.569973
1858,669,4.70344
1859,669,8.069173
1867,669,1.633219
1868,669,18.67473
1916,669,1.072643
1954,669,1.831506
1959,669,1.356886
1986,669,3.585383
1987,669,3.786107
1999,669,2.102591
2002,669,1.2566
2015,669,5.366932
2047,669,3.844293
2048,669,2.172751
2056,669,1.512408
2058,669,6.039633
2059,669,10.858463
2061,669,24.866196
2062,669,21.638199
2064,669,21.270559
2065,669,20.185156
2066,669,24.06233
2067,669,19.569775
2068,669,28.419472
1853,670,1.065494
1887,670,8.306605
1888,670,12.274499
1904,670,1.93966
1909,670,1.571819
1921,670,9.824079
1922,670,9.619227
2001,670,3.196334
2002,670,2.54147
2007,670,8.962257
2009,670,1.108358
2010,670,1.600909
2011,670,1.600909
2012,670,2.598739
2015,670,3.020496
2016,670,3.020496
2017,670,3.020496
2018,670,2.5132
2019,670,2.5132
2020,670,2.5132
2026,670,1.047397
2027,670,2.740953
2028,670,1.047397
2029,670,2.464283
2030,670,1.926843
2031,670,2.699117
2049,670,1.298089
2050,670,7.367708
2056,670,5.781859
2057,670,20.145731
2066,670,33.672646
1859,671,6.051378
1898,671,1.624169
1899,671,3.076378
1900,671,1.250853
1902,671,2.098157
1904,671,2.078612
1922,671,6.530504
1923,671,87.359047
1924,671,196.185883
1927,671,3.099961
1934,671,7.893351
1942,671,24.679369
1946,671,1.518004
1950,671,11.890415
1952,671,3.761774
1953,671,2.491183
2001,671,3.670093
2002,671,2.087515
2007,671,6.028265
2025,671,6.299968
2048,671,2.929094
2049,671,1.088194
2050,671,2.010764
2051,671,3.094735
1788,672,53.383781
1889,672,8.359038
1916,672,12.049706
1917,672,6.684855
1920,672,5.106071
1924,672,9.917983
1927,672,7.140917
1952,672,1.073069
1999,672,7.432885
2007,672,1.229243
2047,672,16.466906
2048,672,9.454496
2051,672,3.130707
2053,672,4.087363
2056,672,14.218438
1788,673,62.307747
1881,673,29.813982
1882,673,11.344135
1887,673,4.899796
1888,673,7.452623
1909,673,3.52182
1911,673,4.641962
1912,673,4.119678
1914,673,3.998842
1915,673,13.552937
1916,673,5.618391
1918,673,1.30283
1939,673,1.714458
1998,673,12.783857
1999,673,1.332237
2007,673,3.240283
2008,673,4.600118
2010,673,3.619446
2016,673,1.487367
2048,673,24.350864
2049,673,22.026064
2050,673,6.737242
2051,673,1.185814
2052,673,5.400427
2055,673,5.706086
2056,673,20.158218
1788,674,55.061829
1880,674,2.638498
1914,674,4.62787
1919,674,6.317431
1920,674,7.987821
1921,674,4.687016
1923,674,3.021001
1924,674,28.027803
1927,674,40.277115
1928,674,5.779817
1929,674,4.798608
1930,674,1.169496
1931,674,5.006549
1932,674,6.777978
1933,674,4.204047
1934,674,2.299024
1938,674,2.89681
1942,674,14.524948
1997,674,1.376206
2001,674,1.2566
2019,674,4.199577
2040,674,2.438692
2047,674,14.397274
2048,674,8.338014
2049,674,8.31196
2050,674,6.000939
2051,674,8.514818
2052,674,8.939544
2053,674,12.767521
2054,674,32.320595
2055,674,43.148262
2056,674,27.544685
2062,674,142.789169
1889,675,2.484978
1909,675,2.298994
1927,675,5.010634
1937,675,3.392947
1938,675,10.628331
1942,675,2.04436
1947,675,11.77917
1948,675,206.668594
1949,675,4.134401
1952,675,52.086166
1953,675,74.312576
1956,675,1.505672
1978,675,1.266299
1994,675,8.278468
2001,675,1.2566
2019,675,13.728827
2046,675,14.863727
2051,675,15.485775
2052,675,17.441713
2053,675,17.322287
2054,675,28.005075
2055,675,58.737812
2062,675,34.431339
1868,676,28.062889
1882,676,5.32548
1893,676,9.802452
1894,676,16.229733
1895,676,1.578063
1903,676,15.568574
1909,676,3.100998
1920,676,12.863974
1942,676,3.636593
1949,676,1.424046
1950,676,1.436136
1953,676,1.49976
1978,676,2.758976
1997,676,1.550106
1998,676,5.883759
1999,676,81.814995
2001,676,1.2566
2007,676,13.088232
2011,676,2.004836
1885,677,3.40528
1893,677,4.58418
1903,677,7.417737
1923,677,2.478624
1924,677,59.818115
1930,677,5.902658
1931,677,5.152587
1932,677,6.419802
1933,677,1.674913
1934,677,3.314023
1936,677,11.476971
1937,677,1.197163
1938,677,6.810328
1939,677,16.217943
1940,677,31.738997
1942,677,15.136703
1978,677,1.758976
1997,677,1.3929
1998,677,12.461587
2001,677,1.2566
2008,677,4.189318
2053,677,26.877983
2054,677,59.340611
1838,678,1.467245
1863,678,1.349267
1864,678,2.097517
1867,678,5.277603
1869,678,2.832228
1874,678,37.837547
1901,678,4.105904
1903,678,2.115972
1912,678,1.402614
1915,678,3.609998
1916,678,1.191984
1918,678,1.840991
1919,678,107.447464
1928,678,33.020462
1929,678,21.52413
1930,678,6.723871
1931,678,5.532008
1978,678,2.579582
1997,678,21.170294
1998,678,5.615069
2053,678,14.892411
2054,678,54.853081
2055,678,32.297615
2056,678,36.378639
2057,678,73.260994
2058,678,25.691723
2059,678,26.396706
2060,678,30.804798
2061,678,17.596119
1826,679,100.767319
1863,679,9.82311
1873,679,5.556943
1898,679,9.546189
1899,679,19.904425
1900,679,1.193269
1909,679,5.756446
1911,679,3.030142
1912,679,3.305513
1914,679,3.300273
1915,679,2.782951
1917,679,9.469069
1918,679,71.600357
1919,679,53.193184
1921,679,32.319935
1924,679,8.75381
1925,679,103.282944
1935,679,1.568512
1936,679,1.936787
1937,679,3.567994
1938,679,2.639332
1939,679,2.7029
1940,679,3.369797
1941,679,26.8493
1948,679,29.9242
1949,679,12.787761
1954,679,164.448395
1957,679,1.742931
1959,679,14.415899
1997,679,27.318638
1998,679,10.215821
2006,679,16.338593
2007,679,2.389959
2008,679,2.546851
2010,679,2.03654
2059,679,8.125575
2060,679,5.374299
2061,679,17.023804
2064,679,1.970347
2065,679,28.405664
2066,679,59.245609
1826,680,17.49972
1862,680,1.683293
1887,680,1.443486
1889,680,1.618207
1894,680,1.339081
1903,680,1.508328
1905,680,1.759781
1906,680,1.681073
1907,680,1.606218
1908,680,6.775505
1909,680,4.780674
1911,680,27.03657
1912,680,141.109528
1914,680,14.905428
1915,680,1.016049
1916,680,3.263908
1918,680,2.000062
1919,680,57.947327
1933,680,11.561317
1934,680,1.576473
1935,680,1.592833
1936,680,1.689511
1952,680,10.833846
1954,680,9.883268
1955,680,7.379879
1956,680,9.991291
1959,680,1.80251
1960,680,1.679029
1997,680,3.436066
1998,680,15.632456
2005,680,15.349586
2006,680,21.722189
2007,680,3.497398
2008,680,5.753858
2009,680,1.809818
2011,680,2.085749
2017,680,1.478261
2060,680,2.073209
2064,680,18.621923
2065,680,15.831103
2066,680,53.542549
1826,681,19.762653
1860,681,10.889067
1863,681,1.169626
1864,681,23.673559
1865,681,22.844543
1868,681,1.845897
1876,681,23.441835
1878,681,13.566951
1911,681,71.909203
1912,681,145.858917
1917,681,1.299692
1919,681,3.8646
1923,681,27.462879
1927,681,26.604464
1928,681,27.110313
1929,681,25.954752
1938,681,43.591518
1939,681,1.151421
1940,681,16.473845
1952,681,10.422075
1953,681,5.997515
1954,681,12.962255
1956,681,3.39677
1959,681,1.696755
1972,681,5.150922
1997,681,5.482745
2006,681,6.858271
2007,681,2.86114
2008,681,5.737533
2009,681,2.048527
2017,681,2.5132
2055,681,13.804957
2059,681,6.082575
2061,681,4.667424
2066,681,27.805014
1843,682,1.805876
1849,682,5.194148
1864,682,1.598077
1865,682,64.679695
1875,682,17.473766
1876,682,2.624292
1878,682,18.173494
1879,682,37.238697
1880,682,7.729074
1893,682,12.520999
1894,682,2.12529
1905,682,6.155023
1911,682,45.782104
1912,682,135.840546
1913,682,503.731567
1917,682,2.104664
1918,682,4.059043
1919,682,6.285284
1922,682,5.345556
1941,682,18.082165
1952,682,11.165215
1953,682,5.103318
1954,682,1.473599
1956,682,1.974354
1957,682,1.588703
1960,682,1.692771
1995,682,1.614229
1997,682,2.160185
2006,682,6.565678
2007,682,3.601679
2008,682,1.251744
2010,682,1.528177
2059,682,6.006345
2061,682,3.607312
2064,682,65.590279
2066,682,99.268097
1840,683,2.468985
1843,683,8.389596
1844,683,2.615709
1849,683,1.995179
1854,683,18.78224
1858,683,3.136241
1864,683,1.789732
1865,683,7.32719
1866,683,6.489444
1867,683,1.185508
1868,683,1.797555
1869,683,7.249578
1870,683,8.170183
1871,683,16.19413
1872,683,6.005597
1877,683,6.277374
1878,683,5.253277
1879,683,4.592668
1880,683,9.577896
1886,683,1.724598
1887,683,1.233703
1888,683,3.257245
1893,683,6.443076
1904,683,3.359567
1911,683,4.271513
1912,683,13.358537
1913,683,2.920187
1915,683,1.967538
1917,683,3.007789
1936,683,1.745266
1948,683,7.159021
1950,683,6.667495
1952,683,12.407654
1953,683,5.375528
1954,683,1.391063
1955,683,1.015266
1956,683,2.965668
1957,683,2.239134
1960,683,1.003656
1962,683,1.051723
1994,683,1.029201
1995,683,6.056433
1996,683,2.351221
1997,683,2.438136
2005,683,38.740334
2006,683,5.121995
2059,683,18.414595
2061,683,3.777469
2064,683,47.554195
2066,683,66.475586
1834,684,8.588893
1844,684,2.900597
1849,684,3.482165
1854,684,1.14623
1865,684,1.089886
1877,684,1.583193
1880,684,2.573838
1900,684,5.616848
1901,684,45.330444
1913,684,6.401925
1916,684,1.371404
1919,684,3.084662
1920,684,2.439353
1921,684,32.643955
1922,684,4.54809
1930,684,1.14452
1935,684,3.554417
1941,684,27.034079
1948,684,39.253719
1949,684,5.213682
1950,684,7.510248
1952,684,4.68472
1953,684,5.55903
1954,684,1.391063
1956,684,3.37745
1957,684,1.554241
1960,684,1.003656
1962,684,1.41404
1995,684,6.261791
1848,685,1.131768
1851,685,1.505623
1852,685,13.549178
1854,685,7.877345
1855,685,1.214777
1895,685,4.344917
1896,685,4.69962
1897,685,6.01324
1900,685,1.220377
1901,685,6.038102
1904,685,8.054866
1910,685,6.534784
1948,685,1.441332
1949,685,6.441454
1950,685,7.326156
1952,685,2.631099
1954,685,1.145321
1956,685,3.321348
1957,685,1.897083
1960,685,1.055098
1963,685,1.014264
2063,685,34.274387
2064,685,110.446968
2066,685,23.707466
1793,686,2.334036
1835,686,133.413605
1836,686,1.116704
1844,686,3.752326
1852,686,3.17585
1855,686,6.232846
1856,686,3.148323
1880,686,1.172856
1882,686,7.768452
1885,686,2.793645
1920,686,6.650466
1921,686,21.849695
1922,686,7.583397
1923,686,4.042236
1931,686,21.620228
1932,686,204.625427
1949,686,6.552384
1950,686,8.337477
1952,686,3.079304
1957,686,1.989207
1960,686,1.167216
1987,686,1.040909
1996,686,5.51193
2006,686,29.108164
2066,686,16.596476
2067,686,78.611542
1798,687,3.151473
1801,687,2.946492
1825,687,1.215362
1836,687,4.646843
1837,687,1.881033
1839,687,2.25876
1840,687,6.196398
1842,687,1.884117
1843,687,1.412395
1852,687,3.1118
1856,687,2.806464
1869,687,1.093987
1870,687,1.141664
1882,687,2.686642
1912,687,24.428242
1913,687,7.130927
1915,687,1.33549
1916,687,1.916215
1919,687,7.159835
1920,687,6.561943
1921,687,2.567822
1927,687,1.527395
1931,687,27.614298
1955,687,6.354061
1992,687,3.339796
1837,688,18.895702
1849,688,4.340442
1852,688,5.880637
1899,688,21.8533
1900,688,11.427362
1904,688,4.677245
1912,688,6.507978
1916,688,2.62364
1917,688,5.358136
1922,688,14.272435
1923,688,3.833721
1931,688,4.960225
1933,688,4.995401
1950,688,5.986603
1956,688,1.487711
1957,688,1.454602
1967,688,1.291718
1968,688,3.30186
1969,688,1.32778
1970,688,1.061263
1971,688,1.732357
1989,688,5.210486
1991,688,5.749343
2067,688,42.601433
2068,688,44.694271
1851,689,1.413534
1872,689,3.861828
1878,689,77.106705
1891,689,1.676436
1894,689,1.789096
1897,689,1.237565
1899,689,10.687471
1907,689,12.413762
1911,689,4.171502
1916,689,15.549921
1917,689,3.043689
1977,689,3.53689
1987,689,1.5001
1988,689,1.60024
1989,689,15.553631
2059,689,2.373361
2060,689,2.161418
1849,690,1.907449
1862,690,51.37672
1872,690,18.347828
1878,690,3.101405
1880,690,25.075117
1947,690,6.829905
1948,690,5.943568
1949,690,11.705405
1960,690,27.668858
1964,690,1.117575
1966,690,2.417834
1839,691,12.703111
1860,691,1.053825
1862,691,5.50198
1878,691,7.193047
1880,691,3.918258
1904,691,188.697693
1910,691,10.891745
1912,691,3.257916
1934,691,7.51697
1940,691,7.00383
1941,691,1.652888
1948,691,1.624093
1949,691,1.439553
1984,691,3.308354
1986,691,1.673254
1987,691,1.807257
1988,691,3.058851
1989,691,4.097656
1990,691,78.466499
1991,691,34.505112
1992,691,22.19908
2064,691,18.807714
2067,691,37.496559
1787,692,64.779388
1789,692,60.925224
1840,692,3.393127
1854,692,1.956563
1862,692,25.989975
1877,692,6.245162
1878,692,8.325584
1902,692,181.741684
1917,692,8.226212
1918,692,8.574177
1932,692,1.244231
1969,692,1.811395
1970,692,4.363868
1971,692,4.290636
1984,692,3.001416
1989,692,1.502156
1990,692,10.134323
1991,692,56.065529
1992,692,47.368629
1994,692,39.017818
1995,692,41.481266
1856,388,1.364418
1859,388,7.570439
1860,388,2.163159
1900,388,3.414535
1910,388,57.722599
1912,388,26.426991
1841,693,2.160468
1842,693,5.803125
1843,693,1.063665
1844,693,1.501279
1856,693,4.821895
1873,693,11.683299
1874,693,10.761506
1892,693,219.211166
1897,693,2.194979
1901,693,12.868753
1912,693,1.835321
1913,693,1.918737
1916,693,2.429409
1917,693,2.018292
1918,693,9.804851
1964,693,3.25915
1984,693,5.792678
1986,693,1.288245
1987,693,1.512101
1988,693,1.730652
1989,693,1.125231
1990,693,2.170425
1991,693,99.104866
1992,693,40.347878
1994,693,34.484615
1863,389,4.943638
1865,389,2.099013
1866,389,2.000604
1867,389,3.933401
1910,389,7.480494
1974,389,23.8403
1847,694,1.331885
1848,694,1.049333
1853,694,3.94037
1856,694,2.190608
1857,694,24.152315
1873,694,12.919417
1874,694,344.833099
1881,694,1.656486
1887,694,5.125111
1891,694,4.322424
1892,694,50.187431
1893,694,6.994369
1894,694,7.113053
1896,694,2.495819
1897,694,5.209064
1901,694,9.049177
1954,694,2.077931
1961,694,2.225187
1962,694,2.828268
1963,694,1.737003
1964,694,2.286794
1978,694,1.829319
1979,694,1.051177
1983,694,1.161052
1984,694,4.941597
1986,694,1.912643
1987,694,1.903723
1988,694,1.428313
1989,694,1.34739
1990,694,1.674952
1991,694,2.154402
2067,694,57.034195
2068,694,45.053867
1863,390,9.849427
1870,390,1.275073
1900,390,4.983697
1912,390,1.989128
1928,390,57.755611
1930,390,15.784767
1932,390,70.936172
1971,390,19.223108
1973,390,15.128856
1848,695,1.080191
1849,695,7.648442
1850,695,14.530778
1852,695,3.967903
1853,695,3.304056
1855,695,8.129327
1856,695,3.713873
1857,695,5.85342
1875,695,4.826485
1876,695,5.270992
1890,695,1.003623
1893,695,2.615727
1902,695,49.77264
1911,695,12.038974
1912,695,5.835772
1913,695,2.153078
1914,695,6.557681
1955,695,5.67943
1956,695,1.479084
1981,695,1.842987
1983,695,4.329362
1984,695,5.621238
1986,695,1.747945
1987,695,2.252781
1988,695,2.47187
1989,695,1.931454
1990,695,2.410966
1991,695,7.264406
2067,695,20.013763
2068,695,8.430355
1861,391,1.469105
1862,391,3.299589
1863,391,5.377751
1865,391,1.159881
1866,391,3.386016
1869,391,1.975467
1871,391,1.665786
1890,391,7.870645
1899,391,11.062349
1900,391,6.555448
1908,391,23.892992
1914,391,18.769588
1917,391,15.337776
1923,391,34.309639
1924,391,19.578745
1925,391,20.712776
1926,391,20.909204
1927,391,49.641773
1928,391,49.148907
1929,391,3.801468
1930,391,39.208603
1932,391,5.910197
1955,391,68.356224
1849,696,1.580323
1850,696,1.525747
1853,696,6.367064
1855,696,10.61306
1856,696,9.192556
1857,696,11.413507
1858,696,4.01511
1867,696,14.885489
1868,696,1.520287
1898,696,10.493052
1902,696,8.661905
1910,696,3.07335
1955,696,5.498353
1957,696,2.647753
1965,696,1.672291
1966,696,2.944536
1982,696,1.415718
1983,696,4.0785
1984,696,10.517636
2067,696,29.2008
1831,392,10.659716
1832,392,53.77047
1861,392,3.35627
1862,392,1.257217
1863,392,4.244114
1865,392,1.360291
1866,392,4.371403
1867,392,1.221241
1868,392,1.52288
1891,392,2.749872
1899,392,11.970764
1900,392,5.113296
1908,392,60.451885
1912,392,1.541667
1915,392,8.358179
1916,392,3.884116
1917,392,2.714909
1918,392,6.14363
1919,392,8.010344
1923,392,52.772343
1924,392,10.462617
1925,392,2.71822
1926,392,13.142193
1927,392,30.359545
1929,392,3.002131
1930,392,5.313596
1856,697,5.449136
1859,697,23.652191
1862,697,10.069393
1902,697,7.193205
1912,697,7.729661
1913,697,1.377951
1922,697,11.087937
1961,697,2.532796
1962,697,1.022349
1964,697,3.955139
1965,697,6.498966
1966,697,1.415612
1975,697,1.288136
1981,697,1.137487
1982,697,6.326239
1983,697,3.563892
1984,697,8.868111
1986,697,1.158908
1987,697,2.614528
1988,697,1.060984
1989,697,1.943057
1822,393,3.976686
1824,393,46.85442
1825,393,4.697694
1826,393,5.347761
1827,393,9.935247
1830,393,16.414852
1831,393,15.096569
1861,393,16.509584
1862,393,26.468359
1863,393,10.527337
1865,393,2.084975
1866,393,2.236044
1899,393,3.629755
1900,393,2.987769
1917,393,1.851734
1923,393,32.320408
1924,393,16.254669
1925,393,24.710123
1926,393,7.329922
1927,393,19.773582
1928,393,62.074249
1931,393,3.672035
1932,393,3.586876
1933,393,6.4527
2068,393,13.778914
2069,393,7.325597
1858,698,5.796948
1859,698,2.548004
1860,698,9.191725
1861,698,4.926033
1862,698,9.069431
1864,698,3.540625
1866,698,1.032125
1913,698,2.967678
1914,698,2.733182
1959,698,2.015555
1969,698,24.676317
1981,698,5.566504
1982,698,2.275144
1983,698,6.21016
1984,698,5.893587
1987,698,1.386134
1988,698,1.284194
1989,698,7.836635
1990,698,104.962082
1991,698,389.765045
1825,394,1.021729
1827,394,12.933444
1865,394,4.637559
1866,394,5.466636
1899,394,6.53618
1900,394,4.208981
1911,394,1.182262
1912,394,6.10465
1913,394,8.235357
1915,394,1.559993
1916,394,1.041783
1918,394,2.560077
1919,394,3.461088
1924,394,31.848589
1925,394,20.401375
1926,394,9.890686
1927,394,15.797192
1932,394,3.408213
1933,394,91.654572
1812,699,36.628975
1850,699,20.178619
1861,699,10.604495
1867,699,1.261574
1868,699,1.377292
1881,699,1.890156
1905,699,8.055651
1906,699,5.77527
1907,699,2.895038
1911,699,1.597903
1959,699,2.112377
1969,699,6.586318
1980,699,4.58202
1981,699,4.87211
1982,699,1.709989
1983,699,2.773762
1984,699,6.070606
1985,699,3.563415
1986,699,1.56438
1987,699,4.87269
1988,699,3.883048
1989,699,1.734203
1990,699,35.197712
2017,699,4.449583
1850,700,13.010148
1852,700,5.978158
1864,700,7.188345
1879,700,1.384855
1881,700,1.559619
1892,700,4.550354
1905,700,6.414857
1911,700,4.057525
1975,700,1.222222
1976,700,1.193775
1978,700,1.281569
1979,700,2.24586
1980,700,1.603409
1981,700,2.469955
1982,700,1.837292
1983,700,2.068773
1984,700,6.63111
1985,700,8.20431
1986,700,3.298059
1987,700,2.63732
1988,700,5.919187
1989,700,2.351938
2016,700,1.222709
1866,395,8.459995
1899,395,6.687927
1900,395,2.274857
1910,395,1.226261
1913,395,8.680321
1914,395,7.215534
1915,395,2.655749
1916,395,3.043309
1917,395,4.393804
1919,395,13.20901
1924,395,57.39278
1925,395,128.358307
1926,395,46.843349
1927,395,136.558411
1928,395,65.828392
1932,395,1.960886
1933,395,66.49321
1812,396,1.019496
1813,396,1.378282
1824,396,3.212189
1825,396,3.840412
1828,396,2.831538
1829,396,15.559258
1830,396,1.212645
1891,396,4.871313
1892,396,133.006775
1893,396,255.636826
1899,396,6.18536
1914,396,18.613438
1915,396,5.389792
1923,396,87.413689
1924,396,246.907654
1925,396,203.241959
1927,396,136.760956
1928,396,2.119563
1929,396,6.285398
1931,396,1.411772
1932,396,1.464562
1933,396,3.576733
1807,701,17.98004
1867,701,1.520134
1881,701,5.104423
1889,701,1.033242
1890,701,1.033242
1891,701,1.033242
1910,701,1.083979
1911,701,1.625627
1966,701,1.407121
1975,701,5.490767
1976,701,8.487963
1978,701,2.674783
1979,701,2.094849
1980,701,2.33804
1981,701,7.834406
1982,701,2.217122
1983,701,2.099536
1984,701,15.893167
1986,701,3.116461
1987,701,2.633605
1988,701,5.22848
1989,701,3.373911
1990,701,2.13065
2006,701,16.488953
2016,701,1.364572
1814,397,2.065635
1825,397,1.123381
1826,397,1.958072
1827,397,2.526529
1828,397,1.231684
1829,397,5.337651
1830,397,1.72246
1860,397,5.840265
1861,397,2.24184
1862,397,1.25017
1891,397,5.237232
1892,397,112.151321
1914,397,8.477921
1927,397,111.909286
1861,702,1.378427
1864,702,4.965466
1898,702,11.038569
1899,702,7.236957
1900,702,1.656809
1911,702,5.166307
1919,702,6.740122
1970,702,1.115831
1975,702,7.430544
1976,702,23.727915
1986,702,6.272351
1988,702,7.535373
1991,702,5.51752
2006,702,7.944591
2008,702,4.939875
2017,702,1.676929
1860,398,4.910132
1861,398,2.301878
1862,398,1.579888
1864,398,9.239989
1865,398,4.077244
1889,398,1.554866
1914,398,9.119737
1971,398,50.72707
1852,703,6.96631
1861,703,6.486069
1882,703,11.995422
1886,703,6.899098
1887,703,2.263674
1893,703,2.489783
1913,703,14.289613
1966,703,3.479412
1967,703,1.504348
1971,703,1.795731
1973,703,1.461299
1974,703,3.328972
1975,703,5.040049
1976,703,7.186961
1977,703,1.074612
1978,703,2.405792
1979,703,7.012389
1980,703,1.867316
1981,703,1.846725
1982,703,2.56093
1983,703,2.944006
1984,703,12.7663
2026,703,1.446383
1812,399,3.964606
1860,399,1.016006
1852,704,2.526568
1858,704,33.059151
1859,704,15.347026
1861,704,11.066342
1864,704,2.433378
1877,704,1.295671
1907,704,2.281365
1918,704,3.052055
1966,704,3.955781
1968,704,1.222714
1971,704,5.299997
1972,704,2.802551
1973,704,5.024236
1974,704,3.146467
1975,704,2.923872
1976,704,6.539412
1977,704,2.450226
1978,704,1.798702
1979,704,4.831973
1980,704,1.386203
1981,704,1.033485
1982,704,2.008848
1983,704,7.214736
1984,704,5.309648
1986,704,3.459884
1987,704,9.360684
2025,704,2.124887
1859,400,6.276555
1864,400,2.676681
1866,400,1.575723
1917,400,1.941231
1858,705,7.104819
1859,705,9.760717
1860,705,6.286187
1864,705,6.101871
1866,705,5.943285
1891,705,1.071445
1898,705,1.801144
1899,705,1.438716
1900,705,5.503721
1901,705,4.984491
1907,705,11.035872
1908,705,9.948007
1909,705,2.493069
1910,705,1.753447
1913,705,2.886528
1968,705,4.559278
1971,705,5.435195
1972,705,4.648587
1973,705,17.97234
1974,705,7.606427
1975,705,2.614792
1976,705,6.295747
1977,705,2.694552
1978,705,2.774919
1980,705,2.661775
1981,705,3.344507
1982,705,1.510129
1983,705,2.554295
1984,705,5.818245
1810,706,5.06038
1857,706,9.633839
1858,706,13.523018
1860,706,4.44145
1862,706,3.163196
1877,706,2.477886
1891,706,1.044914
1892,706,4.767637
1893,706,3.584934
1897,706,1.186438
1898,706,4.281253
1906,706,14.99119
1907,706,2.043545
1908,706,2.282636
1909,706,2.004082
1910,706,6.225119
1911,706,14.148711
1918,706,14.067533
1952,706,13.114437
1969,706,17.14081
1975,706,5.586187
1976,706,3.435334
1977,706,22.222513
1978,706,11.449053
1979,706,7.958624
1980,706,8.34539
1981,706,8.279513
1982,706,2.544291
1983,706,1.879332
1984,706,5.412088
1986,706,2.530628
1987,706,4.427112
1988,706,4.517001
1858,402,22.317476
1859,402,5.6886
1863,402,7.905934
1864,402,2.59035
1865,402,1.036299
1858,707,3.970996
1865,707,5.1146
1866,707,3.511275
1867,707,3.595851
1880,707,3.199729
1882,707,4.482512
1883,707,9.008912
1892,707,4.190335
1893,707,4.474307
1897,707,3.858255
1898,707,1.185504
1908,707,1.23655
1909,707,1.454787
1911,707,10.320986
1912,707,20.750862
1976,707,26.498472
1977,707,19.038662
1978,707,37.517006
1979,707,35.142792
1980,707,16.460972
1981,707,13.105661
1863,403,27.352488
2024,403,2.143316
2025,403,41.671871
2026,403,4.652955
2027,403,3.281322
2028,403,1.133035
2029,403,7.102135
1865,708,8.117672
1883,708,2.823329
1887,708,1.249716
1888,708,2.639715
1889,708,2.078231
1898,708,13.65458
1899,708,13.313418
1900,708,6.086531
1901,708,8.127304
1902,708,5.457762
1907,708,2.520383
1908,708,11.219299
1909,708,2.270257
1910,708,2.982984
1912,708,4.671143
1913,708,5.716283
1862,709,11.184037
1864,709,9.984709
1865,709,12.363928
1866,709,1.694759
1882,709,5.137039
1885,709,1.94389
1887,709,1.322515
1889,709,3.687796
1896,709,5.216253
1897,709,2.010516
1898,709,2.900709
1899,709,1.31408
1900,709,4.050896
1901,709,3.490555
1902,709,3.360306
1903,709,85.039528
1906,709,3.291908
1907,709,6.294139
1908,709,3.234561
1909,709,3.124734
1910,709,3.284578
1912,709,1.135017
1913,709,3.319931
1807,404,2.262079
1865,710,25.153477
1866,710,1.285883
1867,710,3.662719
1882,710,1.808351
1887,710,1.283573
1889,710,1.907645
1890,710,3.959085
1896,710,1.779518
1897,710,3.528101
1898,710,1.11653
1901,710,2.801544
1902,710,38.622734
1903,710,150.677429
1865,405,13.158469
1866,405,1.950371
1867,405,1.736566
1868,405,2.529808
2014,405,1.741641
1865,711,9.726257
1866,711,11.735514
1867,711,3.812601
1887,711,1.213683
1889,711,1.942573
1891,711,2.247246
1892,711,1.569551
1893,711,1.925076
1896,711,1.615044
1897,711,1.825813
1900,711,1.297146
1901,711,6.251676
1902,711,9.475245
1841,406,3.574195
1843,406,16.762608
1840,407,7.378388
1841,407,4.606182
1843,407,4.143599
1844,407,16.551096
1862,407,2.942146
1896,407,1.882362
1897,407,5.350437
1898,407,2.534838
1865,712,29.01383
1866,712,7.485828
1867,712,9.008034
1887,712,1.213683
1892,712,1.07736
1901,712,13.933066
1902,712,13.953316
1904,712,4.476189
1866,713,14.197799
1867,713,3.225092
1868,713,7.819617
1869,713,1.416708
1886,713,3.978038
1887,713,1.213683
1901,713,17.38114
1902,713,3.939569
1904,713,2.424475
1906,713,1.351061
1909,713,4.99274
1910,713,40.382256
1972,713,4.267025
1973,713,6.033515
1844,408,2.27033
1845,408,1.390907
1861,408,36.758667
1896,408,1.456661
1900,408,7.342474
1906,408,24.093857
1907,408,6.304805
1915,408,37.172646
1938,408,1.957144
1940,408,8.226756
1941,408,7.23957
1806,409,11.358414
1807,409,24.529804
1808,409,4.390666
1896,409,1.928893
1897,409,2.177729
1898,409,9.571321
1901,409,12.830997
1907,409,1.600226
1913,409,3.904597
1914,409,10.603218
1915,409,4.170369
1916,409,4.70791
1934,409,2.458906
1937,409,1.298774
1940,409,3.082813
1941,409,10.654611
2014,409,19.022354
1860,714,2.12835
1861,714,1.636235
1862,714,1.189165
1863,714,1.492587
1866,714,13.87793
1867,714,2.608132
1868,714,7.993612
1869,714,1.166397
1879,714,1.139423
1881,714,2.197011
1902,714,1.239339
1903,714,1.75559
1910,714,19.778568
1967,714,75.38121
1866,715,15.811308
1867,715,5.344845
1868,715,7.606294
1869,715,3.069963
1889,715,1.10439
1900,715,1.203147
1901,715,1.843267
1902,715,1.089941
1903,715,1.374341
1946,715,1.341462
1968,715,17.730724
2029,715,18.469574
1804,410,6.170932
1805,410,1.835578
1806,410,2.342247
1807,410,3.492953
1808,410,12.732326
1814,410,1.123843
1815,410,3.074785
1816,410,2.596786
1817,410,6.873683
1897,410,4.008917
1906,410,6.96446
1907,410,2.478884
1913,410,12.729719
1914,410,2.954015
1915,410,2.280389
1916,410,30.232157
1939,410,1.200421
1940,410,2.347017
1866,716,2.863783
1867,716,2.479173
1868,716,8.5163
1903,716,2.785101
1910,716,9.446626
2032,716,20.061102
1806,411,3.066697
1807,411,3.117761
1808,411,5.277586
1809,411,3.112918
1814,411,1.884992
1817,411,6.020634
1897,411,13.003178
1907,411,6.295457
1913,411,5.57794
1914,411,16.143539
1915,411,11.541543
1916,411,5.12903
1938,411,1.468109
1939,411,2.83135
1940,411,7.251114
2002,411,31.634336
1865,717,4.127548
1866,717,14.120874
1867,717,9.6905
1868,717,1.689428
1869,717,1.187614
1887,717,3.27739
1901,717,2.835961
1908,717,1.4347
1911,717,8.548759
1944,717,1.722241
1811,412,4.445542
1812,412,4.35063
1813,412,1.768498
1817,412,5.561121
1864,412,1.364984
1939,412,3.298711
1940,412,4.387062
1941,412,3.298821
2002,412,14.635447
1867,718,2.345437
1868,718,2.318404
1869,718,4.531959
1882,718,1.097259
1883,718,1.367005
1887,718,3.731221
1901,718,1.743435
2035,718,1.443365
1863,413,1.237582
1864,413,1.472317
1940,413,2.338378
1941,413,4.801215
2023,413,9.077035
1867,719,3.063721
1868,719,5.462337
1869,719,8.34719
1883,719,2.025301
1887,719,3.606
1888,719,1.213683
1903,719,2.215736
1904,719,2.867016
1908,719,1.804405
1909,719,5.365497
1910,719,4.48755
1911,719,2.918382
1802,414,39.219425
1803,414,31.131342
1804,414,17.051292
1808,414,6.219285
1810,414,8.805057
1812,414,4.477596
1813,414,5.549434
1814,414,2.331851
1815,414,1.089349
1817,414,2.47503
1940,414,3.304731
1941,414,4.14796
1942,414,6.767145
1810,415,46.445271
1812,415,118.49926
1813,415,3.406599
1818,415,1.159334
1941,415,2.693968
1942,415,2.045587
1943,415,6.736225
1988,415,1.166316
1813,416,16.546783
1814,416,7.363413
1939,416,63.528362
1940,416,23.766075
1988,416,18.716087
1866,720,3.742635
1867,720,6.824218
1868,720,8.426648
1876,720,1.1
1880,720,1.159655
1902,720,2.759156
1903,720,2.204636
1904,720,4.468325
1907,720,35.497761
1911,720,6.599536
1867,721,4.014525
1868,721,2.966059
1869,721,8.808706
1870,721,1.3994
1873,721,4.0
1879,721,1.297794
1881,721,1.213846
1888,721,1.213683
1899,721,2.725565
1900,721,1.196444
1901,721,10.776698
1902,721,29.255684
1903,721,54.519115
2026,721,4.661626
2033,721,7.284948
2034,721,1.046938
1865,722,24.485155
1866,722,15.420505
1867,722,1.909839
1868,722,7.454772
1888,722,1.213683
1898,722,1.097884
1899,722,1.650126
1902,722,3.789566
1903,722,6.762466
1912,722,4.757258
2028,722,20.800951
2030,722,1.664218
2032,722,1.204597
2033,722,1.268813
2038,722,5.150272
1815,417,3.087185
1940,417,79.725891
1943,417,1.479023
1944,417,9.867909
2012,417,38.277184
2013,417,45.098675
2021,417,6.132385
2022,417,6.531437
1863,723,78.335007
1866,723,9.6823
1867,723,2.273938
1868,723,8.269093
1887,723,3.606
1897,723,1.345131
1898,723,1.684869
1900,723,1.472911
1901,723,3.678843
1902,723,3.845364
1903,723,9.513635
2030,723,1.247681
1801,418,1.19849
1805,418,5.754003
1806,418,5.338472
1807,418,6.695105
1808,418,23.281301
1810,418,1.040328
1812,418,2.231356
1813,418,6.650391
1944,418,19.654114
1974,418,4.559079
1975,418,5.260177
2011,418,2.437291
2012,418,4.683148
2013,418,3.053817
1817,419,22.314211
1818,419,21.238672
1819,419,14.905864
1974,419,7.457528
1975,419,1.310277
1976,419,31.694628
1866,724,3.305449
1867,724,4.129628
1868,724,8.710962
1887,724,3.606
1898,724,1.130955
1899,724,1.600037
1900,724,2.157542
1901,724,10.99374
1903,724,1.225306
1904,724,2.07816
1972,420,3.055785
1973,420,3.105716
1975,420,1.060958
1976,420,1.658321
1977,420,4.064752
1866,725,4.198325
1867,725,5.146651
1868,725,8.992829
1869,725,1.019298
1887,725,3.606
1900,725,10.179337
2061,725,23.929914
1972,421,2.216793
1973,421,3.082753
1974,421,2.223663
1975,421,1.473695
1976,421,1.299384
1970,422,3.583243
1974,422,1.726496
1975,422,3.953227
1976,422,1.951806
1977,422,4.438196
1867,726,12.195512
1868,726,13.708625
1869,726,3.268121
1870,726,3.009533
1871,726,1.779013
1886,726,2.604442
1887,726,1.248038
1898,726,1.872161
1899,726,4.06127
1900,726,7.287277
2005,726,37.915535
2006,726,43.046741
2007,726,48.91758
2008,726,42.416294
2010,726,48.26078
2061,726,22.395779
1866,727,4.199014
1867,727,9.623902
1868,727,8.860795
1898,727,8.707009
2060,727,1.107984
2061,727,27.569086
1817,423,8.3664
1975,423,1.723185
1976,423,2.259606
1977,423,3.366335
1817,424,9.985289
1976,424,4.60531
1818,425,1.022655
1905,425,3.13805
1868,728,42.364323
1869,728,4.59821
1870,728,9.172022
1871,728,1.756181
1891,728,1.434234
1892,728,1.113002
1894,728,4.258067
1895,728,2.025325
1896,728,6.498159
1917,728,2.867748
1868,729,22.517912
1880,729,2.661059
1882,729,1.338223
1884,729,2.079676
1889,729,1.172143
1890,729,2.291401
1891,729,1.698175
1892,729,1.974455
1893,729,30.936209
1866,730,1.10408
1867,730,9.205424
1868,730,13.106186
1869,730,5.827079
1870,730,1.265117
1871,730,1.469394
1878,730,1.935903
1880,730,1.063901
1881,730,1.093012
1884,730,1.510806
1889,730,4.913977
1912,730,17.195679
1913,730,14.010531
1818,426,2.75052
1905,427,2.49761
2014,427,5.891191
1866,731,2.642761
1867,731,20.234638
1868,731,14.189366
1869,731,8.484691
1870,731,11.003246
1871,731,3.73365
1872,731,9.474231
1884,731,3.539154
1902,731,12.092579
1905,731,6.580591
1908,731,37.848438
1909,731,12.239379
1866,732,4.293067
1867,732,36.70826
1868,732,1.127961
1869,732,9.673491
1870,732,9.489561
1871,732,7.955264
1872,732,12.842494
1879,732,1.045268
1880,732,1.291211
1898,732,4.361957
1899,732,3.404212
1905,732,8.931379
1906,732,6.540409
1909,732,4.754166
1911,732,1.663148
1800,428,187.608704
1905,428,1.642538
1869,733,13.743834
1870,733,16.708624
1871,733,9.870023
1872,733,55.831776
1897,733,4.190808
1898,733,1.023892
1899,733,8.423612
1900,733,16.055578
1901,733,5.277259
1902,733,2.440314
1903,733,3.101455
1798,429,327.228455
1799,429,201.486282
1800,429,57.62656
1801,429,52.344173
1803,429,49.82962
1807,429,37.267498
1808,429,35.119633
1905,429,3.230697
1894,734,1.492255
1900,734,1.044684
1904,734,1.063195
1905,734,1.736577
1906,734,1.000503
1907,734,1.248288
1915,734,1.800729
1916,734,7.25361
1798,430,119.506294
1799,430,98.584839
1800,430,16.060465
1801,430,21.208735
1802,430,17.748497
1803,430,40.904816
1804,430,9.65858
1805,430,13.100751
1806,430,23.502859
1807,430,20.154745
1808,430,32.55722
1809,430,42.218456
1810,430,62.516068
1881,430,6.590506
1905,430,1.816571
2051,430,5.658299
2054,430,7.228082
2057,430,1.048942
1798,431,163.149719
1799,431,72.224663
1800,431,19.87895
1801,431,7.938671
1802,431,5.156553
1803,431,16.549696
1805,431,3.443728
1806,431,12.299274
1807,431,14.427679
1808,431,50.887775
1809,431,19.11652
1810,431,24.350889
1811,431,88.031052
1906,431,9.773173
2051,431,4.447343
2052,431,8.631939
2053,431,9.535279
2054,431,3.179518
2055,431,14.138572
2056,431,6.597032
2059,431,3.135997
1893,735,2.054288
1898,735,1.009788
1797,432,266.12735
1798,432,64.120773
1799,432,56.753586
1800,432,10.286376
1801,432,2.697031
1802,432,1.696528
1803,432,5.189909
1804,432,3.005487
1805,432,7.053359
1806,432,4.610732
1807,432,4.596945
1808,432,9.685338
1809,432,4.58021
1810,432,13.459229
1811,432,28.823809
1906,432,9.46486
1980,432,3.613348
1798,433,47.539806
1799,433,63.6315
1800,433,23.359413
1801,433,1.684403
1803,433,1.287803
1805,433,1.216784
1806,433,1.361027
1807,433,1.681901
1808,433,1.24349
1809,433,3.709397
1810,433,6.070995
1811,433,18.595621
1812,433,17.35791
1822,433,3.136457
1823,433,3.633045
1824,433,2.867603
1825,433,3.08076
1826,433,2.948682
1893,736,2.242898
1895,736,1.059586
1896,736,6.47317
1903,736,2.151312
1904,736,2.743541
1906,736,2.29813
1908,736,4.179789
2046,736,14.188033
1798,434,375.276123
1799,434,46.881981
1800,434,29.32658
1801,434,4.548542
1802,434,2.652169
1803,434,2.042576
1804,434,1.628349
1809,434,1.805103
1810,434,4.293225
1811,434,4.180713
1812,434,16.410379
1823,434,2.007603
1824,434,2.174775
1825,434,1.741692
1893,737,9.997228
1906,737,2.035895
2045,737,9.019213
1799,435,183.027313
1800,435,19.969788
1801,435,9.70582
1802,435,7.612994
1803,435,2.482854
1806,435,1.177318
1808,435,1.040405
1809,435,1.077198
1810,435,1.296383
1811,435,5.696483
1831,435,1.965941
1832,435,1.50827
2045,738,24.606277
2046,738,20.623953
1799,436,102.434906
1800,436,64.241104
1801,436,29.504381
1802,436,11.800019
1803,436,5.498961
1804,436,1.140072
1805,436,1.456146
1808,436,1.163602
1809,436,1.578801
1810,436,3.894192
1811,436,4.175751
1812,436,5.273914
1988,436,25.413374
1989,436,11.187089
1990,436,11.956868
2045,739,13.760327
2046,739,23.416058
2045,740,45.341747
1800,437,100.573486
1801,437,34.135593
1802,437,16.893959
1803,437,7.606713
1804,437,3.833935
1805,437,1.678724
1809,437,1.209571
1810,437,2.610853
1811,437,1.314865
1800,438,155.441681
1801,438,98.737717
1802,438,47.886814
1803,438,12.775438
1804,438,8.752568
1805,438,2.264436
1806,438,1.578906
1807,438,1.898123
1992,438,13.867537
1993,438,22.917929
2051,438,36.658043
2058,438,20.62533
2059,438,15.939794
2060,438,42.36932
2061,438,27.471155
2045,741,48.042461
2046,741,23.786964
2045,742,39.508831
2045,743,58.091072
1801,439,424.16571
1802,439,99.244278
1803,439,31.736485
1804,439,18.617876
1805,439,12.674944
1806,439,3.752928
1807,439,1.506274
1809,439,4.665414
2025,439,47.512402
2026,439,29.947029
2051,439,70.585228
2052,439,16.018423
2055,439,11.766733
2071,439,36.261024
2045,744,65.752113
2046,744,176.023682
2047,744,40.583984
1802,440,286.987091
1803,440,108.648872
1804,440,65.645912
1805,440,25.584042
1806,440,8.859832
1807,440,4.906625
2055,440,12.549398
2068,440,17.202436
2045,745,14.881772
2046,745,32.214455
2058,745,78.334145
1803,441,278.72403
1804,441,162.123291
1805,441,41.502365
1806,441,20.482819
1807,441,13.774035
1808,441,1.04818
2047,746,59.526634
2053,746,39.134277
2055,746,3.835501
2059,746,8.954977
2060,746,18.762489
2061,746,5.851088
2062,746,5.597055
2063,746,6.015193
2064,746,7.203043
1805,442,86.557304
1806,442,30.268206
1807,442,18.134712
1808,442,2.013347
1809,442,1.190244
1810,442,3.914422
1811,442,6.992942
1816,442,71.089699
2047,747,128.690323
2048,747,121.915909
2055,747,1.461816
2059,747,1.194432
2060,747,1.429005
2061,747,4.449613
2062,747,2.879785
2063,747,4.79969
1786,748,5.561091
1789,748,3.582336
1790,748,1.384709
1807,443,12.240432
1808,443,11.466119
1810,443,6.418871
1811,443,22.887014
1812,443,7.347625
1807,444,35.160797
1808,444,13.194706
1809,444,31.81951
1810,444,21.34042
1811,444,48.444473
1812,444,13.2147
1813,444,9.365041
2015,444,2.525746
1981,749,43.821106
2062,750,8.983419
1808,445,35.11834
1811,445,91.685135
1812,445,57.784298
1813,445,27.774641
1814,445,25.744579
2014,445,4.374476
1813,446,46.552578
1814,446,16.738199
1979,446,5.061202
1980,446,1.511889
2014,446,1.885947
1814,447,67.866249
1871,447,1.387437
1991,448,90.875275
2036,752,26.153292
1993,449,19.0033
1994,449,4.678432
1943,450,13.639425
1944,450,5.433576
1946,450,13.038297
1991,450,5.015285
1992,450,10.695038
1993,450,1.707411
2036,754,13.379807
2064,754,61.367012
1941,451,11.788769
1991,451,2.606394
1943,755,25.806032
2062,755,1.418651
2063,755,16.850235
2064,755,83.258644
2048,756,2.891697
2049,756,3.010211
2050,756,2.923213
2051,756,6.62736
2052,756,1.560532
2053,756,1.390511
2054,756,2.268517
2055,756,2.905462
2056,756,3.273111
2058,756,2.719747
2059,756,2.424731
2060,756,2.461174
2061,756,1.91273
2062,756,5.55228
2063,756,5.581939
1865,452,1.077578
2003,452,3.224735
2004,452,32.790977
1786,757,5.481192
2012,757,15.329936
2024,757,5.966713
2025,757,2.385511
2026,757,2.309962
2027,757,2.259381
2028,757,1.634657
2046,757,2.80959
2047,757,1.229244
2048,757,2.144249
2049,757,2.473033
2050,757,1.884646
2051,757,1.285797
2052,757,2.881443
2053,757,4.152675
2054,757,7.642444
2055,757,6.314209
2056,757,6.018292
2057,757,12.572783
2058,757,6.300887
2059,757,10.331329
2060,757,4.221314
2061,757,7.602864
2062,757,4.700257
1991,453,2.202093
2003,453,4.927161
2052,453,351.230499
2053,453,51.171505
2016,758,5.477803
2023,758,1.763892
2030,758,1.608817
2031,758,3.856513
2045,758,2.198159
2046,758,7.224365
2048,758,6.446915
2049,758,8.62255
2051,758,8.773578
2052,758,1.906563
2053,758,2.793016
2054,758,2.80483
2055,758,3.0254
2056,758,3.324247
2057,758,1.824054
2058,758,1.880867
2059,758,1.824054
2060,758,1.824054
2002,454,1.090925
2003,454,2.720436
2004,454,4.837983
2007,454,318.354218
2052,454,18.873367
1894,455,30.924671
2006,455,1.040606
2007,455,215.415894
2034,759,1.655446
2045,759,15.436715
2055,759,61.591137
2056,759,61.910084
2058,759,6.992783
2061,759,4.989933
2062,759,6.233658
2063,759,7.619208
1936,456,2.007009
1971,456,16.907104
2000,456,1.394919
2001,456,1.295571
1869,760,16.993614
1935,457,5.911509
1959,457,29.180473
2027,457,175.933685
1835,761,13.325368
1821,458,10.274208
1830,458,2.249336
1934,458,3.297963
1935,458,2.268332
1936,458,2.147165
1960,458,13.3639
2009,458,38.719933
2012,458,6.43812
2013,458,35.676331
2025,458,5.791489
2026,458,23.644333
2027,458,6.633756
2028,458,17.410303
1959,459,80.858414
1969,459,17.064255
1815,460,13.68133
1823,460,14.182577
1933,460,2.82865
1934,460,6.88211
1969,460,41.893539
2011,460,2.652829
2012,460,11.549938
2013,460,31.829382
2014,460,85.940529
1877,765,15.640911
1878,765,3.873989
1880,765,1.469822
1889,461,10.872223
1932,461,2.781204
1933,461,3.850461
1815,462,20.600199
1816,462,5.046695
1818,462,1.613056
1932,462,3.032736
1935,462,14.600745
1973,462,3.563354
1974,462,8.387399
1975,462,27.543016
1881,766,1.224961
1934,463,41.132088
2009,464,3.810772
2011,464,1.3763
1881,767,2.222746
1975,465,33.775105
1894,466,1.134036
1895,466,2.292494
1897,466,2.084838
1971,466,13.512341
1972,466,6.262415
1973,466,7.052903
1974,466,40.656055
2005,466,2.500365
2009,466,5.108181
2010,466,2.228952
2012,466,2.334435
1893,467,1.007304
1897,467,4.343152
1970,467,24.204266
1971,467,4.773083
1972,467,8.827234
1973,467,2.913497
1974,467,21.831186
1975,467,63.347607
2000,467,3.964947
2001,467,6.607649
1833,770,69.822464
1959,468,276.3414
1970,468,12.369878
1971,468,5.17678
1972,468,1.421818
1973,468,2.570641
1974,468,8.938663
1975,468,29.380894
1997,468,4.025333
1998,468,3.886085
1833,771,100.881599
1882,771,6.281463
1959,469,45.664089
1960,469,9.218016
1970,469,1.50709
1971,469,2.666526
1972,469,3.343887
1973,469,1.278186
1974,469,5.371821
1975,469,7.506324
1852,772,78.715828
1853,772,80.871758
1854,772,87.63765
1855,772,98.280197
1857,772,15.42289
1858,772,40.204548
1866,772,67.625237
1867,772,2.962162
1868,772,4.511724
1871,772,2.527085
1872,772,2.505141
1873,772,4.213149
1874,772,10.717437
1875,772,4.144461
1811,470,73.294868
1812,470,65.934059
1879,470,1.217177
1970,470,26.726973
1971,470,6.958233
1972,470,6.095056
1973,470,10.043015
1974,470,52.436684
2010,470,3.361227
2011,470,5.376991
2068,470,42.202663
1969,471,46.082916
1970,471,27.409809
1971,471,12.174736
1972,471,9.670173
1973,471,9.915595
1974,471,15.510136
1975,471,33.015228
2011,471,15.993248
2012,471,17.985918
2013,471,34.601917
1975,472,70.843941
1852,773,59.161606
1853,773,25.800961
1854,773,52.190022
1855,773,42.754211
1857,773,15.697424
1858,773,10.417947
1865,773,33.313705
1866,773,126.836525
1867,773,13.672798
1868,773,1.533755
1869,773,1.189415
1870,773,1.289895
1871,773,1.876453
1872,773,2.567496
1873,773,5.958112
1874,773,2.683882
1875,773,1.865767
1852,774,19.93646
1853,774,11.919625
1854,774,11.455838
1855,774,27.088404
1856,774,1.725588
1857,774,6.012077
1858,774,22.968199
1859,774,18.730839
1865,774,16.168362
1866,774,14.386333
1867,774,28.763611
1871,774,1.523085
1872,774,6.198749
1873,774,2.591135
1874,774,4.341358
1852,775,18.765064
1853,775,8.764606
1854,775,7.181513
1855,775,1.19473
1857,775,2.13
1858,775,26.359066
1859,775,9.072751
1865,775,26.099058
1866,775,41.70005
1873,775,6.112529
1874,775,3.522693
1876,775,3.041021
1911,775,2.043352
1816,473,70.383034
2063,473,1.876653
2066,473,2.230622
2067,473,6.14262
2068,473,6.510897
2068,474,13.013082
1852,776,16.396746
1853,776,16.000637
1854,776,3.223831
1855,776,1.288159
1856,776,1.02439
1857,776,1.023804
1858,776,4.663094
1874,776,1.805612
1910,776,4.078372
1911,776,3.33614
2063,475,2.50701
1838,777,2.806094
1852,777,15.55572
1853,777,17.532558
1854,777,3.253229
1855,777,1.314678
1856,777,5.0
1874,777,1.746575
1852,778,10.274515
1853,778,20.092403
1854,778,3.07009
1855,778,1.483715
1903,778,1.244983
1847,779,20.933737
1877,477,1.262759
1878,477,1.262759
1970,478,1.538668
1971,478,2.449126
1972,478,9.169834
1973,478,4.624913
1974,478,3.865189
1975,478,10.011301
2061,478,24.086302
2063,478,9.236384
2064,478,15.120563
2065,478,9.767451
2066,478,5.823574
2067,478,5.180442
2068,478,11.768687
2069,478,13.87054
2070,478,128.515228
2075,478,102.84198
1920,780,3.44418
1960,479,17.892096
1972,479,4.256651
1973,479,1.383187
1974,479,1.601562
1975,479,17.649668
1976,479,36.596226
2075,479,104.945381
1920,781,1.515156
1937,781,6.197275
1938,781,8.029467
1960,480,79.703278
1961,480,14.935239
1971,480,1.784503
1972,480,2.680282
1973,480,1.677064
1974,480,8.232807
1975,480,11.651999
1852,481,1.234123
1973,481,4.774136
1974,481,4.113877
1975,481,11.566284
2040,481,47.352959
1895,782,1.407844
1919,782,1.026934
1937,782,17.165359
1938,782,19.827644
1939,782,12.185839
1940,782,148.013306
1921,783,3.408929
1938,783,10.798952
1939,783,4.901677
1940,783,315.325592
1895,482,9.584362
1909,482,32.809811
1910,482,3.279245
1974,482,35.355671
2040,482,65.047127
1920,784,3.232454
1921,784,3.270503
1939,784,7.129615
1940,784,13.448116
1941,784,197.479736
1943,784,100.709885
1955,784,3.980505
1894,483,5.061813
1895,483,6.197749
1914,483,13.359958
1915,483,20.844681
2040,483,94.01123
2075,483,20.605917
1864,785,1.421787
1866,785,2.086989
1867,785,1.966795
1868,785,4.118337
1904,785,1.239187
1944,785,294.395996
1894,484,4.512519
1895,484,2.77217
1909,484,1.852587
1914,484,11.820251
2040,484,21.184292
2075,484,17.669905
1853,786,1.116924
1863,786,2.409153
1864,786,2.096746
1866,786,8.090789
1867,786,2.334613
1868,786,1.291485
1869,786,1.198527
1870,786,1.234403
1871,786,8.904658
1872,786,3.681688
1873,786,1.653403
1874,786,1.433243
1875,786,2.332862
1876,786,12.307364
1877,786,10.955872
1878,786,10.702353
1905,786,1.980454
1927,786,5.2184
1944,786,62.733944
1945,786,82.74588
1946,786,14.657822
1947,786,11.546863
1894,485,7.674661
1908,485,3.972671
1909,485,15.631741
1910,485,2.724788
1994,485,2.607797
2040,485,5.362025
2075,485,4.092206
1850,787,1.38421
1853,787,1.38421
1854,787,2.680361
1875,787,2.341404
1876,787,2.341404
1877,787,3.146232
1928,787,3.770684
1940,787,1.044422
1875,788,8.043211
1876,788,8.032943
1978,788,4.456355
1979,788,7.408213
1875,789,11.066008
1935,789,1.095912
1936,789,2.166905
1944,789,1.131564
1978,789,5.311543
1979,789,25.363176
1980,789,8.696527
1981,789,2.852664
1880,486,7.849194
1892,486,6.712992
1893,486,8.494437
1906,486,9.600213
1907,486,2.445326
1908,486,3.496908
1909,486,11.948408
1910,486,7.641681
1934,486,35.692684
1935,486,30.980352
1936,486,28.357536
1937,486,20.463831
1938,486,38.259884
2040,486,16.730154
1855,487,1.227206
1872,487,1.830317
1873,487,6.581713
1874,487,7.360196
1875,487,3.857634
1876,487,10.431095
1877,487,5.18174
1878,487,2.993794
1879,487,1.948803
1880,487,3.316268
1889,487,1.124289
1891,487,2.497578
1892,487,5.371341
1905,487,5.882174
1906,487,63.267982
1907,487,3.664642
1908,487,1.861251
1909,487,1.009541
1910,487,3.068089
1929,487,13.047129
1930,487,18.675055
1931,487,22.001051
1932,487,20.936892
1933,487,10.322048
1934,487,17.004978
1935,487,10.870646
1936,487,15.016884
1937,487,8.38565
1938,487,29.471619
1939,487,21.968967
1941,487,17.76939
1943,487,20.501833
1944,487,26.754082
1945,487,14.293573
1946,487,8.973673
1947,487,15.634398
1962,487,10.543514
1964,487,13.003091
1932,790,3.317385
1977,790,10.093229
1980,790,21.197517
1905,488,2.58
1906,488,5.920877
1909,488,5.461198
1929,488,66.681808
1930,488,19.621584
1931,488,18.232019
1932,488,16.504539
1933,488,16.301411
1934,488,9.158372
1935,488,9.635655
1936,488,13.251884
1937,488,13.122652
1938,488,32.629795
1939,488,10.802466
1940,488,14.07448
1941,488,13.47885
1942,488,10.641772
1943,488,9.545624
1944,488,7.310106
1945,488,5.697802
1946,488,9.196252
1947,488,5.700312
1948,488,3.284858
1949,488,8.98943
1959,488,28.240301
1960,488,10.065322
1961,488,10.291634
1962,488,4.534078
1963,488,10.752094
2030,488,31.613117
1916,791,2.147449
1966,791,5.064802
1857,792,1.167901
1866,489,8.126553
1889,489,1.916323
1893,489,54.936886
1894,489,2.499758
1895,489,2.782489
1904,489,2.982571
1905,489,3.363297
1907,489,3.014922
1909,489,4.683276
1929,489,61.896275
1930,489,107.990906
1931,489,24.489412
1932,489,19.073725
1933,489,19.614864
1934,489,8.800018
1935,489,16.331238
1936,489,18.455864
1937,489,15.562248
1938,489,5.728893
1939,489,3.424564
1940,489,7.137775
1941,489,6.001632
1942,489,10.067026
1943,489,16.55377
1944,489,7.629033
1945,489,8.515371
1946,489,7.707538
1947,489,6.726201
1948,489,20.112541
1949,489,30.087332
1990,489,8.209796
1991,489,18.262409
2062,489,48.860703
2063,489,52.301781
2065,489,40.970558
2066,489,39.147202
2067,489,37.364037
2068,489,35.890408
2069,489,49.119324
2074,489,61.842869
2075,489,112.789261
2076,489,28.4984
1865,490,17.842213
1902,490,2.991958
1908,490,1.173073
1919,490,4.08276
1921,490,7.126292
1990,490,8.875453
1991,490,1.759653
2075,490,46.145927
2076,490,10.433121
1959,792,3.140047
1960,792,2.856256
2014,792,1.098514
2015,792,12.852097
1865,793,12.989094
1876,793,9.139271
1879,793,30.490931
1881,793,1.794698
1981,793,5.934942
1982,793,8.999279
1983,793,51.187244
2009,793,9.389514
2010,793,10.203347
2011,793,5.636598
2014,793,6.359076
2015,793,3.704796
2016,793,22.279488
2020,793,13.388504
2030,793,4.203937
2031,793,5.804083
1865,491,10.83783
1901,491,2.272615
1902,491,1.360349
1918,491,8.017181
1919,491,4.177878
1990,491,4.482795
2074,491,97.50518
2075,491,103.788551
1870,794,11.734656
1878,794,4.076818
1879,794,10.065538
1927,794,1.281492
1928,794,1.488488
2008,794,2.675321
2009,794,4.013243
2010,794,8.554616
2011,794,3.367112
2012,794,2.169732
2013,794,3.099272
2014,794,2.363343
2015,794,1.30417
2020,794,4.515109
2022,794,1.439052
2024,794,5.039818
2025,794,1.066945
2026,794,5.065762
2027,794,5.52899
2028,794,1.907932
2029,794,11.070949
2030,794,5.146676
1865,492,2.288148
1888,492,2.167204
1900,492,4.640481
1918,492,4.926425
1919,492,10.964188
1920,492,5.616976
1921,492,14.775702
1922,492,14.11407
1929,795,32.058399
1930,795,3.643062
2006,795,6.860903
2007,795,4.346581
2010,795,1.459896
2011,795,1.150736
2012,795,1.166882
2016,795,13.558819
2022,795,7.476701
2023,795,2.454614
1923,796,4.437973
1928,796,10.413706
1929,796,11.097961
1935,796,21.811245
1980,796,113.78302
2007,796,2.081567
1800,493,1.165175
1888,493,3.612989
1900,493,1.193383
1918,493,2.736437
1919,493,23.44195
1920,493,1.154039
1921,493,9.100352
1922,493,12.569371
1899,797,1.24602
1900,797,1.850217
1928,797,18.665327
1934,797,38.746071
1935,797,28.096128
1936,797,37.426178
1937,797,22.033026
1947,797,318.223175
1975,797,17.33622
2003,797,4.813921
2004,797,3.425817
1887,494,1.285943
1899,494,1.995245
1918,494,1.790883
1920,494,1.370162
1921,494,3.320577
1927,798,3.138888
1928,798,27.512865
1935,798,78.212494
1936,798,45.252319
1937,798,42.518265
1938,798,45.923176
1939,798,64.918976
1940,798,52.894474
1941,798,64.82074
1942,798,443.4776
1948,798,227.114075
1950,798,321.956329
1972,798,124.799225
1973,798,62.617874
1974,798,19.414536
1975,798,29.019062
2000,798,2.147081
2001,798,5.657902
2002,798,2.639749
2003,798,3.603851
2004,798,3.968886
2015,798,2.459819
2020,798,4.097415
2021,798,1.623475
2022,798,1.913144
2023,798,1.302649
2025,798,2.349863
2026,798,1.50998
2027,798,1.505962
1888,495,1.962606
1899,495,1.062211
1903,495,3.89488
1904,495,11.241238
1905,495,17.863625
1906,495,12.770051
1918,495,3.971148
1920,495,5.071199
2004,495,29.724913
1926,799,5.093866
1930,799,27.736328
1973,799,64.903862
1974,799,336.076447
1975,799,30.423798
1980,799,9.290317
2000,799,36.135201
2001,799,26.022945
2002,799,7.408254
2003,799,6.93352
2004,799,5.74542
2011,799,3.455762
2016,799,95.407974
2020,799,9.051135
2021,799,6.878483
2022,799,6.611796
2023,799,6.365912
2024,799,27.438812
2025,799,3.792937
2026,799,4.295773
2027,799,4.13869
2028,799,4.935044
2029,799,4.227653
2030,799,22.630358
2031,799,14.885547
1865,496,1.445734
1904,496,5.008188
1905,496,33.852066
1914,496,83.187393
1915,496,69.408569
1916,496,10.151238
1917,496,7.946263
1918,496,3.40394
1919,496,1.206802
1920,496,5.047897
1924,496,16.590446
1974,800,159.655151
1975,800,124.462753
1976,800,57.895615
1980,800,21.978184
2000,800,5.042565
2001,800,10.79727
2002,800,15.044563
2003,800,11.550624
2009,800,3.617854
1904,497,5.094116
1905,497,26.212603
1914,497,5.910657
1915,497,10.032003
1916,497,11.356687
1917,497,9.323015
1918,497,2.102426
1919,497,1.506416
1920,497,11.742715
1924,497,1.502589
1904,498,12.929045
1914,498,4.343864
1915,498,2.323396
1916,498,1.942763
1917,498,1.460603
1918,498,1.686092
1919,498,2.350046
1920,498,1.928667
1924,498,2.125531
1928,498,31.627773
1929,498,14.730577
1930,498,8.136862
1931,498,4.934053
1932,498,6.396184
1933,498,9.399947
1934,498,9.052716
1935,498,7.354981
1936,498,7.252513
1937,498,4.807624
1938,498,1.737962
1939,498,1.368341
1940,498,2.760409
1941,498,1.210853
1942,498,1.322015
1943,498,1.466418
1944,498,1.862895
1945,498,2.516694
1946,498,3.388427
1947,498,2.709968
1948,498,5.640791
1949,498,6.795845
2074,498,10.341643
1999,801,10.10176
2000,801,3.738625
2001,801,30.971392
2002,801,19.518894
2003,801,11.155479
2002,802,35.835434
1875,499,9.068262
1910,499,1.272559
1911,499,3.2663
1914,499,4.065355
1915,499,7.415481
1917,499,1.360628
1919,499,1.943237
1920,499,7.463479
1924,499,11.197147
1925,499,2.227306
1932,499,5.269514
1934,499,9.088679
1937,499,17.725346
1938,499,6.44563
1939,499,5.357466
1940,499,5.917095
1941,499,4.622991
1942,499,6.235054
1943,499,7.423445
1944,499,6.90126
1945,499,9.562204
1946,499,6.850259
1947,499,5.765041
1948,499,7.975242
1949,499,9.13576
1955,499,5.355664
1956,499,4.896227
1957,499,8.899012
1958,499,10.91594
1959,499,4.996294
1961,499,18.522305
2006,499,40.285728
2007,499,53.419308
2008,499,56.052505
2010,499,47.774757
1875,500,10.818297
1911,500,1.222485
1913,500,7.413085
1914,500,5.457597
1915,500,1.508442
1918,500,1.26166
1920,500,1.502007
1921,500,1.063075
1955,500,24.411383
1956,500,30.288729
1957,500,22.589037
1958,500,31.216314
1959,500,41.359055
1875,501,60.874435
1909,501,2.796462
1910,501,2.355356
1911,501,1.094003
1914,501,4.156302
1915,501,2.605673
1916,501,1.998901
1918,501,1.991825
1919,501,1.792156
1920,501,1.459507
1921,501,2.122491
1868,502,1.515036
1875,502,9.777248
1876,502,20.056973
1907,502,7.218041
1908,502,3.857811
1909,502,2.952029
1911,502,1.094003
1913,502,4.28516
1914,502,3.595916
1915,502,4.459173
1916,502,6.046921
1917,502,2.847218
1918,502,6.487516
1919,502,6.797649
1920,502,7.692547
1921,502,15.172541
1925,502,1.022389
1875,503,14.379068
1894,503,12.888774
1901,503,51.898998
1911,503,1.078804
1913,503,21.76108
1914,503,28.188461
1915,503,53.10239
1916,503,34.766651
1917,503,30.607489
1919,503,10.308153
1922,503,1.182387
1923,503,1.447291
1925,503,1.174916
1822,504,86.079712
1826,504,50.282955
1875,504,3.399553
1895,504,8.270691
1896,504,4.856482
1899,504,18.790228
1922,504,3.005263
1924,504,3.283793
1925,504,1.211465
1823,505,36.242325
1824,505,132.663376
1860,505,3.230663
1861,505,1.232514
1874,505,7.569058
1895,505,8.667402
1896,505,6.402148
1897,505,8.030415
1908,505,6.376328
1922,505,1.735435
1923,505,1.493692
1924,505,6.012901
1925,505,11.625154
1857,506,1.833602
1859,506,1.894991
1860,506,2.017251
1896,506,10.76169
1897,506,16.100084
1898,506,11.535933
1929,506,30.707321
1930,506,3.102818
1931,506,2.312502
1932,506,1.862375
1933,506,1.640785
1934,506,1.862133
1935,506,1.336741
1936,506,2.756529
1937,506,8.45614
1938,506,8.782149
1939,506,6.204545
1940,506,4.604499
1941,506,3.346936
1942,506,5.866525
1858,507,65.891953
1859,507,67.973145
1860,507,74.492393
1861,507,9.206722
1862,507,7.462537
1863,507,8.158171
1893,507,13.195899
1894,507,3.963504
1895,507,3.679719
1897,507,8.284523
1923,507,4.574776
1925,507,2.65872
1929,507,14.657316
1930,507,5.885841
1931,507,1.19947
1932,507,1.023115
1933,507,2.711162
1934,507,2.544379
1935,507,3.255894
1936,507,1.960874
1937,507,2.197522
1938,507,2.69145
1939,507,3.013537
1940,507,1.793439
1941,507,1.226006
1942,507,2.996497
1943,507,9.821974
1944,507,2.917266
1945,507,5.02754
1946,507,3.473095
1947,507,2.61623
1948,507,2.436265
1844,508,1.853695
1845,508,2.440935
1864,508,10.298843
1867,508,1.136194
1868,508,3.867841
1895,508,4.05817
1929,508,2.585912
1930,508,2.647475
1931,508,4.859756
1932,508,4.220357
1933,508,1.694885
1934,508,2.129987
1935,508,2.132594
1936,508,2.520926
1937,508,2.726252
1938,508,2.721426
1939,508,2.178404
1940,508,2.177024
1942,508,1.133588
1943,508,1.864133
1944,508,1.946278
1945,508,1.787579
1946,508,2.048291
1948,508,1.152479
1950,508,1.096991
1951,508,4.6654
1985,508,32.330097
2074,508,56.564789
1864,509,11.709825
1868,509,2.641989
1909,509,31.898438
1910,509,8.233849
1929,509,7.264229
1930,509,11.916425
1931,509,11.915611
1932,509,9.177494
1933,509,5.473804
1934,509,7.035827
1936,509,11.113066
1937,509,11.507464
1938,509,17.037066
1939,509,11.858061
1940,509,4.219788
1941,509,3.161457
1942,509,3.328408
1944,509,4.801576
1945,509,4.636051
1946,509,3.503608
1947,509,13.703775
1948,509,12.697013
1949,509,17.707918
1950,509,2.548805
1951,509,3.309404
1972,509,86.540268
1973,509,107.55545
1974,509,87.331924
1854,510,18.78039
1857,510,2.233572
1858,510,2.756607
1859,510,3.70176
1860,510,10.682894
1861,510,5.57053
1862,510,7.488836
1863,510,39.536907
1867,510,7.614924
1887,510,3.639361
1888,510,2.249002
1906,510,4.268184
1919,510,2.066048
1920,510,1.996015
1921,510,1.37642
1922,510,1.210254
1923,510,2.657764
1924,510,8.604058
1925,510,3.552769
1926,510,8.886449
1937,510,9.264305
1954,510,2.526761
1955,510,4.951714
1956,510,1.719999
1958,510,1.357715
1959,510,3.132418
1960,510,4.228219
1961,510,3.351572
1962,510,4.188893
1974,510,71.643959
1852,511,21.902008
1853,511,13.899655
1854,511,6.697404
1855,511,6.842024
1856,511,4.288998
1857,511,4.288998
1858,511,4.288998
1859,511,24.969305
1860,511,25.129704
1861,511,6.889138
1862,511,6.771639
1863,511,29.016071
1866,511,1.521181
1867,511,1.772575
1868,511,2.369584
1885,511,5.124332
1886,511,7.384442
1887,511,2.283302
1888,511,3.249341
1914,511,16.149363
1915,511,2.720242
1916,511,4.878341
1918,511,1.178644
1922,511,17.541494
1923,511,12.548876
1925,511,27.427019
1926,511,19.0923
1935,511,195.121979
1936,511,13.949836
1937,511,7.35599
1940,511,1.943535
1941,511,1.206614
1945,511,3.06644
1954,511,9.994583
1955,511,2.6293
1956,511,2.827276
1957,511,2.448129
1958,511,3.073359
1959,511,4.617125
1960,511,4.436481
1961,511,5.440682
1962,511,11.453194
1963,511,3.940756
1861,512,6.774869
1862,512,7.278058
1863,512,35.274647
1885,512,7.067333
1886,512,15.58652
1887,512,5.534233
1928,512,2.988564
1930,512,3.508477
1933,512,1.26868
1934,512,2.178727
1935,512,1.471058
1937,512,3.868341
1939,512,2.211804
1940,512,3.211535
1944,512,1.52219
1947,512,1.095861
1952,512,2.293431
1953,512,9.212832
1795,513,126.63166
1883,513,17.301535
1884,513,13.719999
1906,513,94.772728
1928,513,2.450718
1930,513,4.05575
1931,513,3.704035
1932,513,1.403951
1934,513,3.058732
1937,513,2.578616
1939,513,2.108593
1943,513,2.712578
1944,513,5.969123
1945,513,1.729398
1946,513,2.180353
1947,513,1.487162
1948,513,2.41572
1949,513,2.157389
1950,513,7.687481
1951,513,5.502816
1952,513,7.355488
1953,513,8.268326
1956,513,5.214249
1957,513,3.445371
1958,513,3.820005
1959,513,4.222439
1960,513,3.051855
1961,513,2.119692
1962,513,3.897316
1963,513,8.545082
1930,514,3.560265
1931,514,3.878172
1933,514,81.625656
1935,514,32.834118
1940,514,15.939559
1956,514,17.812477
1957,514,12.311001
1958,514,17.588627
1959,514,19.716362
1960,514,7.702378
1961,514,9.632335
1962,514,12.865465
2075,514,5.509749
1853,515,1.589193
1854,515,1.444725
1855,515,3.938623
1856,515,4.496555
1858,515,5.690854
1859,515,2.286297
1860,515,2.451353
1861,515,2.34022
1862,515,5.525836
1865,515,6.320384
1866,515,29.389721
1867,515,10.151739
1868,515,6.056426
1922,515,2.580829
1924,515,3.341003
1925,515,1.842332
1926,515,3.299796
1927,515,6.029771
1928,515,9.194738
1930,515,49.89106
1931,515,57.065533
1932,515,42.2981
1933,515,14.513319
1934,515,13.774882
1939,515,4.524668
1940,515,2.823078
1941,515,1.895752
1943,515,1.391364
1944,515,1.43874
1945,515,1.392433
1946,515,1.121333
1947,515,2.390399
1949,515,3.372492
1950,515,7.492236
1951,515,8.901292
1952,515,13.442458
1953,515,12.125989
1834,516,27.223421
1867,516,5.220901
1868,516,5.255951
1934,516,11.579748
1935,516,14.547079
1936,516,31.987883
1939,516,58.65654
1948,516,88.922913
1949,516,119.706612
1950,516,82.058029
1951,516,83.718323
1952,516,56.298786
1953,516,102.07058
1955,516,8.346441
1956,516,14.66484
1959,516,5.299773
1867,517,4.69351
1868,517,3.486004
1871,517,2.350475
1905,517,230.304794
1923,517,4.674421
1930,517,4.886959
1931,517,6.782809
1867,518,2.233149
1868,518,5.15302
1923,518,6.38394
1931,518,19.744192
1932,518,5.114664
1934,518,3.700178
1935,518,3.885486
1936,518,1.217346
1937,518,3.285926
1866,519,5.835651
1867,519,5.937111
1924,519,1.930833
1925,519,60.909809
1927,519,1.934037
1928,519,3.620944
1929,519,16.036253
1934,519,24.077127
1935,519,23.728662
1936,519,15.584227
1937,519,26.471485
1938,519,15.66815
1939,519,26.3347
1940,519,49.871498
1863,520,9.079664
1864,520,5.607113
1865,520,21.274979
1866,520,5.489257
1924,520,62.258144
1927,520,1.88922
1928,520,2.955969
1929,520,12.513996
1930,520,22.766909
1931,520,35.073864
1932,520,14.619968
1855,521,14.295287
1856,521,10.414224
1857,521,2.082958
1858,521,3.254267
1859,521,5.112294
1860,521,4.083186
1861,521,5.962476
1862,521,8.186585
1863,521,9.698985
1864,521,12.229051
1865,521,5.809078
1866,521,5.220179
1851,522,6.55755
1854,522,5.700668
1855,522,4.848293
1856,522,5.540603
1857,522,94.809067
1858,522,183.601166
1859,522,4.364912
1860,522,2.82795
1861,522,2.605679
1862,522,22.004213
1863,522,20.285324
1943,522,16.470573
1821,523,8.463597
1822,523,27.606529
1852,523,1.595024
1859,523,1.420071
1860,523,4.16429
1862,523,5.955702
1927,523,45.482246
1928,523,46.350735
1929,523,45.225731
1939,523,77.008286
1940,523,119.594612
1941,523,4.865258
1942,523,8.242817
1943,523,2.738324
1944,523,6.779279
1945,523,6.370342
1946,523,9.580176
1947,523,9.685592
1948,523,44.022621
1949,523,55.572639
1950,523,34.655857
1951,523,21.391918
1952,523,14.047884
1953,523,11.493143
1954,523,44.755817
1955,523,35.403515
1861,524,1.441577
1862,524,1.285329
1863,524,1.43664
1881,524,8.357851
1882,524,27.321199
1883,524,22.282955
1943,524,58.290993
1944,524,89.191727
1945,524,2.548638
1946,524,28.089203
1947,524,3.371579
1948,524,6.787314
1949,524,19.812172
1950,524,3.21975
1951,524,4.276129
1952,524,6.209365
1953,524,2.910258
1954,524,77.080307
1955,524,61.192894
1957,524,165.000183
1958,524,37.652473
1862,525,5.275658
1863,525,5.506229
1881,525,15.6165
1882,525,8.879982
1947,525,51.932037
1948,525,37.110771
1949,525,57.398811
1950,525,58.702011
1951,525,56.247932
1952,525,20.90029
1953,525,21.746773
1954,525,20.187862
1955,525,23.579151
1956,525,8.521123
1957,525,14.646362
1958,525,9.810116
1959,525,4.427052
1960,525,5.941019
1961,525,40.780548
1955,526,117.93026
1956,526,132.255157
1957,526,82.655327
1958,526,74.448799
1959,526,42.500748
1960,526,33.010303
1961,526,39.131489
1962,526,208.898911
1905,527,4.684685
1896,528,12.088302
1906,528,1.792417
1927,528,7.405754
1929,528,1.98964
1930,528,6.768425
