2272,1655,21.378248
2348,1655,5.130549
2349,1655,7.141978
2272,1656,16.038368
2349,1656,4.504247
2252,1657,2258.173584
2253,1657,3177.814697
2254,1657,2762.195068
2272,1657,19.186255
2273,1657,4.602402
2276,1657,3.21622
2277,1657,3.21622
2278,1657,4.794894
2279,1657,7.543902
2280,1657,6.384663
2281,1657,4.869693
2282,1657,4.816244
2283,1657,4.777023
2284,1657,4.895391
2297,1657,1.160211
2321,1657,11.51516
2322,1657,8.867432
2323,1657,128.035507
2324,1657,94.057861
2349,1657,1.215982
2375,1657,2.348744
2377,1657,2.411168
2378,1657,3.879556
2267,1658,10.629941
2268,1658,10.629941
2269,1658,10.629941
2270,1658,5.408426
2275,1658,1.499999
2276,1658,1.461539
2277,1658,1.552448
2278,1658,1.202503
2279,1658,1.930768
2280,1658,1.778143
2281,1658,1.43664
2282,1658,1.793605
2297,1658,1.052732
2298,1658,1.06972
2299,1658,14.571686
2300,1658,7.927241
2301,1658,5.52727
2302,1658,5.297301
2303,1658,5.297301
2304,1658,3.899997
2321,1658,10.557959
2322,1658,16.931904
2323,1658,85.16449
2324,1658,82.202713
2375,1658,6.397905
2376,1658,1.685303
2377,1658,8.343324
2378,1658,7.60913
2379,1658,5.564428
2275,1659,4.372095
2280,1659,1.848741
2281,1659,1.711517
2291,1659,4.964277
2319,1659,2.589903
2320,1659,3.105776
2321,1659,4.904268
2322,1659,18.533419
2323,1659,98.90741
2324,1659,102.670525
2345,1659,52.565014
2346,1659,47.50531
2347,1659,33.367599
2348,1659,165.103958
2349,1659,4.588782
2374,1659,4.013774
2375,1659,3.331003
2376,1659,3.065464
2377,1659,2.590618
2378,1659,4.7307
2379,1659,5.196921
2380,1659,2.996005
2275,1660,4.964277
2293,1660,9.903217
2321,1660,4.2344
2323,1660,13.833341
2324,1660,41.24197
2325,1660,78.185692
2326,1660,40.507801
2330,1660,38.940964
2331,1660,48.888378
2332,1660,34.283508
2333,1660,44.586559
2334,1660,44.575554
2335,1660,37.351799
2336,1660,71.257919
2337,1660,29.763718
2338,1660,29.904627
2339,1660,67.020088
2340,1660,57.718739
2341,1660,53.127136
2342,1660,44.329388
2343,1660,1.77169
2346,1660,1.002873
2348,1660,1.27732
2349,1660,2.27528
2350,1660,1.597418
2351,1660,2.959403
2352,1660,3.224818
2353,1660,3.200991
2354,1660,2.687172
2355,1660,2.679605
2356,1660,5.59064
2374,1660,2.218811
2375,1660,1.110808
2376,1660,1.361345
2377,1660,7.089447
2378,1660,4.760659
2379,1660,6.829426
2380,1660,15.628683
2381,1660,72.79097
2275,1661,24.064589
2276,1661,6.372095
2349,1661,2.039683
2350,1661,1.827433
2351,1661,3.145935
2352,1661,2.981904
2353,1661,2.690613
2354,1661,2.628311
2355,1661,2.894612
2356,1661,6.450353
2357,1661,5.77429
2358,1661,5.910162
2361,1661,28.499594
2370,1661,11.278582
2373,1661,5.682414
2374,1661,4.290563
2375,1661,3.528781
2376,1661,3.017054
2377,1661,10.07995
2378,1661,11.469115
2379,1661,5.280253
2380,1661,6.531693
2381,1661,49.838005
2406,1661,7.475227
2353,1662,1.001787
2354,1662,1.001787
2355,1662,1.001787
2356,1662,1.688259
2357,1662,1.688259
2358,1662,2.775901
2359,1662,7.018349
2360,1662,13.43511
2361,1662,8.420454
2362,1662,7.827697
2363,1662,5.836503
2364,1662,5.836503
2365,1662,17.388788
2366,1662,7.269233
2367,1662,18.734615
2368,1662,9.855389
2369,1662,10.426111
2370,1662,6.995757
2371,1662,18.5835
2372,1662,5.702464
2373,1662,4.574958
2374,1662,2.942301
2375,1662,2.8604
2378,1662,2.142528
2379,1662,11.089769
2380,1662,18.511288
2381,1662,4.457306
2401,1662,2.219582
2405,1662,2.952502
2406,1662,2.991361
2407,1662,14.646977
2408,1662,5.729764
2409,1662,11.545622
2410,1662,11.715499
2411,1662,12.248903
2412,1662,14.794701
2349,1663,1.0227
2350,1663,1.0227
2375,1663,1.244144
2376,1663,1.299412
2377,1663,1.244144
2378,1663,1.244144
2379,1663,4.041534
2380,1663,2.902135
2381,1663,36.778759
2382,1663,12.841546
2383,1663,12.247368
2384,1663,11.494886
2385,1663,10.743826
2386,1663,9.398231
2387,1663,9.369632
2388,1663,8.998406
2389,1663,8.866873
2390,1663,10.158452
2391,1663,2.428578
2392,1663,2.279253
2393,1663,2.032379
2394,1663,2.034207
2395,1663,2.606876
2396,1663,2.535243
2397,1663,1.294888
2398,1663,1.249322
2401,1663,3.128071
2402,1663,1.45199
2405,1663,5.284746
2406,1663,13.671429
2407,1663,3.56279
2408,1663,9.618564
2409,1663,16.401897
2410,1663,5.838826
2411,1663,3.999143
2412,1663,3.824718
2385,1664,8.269973
2386,1664,8.269973
2387,1664,8.269973
2388,1664,5.670526
2389,1664,5.463559
2390,1664,4.883204
2391,1664,4.741402
2392,1664,5.842938
2393,1664,1.456013
2394,1664,1.126502
2395,1664,1.126502
2426,1664,2.250108
2429,1664,1.167065
2424,1665,2.042152
2425,1665,7.492648
2430,1666,5.366073
2431,1666,9.359177
2436,1666,4.315031
2437,1666,3.024802
2481,1666,71.466553
2358,1670,40.934532
2364,1670,192.721741
2326,1671,13.15134
2328,1671,13.516754
2329,1671,14.102961
2330,1671,14.102961
2331,1671,13.135404
2332,1671,13.135404
2333,1671,13.135404
2334,1671,14.635403
2335,1671,14.635403
2336,1671,14.635403
2337,1671,14.635403
2338,1671,14.635403
2339,1671,18.805874
2340,1671,48.382847
2341,1671,48.382847
2342,1671,49.482147
2343,1671,19.769222
2344,1671,19.95517
2345,1671,18.238949
2346,1671,18.356083
2347,1671,18.356083
2348,1671,18.919758
2349,1671,20.268553
2350,1671,20.268553
2351,1671,19.783972
2352,1671,19.494753
2353,1671,15.246565
2354,1671,15.312666
2355,1671,22.950514
2356,1671,16.387575
2357,1671,16.037992
2358,1671,17.037029
2359,1671,20.951265
2360,1671,22.749695
2361,1671,22.338095
2362,1671,21.755432
2363,1671,45.56926
2364,1671,19.228891
2365,1671,19.910639
2366,1671,11.81325
2372,1671,4.968963
2468,1671,3.850022
2326,1672,7.431832
2327,1672,7.431832
2328,1672,6.910094
2329,1672,6.910094
2330,1672,6.910094
2331,1672,9.148053
2332,1672,34.648178
2333,1672,11.46536
2334,1672,11.837909
2335,1672,7.960864
2336,1672,6.468136
2337,1672,7.468136
2338,1672,7.468136
2339,1672,7.468136
2340,1672,7.468136
2341,1672,6.244643
2342,1672,6.270958
2343,1672,6.270958
2344,1672,6.307995
2345,1672,5.179899
2346,1672,6.974
2347,1672,6.946222
2348,1672,10.330837
2349,1672,7.699621
2350,1672,6.48791
2351,1672,6.096386
2352,1672,5.533956
2353,1672,5.645067
2354,1672,5.645067
2355,1672,6.06382
2356,1672,11.721352
2357,1672,7.149535
2358,1672,6.707518
2359,1672,8.873755
2360,1672,8.456151
2361,1672,8.831215
2362,1672,8.817961
2363,1672,7.47175
2364,1672,5.830796
2365,1672,8.060993
2366,1672,4.265617
2367,1672,7.361214
2368,1672,11.662024
2369,1672,3.639568
2370,1672,4.129187
2371,1672,4.567029
2372,1672,4.177814
2373,1672,2.939141
2374,1672,2.939141
2375,1672,3.545463
2376,1672,3.54331
2377,1672,3.591323
2378,1672,2.73204
2379,1672,2.688933
2380,1672,2.962044
2381,1672,6.770505
2382,1672,28.846336
2384,1672,39.186554
2398,1672,2.296648
2498,1672,12.451758
2327,1673,1.67647
2328,1673,1.154731
2329,1673,1.24564
2330,1673,1.24564
2331,1673,1.441719
2332,1673,1.441719
2333,1673,1.441719
2334,1673,1.48823
2335,1673,1.48823
2336,1673,1.48823
2337,1673,2.48823
2338,1673,2.526692
2339,1673,2.010711
2340,1673,2.010711
2341,1673,2.040123
2342,1673,2.276438
2343,1673,2.045669
2344,1673,2.194788
2345,1673,2.155586
2346,1673,1.842399
2347,1673,1.842399
2348,1673,2.218999
2349,1673,2.29597
2350,1673,2.29597
2351,1673,4.373563
2352,1673,3.336526
2353,1673,1.465206
2354,1673,1.492984
2355,1673,1.332841
2356,1673,2.038321
2357,1673,1.431799
2358,1673,2.335945
2359,1673,2.944068
2360,1673,3.007327
2361,1673,3.469809
2362,1673,3.42633
2363,1673,3.161572
2364,1673,2.839501
2365,1673,5.117927
2366,1673,2.926395
2367,1673,8.695339
2368,1673,2.571731
2369,1673,2.571731
2370,1673,2.368714
2371,1673,2.368714
2372,1673,2.551697
2373,1673,1.806556
2374,1673,1.891876
2375,1673,2.248573
2376,1673,2.248573
2377,1673,1.4937
2378,1673,1.297271
2379,1673,2.073683
2380,1673,2.321824
2381,1673,2.103756
2497,1673,3.727273
2498,1673,4.590671
2499,1673,1.166667
2358,1674,2.306512
2359,1674,1.682779
2360,1674,1.183483
2361,1674,1.127927
2362,1674,1.127927
2364,1674,1.456428
2365,1674,2.869675
2366,1674,2.424788
2367,1674,2.966585
2368,1674,2.046924
2369,1674,2.078564
2370,1674,3.795329
2371,1674,2.715783
2372,1674,1.874486
2373,1674,1.668317
2374,1674,1.668317
2375,1674,1.419017
2376,1674,1.439017
2377,1674,1.087836
2378,1674,1.750709
2379,1674,1.425436
2380,1674,5.867402
2429,1674,24.452263
2365,1675,2.037668
2366,1675,1.204335
2367,1675,5.535873
2374,1675,1.826746
2207,1676,4238.500977
2208,1676,8.696244
2351,1676,2.148802
2361,1676,2.381508
2365,1676,1.226014
2370,1676,1.431368
2371,1676,1.032621
2209,1677,4.454543
2366,1677,1.49727
2370,1678,1.646065
2371,1678,1.136352
2372,1678,1.206686
2376,1678,1.136352
2398,1678,1.073476
2408,1678,1.462177
2409,1678,1.462177
2410,1678,2.397887
2411,1678,1.413583
2412,1678,1.413583
2377,1679,1.44002
2388,1679,1.14399
2389,1679,1.011914
2424,1679,1.413583
2425,1679,1.413583
2426,1679,1.413583
2427,1679,1.413583
2371,1680,3.063574
2376,1680,3.063574
2377,1680,3.063574
2378,1680,2.614732
2426,1680,1.865565
2342,1681,1.09529
2343,1681,1.050164
2366,1681,1.479715
2379,1681,8.172515
2380,1681,2.614732
2423,1681,4.43816
2424,1681,3.078763
2425,1681,10.399748
2434,1681,1.927572
2435,1681,2.281716
2335,1682,1.001787
2336,1682,1.001787
2337,1682,1.015772
2338,1682,1.015772
2348,1682,1.09529
2422,1682,2.5423
2423,1682,3.665038
2424,1682,3.739357
2426,1682,4.09966
2194,1683,2.075678
2195,1683,2.132312
2196,1683,2.132312
2197,1683,2.387087
2206,1684,4.454543
2426,1684,1.309828
2433,1684,2.018778
2428,1685,2.07769
2429,1685,1.547788
2432,1685,4.989025
2433,1685,8.341706
2434,1685,4.755134
2433,1686,8.122378
2330,1687,1.310159
2331,1688,1.087405
2332,1688,1.087405
2333,1688,1.057643
2334,1688,1.286016
2335,1688,1.286016
2342,1688,1.064149
2343,1688,1.064149
2344,1688,1.09529
2401,1688,1.007405
2205,1689,9.333333
2406,1689,1.366414
2408,1689,1.314956
2409,1689,1.510466
2410,1689,1.522713
2411,1689,1.342959
2412,1689,1.303118
2413,1689,1.088381
2414,1689,1.006081
2432,1689,2.295463
2356,1690,1.092085
2357,1690,1.026778
2365,1690,1.135299
2366,1690,2.108422
2367,1690,1.736249
2368,1690,1.790767
2369,1690,1.017044
2427,1690,3.176751
2428,1690,4.167989
2429,1690,29.371033
2430,1690,41.495968
2431,1690,16.634323
2432,1690,53.684174
2433,1690,19.17535
2348,1691,1.576324
2349,1691,1.7084
2355,1691,2.142017
2363,1691,3.758031
2365,1691,3.280423
2371,1691,2.725046
2372,1691,3.704486
2373,1691,3.117866
2374,1691,4.652202
2375,1691,3.938316
2376,1691,3.037221
2377,1691,2.08827
2378,1691,1.533385
2380,1691,2.630977
2381,1691,3.878543
2382,1691,4.294082
2383,1691,7.967391
2384,1691,4.563025
2385,1691,3.878543
2408,1691,1.339598
2409,1691,1.366938
2410,1691,1.185471
2411,1691,1.970192
2412,1691,1.15404
2413,1691,1.139558
2415,1691,1.038204
2429,1691,3.287604
2430,1691,2.276363
2431,1691,7.942662
2432,1691,20.00758
2433,1691,11.173158
2336,1692,1.133419
2337,1692,1.133419
2338,1692,1.133419
2372,1692,7.77122
2373,1692,7.653779
2374,1692,7.924224
2375,1692,8.375387
2376,1692,8.652983
2377,1692,7.845275
2378,1692,6.975963
2379,1692,3.43155
2380,1692,8.266798
2381,1692,10.709498
2385,1692,10.709498
2386,1692,8.266798
2387,1692,2.664083
2388,1692,1.270152
2389,1692,1.392847
2390,1692,1.041695
2430,1692,1.372308
2431,1692,8.405814
2432,1692,5.06105
2433,1692,10.36195
2329,1693,1.518023
2332,1693,1.001787
2378,1693,7.834203
2379,1693,11.548732
2387,1693,5.768708
2388,1693,4.426225
2389,1693,4.426225
2390,1693,3.161026
2391,1693,2.322251
2392,1693,2.089639
2393,1693,1.740455
2394,1693,1.832187
2395,1693,1.352833
2396,1693,2.113294
2397,1693,2.060512
2398,1693,2.195514
2399,1693,2.180216
2400,1693,2.258697
2401,1693,3.789285
2403,1693,1.902378
2404,1693,1.110139
2405,1693,1.433302
2431,1693,2.154002
2432,1693,4.755231
2403,1694,2.85449
2404,1694,4.121152
2405,1694,2.571702
2417,1694,1.81676
2418,1694,1.485121
2419,1694,1.263801
2420,1694,1.080708
2421,1694,1.717505
2422,1694,1.135253
2432,1694,5.780137
2433,1694,20.314859
2434,1694,25.080042
2407,1695,10.046124
2408,1695,1.365161
2409,1695,1.365161
2410,1695,4.157119
2411,1695,4.22478
2413,1695,1.912678
2414,1695,2.158795
2432,1695,2.45496
2433,1695,16.9032
2434,1696,7.453423
2435,1697,141.665466
2205,1699,5.095237
2205,1700,5.095237
2361,1700,3.818513
2362,1700,5.390915
2407,1700,23.663675
2408,1700,23.908361
2409,1700,22.6173
2410,1700,22.243731
2411,1700,21.218662
2412,1700,23.996645
2359,1701,1.276403
2362,1701,3.379096
2363,1701,9.187861
2364,1701,2.89517
2366,1701,1.210915
2367,1701,1.089402
2368,1701,1.040323
2374,1701,1.128926
2375,1701,1.103438
2382,1701,1.378651
2383,1701,4.23972
2384,1701,3.566925
2408,1701,5.754747
2409,1701,14.197984
2410,1701,10.001223
2411,1701,7.771752
2413,1701,20.235491
2414,1701,18.252958
2415,1701,22.907684
2416,1701,20.50857
2417,1701,22.785194
2418,1701,22.51461
2419,1701,24.787825
2425,1701,2.339734
2435,1701,2.347651
2436,1701,3.656087
2211,1702,4.454543
2361,1702,5.106656
2367,1702,4.742774
2370,1702,5.552536
2375,1702,3.267128
2376,1702,2.876621
2377,1702,3.864221
2378,1702,3.500203
2379,1702,2.288468
2381,1702,5.704423
2382,1702,5.531038
2383,1702,5.531038
2391,1702,1.328125
2392,1702,1.882186
2393,1702,1.932373
2394,1702,2.39233
2395,1702,4.86095
2396,1702,4.691864
2397,1702,2.120646
2398,1702,2.303356
2399,1702,1.15122
2400,1702,4.564419
2401,1702,6.4944
2402,1702,4.687306
2406,1702,5.660695
2407,1702,8.647582
2408,1702,13.184742
2409,1702,2.586329
2410,1702,4.882297
2411,1702,3.056088
2412,1702,1.792207
2413,1702,4.433609
2414,1702,4.803558
2415,1702,5.709983
2416,1702,4.10463
2417,1702,4.162883
2418,1702,6.90658
2419,1702,3.361955
2420,1702,2.412851
2421,1702,2.639049
2422,1702,1.889545
2423,1702,1.889545
2424,1702,3.30818
2425,1702,2.851905
2426,1702,2.910966
2427,1702,2.862477
2428,1702,2.862477
2429,1702,2.912382
2430,1702,2.908491
2431,1702,2.837969
2432,1702,4.247572
2433,1702,1.221692
2434,1702,2.714889
2435,1702,7.003007
2436,1702,7.239911
2447,1702,4.658938
2378,1703,5.430188
2379,1703,3.878519
2398,1703,1.080446
2399,1703,1.135132
2401,1703,1.951744
2402,1703,2.910663
2403,1703,2.866889
2404,1703,2.933264
2405,1703,2.075623
2406,1703,1.357172
2408,1703,5.766282
2409,1703,1.218817
2410,1703,3.552175
2413,1703,1.140199
2414,1703,3.453701
2415,1703,4.936129
2416,1703,2.760153
2417,1703,1.727679
2418,1703,1.69822
2419,1703,1.517451
2420,1703,2.989425
2421,1703,2.265401
2422,1703,3.789113
2423,1703,4.226325
2424,1703,2.985944
2425,1703,1.705872
2426,1703,1.644239
2427,1703,2.2014
2428,1703,3.610757
2429,1703,2.200423
2430,1703,2.541445
2432,1703,1.222237
2433,1703,1.719308
2434,1703,3.029009
2435,1703,4.672542
2436,1703,5.210742
2437,1703,6.175359
2444,1703,19.743763
2446,1703,19.129673
2451,1703,24.888792
2455,1703,17.450272
2456,1703,72.795212
2457,1703,53.927013
2458,1703,157.182831
2226,1704,94.837135
2227,1704,156.100174
2228,1704,101.442123
2400,1704,2.705403
2401,1704,2.645482
2404,1704,1.436448
2405,1704,1.437068
2407,1704,1.97933
2408,1704,1.89018
2409,1704,1.268913
2410,1704,2.862736
2411,1704,3.217748
2412,1704,3.200804
2413,1704,12.603491
2414,1704,113.354202
2415,1704,39.929619
2416,1704,2.301146
2417,1704,2.830842
2418,1704,58.499161
2419,1704,77.847641
2420,1704,167.266357
2421,1704,47.99968
2422,1704,237.799973
2423,1704,47.928341
2424,1704,114.211136
2425,1704,52.116772
2426,1704,41.214798
2427,1704,48.001114
2428,1704,47.229328
2429,1704,74.687431
2430,1704,63.261295
2431,1704,64.079338
2432,1704,258.49646
2433,1704,63.102737
2434,1704,63.178196
2435,1704,120.672577
2436,1704,7.84455
2437,1704,17.11475
2438,1704,6.556386
2439,1704,6.262085
2440,1704,17.300694
2442,1704,21.970148
2444,1704,20.583385
2445,1704,11.367163
2446,1704,15.078547
2447,1704,20.80496
2448,1704,13.321021
2453,1704,43.480743
2454,1704,27.714739
2456,1704,14.373109
2228,1705,12.303949
2229,1705,31.286682
2400,1705,5.454319
2401,1705,5.735344
2402,1705,3.87784
2403,1705,5.589694
2404,1705,4.822504
2405,1705,6.852117
2406,1705,13.374868
2407,1705,13.856323
2408,1705,9.674753
2409,1705,7.922763
2410,1705,13.454458
2411,1705,11.621041
2412,1705,87.599861
2413,1705,117.924042
2414,1705,193.076233
2415,1705,98.125031
2416,1705,77.924812
2417,1705,81.441048
2418,1705,91.625343
2419,1705,64.353279
2408,1706,13.06645
2409,1706,12.516226
2410,1706,17.161148
2411,1706,18.221228
2412,1706,75.473396
2449,1706,10.472796
2450,1706,8.030997
2203,1708,4.210527
2202,1709,1.142857
2203,1709,6.210524
2381,1709,8.82461
2367,1710,1.049168
2369,1711,3.030164
2381,1711,7.627962
2382,1711,7.77033
2383,1711,9.719398
2214,1712,4.454543
2365,1712,2.318754
2366,1712,2.010628
2380,1712,6.764988
2381,1712,5.054479
2382,1712,6.45455
2383,1712,9.577167
2221,1713,3.285713
2372,1713,2.984255
2380,1713,3.756464
2381,1713,6.563928
2215,1714,7.051435
2379,1714,3.379129
2380,1714,4.909225
2378,1715,9.149724
2379,1715,6.732694
2380,1715,523.994507
2466,1715,2.625786
2377,1716,18.420681
2378,1716,3.997671
2379,1716,3.713376
2380,1716,75.803322
2433,1722,1.414634
2410,1723,2.077645
2300,1724,36.215389
2419,1724,10.231756
2420,1724,1.026239
2421,1724,2.805066
2421,1725,3.631126
2458,1728,21.959423
2445,1729,2.097507
