2471,2125,79.773743
2480,2125,67.776367
2467,2126,281.107605
2474,2128,122.492538
2421,2133,1.330407
2373,2137,7.525739
2443,2137,11.624797
2444,2137,15.994328
2373,2138,8.90154
2373,2139,13.180506
2374,2139,4.084768
2373,2140,17.185741
2374,2140,9.554047
2444,2140,246.201675
2373,2141,18.426199
2374,2141,17.828484
2444,2141,242.655029
2373,2142,12.878601
2374,2142,4.186459
2444,2142,562.57959
2491,2142,6.313204
2373,2143,12.452176
2374,2143,6.643084
2373,2144,5.556303
2374,2144,2.855143
2373,2145,3.794843
2374,2145,5.159708
2373,2146,14.385212
2374,2146,10.548731
2493,2146,31.536865
2373,2147,17.253782
2499,2147,10.560377
2372,2148,3.05059
2373,2148,11.793202
2499,2148,21.375296
2372,2149,9.86289
2373,2149,14.446948
2497,2149,86.438477
2372,2150,10.812431
2424,2150,427.07489
2469,2150,1.76742
2372,2151,24.473579
2444,2151,351.098633
2425,2152,20.966644
2490,2152,13.436737
2405,2153,6.930576
2424,2153,17.142672
2425,2153,4.408335
2426,2153,2.236976
2491,2153,147.995224
2492,2153,63.333908
2405,2154,6.399779
2406,2154,2.646402
2465,2154,5.446789
2405,2155,5.137065
2406,2155,2.548732
2422,2157,23.663363
2440,2157,9.877109
2401,2158,109.584961
2402,2158,115.619186
2403,2158,101.800499
2404,2158,125.690536
2405,2158,92.895889
2406,2158,398.697968
2407,2158,102.567322
2416,2158,144.5383
2418,2158,113.111679
2419,2158,165.408661
2420,2158,126.705887
2421,2158,55.128151
2422,2158,21.179827
2423,2158,31.173462
2424,2158,30.301619
2425,2158,24.965603
2427,2158,48.943726
2429,2158,24.903767
2434,2158,113.896591
2390,2159,104.839661
2393,2159,95.639732
2400,2159,9.513236
2401,2159,9.647175
2402,2159,29.371197
2403,2159,21.860504
2404,2159,36.693916
2405,2159,20.95421
2406,2159,33.149883
2407,2159,161.7901
2411,2159,28.264044
2406,2160,3.449411
2407,2160,23.322636
2412,2160,19.918655
2411,2161,25.61631
2390,2162,18.284533
2391,2162,13.36474
2411,2162,5.82351
2447,2162,2.000289
2402,2165,47.598907
2403,2165,11.440732
2404,2165,17.106167
2405,2165,17.893028
2406,2165,23.030476
2407,2165,44.201759
2408,2165,36.447643
2410,2165,34.243149
2411,2165,40.540901
2472,2165,16.603445
2406,2166,29.534645
2413,2166,21.432823
2416,2167,83.671555
2417,2167,17.57259
2425,2167,6.65606
2401,2168,204.953781
2474,2168,23.719292
2475,2168,17.624201
2402,2169,292.98877
2404,2169,1.010309
2478,2169,47.221649
2479,2169,35.061031
2416,2170,11.025039
2417,2170,7.637666
2405,2171,9.11915
2406,2171,47.26881
2481,2171,23.487162
2471,1897,166.0
2472,1897,166.0
2473,1897,350.25
2470,1898,12.559105
2471,1898,160.559097
2472,1898,85.853767
2473,1898,87.499138
2446,1899,1.933333
2442,1900,4.076925
2446,1900,4.324621
2405,1901,51.293411
2442,1901,29.676392
2443,1901,2.555556
2444,1901,4.167913
2445,1901,1.747368
2446,1901,4.324621
2447,1901,12.45591
2448,1901,34.97921
2395,1902,34.072876
2396,1902,42.359798
2397,1902,32.710682
2398,1902,39.174603
2399,1902,35.504784
2400,1902,25.373762
2401,1902,22.647369
2402,1902,38.732094
2403,1902,49.794483
2404,1902,89.989861
2405,1902,141.954254
2441,1902,410.350037
2442,1902,134.569855
2443,1902,13.104759
2444,1902,5.025546
2445,1902,4.191593
2446,1902,6.176722
2447,1902,8.676692
2448,1902,15.231506
2395,1903,50.153484
2396,1903,12.111713
2397,1903,9.601355
2398,1903,8.103233
2399,1903,10.678739
2400,1903,10.055203
2401,1903,12.851523
2402,1903,10.32418
2403,1903,31.828859
2404,1903,57.896954
2405,1903,148.270294
2441,1903,569.69635
2442,1903,125.412773
2443,1903,24.287193
2444,1903,2.047619
2446,1903,1.176471
2447,1903,7.086737
2395,1904,31.172817
2396,1904,14.266234
2397,1904,2.405664
2398,1904,2.683185
2399,1904,5.065766
2400,1904,3.155545
2401,1904,12.68985
2402,1904,12.318645
2403,1904,23.448463
2404,1904,31.825861
2441,1904,174.351669
2442,1904,37.224892
2443,1904,11.204472
2444,1904,10.083334
2445,1904,1.045455
2447,1904,3.14815
2394,1905,86.87278
2395,1905,35.788689
2396,1905,3.511067
2397,1905,1.607558
2399,1905,1.609722
2402,1905,3.974355
2403,1905,12.551726
2404,1905,45.524433
2440,1905,439.772369
2441,1905,255.63295
2442,1905,31.187622
2443,1905,12.840423
2444,1905,3.05
2445,1905,1.416667
2446,1905,2.476191
2447,1905,4.142857
2448,1905,8.635233
2449,1905,18.675514
2450,1905,24.05444
2394,1906,81.653465
2395,1906,39.291615
2396,1906,5.052931
2397,1906,1.504305
2400,1906,1.805556
2401,1906,2.410786
2402,1906,7.886683
2403,1906,17.573029
2404,1906,42.295765
2440,1906,1402.175781
2441,1906,262.361023
2442,1906,76.060043
2443,1906,11.737294
2444,1906,7.185464
2445,1906,4.028574
2446,1906,4.541787
2447,1906,3.047619
2448,1906,6.35
2449,1906,6.985033
2450,1906,29.083504
2394,1907,86.382484
2395,1907,22.575953
2396,1907,7.734245
2397,1907,2.333788
2398,1907,1.204762
2399,1907,1.142857
2402,1907,9.565935
2403,1907,14.707981
2404,1907,44.359535
2440,1907,579.549194
2441,1907,265.110107
2442,1907,78.381195
2443,1907,15.67798
2444,1907,14.55758
2445,1907,10.126621
2446,1907,3.945454
2447,1907,2.57143
2394,1908,56.609928
2395,1908,18.601475
2396,1908,5.581074
2397,1908,1.833788
2398,1908,1.104762
2399,1908,3.142857
2401,1908,1.19812
2402,1908,4.805278
2403,1908,21.426147
2404,1908,37.606491
2422,1908,378.927612
2424,1908,46.953014
2439,1908,1465.654419
2440,1908,311.323303
2447,1908,9.631821
2448,1908,7.530702
2449,1908,3.933333
2450,1908,7.999997
2451,1908,13.333316
2394,1909,85.853409
2395,1909,22.632698
2396,1909,5.732375
2397,1909,2.025455
2399,1909,1.342857
2402,1909,4.372079
2403,1909,21.56789
2404,1909,36.609077
2423,1909,234.433609
2424,1909,40.523994
2425,1909,1.880797
2426,1909,1.333333
2430,1909,2.57143
2446,1909,17.64172
2448,1909,27.861355
2449,1909,9.837614
2450,1909,20.3249
2451,1909,22.052353
2394,1910,78.55146
2395,1910,24.117342
2396,1910,6.189665
2401,1910,1.092857
2402,1910,10.772018
2403,1910,18.425673
2404,1910,42.95113
2423,1910,233.582672
2424,1910,68.164116
2449,1910,72.159271
2450,1910,23.927572
2394,1911,94.195595
2395,1911,23.358402
2396,1911,3.201455
2402,1911,2.746495
2403,1911,12.191393
2404,1911,46.991024
2405,1911,106.434837
2422,1911,287.387634
2423,1911,214.700821
2394,1912,80.189293
2395,1912,10.481292
2396,1912,3.067769
2402,1912,1.109376
2403,1912,7.108074
2404,1912,35.298618
2405,1912,162.564621
2422,1912,205.96698
2394,1913,28.424074
2395,1913,9.930479
2396,1913,2.967769
2402,1913,2.035643
2403,1913,5.15916
2404,1913,33.012974
2405,1913,96.617683
2394,1914,22.532803
2395,1914,8.09719
2396,1914,2.093024
2403,1914,10.726328
2404,1914,46.921852
2405,1914,91.030441
2406,1914,696.973633
2394,1915,19.596882
2404,1915,4.936225
2405,1915,164.694763
2406,1915,135.128693
2418,1915,163.2565
2406,1916,272.213013
2418,1916,73.59288
2410,1917,30.268461
2411,1917,34.348434
2412,1917,20.909637
2413,1917,20.909637
2414,1917,50.025047
2415,1917,32.27943
2416,1917,71.729752
2440,1926,290.163757
2408,1928,7.520832
2409,1928,23.017164
2410,1928,28.858139
2408,1929,7.520832
2409,1929,33.036671
2408,1930,8.833332
2409,1930,18.640825
2410,1930,23.389187
2415,1930,13.199967
2408,1931,5.5
2409,1931,26.770844
2410,1931,20.909637
2409,1932,6.1875
2410,1932,20.909637
2399,1933,310.327332
2410,1933,7.709671
2419,1944,7.709671
2423,1945,13.199967
2417,1946,6.1875
2423,1946,13.199967
2417,1947,6.1875
2423,1947,9.119993
2424,1947,13.199967
2425,1947,13.199967
2426,1947,13.199967
2423,1948,4.000002
2470,1962,168.964081
2469,1963,60.045662
2470,1963,296.417847
2469,1964,173.755554
2470,1964,121.93647
2468,1965,59.912369
2471,1965,134.737122
2465,1966,109.390434
2464,1967,7.946977
2425,1969,3.69561
2468,1971,3.722977
2382,1980,10.566307
2445,1980,26.279409
2446,1980,44.895554
2477,1986,1.128196
2476,1987,1.128196
2392,1990,6.411768
2444,1990,14.646195
2445,1990,7.039007
2447,1990,5.99405
2448,1990,7.75539
2449,1990,15.195313
2450,1990,32.438671
2444,1991,6.471122
2443,1995,3.717706
2444,1995,4.074867
2444,1996,11.352542
2445,1996,15.42964
2446,1996,9.880585
2445,1997,4.180082
2446,1997,3.786664
2447,1997,8.544278
2385,1999,3.411767
2393,1999,1.499049
2439,2001,29.208105
2439,2002,13.812334
2446,2002,29.784842
2447,2002,60.684891
2439,2003,13.367669
2446,2004,1.791097
2458,2004,11.900805
2458,2005,15.910645
2440,2006,9.480927
2457,2006,4.777947
2439,2007,11.375319
2458,2007,4.777947
2451,2008,1.057477
2455,2008,1.111111
2459,2008,11.630695
2460,2008,38.743313
2454,2009,3.930556
2455,2009,4.957758
2456,2009,2.402699
2460,2009,3.479998
2461,2009,4.979998
2462,2009,23.233923
2387,2010,11.153851
2388,2010,16.246624
2389,2010,11.262337
2390,2010,21.58432
2391,2010,27.582695
2392,2010,34.102394
2393,2010,71.452103
2394,2010,63.313053
2395,2010,107.043106
2429,2010,52.387814
2451,2010,1.192382
2454,2010,10.469049
2455,2010,4.795853
2456,2010,6.504886
2458,2010,1.53821
2459,2010,2.807134
2460,2010,6.763288
2461,2010,4.442861
2392,2011,14.446627
2393,2011,25.565031
2453,2011,43.050385
2454,2011,5.995328
2458,2011,2.230639
2459,2011,3.471505
2460,2011,3.207843
2469,2011,49.192787
2451,2012,1.566984
2452,2012,5.550069
2453,2012,18.26103
2460,2012,6.45454
2390,2013,4.423084
2391,2013,4.828059
2392,2013,7.155931
2378,2016,3.068452
2439,2016,2.862735
2442,2016,12.48999
2378,2017,3.201904
2438,2017,2.896945
2378,2018,3.201904
2377,2019,223.520386
2377,2020,121.093002
2377,2021,97.928284
2385,2021,13.309685
2387,2021,1.333333
2388,2021,2.198874
2389,2021,1.74359
2390,2021,1.74359
2391,2021,6.207458
2392,2021,2.574146
2407,2021,22.154284
2408,2021,11.914044
2384,2022,2.088462
2385,2022,107.940697
2386,2022,130.905075
2387,2022,99.568871
2390,2022,87.221809
2391,2022,83.69854
2392,2022,78.656349
2393,2022,112.318062
2407,2022,32.997032
2396,2023,6.567019
2405,2023,12.368995
2406,2023,63.955708
2407,2023,122.358337
2464,2023,26.684067
2465,2023,38.810871
2396,2024,13.415881
2405,2024,36.380821
2406,2024,90.689255
2464,2024,22.494461
2465,2024,8.97915
2396,2025,43.071648
2444,2025,47.56419
2465,2025,35.578133
2396,2026,3.767884
2444,2026,17.7089
2445,2026,40.908375
2446,2026,20.162937
2447,2026,97.101295
2448,2026,64.649971
2449,2026,45.800976
2450,2026,41.509129
2451,2026,56.560066
2465,2026,19.075127
2378,2027,2.80195
2379,2027,1.134616
2468,2027,15.476891
2498,2027,22.837196
2378,2028,2.532307
2385,2028,1.367778
2386,2028,3.64195
2387,2028,4.205852
2388,2028,3.12195
2389,2028,2.506566
2390,2028,3.299457
2391,2028,3.611679
2392,2028,4.583901
2393,2028,6.33818
2378,2029,40.251762
2383,2029,11.352951
2384,2029,6.199998
2385,2029,3.818181
2386,2029,7.636361
2387,2029,9.399999
2388,2029,9.951513
2378,2030,54.669079
2452,2030,6.70397
2453,2030,55.793625
2382,2039,98.288559
2383,2039,93.690407
2403,2039,11.200562
2404,2039,34.642651
2376,2040,47.684807
2381,2040,67.454109
2382,2040,29.187145
2383,2040,65.095955
2384,2040,37.371624
2385,2040,23.045799
2386,2040,49.53051
2399,2040,34.301647
2417,2040,14.409559
2376,2041,317.021545
2379,2041,5.526517
2380,2041,57.557911
2381,2041,53.883743
2382,2041,30.287584
2383,2041,37.330109
2384,2041,40.06926
2385,2041,24.06694
2386,2041,19.625191
2377,2042,45.443775
2378,2042,16.880699
2379,2042,20.252144
2380,2042,15.904304
2381,2042,18.177954
2382,2042,79.522308
2383,2042,46.218689
2384,2042,56.522732
2377,2043,37.036568
2377,2044,12.82683
2423,2044,15.870703
2481,2044,120.223778
2377,2045,7.84115
2408,2045,75.450218
2377,2046,54.105484
2387,2047,566.025818
2388,2047,357.34021
2388,2049,73.431702
2388,2050,88.028351
2389,2050,93.226135
2434,2050,13.328104
2435,2050,8.247057
2387,2051,62.297539
2388,2051,111.777542
2389,2051,70.387589
2390,2051,116.265152
2409,2051,42.233612
2418,2051,19.107166
2387,2052,79.237213
2388,2052,64.994095
2389,2052,42.344299
2390,2052,54.95488
2392,2052,46.657677
2393,2052,28.140221
2394,2052,70.775772
2409,2052,12.088305
2416,2052,1.767677
2436,2052,16.912254
2492,2052,112.192078
2410,2053,5.45708
2415,2053,12.166773
2436,2053,15.195147
2398,2054,1.37037
2399,2054,46.904057
2421,2054,12.000361
2436,2054,53.181026
2437,2054,44.824772
2438,2054,25.291719
2398,2055,1.407407
2399,2055,1.416667
2431,2055,7.140195
2438,2055,21.690298
2417,2056,10.980518
2437,2056,18.000216
2487,2056,5.258652
2489,2056,1.870427
2421,2057,38.492355
2437,2057,2.184649
2487,2057,55.106678
2488,2057,23.254101
2489,2057,5.318208
2421,2058,21.309101
2437,2058,14.335701
2487,2058,4.266982
2490,2058,5.765419
2437,2059,6.53036
2376,2060,42.344299
2377,2060,22.649797
2375,2061,3.783749
2375,2062,2.439999
2491,2062,166.349365
2492,2062,30.685627
2375,2063,2.439999
2478,2063,73.839378
2491,2063,156.55127
2492,2063,68.354759
2375,2064,14.090899
2399,2064,74.064926
2492,2064,173.143921
2493,2064,38.323742
2494,2064,34.415043
2375,2065,14.090899
2417,2065,10.809278
2389,2066,9.784019
2380,2067,1.479451
2381,2067,2.082385
2382,2067,3.210627
2383,2067,3.686783
2384,2067,5.133014
2385,2067,5.329675
2386,2067,24.794342
2387,2067,15.457669
2388,2067,10.079584
2389,2067,7.935712
2376,2081,4.29524
2377,2081,3.074651
2378,2081,3.074651
2379,2081,8.081612
2380,2081,4.186421
2381,2081,3.135139
2382,2081,2.408149
2383,2081,5.676245
2384,2081,7.635506
2385,2081,4.806238
2386,2081,5.999888
2387,2081,5.272898
2388,2081,5.272898
2389,2081,6.840467
2390,2081,6.299337
2391,2081,5.572347
2392,2081,7.926559
2393,2081,7.926559
2394,2081,6.92677
2395,2081,6.92677
2396,2081,7.417795
2397,2081,8.5486
2398,2081,9.548388
2399,2081,9.793901
2400,2081,9.738331
2401,2081,9.579558
2402,2081,76.988098
2404,2081,59.995659
2373,2082,1.129031
2375,2082,1.658536
2376,2082,4.959743
2377,2082,5.045554
2378,2082,5.045554
2379,2082,24.46978
2380,2082,7.128406
2381,2082,3.043478
2382,2082,3.043478
2383,2082,8.020603
2384,2082,5.028538
2385,2082,4.927921
2386,2082,6.739049
2387,2082,6.326221
2388,2082,6.326221
2389,2082,7.84796
2390,2082,7.84796
2391,2082,7.435133
2392,2082,8.440083
2393,2082,8.412296
2394,2082,7.560533
2395,2082,7.560533
2396,2082,7.147705
2397,2082,9.522399
2398,2082,9.604138
2399,2082,9.945409
2400,2082,9.945409
2401,2082,9.389642
2402,2082,14.785847
2403,2082,68.680679
2373,2083,1.051282
2374,2083,4.854168
2375,2083,6.586221
2376,2083,5.63384
2377,2083,1.689394
2378,2083,1.689394
2379,2083,1.689394
2380,2083,1.689394
2381,2083,1.416666
2382,2083,1.416666
2383,2083,1.689394
2384,2083,1.416666
2385,2083,1.416666
2386,2083,1.416666
2387,2083,1.416666
2388,2083,1.6875
2389,2083,1.6875
2390,2083,1.6875
2401,2083,3.567227
2402,2083,17.40056
2403,2083,56.373936
2404,2083,105.829498
2373,2084,1.129031
2375,2084,2.515165
2376,2084,2.515165
2377,2084,2.515165
2378,2084,2.515165
2380,2084,2.515165
2381,2084,1.479451
2384,2084,1.479451
2385,2084,1.479451
2387,2084,1.479451
2388,2084,1.479451
2389,2084,1.479451
2403,2084,81.842606
2373,2085,1.051282
2374,2085,1.479451
2403,2085,106.037865
2404,2085,98.343918
2413,2085,4.595959
2373,2086,8.56805
2374,2086,2.515165
2403,2086,11.60124
2404,2086,26.112267
2373,2087,1.658536
2374,2087,3.995977
2402,2087,2.843056
2403,2087,3.527014
2404,2087,3.451786
2405,2087,19.31098
2383,2089,3.26177
2379,2090,2.513319
2381,2090,2.915493
2497,2090,19.055431
2373,2091,1.380953
2372,2092,3.601813
2373,2092,1.380953
2372,2093,20.836542
2373,2093,3.857144
2403,2093,1.155556
2404,2093,2.283798
2372,2094,19.70751
2404,2094,9.191181
2440,2094,8.686751
2446,2094,5.426825
2372,2095,8.950619
2373,2095,5.062205
2403,2095,37.767883
2372,2096,1.384616
2373,2096,9.495152
2403,2096,28.51545
2373,2097,11.881714
2374,2097,2.186147
2400,2097,137.59111
2401,2097,10.151849
2402,2097,99.627266
2403,2097,280.753662
2373,2098,3.211806
2374,2098,6.49752
2375,2098,6.49752
2376,2098,6.260913
2377,2098,6.66022
2378,2098,5.544885
2379,2098,5.065464
2380,2098,47.36615
2381,2098,26.590122
2382,2098,33.739429
2383,2098,33.114433
2384,2098,33.514091
2385,2098,27.459435
2386,2098,27.214466
2387,2098,27.214466
2388,2098,29.197378
2389,2098,46.609505
2390,2098,37.01292
2391,2098,41.13868
2392,2098,40.254959
2393,2098,43.16188
2394,2098,3.66188
2395,2098,5.596131
2396,2098,11.081632
2397,2098,24.386599
2398,2098,8.301137
2399,2098,46.079472
2401,2098,56.679089
2402,2098,101.823395
2372,2099,1.158014
2373,2099,2.786335
2374,2099,2.786335
2375,2099,2.541364
2376,2099,2.649549
2377,2099,2.179241
2378,2099,2.179241
2379,2099,11.417456
2380,2099,10.290255
2381,2099,10.338451
2382,2099,12.967951
2383,2099,17.675299
2384,2099,13.434751
2385,2099,12.316338
2386,2099,13.537593
2387,2099,13.537593
2388,2099,19.100111
2389,2099,35.513359
2390,2099,14.893442
2391,2099,37.054962
2392,2099,14.406857
2393,2099,19.485348
2394,2099,17.75683
2395,2099,8.46429
2396,2099,8.46429
2451,2099,143.628967
2375,2100,4.554935
2376,2100,9.784
2377,2100,9.791123
2378,2100,9.211362
2379,2100,9.218485
2380,2100,9.055895
2381,2100,8.22044
2382,2100,14.685077
2383,2100,12.587055
2391,2100,22.493029
2393,2100,12.919062
2394,2100,10.829163
2395,2100,7.13303
2396,2100,7.144393
2452,2100,96.901215
2382,2103,12.635731
2372,2104,5.345085
2373,2104,4.554355
2374,2104,4.537941
2375,2104,5.017363
2376,2104,8.885415
2377,2104,21.393351
2381,2104,17.393669
2372,2105,10.479103
2373,2105,2.818182
2374,2105,7.836363
2375,2105,7.218182
2376,2105,77.421837
2377,2105,23.219831
2380,2105,14.528072
2381,2105,32.227516
2382,2105,27.207546
2372,2106,31.922535
2373,2106,68.724556
2374,2106,18.227304
2375,2106,64.42823
2376,2106,33.91156
2377,2106,28.537043
2380,2106,30.318726
2381,2106,41.954117
2382,2106,31.271921
2372,2107,22.136511
2373,2107,21.291401
2374,2107,13.195594
2375,2107,19.039209
2376,2107,19.039209
2377,2107,19.039209
2380,2107,35.063797
2381,2107,47.735092
2382,2107,22.282692
2372,2108,16.575663
2373,2108,13.195594
2380,2108,27.316206
2381,2108,27.393692
2382,2108,24.885544
2372,2109,19.564873
2373,2109,12.325181
2381,2109,20.550133
2382,2109,28.692163
2372,2110,20.575151
2373,2110,11.634419
2381,2110,16.138496
2382,2110,19.212051
2478,2110,25.122532
2372,2111,19.739735
2373,2111,14.093904
2381,2111,23.446184
2382,2111,28.040558
2383,2111,14.492947
2384,2111,21.747974
2385,2111,21.747974
2398,2111,141.115936
2474,2111,130.45874
2475,2111,1.160816
2477,2111,1.160816
2478,2111,1.151285
2486,2111,35.228317
2373,2112,57.435295
2479,2112,13.408075
2373,2113,20.013603
2374,2113,25.08522
2372,2114,153.827301
2373,2114,17.076555
2374,2114,35.112907
2375,2114,18.52322
2479,2114,63.005421
2405,2120,8.686751
2406,2120,8.686751
2379,2121,21.619005
2479,2122,55.26326
2480,2122,48.847713
2372,2123,57.814999
