531,1487,346.943726
533,1487,24.140331
534,1487,9.0
560,848,2.094619
561,848,1.925125
563,848,96.807297
564,848,124.519508
565,848,61.197906
566,848,78.19648
567,848,76.758911
568,848,53.238277
569,848,65.487709
570,848,101.739471
571,848,51.181355
586,848,347.842651
571,849,31.070099
572,849,95.789284
585,849,65.399063
586,849,525.777344
531,1488,157.344986
532,1488,38.608242
533,1488,10.222226
590,531,23.991764
591,531,28.752464
531,1489,48.153786
532,1489,9.0
585,1169,290.476318
584,1170,234.125931
585,1170,295.382111
586,850,506.493591
576,1171,79.616325
577,1171,156.526932
584,1171,564.810791
585,1171,270.67746
561,851,5.768728
584,1172,312.11731
585,1172,389.813324
536,2129,85.046593
577,1173,20.044958
531,1492,63.424911
536,2130,66.247772
532,1493,18.925211
536,2131,338.345612
536,2132,251.437332
580,1177,4.230356
581,1177,3.183772
572,1179,18.403715
575,1179,63.939487
581,1179,50.873283
536,2135,432.212769
570,1180,40.638065
571,1180,77.300278
570,1181,128.353531
571,1181,59.076336
585,1182,1065.55603
584,1183,29.531784
585,1183,9.282872
620,865,57.586861
531,1502,38.034203
618,866,49.783493
619,866,14.133006
620,866,33.42046
621,866,97.890434
531,1503,40.19297
618,867,130.035431
619,867,25.214071
621,867,13.544153
531,1504,25.372398
560,868,587.768188
531,1505,2.264708
531,1506,2.264708
531,1507,2.264708
531,1508,2.264708
531,1509,2.519999
531,1510,2.519999
531,1511,2.519999
530,1512,4.466527
531,1512,2.352942
624,877,7.230041
530,1513,5.064853
530,1514,4.897797
530,1515,5.658773
530,1516,5.367117
530,1517,5.589339
529,1518,4.886145
530,1518,5.933225
529,1519,4.860817
530,1519,10.043713
529,1520,2.264708
620,887,1.004434
577,888,195.137558
620,889,10.920768
544,891,140.357269
547,891,50.113819
578,571,12.150828
544,892,98.481544
615,1208,846.711853
615,1209,1913.919067
545,895,58.458275
545,896,23.971386
599,576,133.272476
600,576,11.097174
583,577,21.348349
599,577,14.153288
545,899,83.632309
562,1216,80.653641
579,579,105.528297
580,579,74.743057
639,579,6.883824
562,1217,124.106781
562,1218,31.309536
619,903,23.253664
619,904,21.811136
562,1219,101.116386
563,1219,160.525299
581,582,17.506821
582,582,12.08737
583,582,23.347155
584,582,22.510065
585,582,49.369202
586,582,45.607792
600,582,16.097019
619,905,28.379318
563,1220,49.789925
564,1220,70.192368
582,583,3.657488
583,583,6.395478
584,583,3.787757
585,583,6.45399
586,583,17.406425
581,584,6.855732
582,584,1.994049
583,584,1.045748
584,584,3.113563
585,584,4.383524
600,584,5.298257
619,906,27.426151
562,1221,91.02092
581,585,5.644727
582,585,2.011658
583,585,1.903105
600,585,5.298257
581,586,4.614076
582,586,2.887921
583,586,1.960993
584,586,5.917661
549,910,3.549728
581,587,3.009694
582,587,1.397409
562,1224,419.50708
581,588,4.227001
582,588,2.49455
583,588,1.582054
562,1225,805.95929
581,589,8.06676
582,589,1.57099
583,589,1.597621
562,1226,194.369202
563,1226,279.261444
565,1226,710.407471
581,590,9.502082
582,590,3.630012
583,590,2.100764
563,1227,90.933769
550,914,11.725956
555,914,32.013851
556,914,27.787067
557,914,71.116562
558,914,185.729706
581,591,13.42977
582,591,4.362933
583,591,2.805475
581,592,11.04691
582,592,4.6836
583,592,1.864327
581,593,6.328197
582,593,6.476319
583,593,1.999604
538,1229,157.36084
581,594,10.452276
582,594,7.653727
558,918,282.889374
559,918,228.961487
560,918,197.313354
538,1230,678.39624
581,595,32.177017
581,596,35.410393
554,928,22.375221
554,929,18.095327
555,929,15.768864
554,930,38.150017
555,930,4.528561
556,930,1.534184
558,930,5.053495
559,930,6.316415
560,930,4.782644
561,930,20.463943
563,930,2.937238
564,930,2.964354
578,604,136.048859
579,604,168.38031
553,931,18.063976
554,931,2.677863
558,931,1.15567
562,931,1.418075
563,931,2.976722
564,931,1.564504
614,1240,127.520134
551,932,50.722404
552,932,58.397114
553,932,14.300796
563,932,2.475839
559,1242,329.939972
551,933,22.97592
552,933,5.33031
553,933,16.531422
601,933,3.405364
601,934,2.201627
595,935,1.831765
566,1243,445.282349
577,937,350.394012
555,1245,91.484352
566,1245,203.708313
615,1245,108.489197
577,611,8.74594
578,611,3.03243
579,611,9.684591
548,939,327.469269
549,939,328.828674
550,939,192.343216
551,939,141.580399
552,939,66.508583
553,939,54.621674
554,939,79.819145
555,939,57.252487
556,939,116.599167
557,939,98.323929
558,939,94.242012
559,939,128.765152
560,939,138.843872
561,939,194.560211
562,939,213.81662
563,939,191.83252
564,939,190.77655
565,939,168.86911
566,939,93.460602
547,940,488.745605
548,940,379.936188
549,940,373.728485
550,940,382.032562
551,940,353.460449
552,940,410.308044
553,940,160.395035
554,940,131.737823
555,940,175.65947
556,940,157.698288
557,940,621.600586
558,940,167.179108
559,940,166.38562
560,940,161.337906
561,940,140.518295
562,940,231.650787
563,940,178.979263
564,940,206.862076
565,940,198.224838
566,940,178.121933
578,612,24.117334
579,612,33.20546
580,612,8.001911
581,612,3.02348
583,612,1.42909
552,941,287.154968
553,941,202.250122
554,941,177.212296
555,941,140.510712
578,613,27.87372
579,613,4.987235
558,944,64.594368
578,614,1.647543
580,945,60.354733
578,615,8.872457
540,1254,4069.19751
616,950,9.794715
617,950,8.23149
594,1258,99.484299
606,951,89.805679
607,951,60.296616
608,951,18.063761
616,951,6.362421
617,951,6.415591
607,952,110.03775
608,952,52.664627
609,952,21.314245
613,952,5.901361
616,952,9.793535
617,952,6.133907
560,621,11.504269
561,621,11.984869
574,622,8.192131
608,953,74.730064
609,953,115.713982
610,953,16.667152
611,953,33.475109
612,953,5.89689
613,953,5.102437
560,623,3.65168
561,623,2.324361
554,954,31.361588
555,954,57.960953
608,954,47.802315
609,954,77.526352
610,954,12.604654
611,954,4.456114
612,954,9.812717
613,954,5.143397
593,1262,99.710297
554,955,18.666901
555,955,49.460533
556,955,56.961716
557,955,4.447091
560,955,261.571686
608,955,24.736399
609,955,22.469631
610,955,11.900196
611,955,11.852458
612,955,7.274395
613,955,5.928512
549,956,832.583374
550,956,242.885941
551,956,83.470848
553,956,23.198538
554,956,15.790564
555,956,16.301039
556,956,8.208715
557,956,14.816054
558,956,6.266675
559,956,6.111777
560,956,261.537231
561,956,461.35083
562,956,427.712433
563,956,423.087677
564,956,412.684845
565,956,256.226288
580,956,130.329208
581,956,188.811035
608,956,21.170605
609,956,48.832981
610,956,538.866882
611,956,19.062477
612,956,10.333069
613,956,5.823598
551,624,24.378281
560,624,2.33565
561,624,5.327427
576,624,1.264662
603,1264,406.715179
545,625,8.853773
549,625,11.413455
550,625,10.220441
552,625,9.236497
560,625,2.809096
561,625,5.793368
548,957,285.334991
549,957,173.275894
550,957,79.232704
551,957,35.674469
552,957,8.230106
554,957,1.097468
555,957,1.299658
556,957,8.340369
557,957,4.488741
558,957,4.016389
560,957,142.288483
561,957,260.847656
562,957,476.135559
563,957,499.925842
564,957,249.314911
565,957,139.15062
581,957,73.931557
608,957,47.411156
609,957,21.08514
610,957,657.250854
611,957,19.006992
612,957,8.069331
613,957,4.847799
547,958,202.109741
548,958,164.662643
549,958,142.974594
550,958,23.8473
551,958,3.16955
552,958,3.440945
553,958,1.774625
554,958,1.671373
555,958,1.923715
556,958,1.486037
557,958,2.152802
558,958,2.374893
559,958,10.039495
560,958,161.322189
561,958,28.10391
562,958,35.074375
563,958,14.291137
564,958,25.311865
565,958,20.767925
581,958,85.317612
608,958,22.851315
609,958,86.484642
610,958,1.938819
611,958,1.212907
612,958,3.888533
603,1265,270.846985
552,626,33.605904
576,626,2.199956
577,626,1.186901
579,626,14.947316
580,626,9.675253
581,626,14.124069
549,959,14.422295
550,959,15.591784
551,959,5.842497
552,959,2.579732
554,959,2.657367
555,959,2.699391
556,959,3.47976
564,959,15.226758
565,959,22.428547
580,959,116.329735
581,959,76.861404
608,959,25.146658
609,959,13.81926
610,959,2.377191
611,959,4.754027
612,959,5.105
552,627,48.182762
551,960,10.859688
565,960,25.452944
582,960,330.923035
608,960,33.638893
609,960,7.191513
610,960,1.018941
611,960,1.755847
614,960,2.220916
615,960,1.677839
608,961,94.35321
609,961,37.196396
612,961,2.904973
614,961,1.749315
615,961,2.797086
617,961,2.841613
550,629,1.560918
580,635,41.217228
581,635,13.640409
582,635,1.844426
583,635,5.808506
584,635,22.561512
545,636,3.41235
581,636,16.985331
545,637,4.640146
545,639,4.894197
545,640,9.007797
545,641,51.83709
576,642,208.888168
576,1283,133.394653
576,1284,2007.353149
575,1285,1929.659424
603,986,302.691284
577,654,10.360336
578,654,8.509566
579,654,8.997025
580,654,15.713111
581,654,11.165254
582,654,9.725732
583,654,8.394841
584,654,11.158756
585,654,17.472488
603,987,56.783161
601,988,39.624416
602,988,3.725245
603,988,2.679778
604,988,1.858026
573,655,30.886375
574,655,36.939034
575,655,26.240902
576,655,8.190289
577,655,10.493869
578,655,4.531816
580,655,3.243577
582,655,8.696598
583,655,5.369716
584,655,25.301622
572,656,14.593385
573,656,12.580023
574,656,8.226832
575,656,4.583963
576,656,1.644408
580,656,3.552789
581,656,2.787969
582,656,4.492346
583,656,7.647981
584,656,37.727341
557,991,24.542019
558,991,16.388819
562,991,32.801884
563,991,380.128479
572,657,9.741241
573,657,167.897079
574,657,754.167969
575,657,1.514781
576,657,2.0502
578,657,1.808333
579,657,1.770833
581,657,1.89719
582,657,8.022175
583,657,11.70359
584,657,21.52692
570,658,10.140126
572,658,518.752014
573,658,10.690692
574,658,4.05597
575,658,2.283964
577,658,45.570412
578,658,45.570412
580,658,1.422475
582,658,2.115784
583,658,6.431429
584,658,31.789312
568,993,10.817675
570,659,13.883595
571,659,16.638924
572,659,3.202868
573,659,12.69644
574,659,2.961707
577,659,2.01277
580,659,1.83717
581,659,45.995434
582,659,7.760053
583,659,5.21113
584,659,19.999945
570,660,31.340607
571,660,19.438158
572,660,12.171588
573,660,15.454561
574,660,11.359389
575,660,11.453266
576,660,9.398011
577,660,13.042183
578,660,5.34848
579,660,5.516541
580,660,4.40378
581,660,16.031082
582,660,13.956646
583,660,18.412525
584,660,50.991264
570,661,23.687046
571,661,17.128717
572,661,72.785797
573,661,37.20665
574,661,25.147326
575,661,7.956293
576,661,21.278748
577,661,11.016063
578,661,12.822573
579,661,14.664032
580,661,13.421355
581,661,32.729698
582,661,26.043146
547,994,5.546045
548,994,2.55662
571,662,31.239067
577,662,74.236755
578,662,71.181145
579,662,77.923111
580,662,19.312443
593,1299,1683.53064
547,995,2.949088
548,995,6.725904
547,996,3.344923
548,996,7.5576
546,997,35.428402
547,997,31.026535
548,997,16.466406
601,997,26.624508
547,998,26.226339
548,998,35.261627
549,998,3.029046
547,999,51.420628
548,999,22.155521
547,1000,44.773926
548,1000,18.33231
547,1001,67.373657
548,1001,12.750311
569,1001,1.701806
570,1001,19.395426
547,1002,56.367294
548,1002,40.631325
549,1002,44.954948
548,1003,23.564482
549,1003,9.247666
550,1003,2.741855
548,1004,26.885674
549,1004,6.51196
548,1005,39.943333
549,1005,14.694341
618,1005,1.47881
619,1005,1.843636
620,1005,1.642368
548,1006,23.264555
549,1006,12.602457
550,1006,2.341693
568,1006,2.021683
569,1006,2.349012
599,1006,66.045998
600,1006,17.722054
548,1007,12.869231
549,1007,12.81722
569,1007,2.524399
570,1007,46.570515
548,1008,15.737305
549,1008,7.412453
568,1008,1.501327
569,1008,1.477862
570,1008,36.129276
548,1009,18.381081
549,1009,3.068402
568,1009,1.940879
570,1009,52.494427
548,1010,20.953096
549,1010,3.362916
548,1011,21.485687
549,1011,4.044579
548,1012,13.553411
549,1012,3.97095
555,1012,3.635424
556,1012,3.332866
560,1012,4.659111
562,1012,4.429659
563,1012,37.293987
629,1012,7.851712
548,1013,12.523284
549,1013,2.967822
550,1013,1.317201
555,1013,3.078969
556,1013,20.169952
557,1013,36.167786
558,1013,50.469837
559,1013,35.091461
560,1013,23.629433
561,1013,43.790581
562,1013,41.619995
568,1013,48.097054
548,1014,17.062592
549,1014,3.270448
550,1014,6.818545
555,1014,10.644276
556,1014,53.101986
557,1014,58.176334
558,1014,298.302765
559,1014,59.30217
560,1014,93.809464
561,1014,55.75206
599,1014,35.709717
618,1014,1.398964
619,1014,1.495897
620,1014,2.39235
621,1014,1.799949
622,1014,1.501283
623,1014,2.487988
624,1014,2.887209
625,1014,9.991529
547,1015,9.620048
548,1015,29.518082
549,1015,30.304291
550,1015,49.666821
599,1015,99.433823
600,1015,86.400803
601,1015,32.382942
547,1016,10.20264
549,1016,10.387367
550,1016,10.921621
550,1017,12.958244
614,1017,3.070012
597,1019,1.333167
597,1020,32.62381
540,1021,31.530928
541,1021,7.986807
615,1021,10.331935
542,1022,21.277472
599,1022,164.677689
615,1022,5.149276
542,1023,6.438221
598,1023,278.386993
599,1023,320.632874
600,1023,84.286346
601,1023,41.692738
602,1023,65.560852
603,1023,3.381891
604,1023,3.85153
605,1023,3.381891
606,1023,2.949217
615,1023,8.518609
542,1024,6.232859
600,1024,67.683289
601,1024,79.033806
602,1024,48.489758
603,1024,3.197712
604,1024,2.560047
605,1024,2.981919
606,1024,5.981947
614,1024,4.089283
542,1025,5.206597
614,1025,2.782516
542,1026,5.405166
542,1027,2.702046
598,1027,36.047302
599,1027,70.51889
620,1027,7.381043
542,1028,2.628422
597,1028,7.609542
598,1028,1.531915
599,1028,1.664793
612,1028,97.398048
614,1028,41.826893
615,1028,37.923935
618,1028,5.736193
619,1028,5.987081
620,1028,3.740404
540,1029,13.915367
541,1029,82.312347
542,1029,1.318685
596,1029,577.680359
597,1029,218.794632
598,1029,1.664793
611,1029,21.388489
612,1029,9.549499
613,1029,13.303725
614,1029,7.578187
615,1029,13.294743
616,1029,5.494189
617,1029,4.9846
618,1029,5.912907
540,1030,7.46685
541,1030,30.181036
542,1030,6.669592
598,1030,134.634583
609,1030,37.023308
610,1030,2.985394
616,1030,2.175576
617,1030,3.010856
542,1031,8.148905
607,1031,22.137239
608,1031,88.650398
534,1960,3.5
542,1032,12.866669
554,1032,19.117455
555,1032,45.962154
556,1032,42.297215
557,1032,34.524635
558,1032,2.977529
559,1032,1.400968
560,1032,11.006286
561,1032,8.552509
562,1032,12.109279
563,1032,51.896973
564,1032,47.637333
565,1032,14.297701
566,1032,21.721865
600,1032,238.003662
601,1032,247.553497
602,1032,212.14743
603,1032,403.459351
604,1032,141.530212
605,1032,19.61632
606,1032,25.733246
607,1032,20.882948
537,1961,2431.159912
542,1033,17.839184
546,1033,4.37011
548,1033,1.855788
549,1033,1.16812
550,1033,1.406512
551,1033,2.131312
552,1033,1.291182
553,1033,1.699803
554,1033,1.774148
558,1033,5.765161
559,1033,6.826998
560,1033,9.906747
561,1033,6.180973
562,1033,10.950857
563,1033,16.587814
564,1033,19.339085
565,1033,26.427511
566,1033,117.347725
602,1033,298.602417
603,1033,272.467072
604,1033,189.041718
605,1033,168.681183
606,1033,133.508926
618,1033,1.785038
619,1033,3.421699
542,1034,17.684908
543,1034,4.643565
546,1034,32.602245
547,1034,13.369137
548,1034,5.739996
549,1034,4.46875
550,1034,5.757421
551,1034,16.518005
552,1034,11.174376
553,1034,8.589189
554,1034,11.186537
555,1034,14.016661
558,1034,4.746926
559,1034,6.486923
560,1034,6.180973
562,1034,12.544938
563,1034,59.096279
564,1034,26.427511
566,1034,46.053818
604,1034,146.82785
605,1034,453.108063
628,1034,5.740308
542,1035,18.100609
547,1035,18.150101
550,1035,14.474113
551,1035,12.925502
552,1035,15.031919
554,1035,8.197169
555,1035,7.957579
556,1035,45.924091
558,1035,3.121415
559,1035,2.571756
560,1035,11.041906
562,1035,24.495968
563,1035,22.387741
564,1035,59.715672
566,1035,34.391663
567,1035,606.046814
628,1035,4.07984
542,1036,48.618023
543,1036,63.52562
628,1036,12.757854
560,1037,4.008228
620,1037,60.266171
628,1037,8.241858
560,1038,1.090346
628,1038,15.66269
628,1039,34.554161
555,1040,17.210829
556,1040,7.791685
628,1040,21.235687
543,1041,12.411605
544,1041,36.206509
545,1041,17.837612
546,1041,16.594067
547,1041,14.411289
548,1041,22.172215
600,1041,245.164993
601,1041,301.898804
602,1041,82.995399
603,1041,87.159477
628,1041,38.175552
599,1042,336.954712
600,1042,201.795898
601,1042,253.421082
602,1042,85.711899
603,1042,563.289917
604,1042,93.355415
605,1042,36.883942
606,1042,54.039455
628,1042,160.48317
628,1043,288.7659
611,1044,64.181267
585,1049,7.243199
584,1050,7.432671
585,1050,15.963533
585,1051,6.102304
624,1055,98.45089
602,1056,46.125713
603,1056,24.870346
604,1056,20.178381
605,1056,7.791687
606,1056,6.565975
618,1056,12.614216
567,724,495.036774
568,724,184.64447
566,725,399.671295
567,725,340.803314
568,725,166.112152
570,725,18.107075
564,726,840.805054
565,726,414.586365
566,726,277.442627
567,726,107.978317
568,726,55.250725
569,726,24.416424
570,726,15.185419
571,726,33.742981
552,1060,16.590155
565,727,515.420471
566,727,249.879333
567,727,153.3284
568,727,64.480026
569,727,24.565691
570,727,27.239031
574,1356,389.07782
566,728,569.999451
567,728,187.583191
568,728,45.423969
569,728,51.164677
553,1061,101.672409
553,1062,71.613884
566,729,635.850403
568,729,92.305443
569,729,66.720459
568,730,75.026604
542,734,8.040204
543,734,2.628481
544,734,3.378942
568,734,126.921059
607,1067,59.955769
608,1067,10.346754
613,1067,19.567934
614,1067,21.124676
615,1067,20.717096
616,1067,43.397812
617,1067,42.956635
618,1067,4.291813
541,735,9.071494
542,735,16.840845
543,735,13.270183
544,735,1.096705
568,735,96.773132
602,1068,2.995193
603,1068,1.20802
604,1068,1.156895
605,1068,1.421072
614,1068,74.175507
615,1068,38.383591
616,1068,29.590956
617,1068,4.900538
541,736,977.588379
544,736,22.276728
567,736,112.657326
568,736,47.749504
569,736,16.428148
570,736,19.491629
614,1069,4.039998
615,1069,4.039998
616,1069,4.674124
616,1070,6.727267
566,1071,8.073394
617,1071,1.36407
566,737,120.900833
567,737,48.045544
568,737,33.690495
569,737,6.526839
570,737,10.386392
565,738,102.091705
566,738,59.85844
567,738,11.65306
568,738,1022.116882
569,738,2.944547
616,1072,11.460109
563,739,487.916962
564,739,265.117493
565,739,62.692959
566,739,33.377495
567,739,14.089517
568,739,12.930809
569,739,65.450455
570,739,38.347195
571,739,14.000846
572,739,8.320457
564,740,351.251556
565,740,128.262146
566,740,43.935951
567,740,49.933819
568,740,58.053658
569,740,11.958947
570,740,19.228226
571,740,32.597561
572,740,57.040436
565,741,216.842621
566,741,140.958572
567,741,56.588734
568,741,15.359927
569,741,31.961924
570,741,47.610035
571,741,17.79101
546,742,40.121956
566,742,147.039215
567,742,105.160286
568,742,96.821228
569,742,39.866547
588,742,25.752573
568,743,374.019073
569,743,28.382793
584,743,176.925385
585,743,183.796249
586,743,139.416046
587,743,19.269926
588,743,23.962433
546,744,237.703201
552,744,3.846831
583,744,331.493256
584,744,279.667236
585,744,302.374298
586,744,116.121605
587,744,72.147964
588,744,38.619762
545,745,51.715519
546,745,40.666157
547,745,2.533354
548,745,13.368025
552,745,4.665098
585,745,278.698486
586,745,191.485779
587,745,71.821579
588,745,100.866585
589,745,321.382385
597,1078,292.588898
598,1078,221.104095
599,1078,235.217697
600,1078,242.950745
601,1078,244.794662
602,1078,213.884018
603,1078,309.014191
604,1078,252.451508
605,1078,214.033325
606,1078,57.142387
545,746,153.343903
546,746,61.541046
547,746,1.856883
548,746,2.825623
552,746,1.635939
585,746,236.282196
586,746,216.851166
587,746,190.120712
588,746,88.680542
597,1079,392.514984
545,747,717.612732
546,747,73.71067
547,747,1.461859
548,747,3.122066
587,747,259.9729
545,748,549.203247
546,748,85.477859
547,748,1.138366
548,748,2.167778
586,748,63.722435
588,748,191.091507
545,749,149.26709
546,749,26.915096
547,749,2.502664
548,749,2.126339
585,749,105.942589
586,749,105.421539
587,749,122.03595
588,749,207.97197
545,750,62.77636
546,750,31.857224
547,750,3.325583
548,750,1.714921
586,750,91.315346
587,750,156.216599
578,1082,12.54998
545,751,119.001251
546,751,31.94615
586,751,68.742485
587,751,116.142021
588,751,45.072529
589,751,57.032108
590,751,61.062073
545,752,61.962006
546,752,28.666416
547,752,4.387402
585,752,66.350807
586,752,8.535649
587,752,18.843603
588,752,30.748371
589,752,64.965317
590,752,615.798767
585,753,15.917414
586,753,9.194929
587,753,58.391964
588,753,89.41114
589,753,73.09758
590,753,63.338959
591,753,252.646286
547,754,139.121277
582,754,90.368164
583,754,10.525629
584,754,30.917725
585,754,20.186058
586,754,11.340923
587,754,88.312767
588,754,50.627735
589,754,71.229698
590,754,48.584984
591,754,50.761868
552,1087,1.742689
618,1087,110.872757
619,1087,515.521484
583,755,24.960848
584,755,70.183014
585,755,17.229607
586,755,8.298373
587,755,82.834641
588,755,250.667938
589,755,64.978256
584,756,15.837066
585,756,11.800261
586,756,10.550312
587,756,95.704674
588,756,90.044792
552,1088,2.034356
564,1088,1.591548
565,1088,1.591548
566,1088,1.591548
567,1088,1.591548
568,1088,1.591548
619,1088,484.308228
620,1088,383.603973
547,757,30.362434
585,757,19.942659
586,757,20.983948
587,757,33.516346
588,757,384.798462
551,1089,1.363666
618,1089,526.47644
619,1089,317.559448
620,1089,391.706573
546,758,98.692047
547,758,27.167532
586,758,28.327307
587,758,47.65012
551,1090,1.394769
617,1090,445.917297
618,1090,734.353638
547,759,1.703554
618,1091,1836.472778
547,760,12.08777
567,1092,1.591548
618,1092,1869.582642
547,761,51.280323
600,761,203.883713
601,761,41.094227
603,761,87.870415
604,761,107.974083
546,762,52.428341
600,762,222.322342
601,762,48.630039
602,762,684.322632
603,762,302.408447
604,762,107.323891
605,762,350.216736
617,1093,869.638977
547,763,40.336266
599,763,89.026047
600,763,18.1134
601,763,25.246523
602,763,11.783555
603,763,633.662537
604,763,292.769501
605,763,329.094025
606,763,549.574585
600,764,25.637413
601,764,14.007412
602,764,11.523104
603,764,25.386005
604,764,61.344021
605,764,432.477081
617,1095,486.325134
547,765,77.904625
548,765,1.582806
600,765,37.687897
602,765,9.64394
603,765,13.824693
604,765,88.411255
605,765,126.564018
617,1096,688.224487
547,766,10.881702
548,766,2.662007
602,766,32.615784
603,766,15.523701
604,766,96.895798
605,766,211.253647
547,767,24.383673
603,767,28.285807
604,767,98.944595
605,767,193.429596
607,767,11.903977
547,768,42.39941
548,768,16.616415
604,768,319.445099
605,768,132.928375
606,768,198.236252
608,768,393.143188
552,1100,79.687889
597,1100,119.125244
598,1100,35.784565
599,1100,39.239998
602,1100,37.359535
604,769,309.896271
605,769,40.579632
606,769,31.104631
607,769,82.213318
608,769,7.890584
552,1101,38.301632
559,1101,180.440979
560,1101,68.28347
561,1101,73.472908
603,770,89.89119
604,770,89.553787
605,770,454.882751
606,770,70.718437
607,770,100.523094
608,770,132.438644
609,770,252.683945
560,1102,316.666504
561,1102,278.032074
564,1102,36.086803
566,1102,221.43985
568,1102,11.961565
602,771,252.89064
603,771,94.656113
604,771,50.111099
605,771,26.225176
606,771,36.235027
607,771,116.055077
608,771,155.092957
609,771,305.362549
570,1103,90.420113
571,1103,145.565521
603,772,85.633965
604,772,54.790737
605,772,25.811502
606,772,18.915365
607,772,61.623787
608,772,102.519676
609,772,262.875763
610,772,549.058472
602,773,148.101776
603,773,65.125031
604,773,45.68
605,773,23.418325
606,773,16.364679
607,773,748.676086
608,773,111.482239
609,773,249.757599
610,773,659.675842
603,774,39.723366
604,774,34.032089
605,774,45.192623
606,774,23.987459
607,774,20.195459
608,774,81.437805
609,774,213.165237
610,774,464.219147
604,775,69.184746
605,775,107.194313
606,775,54.757504
607,775,32.492138
608,775,94.001663
609,775,245.465836
610,775,569.789917
546,776,29.401464
603,776,302.64917
604,776,197.340591
605,776,427.422546
606,776,132.147797
607,776,58.322483
608,776,147.787369
609,776,342.949371
610,776,548.227722
604,777,828.618042
606,777,374.449799
607,777,173.512268
608,777,68.903809
609,777,233.982773
610,777,607.859619
610,1110,183.093475
611,1110,156.643997
612,1110,59.60173
607,778,111.010902
608,778,99.290649
609,778,189.184036
608,779,106.929077
610,1111,156.824738
611,1111,323.682434
612,1111,50.345367
613,1111,17.978756
614,1111,12.409769
615,1111,11.047702
616,1111,3.982241
614,1112,7.63747
615,1112,3.560991
596,1113,54.330509
617,1113,11.498488
596,1114,29.316624
597,1114,27.405563
551,1116,84.197395
619,1117,174.526337
611,1118,48.205257
612,1118,37.084225
613,1118,61.518467
614,1118,6.951872
618,1118,102.877304
619,1118,216.123764
619,1119,46.891579
616,790,186.794922
619,1120,161.600647
599,791,1.132095
607,792,1.128526
529,2041,54.50425
530,2041,56.166969
531,2041,68.067734
532,2041,68.173889
533,2041,68.173889
534,2041,67.611969
535,2041,67.228249
536,2041,37.305836
537,2041,34.00145
599,793,1.249423
529,2042,27.730785
530,2042,31.376936
531,2042,44.788025
532,2042,66.84903
533,2042,62.277802
534,2042,119.403412
535,2042,67.008171
536,2042,21.227217
531,2043,11.999997
532,2043,4.142857
533,2043,166.142853
534,2043,168.296707
535,2043,16.203844
536,2043,17.322723
536,2044,7.953844
537,2044,5.774328
560,797,5.850824
561,797,1.198772
562,797,18.263615
565,797,4.666451
560,798,14.356073
561,798,13.797403
563,798,29.728306
596,800,19.287743
597,800,82.580833
611,800,9.742105
580,801,66.276955
581,801,56.665337
582,801,89.915863
594,801,17.665903
595,801,11.74683
596,801,103.959747
597,801,331.304779
579,802,140.790756
580,802,96.474968
581,802,160.476822
593,802,25.509258
594,802,34.384689
595,802,29.369555
596,802,201.382141
597,802,128.740387
579,803,176.97345
580,803,452.522614
581,803,245.166809
582,803,128.449203
593,803,45.58213
594,803,154.284622
595,803,625.594604
596,803,247.039764
606,803,15.044805
607,803,4.229826
608,803,28.267778
609,803,11.093147
610,803,22.753021
579,804,146.8116
580,804,657.717346
606,804,32.909664
607,804,9.809296
608,804,1.084081
609,804,13.871117
610,804,373.258423
611,804,215.771759
580,805,813.509155
606,805,56.578861
607,805,3.213426
608,805,7.479532
609,805,27.735245
610,805,332.548279
567,806,49.85429
607,806,6.025002
608,806,73.572609
566,807,77.672852
567,807,72.612663
568,807,16.116066
569,807,29.979382
608,807,110.148232
564,810,167.378204
620,815,1.484434
563,1142,10.806048
564,1142,29.466759
565,1142,69.456268
561,1143,29.160677
562,1143,10.820037
563,1143,32.76001
566,1143,168.986542
562,1144,49.026901
563,1144,134.883224
565,1144,72.111084
613,819,34.326927
622,819,371.918213
613,820,62.46825
538,2062,121.614182
565,823,61.551266
567,823,111.256126
568,823,25.757004
538,2063,211.022919
534,2064,160.137573
535,2064,137.999512
549,824,2.203959
566,824,34.642387
567,824,58.487537
568,824,3.482854
580,824,45.711807
581,824,84.842606
567,825,2.154868
577,825,265.503906
579,825,51.214191
580,825,38.067863
581,825,37.888264
534,2065,176.518234
535,2065,166.307129
536,2065,128.248016
534,2066,235.01181
535,2066,251.459732
536,2066,63.708527
537,2066,2.183333
551,826,1.074695
579,826,3165.928223
580,826,30.471241
581,826,34.663277
582,826,28.24238
591,826,15.399728
592,826,61.539627
593,826,162.57222
545,827,1.04878
546,827,1.26133
579,827,7.968688
580,827,4.892163
581,827,10.702804
591,827,13.964812
592,827,95.925835
593,827,214.945679
534,2067,185.659241
535,2067,168.625214
536,2067,75.963791
534,2068,255.718262
536,2068,74.681877
578,828,5.368181
579,828,3.346905
580,828,4.611794
581,828,4.476146
591,828,80.100769
592,828,100.478409
593,828,73.217339
594,828,50.723423
619,828,307.627075
620,828,96.082695
553,829,1.289253
579,829,6.523574
580,829,6.797675
581,829,7.163638
591,829,76.615349
592,829,53.713573
553,830,2.26082
579,830,59.719765
566,833,39.294544
566,834,11.15835
567,834,12.197361
568,834,10.797051
552,837,28.707264
551,838,39.32962
552,838,41.544151
573,838,1.519896
574,838,1.897711
575,838,2.084884
576,838,3.531374
577,838,1.973761
578,838,5.994926
536,2076,291.441223
534,2077,254.902954
550,839,29.570892
551,839,98.241058
552,839,35.474426
571,839,4.329778
572,839,8.589409
573,839,5.791899
574,839,1.086153
575,839,1.832356
576,839,1.454661
577,839,3.493535
578,839,17.689232
550,840,68.470535
551,840,43.956806
565,840,1.684025
566,840,1.372301
570,840,1.132095
571,840,9.58809
572,840,2.303226
573,840,6.320234
574,840,1.520507
575,840,1.05957
576,840,4.005069
577,840,3.380549
578,840,2.886894
579,840,11.292021
550,841,49.200176
568,841,11.689763
575,841,4.021662
576,841,2.95821
577,841,3.377892
578,841,9.570552
579,841,15.074043
550,842,103.827385
551,842,232.324783
550,843,32.705952
562,845,33.603996
563,845,27.216406
564,845,10.977569
550,846,19.133671
551,846,16.580063
552,846,7.162153
561,846,19.554081
562,846,1.885218
563,846,1.25915
564,846,7.007955
565,846,4.209792
566,846,4.447452
567,846,19.339088
568,846,18.014803
569,846,27.027613
570,846,12.616632
571,846,24.707617
572,846,25.115982
573,846,96.987381
574,846,40.372917
534,2084,339.916412
533,2085,176.711395
534,2085,224.143585
533,2086,227.836014
534,2086,114.625748
533,2091,9.753227
532,2092,9.753227
533,2092,106.832054
534,2092,371.827484
535,2092,126.548874
532,2093,6.335595
533,2093,11.632221
534,2093,11.648602
535,2093,208.778427
533,2094,9.773054
534,2094,7.914287
535,2094,261.931213
531,2101,111.852791
531,2102,114.424217
532,2102,37.073582
531,2103,179.569275
532,2103,85.818619
533,2103,330.200012
534,2103,249.781067
535,2103,176.288147
531,2104,121.921387
532,2104,49.121201
533,2104,615.266846
534,2104,304.85675
535,2104,176.288147
532,2105,172.530991
533,2105,31.400047
534,2105,82.857407
535,2105,163.338654
531,2106,77.206268
532,2106,86.132378
533,2106,137.999512
534,2106,86.132378
535,2106,185.869293
537,2106,105.374702
532,2107,60.978764
533,2107,86.132378
570,847,76.293938
571,847,3.66518
586,847,858.167725
586,1165,126.396194
585,1166,86.574974
