2086,1486,17.929533
2055,1487,2.993844
2056,1487,22.500334
2085,1487,2.759423
2086,1487,6.079313
2063,1488,2.752269
2064,1488,2.776532
2065,1488,2.602069
2066,1488,2.008573
2067,1488,2.166327
2068,1488,2.166851
2069,1488,2.314643
2070,1488,2.248509
2071,1488,1.376581
2072,1488,1.019376
2085,1488,1.361743
2086,1488,1.16708
2054,1489,2.832264
2068,1489,2.025385
2069,1489,2.29996
2070,1489,2.136036
2071,1489,1.195235
2072,1489,1.415964
2073,1489,1.651557
2074,1489,1.376684
2075,1489,1.889906
2076,1489,1.107884
2102,1490,2.209363
2107,1490,88.771347
2108,1490,116.738823
2053,1491,71.084984
2107,1491,15.680654
2123,1491,7.548615
2053,1492,136.110809
2054,1492,55.293938
2107,1492,15.252459
2108,1492,74.844963
2157,1492,108.539795
2158,1492,47.287731
2159,1492,38.667477
2160,1492,16.903929
2161,1492,4.42514
2052,1493,4.439627
2053,1493,37.775455
2054,1493,41.816372
2055,1493,52.468124
2105,1493,1.52441
2107,1493,22.350967
2053,1494,13.036496
2054,1494,9.446449
2055,1494,16.280588
2107,1494,20.911318
2053,1495,2.686727
2054,1495,2.275482
2055,1495,3.626267
2090,1495,15.752973
2092,1495,5.097088
2105,1495,33.173679
2106,1495,72.611168
2107,1495,5.646951
2108,1495,11.473847
2053,1496,2.790745
2054,1496,3.103032
2071,1496,10.738007
2088,1496,15.808646
2090,1496,3.593566
2091,1496,1.046023
2092,1496,1.287765
2094,1496,1.478842
2105,1496,4.492238
2106,1496,4.132024
2107,1496,14.996168
2108,1496,235.526596
2053,1497,2.289176
2054,1497,3.161371
2067,1497,7.615639
2071,1497,11.175529
2072,1497,4.22042
2074,1497,1.54372
2077,1497,5.615436
2078,1497,15.125744
2079,1497,19.362249
2080,1497,11.455563
2081,1497,49.708588
2082,1497,11.580176
2084,1497,11.636033
2086,1497,10.784188
2087,1497,7.604545
2088,1497,3.875467
2089,1497,2.464127
2094,1497,1.477945
2106,1497,6.717659
2107,1497,161.615158
2052,1498,1.404738
2053,1498,2.775067
2054,1498,3.6172
2061,1498,64.528259
2066,1498,1.256674
2067,1498,2.295515
2068,1498,1.221001
2069,1498,1.110626
2070,1498,1.302891
2071,1498,2.060626
2072,1498,7.711815
2073,1498,6.673886
2074,1498,2.307173
2077,1498,2.659959
2078,1498,2.391735
2079,1498,2.655124
2084,1498,5.32096
2085,1498,4.323252
2086,1498,1.067938
2099,1498,2.989665
2100,1498,4.195281
2101,1498,4.388491
2102,1498,4.908172
2103,1498,1.997434
2106,1498,9.873173
2107,1498,54.938595
2108,1498,224.985748
2052,1499,1.383134
2053,1499,2.937497
2054,1499,3.133393
2061,1499,7.762671
2062,1499,3.034402
2063,1499,1.856148
2064,1499,2.145092
2066,1499,1.066046
2103,1499,2.410329
2104,1499,1.693267
2105,1499,3.114274
2106,1499,1.199682
2107,1499,90.092354
2108,1499,194.291641
2052,1500,1.118134
2053,1500,1.917727
2064,1500,2.388255
2065,1500,1.479973
2066,1500,1.479973
2067,1500,1.479973
2068,1500,1.623907
2069,1500,1.863188
2070,1500,1.273763
2102,1500,1.739352
2103,1500,1.39936
2104,1500,1.39936
2106,1500,1.27092
2107,1500,1.099161
2108,1500,124.521828
2053,1501,1.367562
2108,1501,3.955818
2053,1502,3.779125
2054,1502,3.959644
2095,1502,1.378526
2053,1503,7.12907
2054,1503,14.092206
2055,1503,7.663723
2095,1503,1.266872
2053,1504,5.930862
2054,1504,15.00129
2055,1504,6.538074
2095,1504,1.030556
2053,1505,8.605144
2054,1505,14.193464
2053,1506,14.591407
2054,1506,43.351723
2054,1507,13.628467
2089,1507,1.505543
2091,1507,1.782444
2137,1507,5.332148
2138,1507,6.322559
2054,1508,27.145998
2061,1508,8.247486
2064,1508,1.617783
2065,1508,1.047477
2066,1508,1.028225
2070,1508,1.580425
2071,1508,1.659346
2085,1508,5.127984
2086,1508,5.091854
2087,1508,8.309841
2089,1508,2.738004
2091,1508,5.375896
2092,1508,3.465239
2131,1508,26.600357
2061,1509,15.161727
2062,1509,4.068675
2063,1509,1.502384
2064,1509,1.633063
2065,1509,1.201267
2067,1509,1.001813
2088,1509,1.60261
2089,1509,2.228367
2090,1509,3.067608
2091,1509,3.005153
2092,1509,2.959355
2093,1509,3.294022
2094,1509,2.521413
2095,1509,2.406241
2096,1509,2.691212
2097,1509,6.768514
2098,1509,5.788352
2099,1509,6.654963
2100,1509,6.124157
2101,1509,23.851221
2102,1509,34.299076
2103,1509,72.728012
2104,1509,146.990967
2105,1509,188.077011
2106,1509,103.22126
2107,1509,174.207703
2108,1509,123.01783
2131,1509,42.705994
2135,1509,3.361432
2136,1509,6.918191
2137,1509,18.19622
2061,1510,13.624018
2066,1510,1.4
2093,1510,2.612854
2094,1510,3.37952
2095,1510,2.091321
2096,1510,1.40112
2097,1510,1.111897
2098,1510,1.500004
2099,1510,6.551597
2100,1510,6.877567
2101,1510,2.872145
2102,1510,7.068771
2103,1510,10.232923
2104,1510,17.843897
2105,1510,23.401962
2106,1510,23.086157
2107,1510,32.230667
2108,1510,22.156219
2109,1510,42.056438
2110,1510,258.243011
2111,1510,427.630859
2131,1510,42.876892
2132,1510,35.845715
2134,1510,6.496112
2136,1510,4.42606
2140,1510,1.556195
2061,1511,1.273763
2089,1511,1.577872
2090,1511,1.577872
2091,1511,1.911111
2092,1511,1.739352
2093,1511,1.567593
2094,1511,1.567593
2095,1511,1.099161
2098,1511,1.27092
2099,1511,1.20229
2100,1511,1.258574
2103,1511,1.314197
2104,1511,1.552139
2105,1511,4.349123
2106,1511,3.1738
2107,1511,7.480052
2108,1511,6.153203
2109,1511,7.189867
2110,1511,10.150501
2064,1512,1.106666
2065,1512,1.106666
2082,1512,1.033685
2089,1512,1.221804
2090,1512,1.221804
2111,1512,1.997085
2111,1513,3.945516
2060,1516,5.557775
2061,1516,2.453426
2132,1516,14.251234
2060,1517,2.682775
2061,1519,9.033343
2062,1519,5.627217
2078,1519,1.349967
2080,1519,1.049372
2111,1519,40.279018
2061,1520,7.735162
2062,1520,48.863884
2085,1520,1.515023
2086,1520,1.319126
2087,1520,1.80938
2088,1520,1.655639
2089,1520,2.049689
2090,1520,1.567055
2091,1520,1.826367
2092,1520,1.571693
2093,1520,1.295884
2094,1520,1.730091
2095,1520,1.563715
2096,1520,1.422506
2097,1520,1.419498
2100,1520,1.357653
2101,1520,1.332799
2111,1520,14.004581
2158,1520,2.652802
2061,1521,11.359732
2062,1521,2.213332
2063,1521,2.213332
2064,1521,1.623907
2065,1521,1.034482
2066,1521,1.273763
2068,1521,1.513044
2069,1521,1.066046
2082,1521,1.304838
2093,1521,1.051804
2100,1521,1.348317
2101,1521,2.168537
2102,1521,2.548148
2103,1521,2.20463
2104,1521,1.564439
2159,1521,3.670248
2066,1522,1.925464
2068,1522,1.596878
2069,1522,1.740812
2071,1522,1.623907
2072,1522,1.106666
2076,1522,4.072567
2077,1522,1.287583
2078,1522,1.287583
2079,1522,1.152881
2080,1522,1.340276
2081,1522,1.340276
2082,1522,1.340276
2085,1522,3.348839
2086,1522,1.888063
2087,1522,4.621538
2088,1522,1.621541
2089,1522,1.244681
2090,1522,1.309317
2091,1522,1.309317
2092,1522,1.242805
2093,1522,1.843457
2094,1522,1.634928
2095,1522,2.930685
2101,1522,7.968677
2103,1522,23.430466
2104,1522,23.413952
2076,1523,2.254896
2077,1523,2.254896
2078,1523,4.069585
2079,1523,4.069585
2080,1523,1.87407
2081,1523,1.894146
2082,1523,1.894146
2085,1523,1.701516
2086,1523,2.220391
2087,1523,2.395923
2088,1523,1.951313
2089,1523,1.437201
2090,1523,2.015862
2091,1523,2.015862
2092,1523,1.827458
2093,1523,1.970754
2094,1523,1.915547
2095,1523,1.808314
2085,1524,4.368165
2086,1524,4.782323
2119,1524,15.282013
2119,1525,1.891867
2120,1525,24.849403
2119,1526,1.888229
2120,1526,28.066877
2118,1527,1.120417
2120,1527,5.999189
2118,1528,1.727853
2119,1528,1.327587
2120,1528,3.246412
2121,1528,31.701939
2085,1529,9.390208
2086,1529,4.094771
2087,1529,3.066728
2088,1529,2.230648
2089,1529,2.230648
2090,1529,3.254273
2091,1529,3.254273
2092,1529,2.854273
2093,1529,2.849974
2094,1529,1.888114
2095,1529,1.804004
2096,1529,1.680691
2097,1529,2.026828
2098,1529,1.78398
2099,1529,1.54993
2100,1529,1.152747
2101,1529,1.06989
2103,1529,13.92453
2118,1529,2.443786
2119,1529,3.309886
2120,1529,6.524597
2121,1529,27.217148
2085,1530,15.880305
2086,1530,7.211196
2087,1530,1.779601
2088,1530,1.931924
2089,1530,2.812089
2090,1530,3.084767
2091,1530,3.084767
2092,1530,3.144378
2093,1530,2.294671
2094,1530,2.672459
2095,1530,2.230584
2096,1530,3.150311
2097,1530,2.771921
2098,1530,1.658967
2099,1530,2.05109
2100,1530,2.20235
2101,1530,2.002658
2102,1530,3.748138
2103,1530,17.17062
2104,1530,25.93154
2105,1530,37.065483
2106,1530,26.526245
2107,1530,35.926086
2108,1530,18.129896
2109,1530,13.656343
2118,1530,1.978664
2085,1531,2.421155
2086,1531,1.829254
2087,1531,5.034953
2094,1531,1.520768
2095,1531,1.393083
2096,1531,1.196881
2097,1531,1.376473
2098,1531,1.498467
2099,1531,2.318687
2100,1531,2.805574
2101,1531,2.462056
2102,1531,1.993623
2103,1531,1.625166
2104,1531,15.339032
2105,1531,1.875201
2106,1531,7.432378
2107,1531,4.498777
2108,1531,46.935802
2109,1531,20.412916
2110,1531,23.122541
2118,1531,15.469136
2086,1532,2.267596
2087,1532,23.4774
2088,1532,4.701975
2089,1532,16.355312
2087,1533,11.928808
2137,1533,14.346634
2054,1556,566.846252
2053,1559,480.017334
2053,1561,511.313416
2051,1562,865.039673
2051,1565,347.276489
2052,1565,161.712372
2052,1566,179.531693
2078,1567,54.643944
2078,1568,42.771446
2078,1569,267.969482
2051,1570,606.97937
2083,1578,1038.947266
2080,1579,473.108551
2081,1579,261.439545
2082,1579,346.106995
2083,1579,479.684296
2084,1579,129.995392
2086,1579,183.049698
2087,1579,154.090775
2088,1579,34.154781
2089,1579,57.205173
2090,1579,98.534515
2091,1579,65.550919
2092,1579,166.256714
2051,1580,52.803322
2050,1581,313.280548
2051,1581,39.13623
2052,1581,100.615868
2050,1582,57.856777
2050,1583,67.83329
2051,1583,71.956619
2052,1583,83.275909
2050,1584,95.566032
2050,1585,29.813585
2050,1586,95.945877
2050,1587,52.28857
2051,1587,369.802765
2050,1588,151.541473
2051,1588,28.941814
2050,1589,41.242775
2051,1589,26.099283
2050,1591,21.539335
2166,1604,10.385158
2163,1605,10.015159
2166,1605,64.646553
2168,1605,120.989883
2161,1606,71.352692
2162,1606,1.01042
2163,1606,8.461649
2164,1606,10.371428
2165,1606,38.529118
2166,1606,26.020575
2167,1606,65.763237
2168,1606,48.097866
2169,1606,48.300503
2161,1607,31.21389
2162,1607,2.538925
2163,1607,7.355233
2164,1607,13.832682
2165,1607,7.03891
2166,1607,52.350712
2169,1607,1.212776
2161,1608,2.879538
2162,1608,3.121746
2163,1608,5.152908
2165,1608,2.702069
2167,1608,3.139874
2168,1608,15.2159
2160,1609,17.208509
2161,1609,24.987667
2160,1610,60.85004
2160,1611,8.84446
2157,1612,2.551642
2158,1612,5.243701
2159,1612,20.255592
2158,1613,39.560787
2158,1615,28.248547
2159,1615,4.383832
2158,1616,44.765598
2159,1616,45.432262
2158,1617,9.282588
2159,1617,152.992859
2158,1618,2.507775
2159,1618,10.448284
2160,1618,148.472351
2162,1618,24.588482
2163,1618,43.907505
2160,1619,8.691383
2161,1619,2.033973
2162,1619,6.923441
2164,1619,12.3707
2168,1619,76.009407
2169,1619,57.624149
2159,1621,13.34999
2057,1622,7.883132
2058,1622,2.157443
2075,1622,5.226003
2076,1622,2.951553
2077,1622,3.825738
2078,1622,6.425732
2093,1622,7.507966
2093,1624,69.291679
2094,1624,8.160105
2093,1626,3.833284
2154,1629,23.677876
2153,1631,16.108185
2154,1631,16.77112
2106,1633,5.971842
2107,1633,3.216455
2157,1633,82.479416
2159,1634,13.270576
2160,1634,11.446971
2083,1635,79.156631
2084,1635,33.647343
2088,1635,4.149882
2089,1635,3.821138
2090,1635,6.135267
2091,1635,4.649092
2092,1635,5.466667
2093,1635,2.466667
2094,1635,4.335714
2103,1636,20.465595
2104,1636,14.96847
2105,1636,22.42333
2106,1636,5.727489
2088,1637,11.781631
2089,1637,11.844659
2090,1637,15.320968
2091,1637,2.157823
2092,1637,22.926132
2135,1637,1.888671
2136,1637,1.808158
2137,1637,3.762396
2119,1430,11.133288
2120,1430,24.866268
2129,1430,9.561823
2117,1431,1.847288
2118,1431,11.332987
2119,1431,5.037629
2120,1431,15.24945
2121,1431,34.837631
2123,1431,47.941643
2129,1431,1.73819
2130,1431,7.099741
2119,1432,4.971553
2120,1432,2.161126
2121,1432,20.129316
2122,1432,30.202202
2123,1432,5.988332
2117,1433,1.707702
2118,1433,4.040837
2119,1433,7.993397
2120,1433,2.152261
2121,1433,4.411308
2122,1433,1.719061
2123,1433,3.169277
2124,1433,35.640942
2117,1434,7.112016
2118,1434,1.801972
2119,1434,2.10419
2120,1434,9.653478
2121,1434,7.73518
2122,1434,4.548798
2123,1434,37.498543
2124,1434,27.264509
2107,1435,1.574342
2108,1435,2.035112
2109,1435,1.236101
2110,1435,1.199715
2117,1435,5.559526
2118,1435,8.064465
2120,1435,12.496759
2122,1435,35.128193
2123,1435,26.122837
2124,1435,58.179852
2125,1435,14.96306
2140,1435,56.32777
2136,1436,2.866467
2137,1436,32.138538
2138,1436,27.533745
2139,1436,41.326511
2140,1436,65.223953
2141,1436,48.977379
2142,1436,62.730747
2143,1436,98.201111
2144,1436,95.196098
2145,1436,40.395557
2146,1436,17.615625
2147,1436,84.918922
2167,1436,45.584236
2079,1438,1.962933
2080,1438,2.330864
2081,1438,7.863633
2082,1438,3.903538
2083,1438,1.91474
2084,1438,1.922634
2085,1438,2.21983
2086,1438,3.49493
2087,1438,7.194121
2088,1438,10.232226
2089,1438,31.930141
2090,1438,31.930141
2080,1439,3.234937
2081,1439,3.270869
2082,1439,5.61434
2083,1439,3.522804
2084,1439,1.958702
2085,1439,10.452949
2086,1439,52.797775
2087,1439,42.860165
2088,1439,44.543575
2089,1439,25.944698
2090,1439,8.42409
2091,1439,12.028062
2092,1439,4.940795
2080,1440,2.215111
2081,1440,2.178063
2083,1440,23.471144
2084,1440,10.309987
2085,1440,34.073734
2086,1440,44.177433
2087,1440,5.124278
2088,1440,3.748667
2089,1440,3.724611
2090,1440,6.897503
2091,1440,2.666592
2082,1441,25.752439
2084,1441,25.022306
2085,1441,25.552788
2086,1441,10.270571
2087,1441,2.485801
2088,1441,2.648707
2089,1441,2.849838
2090,1441,3.100906
2091,1441,2.559139
2061,1442,15.532403
2084,1442,23.841751
2085,1442,29.582146
2088,1442,24.010773
2091,1442,6.31066
2092,1442,1.254956
2121,1442,26.2696
2122,1442,25.095875
2061,1443,9.974228
2062,1443,5.705951
2063,1443,5.042728
2064,1443,5.042728
2065,1443,1.181833
2066,1443,1.325667
2067,1443,1.539732
2068,1443,2.523141
2069,1443,3.482419
2070,1443,3.482419
2071,1443,3.261711
2073,1443,1.000331
2090,1443,1.845453
2091,1443,1.429864
2092,1443,1.489518
2093,1443,1.053893
2100,1443,5.668267
2103,1443,77.159454
2104,1443,40.970497
2107,1443,9.192991
2109,1443,22.8547
2110,1443,3.781452
2121,1443,6.491777
2122,1443,13.662793
2123,1443,12.175002
2124,1443,10.400631
2126,1443,5.425303
2127,1443,4.916505
2129,1443,8.310596
2061,1444,10.401955
2062,1444,2.569487
2063,1444,8.876719
2064,1444,8.023861
2065,1444,1.501985
2066,1444,1.501985
2067,1444,1.923024
2068,1444,2.655052
2069,1444,2.360934
2070,1444,2.485779
2071,1444,4.071636
2072,1444,1.043615
2087,1444,3.086485
2088,1444,3.090676
2089,1444,5.892975
2090,1444,2.934548
2091,1444,5.03476
2092,1444,5.333992
2093,1444,5.395443
2094,1444,4.207731
2095,1444,3.360141
2108,1444,44.5145
2109,1444,7.032055
2121,1444,27.417778
2122,1444,47.420464
2123,1444,3.687336
2124,1444,2.390631
2125,1444,2.322077
2126,1444,2.029258
2127,1444,5.557753
2128,1444,4.955557
2129,1444,8.498774
2130,1444,3.359376
2072,1445,4.071636
2087,1445,2.680813
2088,1445,5.021592
2089,1445,5.121093
2109,1445,7.63952
2121,1445,54.793472
2122,1445,7.132051
2123,1445,1.465044
2124,1445,2.447345
2125,1445,2.9164
2126,1445,4.019662
2127,1445,5.252366
2128,1445,5.709857
2129,1445,4.332998
2130,1445,10.630258
2131,1445,5.660118
2121,1446,221.70639
2122,1446,5.207757
2124,1446,1.721072
2125,1446,2.72442
2126,1446,2.589026
2127,1446,3.71062
2128,1446,2.947067
2129,1446,2.919564
2130,1446,7.491583
2131,1446,6.547757
2132,1446,3.27221
2137,1446,11.53581
2122,1447,1.825923
2132,1447,8.320247
2133,1447,15.821481
2134,1447,10.631998
2135,1447,18.397789
2136,1447,35.783035
2137,1447,18.885029
2146,1447,2.954935
2148,1447,3.450266
2149,1447,3.200149
2055,1448,4.811336
2122,1448,2.589266
2133,1448,21.086
2134,1448,48.979408
2136,1448,11.330928
2056,1449,3.931663
2122,1449,13.888594
2056,1450,2.188696
2073,1450,123.128967
2074,1450,70.589462
2122,1450,14.98772
2054,1451,132.655777
2055,1451,2.505847
2056,1451,1.33419
2063,1451,68.411118
2064,1451,2.428678
2065,1451,24.760483
2070,1451,10.525342
2122,1451,30.288023
2054,1452,102.9888
2062,1452,13.644912
2063,1452,33.074223
2064,1452,11.594668
2065,1452,10.409665
2068,1452,9.199999
2069,1452,11.992726
2070,1452,9.793811
2074,1452,1.862255
2075,1452,2.139402
2079,1452,9.098756
2080,1452,9.098756
2081,1452,3.416248
2082,1452,15.135445
2087,1452,21.988213
2089,1452,23.378294
2090,1452,14.074358
2054,1453,33.988552
2055,1453,9.438913
2056,1453,5.97019
2061,1453,78.712616
2063,1453,8.880342
2064,1453,34.131996
2065,1453,18.170366
2066,1453,13.415082
2067,1453,3.135761
2068,1453,4.476878
2069,1453,28.218811
2070,1453,7.851767
2071,1453,1.790375
2082,1453,18.70322
2089,1453,31.610136
2055,1454,6.707335
2068,1454,38.296623
2069,1454,37.125938
2071,1454,36.909672
2072,1454,38.793301
2073,1454,34.365189
2074,1454,33.929619
2075,1454,24.232689
2076,1454,44.004372
2077,1454,69.90033
2123,1454,381.293335
2124,1454,29.969748
2125,1454,57.753548
2126,1454,63.051407
2055,1455,4.000883
2070,1455,128.363602
2071,1455,74.512154
2125,1455,23.535645
2126,1455,53.896317
2127,1455,11.776379
2128,1455,10.211821
2129,1455,11.867369
2130,1455,19.269632
2131,1455,27.041864
2132,1455,10.772513
2055,1456,8.940219
2056,1456,7.30925
2128,1456,143.224121
2135,1456,100.024162
2137,1456,476.496155
2168,1456,3.437881
2055,1457,5.470384
2056,1457,26.050928
2057,1457,22.082319
2055,1458,11.066938
2056,1458,25.724997
2057,1458,69.901001
2164,1458,40.129482
2165,1458,21.903702
2056,1459,24.874157
2057,1459,26.75824
2055,1460,33.673416
2056,1460,60.373947
2172,1460,11.196443
2055,1461,43.030533
2056,1461,7.420697
2054,1462,26.095394
2055,1462,63.011765
2056,1462,48.604446
2064,1462,3.344795
2068,1462,2.089324
2109,1462,1.719593
2065,1463,1.068192
2067,1463,1.253092
2068,1463,4.459631
2069,1463,5.421764
2071,1463,5.376381
2072,1463,5.408168
2075,1463,14.530867
2064,1464,1.66604
2071,1464,3.250904
2072,1464,2.014192
2073,1464,8.297973
2074,1464,1.666124
2075,1464,7.329242
2076,1464,41.215557
2077,1464,1.942714
2078,1464,17.041647
2097,1465,3.454481
2100,1466,1.105446
2101,1467,1.874258
2102,1467,1.711417
2103,1467,1.488197
2104,1467,1.617695
2105,1467,1.455051
2122,1470,100.474342
2123,1470,102.996948
2127,1470,126.51165
2132,1470,115.094551
2124,1471,8.585567
2125,1471,5.806982
2126,1471,2.15851
2127,1471,2.402055
2128,1471,2.180861
2129,1471,2.89504
2130,1471,4.269022
2131,1471,6.308351
2132,1471,4.72603
2133,1471,5.919827
2134,1471,10.440614
2135,1471,21.192791
2127,1472,5.999894
2128,1472,2.76897
2129,1472,4.327101
2130,1472,2.912632
2131,1472,4.840506
2132,1472,4.370696
2133,1472,2.899108
2134,1472,8.273256
2135,1472,8.257218
2153,1472,7.675121
2154,1472,15.907297
2155,1472,7.044081
2156,1472,7.036204
2158,1472,12.904328
2153,1473,13.647388
2154,1473,3.238199
2155,1473,2.14394
2065,1474,14.790514
2066,1474,24.203362
2056,1475,51.366638
2136,1475,7.835528
2137,1475,4.81441
2056,1476,42.448174
2081,1476,33.990604
2082,1476,33.382042
2083,1476,84.792213
2086,1480,132.588058
2056,1483,11.234157
2123,1483,35.071697
2124,1483,34.281239
2056,1484,8.566911
2148,1484,35.336945
2056,1485,46.628883
2132,1485,1.601272
2133,1485,1.601272
2134,1485,23.997189
2135,1485,23.997189
2136,1485,23.997189
2137,1485,22.451332
2163,1485,3.44427
