2306,2463,69.880959
2307,2463,8.616335
2308,2463,13.426618
2307,2466,3.466569
2302,2475,301.496796
2303,2476,65.863464
2337,2476,116.73436
2338,2476,22.265465
2340,2476,27.953306
2303,2477,443.174438
2311,2477,25.324434
2312,2477,12.082243
2311,2478,204.849625
2312,2478,39.822472
2313,2478,2.398103
2314,2482,440.777802
2343,2483,317.886353
2334,2484,29.494425
2342,2484,416.596558
2334,2485,90.470177
2342,2485,663.757874
2343,2485,476.885986
2326,2487,53.628254
2327,2487,109.885475
2332,2487,76.321365
2333,2487,141.370758
2337,2487,177.485489
2338,2487,152.114426
2332,2489,211.210693
2333,2489,91.920433
2334,2489,42.68681
2335,2489,32.331806
2336,2489,31.490866
2337,2489,135.469482
2338,2489,59.655239
2334,2490,318.949615
2337,2490,216.684753
2315,2428,6.633867
2350,2428,3.454856
2339,2430,5.939734
2340,2431,8.607418
2348,2432,1.983304
2343,2434,6.27757
