48,2451,173.713043
4,2452,907.176819
5,2452,133.707733
6,2452,234.677017
7,2452,1014.296753
8,2452,398.229736
22,2452,16.900337
47,2452,40.381905
48,2452,168.29689
49,2452,205.42749
50,2452,462.518646
51,2452,883.406982
52,2452,331.852051
4,2453,128.588287
5,2453,133.735046
6,2453,75.037323
7,2453,94.96431
8,2453,212.470261
9,2453,265.090424
10,2453,177.240189
11,2453,261.827545
21,2453,13.557566
22,2453,21.476679
26,2453,13.149867
28,2453,45.792133
29,2453,15.184848
31,2453,21.806686
32,2453,49.191814
33,2453,10.57212
34,2453,52.226631
35,2453,17.05158
36,2453,204.534332
47,2453,47.855602
48,2453,210.12291
49,2453,194.634933
50,2453,144.659576
51,2453,334.789246
7,2454,222.472321
8,2454,211.559036
23,2454,6.106688
24,2454,5.949899
25,2454,55.811329
26,2454,48.859001
28,2454,139.529938
29,2454,13.174329
30,2454,14.359922
32,2454,40.843533
36,2454,124.627304
48,2454,75.335037
49,2454,237.990646
50,2454,191.437714
51,2454,211.628754
52,2454,66.902054
109,2454,3944.923584
47,2455,6.51718
49,2455,292.359528
51,2455,126.924522
46,2456,3.968884
110,2456,2581.874268
82,2464,103.091026
83,2464,260.974976
99,2464,17.057104
83,2465,40.52261
17,2466,143.469467
18,2466,233.692261
19,2466,96.205475
20,2466,148.955627
24,2466,243.941132
17,2467,117.175865
18,2467,29.009789
19,2467,42.057274
20,2467,24.622286
21,2467,339.63446
22,2467,15.026069
23,2467,12.046885
24,2467,31.866699
25,2467,29.144844
26,2467,98.271301
27,2467,49.676022
28,2467,24.124033
29,2467,16.653053
30,2467,340.67041
97,2467,10.27346
98,2467,4.522204
100,2467,15.678592
16,2468,63.932232
17,2468,41.524555
21,2468,62.378262
22,2468,71.317642
23,2468,105.180527
24,2468,75.615265
25,2468,97.776901
26,2468,400.146759
27,2468,180.540726
28,2468,131.247757
29,2468,75.447853
30,2468,44.90332
97,2468,4.475703
15,2469,87.633141
16,2469,87.522316
17,2469,41.918224
23,2469,60.733135
24,2469,75.665909
15,2470,94.497391
16,2470,84.945625
17,2470,57.146042
97,2470,6.732126
15,2471,90.446533
24,2477,14.740866
25,2477,43.195969
26,2477,31.489159
27,2477,35.72205
28,2477,83.46347
31,2477,49.350491
172,2480,38.57032
173,2480,39.444523
44,2481,2.261064
28,2482,364.641052
44,2482,7.457314
45,2482,11.069852
46,2482,162.196564
47,2482,497.652588
28,2483,211.559128
29,2483,154.060928
30,2483,158.558044
31,2483,174.444382
43,2483,4.131674
44,2483,5.638401
45,2483,15.933739
46,2483,257.651672
47,2483,687.376587
13,2484,2.429237
28,2484,183.618637
29,2484,121.211235
30,2484,168.287613
31,2484,207.768814
44,2484,38.028252
45,2484,22.107185
46,2484,109.395126
88,2484,1.065653
11,2485,7.748456
28,2485,133.733398
29,2485,73.068024
30,2485,111.433563
31,2485,325.692047
29,2486,53.371288
39,2486,2.079756
1,2495,79.592041
0,2496,55.563217
1,2496,89.222649
2,2496,55.441536
8,2496,102.023598
10,2496,84.379257
11,2496,25.193981
0,2497,118.214287
1,2497,52.79237
10,2497,131.015167
1,2498,63.628815
95,1867,20.516357
69,1869,13.358724
95,1869,10.319273
188,2189,32.68362
189,2189,6.022217
190,2189,3.762829
187,2190,314.347443
188,2190,543.616821
189,2190,16.282799
190,2190,47.382019
69,1870,9.752624
82,1871,46.200462
187,2191,224.541763
188,2191,10.436893
189,2191,6.548233
190,2191,54.405094
186,2192,63.808151
80,1872,9.860087
81,1872,8.166465
82,1872,5.086472
83,1872,7.101272
78,1873,11.503351
79,1873,7.158328
80,1873,5.038386
81,1873,3.973667
82,1873,3.236999
83,1873,3.435187
84,1873,3.175601
78,1874,7.694886
79,1874,4.483299
80,1874,5.262097
81,1874,3.74423
82,1874,1.769231
83,1874,8.043419
84,1874,7.110218
85,1874,6.916396
75,2195,2.996825
85,2195,753.35437
3,1875,4.605805
4,1875,429.917725
7,1875,79.741928
78,1875,5.59909
79,1875,3.882847
80,1875,3.755941
81,1875,3.730795
82,1875,1.974999
84,1875,5.170552
85,1875,3.948814
86,1875,4.157856
77,2196,2.0
78,2196,6.762317
84,2196,274.521027
85,2196,191.095963
86,2196,231.352676
89,2196,4.0
90,2196,35.991943
91,2196,11.341511
97,2196,92.777946
109,2196,17.626879
110,2196,10.036157
111,2196,343.407623
112,2196,363.344788
5,1876,8.460428
6,1876,5.831345
70,1876,7.067728
71,1876,9.050279
79,1876,8.241063
80,1876,22.84174
81,1876,5.531705
82,1876,2.133339
84,1876,1.228389
85,1876,5.867425
86,1876,4.506223
70,1877,4.979931
71,1877,11.328875
79,1877,13.124802
80,1877,3.516461
81,1877,2.812488
82,1877,39.808289
83,1877,4.843406
84,1877,11.215645
85,1877,8.707775
93,1877,21.258549
94,1877,18.291716
95,1877,15.156276
96,1877,22.744347
97,1877,19.700064
16,2197,47.421196
90,2197,1.666667
91,2197,66.924934
92,2197,18.36178
96,2197,1.666667
109,2197,6.918016
16,2198,98.912811
17,2198,32.757343
29,2198,63.241634
34,2198,495.034241
35,2198,39.678375
36,2198,1.92923
52,2198,190.295563
53,2198,116.0
54,2198,114.0
6,1878,6.040949
70,1878,4.153515
71,1878,6.185993
93,1878,2.423
94,1878,3.804459
95,1878,4.417166
96,1878,11.936496
97,1878,27.762728
8,1879,6.092683
9,1879,149.061584
70,1879,47.182446
71,1879,4.990449
93,1879,3.869691
94,1879,2.95082
95,1879,2.957253
96,1879,5.821825
97,1879,16.128344
11,2199,2075.334229
15,2199,68.150497
16,2199,186.913208
20,2199,985.200073
22,2199,390.838226
23,2199,891.18811
24,2199,1074.03125
25,2199,1157.875732
26,2199,300.913666
28,2199,450.814575
29,2199,263.899414
34,2199,1173.990479
35,2199,220.42688
36,2199,3005.925537
37,2199,111.718147
38,2199,111.600151
40,2199,113.416252
41,2199,120.269279
42,2199,466.682068
62,2199,4.018673
34,2200,445.001862
62,2200,10.027683
65,2200,2.757897
66,2200,4.759565
155,2200,108.132607
49,2201,172.662598
62,2201,17.146112
79,2201,2.318182
156,2201,47.34726
95,2202,1.183481
1,1882,7.162274
2,1882,5.580336
3,1882,3.028396
8,1882,3.502742
9,1882,13.099122
56,1882,37.7785
57,1882,1.819021
58,1882,36.397633
59,1882,209.512497
107,1882,53.221836
108,1882,252.530563
0,1883,2.519583
1,1883,2.531582
2,1883,1.441441
8,1883,1.52102
56,1883,75.855888
57,1883,17.405453
58,1883,5.214876
59,1883,64.633331
101,1883,14.867929
106,1883,98.853065
107,1883,108.054214
108,1883,273.569458
109,1883,539.513733
56,1884,54.399624
57,1884,26.084137
58,1884,37.348152
59,1884,65.17659
71,1884,13.845579
72,1884,6.991665
74,1884,1.433599
106,1884,223.644058
107,1884,109.802177
108,1884,300.048889
57,2204,27.122992
7,1885,10.262899
56,1885,58.200447
57,1885,14.87104
58,1885,53.16013
59,1885,84.5159
71,1885,23.287027
72,1885,8.991609
74,1885,1.742245
106,1885,281.327911
107,1885,127.68824
108,1885,350.63382
7,1886,5.933285
56,1886,55.730671
57,1886,17.342945
58,1886,3.120569
59,1886,91.486961
71,1886,144.122955
76,1886,598.364807
85,1886,210.678726
86,1886,187.075653
87,1886,242.941101
88,1886,54.237495
105,1886,922.277466
106,1886,425.892853
107,1886,119.332375
108,1886,344.522095
51,2205,1506.593262
52,2205,216.867615
56,1887,52.107651
57,1887,19.576477
59,1887,56.405903
60,1887,98.128258
62,1887,102.521523
68,1887,101.948906
69,1887,88.71907
70,1887,127.614532
71,1887,112.957413
72,1887,122.623009
73,1887,129.577896
74,1887,65.298721
75,1887,84.715279
76,1887,35.226997
77,1887,317.803223
78,1887,171.740982
79,1887,120.666252
80,1887,116.659805
81,1887,115.585648
82,1887,124.215675
83,1887,171.674942
84,1887,323.917236
85,1887,150.064041
86,1887,175.505585
87,1887,65.768364
88,1887,49.05262
89,1887,39.634388
90,1887,39.989979
92,1887,182.233948
93,1887,131.39241
94,1887,192.678635
96,1887,176.367325
97,1887,220.81871
99,1887,162.64064
100,1887,110.024612
105,1887,88.540367
106,1887,158.341812
107,1887,109.961494
108,1887,227.817398
56,1888,47.162769
57,1888,22.666943
59,1888,50.140877
60,1888,62.271671
61,1888,75.675926
62,1888,88.72599
64,1888,334.259216
65,1888,239.739166
66,1888,262.679169
67,1888,237.875137
68,1888,70.530785
69,1888,61.450958
70,1888,58.293121
71,1888,69.992943
72,1888,81.087486
73,1888,39.777107
74,1888,44.611275
75,1888,74.692307
76,1888,80.453651
77,1888,144.639984
78,1888,43.650921
79,1888,28.449961
80,1888,26.685678
81,1888,27.805525
82,1888,22.630373
83,1888,32.777702
84,1888,33.990372
85,1888,20.988741
86,1888,20.972919
89,1888,7.880232
90,1888,4.780679
105,1888,113.244873
106,1888,109.584213
107,1888,233.81456
108,1888,311.375732
42,1889,72.431961
43,1889,91.213898
44,1889,98.614822
56,1889,53.096016
57,1889,16.931761
58,1889,5.939318
59,1889,5.428176
60,1889,9.320164
61,1889,6.104002
62,1889,6.041479
63,1889,19.474504
64,1889,27.131056
65,1889,44.911636
66,1889,38.953125
67,1889,45.337276
68,1889,12.650946
69,1889,5.318674
78,1889,6.733822
79,1889,22.916117
80,1889,15.979858
81,1889,15.237639
82,1889,14.533843
83,1889,16.533846
84,1889,14.420004
85,1889,12.807917
106,1889,10.981814
107,1889,129.665527
108,1889,298.984253
42,1890,13.42579
43,1890,36.637749
44,1890,77.591904
56,1890,36.334389
57,1890,14.64652
58,1890,9.385589
63,1890,18.20821
64,1890,21.314802
65,1890,36.503319
68,1890,9.232111
79,1890,8.012003
80,1890,5.168768
81,1890,2.928031
82,1890,2.928031
83,1890,2.897956
106,1890,14.699054
107,1890,79.982597
108,1890,165.416443
42,1891,4.330752
43,1891,76.033661
44,1891,46.741501
56,1891,38.553196
57,1891,14.161388
58,1891,10.35719
59,1891,6.855101
63,1891,7.662353
64,1891,6.301857
65,1891,5.911203
106,1891,11.636527
107,1891,52.64444
81,2210,21.07056
82,2210,33.787285
83,2210,42.632561
84,2210,16.538687
85,2210,19.787533
97,2210,41.424305
98,2210,1.16129
102,2210,189.75
107,2210,11.169632
110,2210,126.365463
111,2210,26.25
113,2210,430.705994
42,1892,3.863253
43,1892,7.697162
44,1892,23.519257
56,1892,38.432819
57,1892,11.275271
58,1892,13.812103
68,1892,1.404804
69,1892,1.260442
105,1892,1.712766
106,1892,22.535038
107,1892,71.035683
108,1892,175.022919
79,2211,67.563286
81,2211,15.403721
93,2211,96.38327
97,2211,1.848838
98,2211,1.484277
111,2211,311.654266
112,2211,385.462463
113,2211,526.77655
7,1893,17.613916
42,1893,3.641324
43,1893,4.473902
44,1893,23.773523
56,1893,30.975227
57,1893,6.892321
58,1893,8.662292
106,1893,18.978247
107,1893,31.243446
108,1893,182.794174
112,2212,102.942596
7,1894,27.482027
42,1894,2.774445
43,1894,7.769732
56,1894,32.053432
57,1894,6.392321
107,1894,9.983081
42,1895,2.774445
43,1895,7.906629
56,1895,27.567062
57,1895,10.691104
107,1895,1.270163
108,1895,15.466666
42,1896,2.774445
43,1896,7.818783
56,1896,21.738716
57,1896,11.182373
20,2216,291.313293
0,1897,8.391445
1,1897,5.508241
6,1897,3.981379
7,1897,4.221195
8,1897,3.926462
42,1897,3.315008
43,1897,9.229864
109,1897,27.856651
19,2217,25.138
20,2217,93.915535
21,2217,104.767944
164,2217,16.554007
0,1898,6.339657
1,1898,7.993281
42,1898,2.928542
57,1898,1.225431
60,1898,17.859863
102,1898,4.047844
108,1898,4.831362
109,1898,13.148142
11,2218,133.595779
17,2218,70.228226
18,2218,109.294922
20,2218,140.093094
57,1899,1.460007
103,1899,3.48934
104,1899,1.569535
107,1899,15.473473
108,1899,29.122974
109,1899,35.586037
17,2219,109.794922
57,1900,2.502741
58,1900,1.000298
104,1900,3.823932
105,1900,1.844158
106,1900,49.924042
107,1900,137.320801
17,2220,43.276577
58,1901,1.385558
104,1901,4.397744
105,1901,26.070465
106,1901,38.864403
107,1901,72.780136
58,1902,1.878075
104,1902,3.815605
105,1902,1.975554
106,1902,58.267357
107,1902,75.777695
58,1903,1.895675
59,1903,1.490952
104,1903,3.662145
105,1903,2.074769
106,1903,42.600697
107,1903,51.04031
59,1904,1.839516
104,1904,3.166622
105,1904,11.990303
106,1904,46.059662
107,1904,66.167564
104,1905,4.036672
105,1905,12.362366
106,1905,22.972399
107,1905,13.727321
59,1906,1.049362
104,1906,4.203918
105,1906,2.463052
124,2226,4.108143
59,1907,1.309501
104,1907,4.747769
105,1907,2.002173
106,1907,1.27436
124,2227,8.415756
125,2227,17.876585
104,1908,61.140232
105,1908,2.902213
106,1908,2.449449
107,1908,1.198908
103,1909,39.726337
104,1909,120.28231
105,1909,5.065211
106,1909,6.138066
107,1909,6.444597
58,1910,63.875435
103,1910,80.330765
123,2229,1.269231
124,2229,3.900975
123,2230,6.699996
124,2230,4.261686
125,2230,4.563406
123,2231,1.628096
124,2231,2.917962
125,2231,4.301988
101,1915,19.068455
102,1915,6.148613
103,1915,6.850245
124,2233,1.803222
101,1916,21.540871
102,1916,11.005543
103,1916,6.874776
141,2235,1.391304
99,1917,21.601402
100,1917,3.635228
101,1917,2.179115
102,1917,4.817437
105,1917,1.313889
107,1917,7.4375
108,1917,4.123693
109,1917,11.232313
61,1918,7.492352
106,1918,2.37185
107,1918,7.4375
108,1918,4.123693
109,1918,11.232313
88,1919,3.552675
89,1919,3.552675
90,1919,3.552675
93,1919,13.100729
94,1919,4.63072
98,1919,4.773062
99,1919,4.773062
101,1919,2.668137
102,1919,108.493126
103,1919,38.934265
104,1919,38.934265
106,1919,3.483012
107,1919,17.207266
108,1919,12.25
109,1919,11.232313
88,1920,22.285954
89,1920,22.285954
90,1920,42.215004
91,1920,11.038712
92,1920,10.538711
93,1920,10.538711
94,1920,10.538711
95,1920,10.538711
97,1920,37.995983
99,1920,19.050098
100,1920,46.588177
101,1920,40.902252
102,1920,16.998594
103,1920,1.310499
104,1920,1.510573
105,1920,1.572247
106,1920,1.572247
107,1920,16.071184
108,1920,51.591297
107,1921,1.88189
108,1921,34.693844
40,2246,24.813168
43,2246,66.923767
47,2246,125.869774
140,2246,20.925447
140,2247,1.391304
64,2250,3.912942
145,2250,4.869601
148,2250,12.761668
65,2252,3.191174
66,2252,5.49264
67,2252,13.142159
74,2252,4.041531
75,2252,2.048312
76,2252,1.176551
77,2252,1.176551
84,2252,11.317063
65,2253,121.681297
66,2253,80.327866
67,2253,62.825268
68,2253,37.956512
69,2253,42.375557
70,2253,45.886303
71,2253,74.989349
72,2253,78.011772
73,2253,71.247604
74,2253,71.686981
75,2253,71.048958
76,2253,74.905327
77,2253,66.252167
78,2253,68.277519
79,2253,52.428421
80,2253,70.584122
81,2253,65.561966
82,2253,15.858873
83,2253,6.768813
84,2253,8.787235
85,2253,7.713115
86,2253,6.130304
87,2253,4.402351
88,2253,3.208255
96,2253,8.968923
64,2254,95.868187
65,2254,113.212425
66,2254,117.364479
67,2254,126.06414
68,2254,130.755798
69,2254,133.798065
70,2254,122.423355
71,2254,126.706024
72,2254,111.835297
73,2254,103.028587
74,2254,107.105927
75,2254,113.75386
76,2254,130.039185
77,2254,131.411545
78,2254,151.865677
79,2254,150.353256
80,2254,117.136444
81,2254,142.922699
82,2254,138.739563
88,2254,110.636612
89,2254,53.129097
90,2254,48.561287
91,2254,62.905552
92,2254,4.541937
95,2254,38.713161
96,2254,12.710927
97,2254,42.076916
90,2255,114.740189
92,2255,39.203835
93,2255,6.192261
94,2255,53.028572
95,2255,20.92322
96,2255,38.611805
97,2255,64.851379
82,2256,177.117172
92,2256,97.667984
93,2256,58.771015
94,2256,31.05361
95,2256,48.804127
96,2256,25.914368
97,2256,88.752136
95,2257,49.924366
96,2257,24.23101
96,2258,93.870216
103,2259,2.031297
105,2259,3.452044
106,2259,2.436554
155,2259,1.310533
156,2259,7.699996
157,2259,4.354482
161,2259,5.061398
162,2259,18.221867
163,2259,7.914522
103,2260,3.907442
104,2260,6.928203
105,2260,8.944456
106,2260,3.02767
107,2260,1.031695
113,2261,2.100993
131,2261,11.447266
137,2261,1.677878
83,2262,7.369075
85,2262,11.126828
103,2262,199.215942
104,2262,26.649246
105,2262,8.224748
107,2262,226.484787
38,2263,3.73587
103,2263,333.278503
104,2263,64.402496
105,2263,3.048674
111,2263,7.373484
130,2263,9.835
130,2264,26.394459
144,2264,3.522214
130,2265,34.24419
134,2265,1.558333
144,2265,58.218971
177,2265,10.695134
130,2266,33.30267
133,2266,1.496941
134,2266,49.252907
135,2266,9.646038
144,2266,16.204222
175,2266,7.056252
177,2266,5.783895
178,2266,10.695134
124,2267,2.270925
130,2267,43.875263
133,2267,4.198047
160,2267,6.13533
175,2267,5.295319
120,2268,3.64661
121,2268,9.92484
122,2268,3.64661
124,2268,2.251811
125,2268,18.274523
130,2268,30.769367
133,2268,4.198047
159,2268,17.466122
161,2268,8.360437
162,2268,2.212533
189,1949,43.559464
119,2269,3.64661
120,2269,23.815651
121,2269,61.872173
122,2269,5.187143
125,2269,18.408455
130,2269,30.207153
110,2270,2.793102
119,2270,9.919134
120,2270,20.890558
130,2270,22.612202
119,2271,12.608593
120,2271,41.336655
130,2271,22.012438
172,2271,13.825489
173,2271,39.994102
119,2272,84.744843
120,2272,41.336655
130,2272,41.817593
120,2273,30.214531
130,2273,44.923058
133,2273,12.562083
119,2274,6.545237
130,2274,50.179543
133,2274,12.490042
134,2274,15.212503
135,2274,14.522327
136,2274,2.416595
139,2274,12.507238
140,2274,98.826767
24,1956,67.181015
25,1956,137.236618
26,1956,143.452759
24,1957,17.960791
25,1957,55.417557
26,1957,282.189117
27,1957,418.880096
33,2275,274.683502
67,2275,2.125434
68,2275,2.260646
130,2275,138.776459
133,2275,6.357719
134,2275,58.773415
135,2275,129.927444
137,2275,15.449295
139,2275,76.751755
140,2275,102.168442
22,1958,539.323181
23,1958,600.999084
24,1958,4.397847
25,1958,21.379053
26,1958,34.051929
27,1958,120.826859
28,1958,217.586426
67,2276,2.820313
68,2276,2.753856
69,2276,2.893831
130,2276,122.068535
134,2276,109.798721
21,1959,341.627075
22,1959,203.35994
23,1959,136.043411
24,1959,2.019116
25,1959,4.965074
26,1959,7.228573
27,1959,20.790596
28,1959,117.73999
66,2277,1.050672
67,2277,2.620128
68,2277,1.488347
69,2277,2.69767
70,2277,2.137062
134,2277,137.249008
137,2277,8.921271
140,2277,5.315809
163,2277,7.070747
33,2278,347.142914
65,2278,1.003253
66,2278,1.050672
67,2278,2.30862
68,2278,1.495406
69,2278,1.250799
21,1960,157.993301
24,1960,29.13217
26,1960,3.534803
27,1960,15.883429
28,1960,33.229156
29,1960,92.472092
25,1961,1.904594
26,1961,11.416006
27,1961,22.222982
28,1961,61.508846
33,2279,306.078857
64,2279,2.219926
66,2279,1.017674
67,2279,1.012021
68,2279,1.326125
71,2279,2.608428
144,2279,8.402524
33,2280,50.424915
65,2280,2.114397
66,2280,2.257743
67,2280,2.666766
68,2280,5.425487
69,2280,15.608208
70,2280,23.335623
87,2280,1.097915
88,2280,1.030499
89,2280,1.848838
136,2280,68.969536
137,2280,8.958229
181,2280,512.765686
182,2280,494.35498
25,1962,1.446018
26,1962,14.75597
27,1962,25.198929
28,1962,47.224213
26,1963,6.569277
27,1963,23.681831
28,1963,40.039776
58,2281,1.180749
59,2281,1.072583
60,2281,2.186612
66,2281,2.423088
67,2281,3.038602
68,2281,5.634163
69,2281,14.751462
70,2281,25.845606
136,2281,58.810623
137,2281,122.806015
138,2281,68.773582
169,2281,169.700897
170,2281,200.824234
171,2281,103.235107
172,2281,101.14222
173,2281,159.030533
174,2281,134.098328
176,2281,1.855585
26,1964,3.025018
27,1964,20.884949
26,1965,2.101277
27,1965,39.599148
58,2282,2.359909
59,2282,2.167578
64,2282,1.359108
67,2282,7.107955
68,2282,11.971156
69,2282,17.686125
70,2282,44.984711
89,2282,20.148199
90,2282,25.23035
91,2282,10.741188
92,2282,12.042478
93,2282,7.863315
94,2282,8.906027
101,2282,14.710483
108,2282,3.155826
109,2282,10.830851
58,2283,2.412339
60,2283,2.388251
62,2283,1.446678
63,2283,2.922363
66,2283,3.580709
67,2283,6.965986
68,2283,11.88613
69,2283,25.857908
87,2283,88.860672
88,2283,88.146538
89,2283,39.185371
90,2283,69.738205
91,2283,46.580391
92,2283,25.099892
93,2283,11.832258
94,2283,8.436056
95,2283,133.822693
96,2283,916.786743
101,2283,1.428571
107,2283,1.45054
108,2283,7.411376
109,2283,36.963306
110,2283,337.839996
54,2284,1.58248
60,2284,7.122728
61,2284,7.337406
62,2284,4.055618
63,2284,5.773437
64,2284,6.661174
65,2284,8.859595
66,2284,4.403905
67,2284,6.119972
68,2284,13.451232
87,2284,90.045738
88,2284,212.474884
89,2284,184.470474
90,2284,134.161102
91,2284,75.220528
92,2284,58.617752
93,2284,39.14502
94,2284,12.165591
95,2284,201.446655
96,2284,11.331894
97,2284,986.022705
99,2284,2.564047
100,2284,2.807284
101,2284,6.438721
102,2284,6.498084
103,2284,4.52955
104,2284,2.769737
105,2284,14.210528
106,2284,9.155858
107,2284,55.530727
108,2284,169.867325
109,2284,262.733643
110,2284,347.449615
54,2285,3.692199
60,2285,15.427337
61,2285,8.865435
62,2285,12.514141
63,2285,20.022182
64,2285,23.11306
65,2285,18.856031
66,2285,6.283851
68,2285,34.349377
87,2285,217.85611
88,2285,223.351334
89,2285,197.008545
90,2285,200.219208
91,2285,167.945374
92,2285,117.81041
93,2285,74.664391
94,2285,29.417465
95,2285,15.918669
96,2285,12.632327
98,2285,2.657637
99,2285,6.797118
100,2285,17.670343
101,2285,13.833091
102,2285,19.577604
103,2285,18.761322
104,2285,16.496002
105,2285,11.796838
106,2285,30.631596
107,2285,29.568481
108,2285,137.075363
109,2285,207.234512
110,2285,450.043335
152,2285,7.699998
55,2286,15.366091
56,2286,33.816906
61,2286,31.276005
62,2286,57.825981
63,2286,38.504936
64,2286,34.778717
65,2286,36.890266
66,2286,9.021196
67,2286,13.87603
68,2286,13.061894
87,2286,387.612305
90,2286,364.773468
92,2286,165.945374
93,2286,128.855576
94,2286,61.475018
95,2286,280.942078
96,2286,13.213581
99,2286,5.02314
100,2286,13.665228
101,2286,20.025816
102,2286,48.160473
103,2286,41.70966
104,2286,32.799118
105,2286,20.183369
106,2286,82.450058
107,2286,49.833546
108,2286,37.977058
109,2286,159.966003
110,2286,360.597992
119,2286,6.163388
124,2286,3.728907
55,2287,36.239178
65,2287,45.188755
66,2287,40.458771
67,2287,10.838285
68,2287,25.47677
69,2287,59.801506
92,2287,359.915009
93,2287,213.403442
94,2287,59.589413
95,2287,200.589981
96,2287,11.695479
97,2287,8.843297
98,2287,2.426178
99,2287,5.395012
100,2287,20.999998
101,2287,40.257568
102,2287,65.110374
103,2287,114.229301
104,2287,61.964764
105,2287,82.696945
106,2287,159.568817
107,2287,108.28186
108,2287,79.689651
135,2287,13.655243
136,2287,4.420906
137,2287,2.579998
67,2288,16.50139
92,2288,483.619415
93,2288,250.010284
94,2288,123.054016
95,2288,182.715775
96,2288,33.663773
97,2288,42.324749
98,2288,17.269394
99,2288,6.095262
100,2288,22.914988
101,2288,59.317894
102,2288,102.182449
103,2288,189.508972
104,2288,248.969589
105,2288,243.430969
108,2288,535.522217
138,2288,18.283955
145,2288,2.264475
92,2289,1145.14917
93,2289,806.279663
94,2289,795.815552
95,2289,352.502197
96,2289,654.257813
97,2289,128.269592
98,2289,127.806931
99,2289,60.658909
100,2289,15.025856
101,2289,108.455658
102,2289,167.607407
108,2289,354.631592
96,2290,65.389954
97,2290,139.865433
98,2290,129.993027
99,2290,234.681625
100,2290,219.570587
101,2290,602.15033
166,1973,22.464626
167,1973,25.969101
168,1973,25.969101
32,2294,21.096855
35,2295,157.915054
157,1981,49.277275
165,1981,84.787445
157,1982,14.354281
150,1989,16.951178
169,1990,64.357681
170,1990,94.976608
171,1990,359.883545
172,1990,149.850098
48,1991,2.131176
159,1991,1.081711
160,1991,33.682262
161,1991,67.64006
164,1991,101.961174
165,1991,101.961174
166,1991,117.041237
167,1991,120.934402
139,2316,20.505033
140,2316,21.297396
142,1999,1.858154
143,1999,1.948595
144,1999,3.624529
145,1999,4.056708
146,1999,66.234184
149,2001,2.940261
150,2001,13.595295
161,2002,20.1884
163,2002,2.163422
164,2002,2.163422
165,2002,2.163422
159,2003,2.974998
160,2003,10.761147
161,2003,2.29073
166,2003,55.799538
167,2003,60.615379
168,2003,44.554543
169,2003,43.353275
172,2323,19.966513
167,2004,47.428204
168,2004,260.749695
169,2004,34.842068
170,2004,148.33696
172,2324,40.020958
173,2324,42.889915
174,2324,52.643585
175,2324,12.134209
186,2324,497.443298
182,2325,12.768184
33,2327,52.725922
96,2327,5.326689
182,2327,2.787878
81,2328,10.925614
182,2328,20.465521
182,2329,16.994205
182,2332,24.917042
135,2012,3.245132
145,2012,1.299064
146,2012,4.159022
147,2012,2.632864
148,2012,2.632864
149,2012,1.299064
150,2012,1.299064
151,2012,4.649532
166,2012,1.684024
167,2012,23.964296
169,2012,4.028449
174,2333,5.682412
175,2333,5.975535
135,2013,13.149061
146,2013,104.917412
147,2013,1.027211
148,2013,1.027211
149,2013,1.027211
151,2013,43.35289
11,2335,19.777784
189,2335,41.554474
136,2339,161.606522
80,2024,5315.397949
137,2351,169.23175
136,2352,142.342651
137,2352,284.011963
38,2356,16.537182
41,2356,47.621105
42,2356,32.851688
43,2356,18.231686
136,2356,73.539078
136,2357,115.546204
136,2358,88.406219
136,2359,106.764069
190,2359,215.770844
144,2360,134.685135
144,2361,382.144348
3,2368,16.002813
51,2379,20.186069
52,2379,12.66275
48,2380,40.524605
49,2380,10.305765
50,2380,4.720238
51,2380,4.573579
52,2380,4.301515
53,2380,12.567842
0,2381,244.353729
39,2381,6.192258
40,2381,8.69923
41,2381,69.647781
42,2381,34.952343
43,2381,18.475601
44,2381,32.418064
45,2381,33.627316
50,2381,1.626495
51,2381,1.134597
52,2381,5.980337
38,2382,41.769783
39,2382,27.230978
40,2382,5.220117
41,2382,7.441752
42,2382,3.376432
43,2382,11.851836
14,2395,32.845913
154,2398,584.188721
155,2398,283.184174
156,2398,222.495987
157,2398,210.729492
158,2398,106.09935
159,2398,192.241653
15,2399,1.013481
155,2399,371.749695
156,2399,178.055527
157,2399,245.969925
39,2400,13.670723
59,2402,57.518356
59,2403,66.79641
6,2404,12.947257
7,2404,10.621818
14,2404,1.946665
9,2405,9.947618
3,2415,4.766155
4,2415,4.766155
5,2415,7.837607
6,2415,5.115578
7,2415,4.452345
8,2415,14.134275
9,2415,14.77768
29,2415,88.759247
39,2417,7.039927
40,2417,2.4075
41,2417,1.178512
39,2418,7.664374
40,2418,2.371497
41,2418,3.989818
42,2418,4.424925
43,2418,5.16707
44,2418,4.112179
45,2418,5.413471
46,2418,3.24065
47,2418,3.240475
48,2418,3.193187
49,2418,2.79983
50,2418,1.685859
62,2418,30.640694
40,2419,6.198715
51,2419,181.425751
50,2420,1.855072
51,2420,9.757821
136,2420,2.918104
137,2420,2.918104
138,2420,43.735527
139,2420,26.87063
140,2420,38.319153
50,2421,2.3121
51,2421,30.806488
86,2421,16.082966
136,2421,2.610042
13,2422,26.674545
50,2422,15.817078
51,2422,30.455463
64,2422,150.055893
65,2422,317.816101
87,2422,2233.028076
4,2423,4.094978
5,2423,2.337234
6,2423,3.419394
7,2423,2.217723
8,2423,2.724564
9,2423,5.602964
10,2423,6.107657
11,2423,5.872478
60,2423,400.724487
61,2423,37.968063
62,2423,18.120525
4,2424,15.70018
5,2424,13.885776
6,2424,8.42059
7,2424,22.829666
8,2424,26.963604
58,2424,7.343586
165,2424,490.770874
4,2425,39.868095
5,2425,58.608654
84,2426,660.70752
158,2427,3.827044
6,2428,1.868555
7,2428,1.534177
85,2428,887.339355
139,2428,10.793591
158,2428,83.634789
159,2428,13.569283
9,2429,1.799611
10,2429,1.512561
54,2429,50.676716
139,2429,14.841323
141,2429,16.473024
144,2429,39.571827
145,2429,21.858345
149,2429,8.908621
150,2429,32.349686
159,2429,231.113373
160,2429,135.1931
161,2429,149.819122
70,2430,27.796286
71,2430,28.019009
88,2430,196.251678
141,2430,89.252983
63,2431,63.537865
69,2431,130.515152
72,2431,5.420348
74,2431,22.680552
75,2431,24.941204
78,2431,3.933088
79,2431,2.632808
80,2431,2.095693
139,2431,12.508535
