66,1486,140.58139
67,1486,140.518829
177,1486,48.919178
187,1486,4.322495
284,1486,71.528404
142,1805,43.836395
143,1805,25.221775
144,1805,23.479233
145,1805,6.094598
146,1805,4.069795
147,1805,1.058334
149,1805,18.714283
153,1805,2.825
155,1805,67.071426
157,1805,18.738092
158,1805,134.738083
167,1805,29.029778
168,1805,29.029778
169,1805,29.029778
170,1805,66.0298
175,1805,15.675299
176,1805,37.411858
177,1805,59.602139
178,1805,122.249359
143,1806,15.451482
144,1806,12.335479
145,1806,6.770289
175,1806,26.415298
176,1806,47.689842
177,1806,64.718369
178,1806,209.417023
344,1489,28.070208
345,1489,29.198364
145,1807,13.171446
146,1807,2.558824
149,1807,2.184524
153,1807,3.933333
157,1807,1.666667
158,1807,1.666667
175,1807,15.675299
176,1807,23.426971
177,1807,79.684311
178,1807,108.38163
145,1808,1.195
150,1808,1.029167
151,1808,1.029167
152,1808,1.195833
153,1808,1.3671
175,1808,27.31255
176,1808,42.655769
177,1808,138.515045
178,1808,203.545441
344,1490,9.683599
345,1490,17.491232
144,1809,3.051033
145,1809,2.616626
146,1809,2.116626
149,1809,1.712566
150,1809,1.407143
151,1809,1.407143
152,1809,1.407143
153,1809,2.608517
161,1809,1.973677
162,1809,1.973677
172,1809,2.269423
174,1809,1.082061
175,1809,3.831112
176,1809,17.42857
177,1809,280.643768
178,1809,311.842621
144,1810,5.017683
145,1810,3.747319
146,1810,3.759894
147,1810,2.680986
148,1810,2.51174
149,1810,5.092632
150,1810,5.333574
151,1810,5.333574
152,1810,4.172705
153,1810,6.346144
154,1810,2.587421
157,1810,3.636842
158,1810,4.798138
159,1810,1.74053
160,1810,1.74053
161,1810,7.641319
162,1810,4.72773
163,1810,1.287904
164,1810,1.287904
165,1810,1.231452
166,1810,1.181624
167,1810,5.426406
168,1810,3.964289
169,1810,3.418804
170,1810,2.368466
171,1810,3.368466
172,1810,1.956287
173,1810,1.956287
174,1810,8.556816
175,1810,25.406296
176,1810,18.736832
177,1810,9.605448
143,1811,16.783085
144,1811,3.099893
145,1811,2.854305
146,1811,2.767659
147,1811,3.232575
148,1811,2.904198
149,1811,4.959762
150,1811,5.151064
151,1811,5.151064
152,1811,5.151064
153,1811,5.437395
154,1811,3.579374
155,1811,1.024393
156,1811,1.153629
157,1811,3.128628
158,1811,4.720145
159,1811,4.000261
160,1811,4.000261
161,1811,6.552356
162,1811,7.636576
163,1811,1.176131
165,1811,1.226057
166,1811,1.226057
167,1811,3.80385
168,1811,3.80385
169,1811,3.976898
170,1811,3.643565
171,1811,3.631781
172,1811,13.471693
173,1811,3.631781
174,1811,29.645927
175,1811,34.485916
176,1811,23.456102
177,1811,19.706171
178,1811,3.532346
245,1493,337.827332
246,1493,29.084621
142,1812,12.223467
143,1812,9.871302
144,1812,2.727461
145,1812,2.782164
146,1812,2.272108
147,1812,3.514106
148,1812,2.971487
149,1812,4.56905
150,1812,4.54959
151,1812,4.54959
152,1812,4.500631
153,1812,4.785806
154,1812,3.110972
155,1812,1.859096
156,1812,1.85826
157,1812,3.886221
158,1812,9.091007
159,1812,6.308315
160,1812,8.308315
161,1812,11.329416
162,1812,15.894869
163,1812,2.420806
164,1812,2.420806
165,1812,2.482996
166,1812,4.888051
167,1812,68.689278
168,1812,25.338232
169,1812,23.671753
170,1812,27.704323
171,1812,10.521235
172,1812,8.380648
173,1812,8.262747
174,1812,8.380648
175,1812,55.081402
176,1812,50.33857
177,1812,26.070223
244,1494,1174.849854
167,1813,25.48134
168,1813,70.454109
169,1813,11.412498
170,1813,12.561492
171,1813,10.49471
172,1813,26.838779
173,1813,10.49471
174,1813,10.49471
175,1813,26.838779
176,1813,97.713547
2,1814,328.796997
3,1814,421.865112
4,1814,203.988998
5,1814,727.965454
6,1814,297.088867
7,1814,299.068848
8,1814,263.284058
9,1814,152.052765
10,1814,879.728699
2,1815,119.644241
3,1815,123.547569
4,1815,273.283875
5,1815,204.670471
6,1815,145.55928
7,1815,157.41452
8,1815,160.870667
9,1815,101.604187
2,1816,56.67717
3,1816,65.402748
4,1816,156.51033
5,1816,102.303871
6,1816,52.806614
7,1816,77.921204
8,1816,128.364349
349,1498,125.447929
2,1817,7.542502
3,1817,25.620701
4,1817,31.916342
5,1817,32.705627
6,1817,27.651402
7,1817,40.330101
3,1818,5.663216
4,1818,6.47708
5,1818,13.170685
6,1818,8.019561
7,1818,286.157471
4,1819,1.503968
5,1819,3.759524
6,1819,215.36824
7,1819,291.220245
350,1502,17.924839
351,1502,292.784149
5,1820,47.034447
6,1820,331.045776
7,1820,249.930115
8,1820,364.677979
9,1820,463.145752
336,1503,5.479366
336,1504,48.366993
4,1821,15.917563
5,1821,38.846493
6,1821,159.543411
7,1821,236.011078
3,1822,3.0
4,1822,10.213354
5,1822,36.100739
6,1822,73.653816
7,1822,110.797142
8,1822,220.432999
9,1822,562.210999
5,1823,39.347988
6,1823,198.606995
7,1823,87.941483
8,1823,262.252136
5,1824,1.901234
6,1824,190.793259
7,1824,288.059814
8,1824,118.676079
9,1824,288.625732
5,1825,2.488188
6,1825,3.928961
7,1825,255.832214
5,1826,6.202321
292,1508,56.610222
73,1511,44.680557
91,1511,27.756182
92,1511,27.756182
93,1511,42.156158
80,1512,3.787348
81,1512,3.035573
82,1512,2.79088
83,1512,2.542543
84,1512,1.858668
85,1512,2.250221
86,1512,1.725335
87,1512,2.250221
88,1512,1.48496
89,1512,2.143537
90,1512,1.586441
91,1512,1.559292
92,1512,1.584697
93,1512,10.363108
94,1512,1.331855
73,1515,4.863171
80,1515,12.909455
81,1515,6.160583
82,1515,11.527524
83,1515,5.617537
84,1515,7.135135
87,1515,4.590271
88,1515,4.590271
89,1515,4.590271
90,1515,4.99643
91,1515,4.590271
92,1515,19.83301
93,1515,3.944567
94,1515,12.580205
95,1515,12.296334
96,1515,1.585305
97,1515,1.887297
73,1518,313.523468
81,1518,2.000003
82,1518,3.911099
83,1518,3.911099
84,1518,3.911099
85,1518,3.911099
86,1518,3.967407
87,1518,3.967407
88,1518,2.000003
89,1518,3.967407
90,1518,2.000003
91,1518,2.000003
92,1518,2.000003
93,1518,2.972621
94,1518,2.804304
95,1518,34.046841
96,1518,24.666628
170,1518,5.285105
171,1518,4.998023
172,1518,2.723152
173,1518,3.511036
174,1518,2.723152
175,1518,4.998023
72,1519,95.326263
73,1519,15.193721
80,1519,7.321435
81,1519,5.914822
82,1519,5.814443
83,1519,5.684238
84,1519,9.998748
85,1519,12.02812
86,1519,6.567564
87,1519,3.074829
88,1519,2.944131
89,1519,2.944131
90,1519,2.969652
91,1519,3.444815
92,1519,3.265069
93,1519,4.520802
94,1519,1.425676
95,1519,1.400154
96,1519,3.273314
97,1519,4.455711
98,1519,1.884856
99,1519,17.367741
100,1519,74.118004
101,1519,29.871815
162,1519,3.254112
164,1519,7.361303
165,1519,3.068805
182,1519,16.02816
179,1520,4.882503
178,1521,26.008118
81,1522,8.800779
90,1522,6.069799
91,1522,5.998123
92,1522,2.536219
93,1522,2.843218
94,1522,2.843218
95,1522,13.176122
96,1522,13.176122
97,1522,4.826751
98,1522,9.329834
99,1522,11.015477
100,1522,11.70977
101,1522,14.53644
85,1523,3.962885
86,1523,3.962885
89,1523,7.665885
90,1523,3.619423
97,1523,10.631814
55,1552,40.163349
56,1552,31.543329
57,1552,50.381329
58,1552,73.512978
59,1552,148.286285
60,1552,309.98172
55,1553,22.870037
56,1553,17.040977
57,1553,21.042606
58,1553,36.448048
59,1553,52.695702
60,1553,82.158279
61,1553,106.467346
103,1553,1.041709
54,1554,11.83656
55,1554,15.319563
56,1554,4.431045
57,1554,11.463043
58,1554,17.585882
59,1554,29.669252
60,1554,37.620716
61,1554,40.473461
102,1554,1.675618
103,1554,1.981073
53,1555,4.843824
54,1555,2.486966
55,1555,3.923508
56,1555,5.492351
57,1555,7.447462
58,1555,9.179126
59,1555,21.219683
60,1555,27.490118
61,1555,26.965555
50,1556,51.136021
51,1556,25.640629
52,1556,11.558319
53,1556,584.284241
54,1556,2.409106
56,1556,3.272311
57,1556,3.698288
58,1556,6.578301
59,1556,15.476303
60,1556,25.331739
61,1556,35.740387
106,1556,1.576127
107,1556,1.576127
108,1556,1.06692
110,1556,2.08938
112,1556,2.288257
115,1556,2.218117
117,1556,1.617403
128,1556,17.282782
130,1556,48.954109
131,1556,70.092255
259,1556,251.187195
260,1556,21.524811
49,1557,67.506638
50,1557,16.332033
51,1557,22.072893
52,1557,9.599525
53,1557,4.195688
54,1557,2.453936
55,1557,2.395458
56,1557,2.945112
57,1557,3.385503
58,1557,10.921793
59,1557,22.743265
60,1557,46.920212
112,1557,1.546865
115,1557,1.541082
116,1557,1.215888
117,1557,1.233874
118,1557,1.192447
258,1557,64.193863
281,1557,70.322037
282,1557,90.638794
283,1557,26.866102
284,1557,22.796303
286,1557,23.536524
288,1557,3.588238
47,1558,240.21048
48,1558,99.895935
49,1558,19.002235
50,1558,15.573195
51,1558,6.788352
52,1558,4.894304
53,1558,4.710135
54,1558,4.610732
55,1558,216.496658
56,1558,4.989436
57,1558,8.00984
58,1558,10.767358
59,1558,17.753708
60,1558,22.385242
61,1558,52.969707
142,1558,40.111809
145,1558,11.769169
217,1558,11.57803
284,1558,30.236893
285,1558,27.352425
286,1558,11.510895
287,1558,10.658427
288,1558,6.024327
289,1558,3.331253
47,1559,133.746323
48,1559,96.773903
49,1559,32.034679
50,1559,13.246675
51,1559,4.998387
52,1559,6.727664
53,1559,3.838606
54,1559,8.44343
55,1559,10.358162
56,1559,15.214024
57,1559,14.765009
58,1559,16.593863
59,1559,48.532539
60,1559,30.549437
288,1559,63.27021
289,1559,10.675938
294,1559,1.762657
295,1559,32.532242
47,1560,179.130997
48,1560,47.908848
49,1560,20.494272
50,1560,15.098995
51,1560,14.899674
52,1560,14.786606
53,1560,17.440006
54,1560,47.272186
55,1560,49.897636
56,1560,51.288105
57,1560,72.143539
58,1560,74.646271
59,1560,59.22842
109,1560,2.016994
110,1560,1.562655
111,1560,1.61812
112,1560,1.653347
113,1560,1.29216
114,1560,1.466432
115,1560,1.9166
116,1560,3.573086
288,1560,49.357243
289,1560,16.918049
294,1560,2.026215
295,1560,81.078354
301,1560,122.409126
302,1560,179.87709
47,1561,40.418453
48,1561,86.55555
49,1561,21.87549
50,1561,30.899559
51,1561,44.557331
52,1561,17.11812
53,1561,34.24651
54,1561,61.60894
55,1561,99.251755
56,1561,115.963402
57,1561,97.688362
58,1561,111.03392
109,1561,1.762143
110,1561,1.309197
111,1561,1.068024
112,1561,1.039711
113,1561,1.837007
114,1561,1.184605
115,1561,1.807507
116,1561,1.98945
288,1561,62.424988
289,1561,7.839471
294,1561,2.000588
295,1561,113.845924
302,1561,292.1745
46,1562,78.025017
47,1562,40.861549
48,1562,278.637665
49,1562,157.646851
50,1562,110.585243
51,1562,57.199203
52,1562,67.300995
288,1562,50.443459
289,1562,7.365744
294,1562,5.091045
295,1562,13.836859
301,1562,193.897125
302,1562,273.80484
44,1563,127.999039
45,1563,117.482712
288,1563,27.881237
289,1563,5.142251
294,1563,1.272728
295,1563,12.849003
296,1563,8.2047
300,1563,27.636326
301,1563,92.146545
302,1563,108.753952
303,1563,223.616425
45,1564,394.00119
218,1564,25.010115
219,1564,64.079987
220,1564,21.710178
287,1564,27.333767
288,1564,282.181152
289,1564,29.866047
294,1564,4.136368
295,1564,7.176476
296,1564,5.007692
299,1564,15.4
300,1564,27.636326
301,1564,93.495728
302,1564,107.267807
303,1564,463.582001
351,1564,3609.87085
111,1565,1.226647
112,1565,1.228811
113,1565,1.228811
114,1565,1.626848
115,1565,1.100774
116,1565,1.480305
117,1565,1.80778
218,1565,1.29671
219,1565,35.346664
294,1565,3.500004
295,1565,10.179144
296,1565,3.461539
298,1565,106.714287
299,1565,9.614286
300,1565,28.872103
301,1565,58.397995
302,1565,122.559692
303,1565,163.311615
205,1566,231.986801
206,1566,91.921219
276,1566,59.069401
277,1566,158.240051
278,1566,42.646431
279,1566,51.494942
280,1566,72.970482
281,1566,48.643272
282,1566,4.410006
295,1566,13.18181
296,1566,4.403846
298,1566,155.880905
299,1566,9.614286
300,1566,28.872103
301,1566,58.397995
302,1566,122.559692
303,1566,163.311615
176,1567,7.003507
206,1567,435.385864
207,1567,265.67453
288,1567,12.437145
289,1567,5.857143
295,1567,4.000001
296,1567,11.903847
297,1567,3.0
298,1567,220.916626
299,1567,81.714287
300,1567,39.47023
301,1567,71.515877
302,1567,137.295425
303,1567,217.969604
175,1568,4.638118
176,1568,1.164383
206,1568,382.412689
207,1568,164.601898
288,1568,16.729118
289,1568,4.133011
290,1568,4.047622
295,1568,19.317577
296,1568,6.903846
297,1568,2.666667
298,1568,51.916622
300,1568,33.01931
301,1568,51.300903
302,1568,123.102173
303,1568,314.076782
350,1568,2568.553955
205,1569,117.848396
206,1569,135.846344
207,1569,271.231537
287,1569,7.571472
288,1569,4.410006
289,1569,3.275868
290,1569,3.275868
295,1569,11.182425
296,1569,14.378847
297,1569,3.666667
301,1569,55.665085
302,1569,136.780029
303,1569,309.750336
113,1570,3.289509
206,1570,3.33782
207,1570,76.745628
287,1570,4.410006
288,1570,9.567166
289,1570,4.410006
291,1570,9.567166
294,1570,5.235299
295,1570,12.375002
296,1570,19.378847
302,1570,58.522026
303,1570,125.032379
207,1571,43.983856
208,1571,433.264282
294,1571,3.275868
295,1571,9.957142
296,1571,13.5
302,1571,25.833307
303,1571,34.727242
304,1571,53.999065
352,1571,205.32312
286,1572,4.410006
294,1572,3.275868
295,1572,5.95714
303,1572,34.727242
294,1573,10.609886
295,1573,5.235299
303,1573,53.999065
350,1573,2826.304199
76,1574,2.665182
294,1574,11.210537
351,1574,885.038086
292,1575,9.567166
293,1575,3.275868
294,1575,3.275868
209,1576,97.589302
210,1576,374.500763
211,1576,296.34906
212,1576,293.330933
213,1576,156.773224
214,1576,71.606194
291,1576,3.275868
292,1576,4.047622
293,1576,4.047622
294,1576,4.047622
351,1576,987.169434
352,1576,174.13147
208,1577,108.691353
209,1577,192.069839
210,1577,325.407104
211,1577,304.281128
212,1577,267.055176
213,1577,59.613857
214,1577,95.546829
215,1577,35.222115
216,1577,9.250987
218,1577,6.692883
292,1577,3.275868
293,1577,4.047622
352,1577,184.056595
208,1578,86.54921
209,1578,97.017296
210,1578,211.978943
211,1578,216.579376
212,1578,145.385101
213,1578,100.288208
214,1578,42.581367
215,1578,42.234669
216,1578,1.063264
217,1578,23.105322
218,1578,27.234505
219,1578,87.651123
292,1578,4.410006
4,1579,324.110504
7,1579,635.713989
8,1579,458.295135
9,1579,399.392151
74,1579,150.520401
75,1579,158.578857
76,1579,1.940129
111,1579,1.940622
112,1579,8.290796
113,1579,9.678056
114,1579,67.941246
186,1579,15.286173
208,1579,63.920826
209,1579,62.985622
210,1579,474.170898
211,1579,623.700256
212,1579,63.333763
213,1579,3.305801
214,1579,2.427783
215,1579,3.129885
216,1579,2.303877
217,1579,16.837212
218,1579,17.458712
219,1579,87.293015
220,1579,55.097466
74,1580,71.916031
75,1580,20.457554
208,1580,69.948692
209,1580,27.421976
210,1580,60.366642
211,1580,50.098373
212,1580,29.948315
213,1580,272.80545
214,1580,3.193895
215,1580,1.785714
216,1580,2.0
217,1580,526.753723
218,1580,23.356028
219,1580,74.409149
75,1581,44.205883
207,1581,171.599304
215,1581,1.863457
216,1581,2.182304
220,1581,132.544785
207,1582,96.990921
44,1584,1.889372
45,1584,3.112955
46,1584,2.966293
47,1584,90.892403
41,1585,8.077611
42,1585,6.889402
43,1585,7.3692
44,1585,4.059317
45,1585,2.192144
46,1585,5.962368
47,1585,25.106115
48,1585,149.082794
41,1586,5.048406
42,1586,2.866531
43,1586,4.535261
44,1586,1.734889
45,1586,1.419612
46,1586,2.032373
47,1586,4.658573
48,1586,84.309761
243,1586,22.069908
41,1587,4.989796
42,1587,3.596325
43,1587,2.230365
44,1587,1.212515
45,1587,1.240159
46,1587,1.675248
47,1587,4.783344
48,1587,3.118768
243,1587,6.983216
41,1588,4.308956
42,1588,2.645009
43,1588,2.841692
44,1588,1.934715
45,1588,2.233619
46,1588,2.358478
47,1588,2.822976
126,1588,11.968729
243,1588,9.519341
244,1588,10.651749
249,1588,12.343172
250,1588,4.410006
251,1588,8.385974
41,1589,3.539634
42,1589,2.446393
43,1589,3.402899
44,1589,1.42801
45,1589,1.907262
46,1589,3.019478
47,1589,4.011284
48,1589,7.149332
127,1589,13.33812
128,1589,10.457184
129,1589,12.787825
176,1589,95.384972
244,1589,3.076921
245,1589,1.877195
246,1589,11.528639
247,1589,8.275867
248,1589,7.049198
249,1589,18.285004
250,1589,3.275868
252,1589,1.83721
254,1589,3.112343
41,1590,6.56303
42,1590,3.920193
43,1590,4.281721
44,1590,2.07989
45,1590,2.906014
46,1590,3.016644
47,1590,4.25832
48,1590,9.209931
127,1590,18.335073
130,1590,15.800943
245,1590,2.4375
247,1590,9.567166
248,1590,5.0
251,1590,1.150725
253,1590,1.387934
41,1591,5.301364
42,1591,3.64401
43,1591,5.496083
44,1591,2.252397
45,1591,3.305474
46,1591,4.20523
47,1591,4.334835
251,1591,1.199051
41,1592,4.517162
42,1592,3.154616
43,1592,1.958141
44,1592,1.894585
45,1592,2.7894
46,1592,3.549333
47,1592,5.816315
247,1592,3.77333
41,1593,3.397246
42,1593,5.250119
43,1593,3.266574
44,1593,2.371885
45,1593,4.471654
46,1593,13.768408
47,1593,30.552616
41,1594,4.576703
42,1594,2.250587
43,1594,4.934808
44,1594,2.423873
45,1594,5.112552
46,1594,9.51191
47,1594,26.266682
185,1594,55.682629
41,1595,3.098068
42,1595,2.97572
43,1595,3.402653
44,1595,3.497917
45,1595,4.801763
46,1595,12.910774
47,1595,17.006317
184,1595,3.959669
185,1595,2.642816
186,1595,22.839365
41,1596,2.194155
42,1596,1.820233
43,1596,2.75397
44,1596,3.908114
45,1596,12.159891
46,1596,14.731473
184,1596,343.464233
185,1596,9.999997
186,1596,11.54322
41,1597,41.851261
42,1597,41.2887
43,1597,32.903507
173,1597,133.626373
174,1597,166.644287
175,1597,496.733246
185,1597,48.844868
186,1597,11.119999
298,1597,25.347414
40,1598,14.225104
41,1598,18.505861
42,1598,31.516272
43,1598,63.180149
44,1598,41.068771
166,1598,5.273248
167,1598,10.28371
168,1598,10.271821
169,1598,24.393387
170,1598,24.473122
171,1598,34.435135
172,1598,18.380493
173,1598,14.53949
184,1598,109.06813
185,1598,94.043922
186,1598,2.294574
298,1598,31.117353
40,1599,26.856609
41,1599,36.042252
42,1599,21.135822
43,1599,12.460745
44,1599,14.391633
45,1599,10.533256
184,1599,57.757847
185,1599,116.088547
186,1599,4.589149
40,1600,2.822068
43,1600,2.628121
44,1600,2.089286
45,1600,1.750537
147,1600,19.458183
184,1600,459.562988
185,1600,24.704275
40,1601,2.938579
41,1601,2.32097
42,1601,1.279213
43,1601,1.024783
44,1601,5.641434
146,1601,5.859942
147,1601,16.34774
148,1601,19.572699
149,1601,15.340433
184,1601,148.826981
185,1601,24.411036
41,1602,3.500829
42,1602,1.947176
184,1602,85.557114
185,1602,25.620842
185,1603,18.493626
94,1604,4.795879
145,1604,7.507428
151,1604,20.163336
154,1604,11.508871
164,1604,10.857275
181,1604,4.423097
185,1604,48.744431
152,1605,5.889787
154,1605,8.889859
164,1605,53.378407
165,1605,43.996086
166,1605,66.836235
167,1605,33.23864
168,1605,8.55002
169,1605,50.875191
170,1605,12.082485
171,1605,9.082478
172,1605,9.082478
173,1605,26.286812
181,1605,4.638118
164,1606,71.367844
165,1606,169.335175
166,1606,36.095757
167,1606,30.263519
168,1606,11.535819
169,1606,17.488533
170,1606,182.888977
171,1606,44.753559
181,1606,4.423097
181,1607,159.851913
79,1608,154.521866
80,1608,159.807419
83,1608,65.279861
295,1609,15.28101
296,1609,3.881377
298,1609,4.372949
299,1609,11.865034
152,1610,38.307262
153,1610,26.28421
155,1610,36.088673
149,1611,94.983566
150,1611,51.107376
151,1611,43.141548
152,1611,41.806946
153,1611,8.959065
154,1611,3.978048
186,1611,1.150725
303,1611,21.775038
304,1612,15.094885
305,1612,8.216783
306,1612,23.604679
307,1612,121.478165
184,1613,8.722206
183,1614,5.468541
184,1614,4.846271
243,1615,4.852373
166,1617,5.556249
167,1617,3.935992
168,1617,7.819989
184,1617,99.607124
185,1617,32.487823
36,1618,62.349869
53,1618,28.306839
36,1619,55.568081
44,1619,648.496582
45,1619,264.083344
46,1619,330.145508
48,1619,51.961548
53,1619,4.756378
84,1619,23.502623
151,1619,4.178782
152,1619,9.376746
36,1620,65.412193
37,1620,26.614393
38,1620,83.841858
39,1620,80.184616
40,1620,37.361946
41,1620,42.419376
46,1620,101.761429
47,1620,17.099234
48,1620,28.194103
49,1620,104.758728
53,1620,3.164717
80,1620,110.128159
81,1620,328.858612
82,1620,223.287384
83,1620,23.793898
84,1620,110.655174
85,1620,6.809794
86,1620,19.829109
87,1620,23.420876
88,1620,22.87598
89,1620,22.768646
90,1620,31.783773
91,1620,71.717361
92,1620,52.47221
93,1620,48.255051
270,1620,1999.392456
310,1620,562.413757
311,1620,338.365784
37,1621,18.758358
38,1621,23.498856
39,1621,50.521954
40,1621,26.706598
41,1621,24.870289
42,1621,24.116194
43,1621,27.377886
44,1621,23.730051
46,1621,5.419474
47,1621,13.935547
48,1621,39.82317
49,1621,91.764046
53,1621,42.426212
88,1621,42.408951
89,1621,41.691383
90,1621,29.37978
91,1621,36.054108
92,1621,25.94063
93,1621,29.868536
37,1622,19.768009
38,1622,16.614357
39,1622,11.094787
40,1622,4.934203
41,1622,14.150053
42,1622,21.327023
43,1622,25.290852
44,1622,25.274845
45,1622,2.044194
46,1622,9.392066
47,1622,4.009833
48,1622,18.848364
49,1622,83.029694
50,1622,201.912979
53,1622,5.238156
37,1623,50.441147
38,1623,6.533124
39,1623,3.91305
40,1623,3.202661
41,1623,8.065869
42,1623,6.272254
43,1623,8.822875
44,1623,9.546736
45,1623,1.035047
46,1623,9.896843
47,1623,22.66227
48,1623,8.41889
49,1623,45.26466
53,1623,17.985594
46,1624,8.932714
47,1624,17.423868
48,1624,22.424049
49,1624,29.235065
50,1624,344.524139
149,1624,1.313303
150,1624,2.43654
151,1624,7.325052
152,1624,4.297331
153,1624,22.420111
329,1624,164.691742
330,1624,39.556721
147,1625,8.257952
148,1625,8.071207
149,1625,7.033328
150,1625,7.033328
151,1625,3.893936
329,1625,110.068802
330,1625,26.624645
147,1626,4.153111
148,1626,3.946872
149,1626,3.704566
151,1626,3.704566
153,1626,3.704566
154,1626,3.704566
155,1626,37.150974
156,1626,18.602768
329,1626,232.816116
330,1626,38.311333
226,1627,493.11438
329,1627,498.493439
330,1627,45.480087
133,1628,29.46727
134,1628,23.8326
137,1628,8.324703
138,1628,30.884819
151,1628,5.929737
163,1628,46.32452
226,1628,437.993073
329,1628,259.18515
330,1628,130.625519
154,1629,4.907297
155,1629,5.457088
167,1629,23.053516
186,1629,7.753145
329,1629,286.631104
330,1629,73.708405
144,1630,16.87455
184,1630,15.554628
186,1630,7.753145
329,1630,167.055817
330,1630,57.327129
144,1631,30.868538
184,1631,51.154552
185,1631,9.578125
186,1631,7.753145
329,1631,99.167694
330,1631,56.364521
144,1632,65.693718
145,1632,26.049387
329,1632,89.574287
330,1632,54.142296
144,1633,12.520481
145,1633,38.947407
146,1633,19.798634
147,1633,62.006851
148,1633,36.261517
149,1633,27.900702
150,1633,23.500013
151,1633,25.626936
328,1633,196.848877
329,1633,308.799896
330,1633,28.459572
105,1634,716.082886
138,1634,7.22666
139,1634,9.774059
140,1634,18.078148
143,1634,4.423097
144,1634,3.234578
145,1634,3.234578
147,1634,6.897087
148,1634,8.008692
150,1634,7.883291
151,1634,7.771317
152,1634,16.944075
328,1634,235.464935
329,1634,224.294998
330,1634,23.383648
331,1634,8.625
329,1635,160.278427
330,1635,5.075924
153,1636,21.666113
154,1636,22.508465
329,1636,76.263237
49,1637,212.05365
50,1637,17.592342
52,1637,16.614235
53,1637,121.439972
54,1637,164.66684
56,1637,328.908081
135,1637,31.757635
328,1637,503.68866
329,1637,114.89035
47,1638,235.824783
48,1638,59.547195
49,1638,78.874672
50,1638,15.844302
52,1638,18.63765
53,1638,12.188963
54,1638,35.118832
55,1638,38.612579
56,1638,27.986219
57,1638,77.320381
65,1638,252.772614
66,1638,53.101177
67,1638,155.049072
136,1638,1.566375
329,1638,385.581299
49,1639,61.544235
50,1639,21.429071
52,1639,11.647973
54,1639,7.677395
56,1639,43.821739
57,1639,47.40855
58,1639,299.542694
65,1639,190.880081
329,1639,177.542953
49,1640,1.578522
50,1640,8.150191
57,1640,50.361576
58,1640,110.471046
59,1640,172.224045
329,1640,20.862953
58,1641,18.961176
59,1641,389.859558
139,1641,4.423097
58,1642,12.088799
46,1643,4.798295
58,1643,19.330645
59,1643,57.6269
164,1643,3.234578
38,1644,5.320339
46,1644,149.120636
47,1644,149.80394
48,1644,16.870466
49,1644,52.831867
50,1644,52.487267
58,1644,28.946295
59,1644,74.503105
151,1644,126.675819
30,1645,7.233362
38,1645,3.576632
39,1645,56.311565
46,1645,11.311259
47,1645,7.739013
48,1645,8.748884
49,1645,2.287315
50,1645,19.376406
59,1645,371.01239
151,1645,134.581253
38,1646,30.07988
39,1646,7.369317
40,1646,5.411344
46,1646,7.279942
47,1646,2.647904
49,1646,15.587075
50,1646,1.230103
85,1646,22.313082
151,1646,75.964088
152,1646,292.256226
153,1646,462.672363
45,1647,84.166069
46,1647,19.692318
51,1647,24.344172
151,1647,74.153358
152,1647,85.600739
153,1647,246.115921
90,1648,36.157238
152,1648,64.255783
153,1648,262.572052
36,1649,52.374702
37,1649,26.64901
85,1649,5.74814
90,1649,12.417576
152,1649,112.540779
153,1649,262.539978
32,1650,9.794187
33,1650,4.278883
34,1650,18.24609
35,1650,9.388776
152,1650,132.043106
153,1650,304.121979
90,1651,4.488893
152,1651,84.369469
153,1651,287.49295
163,1651,625.783325
152,1652,12.559353
153,1652,232.966339
164,1652,87.895905
165,1652,130.463181
167,1652,563.071411
39,1653,33.296745
40,1653,8.07247
51,1653,108.224892
52,1653,61.372982
53,1653,151.004944
57,1653,117.333961
58,1653,24.933641
115,1653,24.875473
151,1653,1.804736
152,1653,8.398534
165,1653,310.704041
166,1653,301.204895
167,1653,302.114319
168,1653,45.724155
40,1654,95.040833
54,1654,1.656916
55,1654,1.823886
56,1654,1.216343
58,1654,13.113956
165,1654,13.030237
166,1654,41.558651
167,1654,17.635277
168,1654,19.422535
31,1655,204.466888
40,1655,101.449989
48,1655,11.923026
163,1655,12.68569
164,1655,17.816072
165,1655,12.029424
167,1655,10.870077
168,1655,11.760663
169,1655,30.174728
181,1655,276.518921
40,1656,119.069664
45,1656,12.391018
46,1656,14.522578
47,1656,2.57003
64,1656,142.759018
65,1656,841.368164
125,1656,15.654531
168,1656,24.741781
178,1656,19.772114
179,1656,55.221668
180,1656,116.466866
181,1656,354.535431
182,1656,606.122131
31,1657,68.910431
40,1657,104.128006
45,1657,2.892536
46,1657,1.504909
115,1657,3.058704
134,1657,1.905189
178,1657,30.702351
179,1657,75.387421
180,1657,77.573914
181,1657,693.2995
182,1657,386.42807
183,1657,105.63736
40,1658,61.663559
55,1658,1.737166
56,1658,1.250027
57,1658,3.337813
58,1658,1.397895
61,1658,17.381298
109,1658,2.69696
110,1658,4.213364
111,1658,4.265815
112,1658,1.578315
125,1658,15.654531
126,1658,32.978188
127,1658,11.678916
140,1658,23.636787
141,1658,11.669685
151,1658,4.14648
178,1658,144.846405
179,1658,37.301083
180,1658,74.35714
181,1658,468.04483
182,1658,283.008423
183,1658,101.794724
40,1659,456.47876
123,1659,15.654531
124,1659,2.604166
137,1659,8.411772
146,1659,8.810596
147,1659,8.810596
148,1659,11.157225
149,1659,8.883323
178,1659,13.553003
179,1659,4.222226
180,1659,3.578942
181,1659,282.008881
182,1659,198.525711
40,1660,372.504608
53,1660,369.580505
54,1660,67.219154
55,1660,45.208275
178,1660,6.895849
180,1660,3.075266
181,1660,231.117737
182,1660,220.017715
40,1661,306.856171
115,1661,3.187513
116,1661,17.108112
171,1661,34.429142
172,1661,79.717796
173,1661,55.17868
174,1661,30.775393
178,1661,31.419226
181,1661,154.468414
182,1661,239.07959
36,1662,1.327601
40,1662,521.872131
171,1662,10.857275
172,1662,6.500347
173,1662,27.136412
174,1662,141.874359
175,1662,64.224182
176,1662,250.36972
177,1662,9.743187
178,1662,18.742657
181,1662,242.505249
182,1662,191.877686
36,1663,1.101178
39,1663,50.998409
178,1663,12.547014
181,1663,303.913971
182,1663,193.475464
181,1664,6.895849
182,1664,127.87645
168,1665,9.955927
178,1665,48.26701
179,1665,59.030331
56,1669,3.847907
104,1669,16.617317
114,1669,2.877243
115,1669,18.189369
33,1670,636.927063
34,1670,244.753174
38,1670,16.095572
43,1670,44.902378
145,1670,1.864864
37,1671,72.627663
139,1671,9.810596
44,1673,17.631506
88,1673,77.309334
89,1673,1.678856
114,1673,1.072976
138,1673,3.952723
139,1673,72.100601
159,1673,10.502681
162,1673,9.462354
181,1673,107.056061
184,1673,15.949606
37,1674,91.423935
38,1674,3.615359
39,1674,1.451344
89,1674,45.140858
90,1674,1.852942
102,1674,1.826542
139,1674,6.833324
140,1674,71.209534
162,1674,50.353374
182,1674,51.34182
183,1674,34.389095
40,1675,3.1869
89,1675,48.64579
90,1675,2.6875
91,1675,15.654531
144,1675,8.883323
89,1676,94.695801
90,1676,2.6875
91,1676,15.654531
144,1676,11.989864
147,1676,11.157225
166,1676,6.90906
89,1677,87.496765
90,1677,3.288346
91,1677,2.604166
104,1677,3.668906
105,1677,4.166004
106,1677,4.166004
107,1677,3.649812
108,1677,3.583541
146,1677,9.578776
147,1677,12.870453
89,1678,17.189365
91,1678,3.583591
104,1678,11.857691
105,1678,1.522902
106,1678,1.700246
110,1678,17.920395
111,1678,2.149707
112,1678,2.241707
147,1678,34.878967
8,1679,434.563324
9,1679,128.09314
10,1679,159.716843
79,1679,485.192627
111,1679,1.368097
112,1679,1.516753
113,1679,2.059468
9,1680,164.147842
10,1680,64.20594
114,1680,2.078133
9,1681,405.717194
10,1681,4.694495
60,1681,1.175499
61,1681,58.482662
62,1681,30.514801
114,1681,1.624699
9,1682,26.466339
60,1682,1.175499
62,1682,30.514801
89,1682,8.126491
90,1682,1.738733
91,1682,19.016247
92,1682,18.962303
93,1682,5.304157
94,1682,5.849277
95,1682,5.770271
96,1682,29.965036
9,1683,14.489627
10,1683,9.237016
89,1683,21.234385
92,1683,2.260069
93,1683,2.109475
94,1683,1.387773
95,1683,1.525953
96,1683,2.247515
141,1683,2.049999
9,1684,10.518598
10,1684,1.964121
11,1684,9.6674
63,1684,70.569283
89,1684,2.109811
140,1684,10.125
141,1684,1.864864
146,1684,6.833324
9,1685,53.577351
10,1685,3.585642
11,1685,14.440764
66,1685,168.684296
184,1685,1.925537
9,1686,9.984865
10,1686,5.952509
126,1686,1.150908
184,1686,1.925537
8,1687,24.90873
9,1687,6.870491
10,1687,24.985882
8,1688,10.515339
160,1688,2.028166
8,1689,31.4233
94,1689,1.790437
161,1689,69.735023
162,1689,7.692757
73,1690,2.369902
95,1690,1.903115
167,1690,31.048855
168,1690,12.187614
8,1691,208.0401
9,1691,31.131187
111,1691,7.214729
112,1691,8.816498
113,1691,14.618617
167,1691,5.087768
168,1691,1.847483
8,1692,561.417786
8,1693,282.946838
81,1693,1.720272
82,1693,1.263134
83,1693,1.754585
84,1693,1.659076
8,1694,75.047951
123,1694,3.61547
124,1694,1.045045
125,1694,1.045045
120,1695,5.371088
8,1702,423.209381
129,1702,1.072444
137,1702,77.704964
138,1702,61.290104
139,1702,65.201706
140,1702,72.332085
142,1702,16.958212
6,1703,478.815125
121,1703,57.410805
122,1703,71.534386
123,1703,2.546826
124,1703,1.986175
125,1703,2.54929
126,1703,2.605102
127,1703,1.560763
128,1703,1.447103
134,1703,3.075266
135,1703,3.075266
136,1703,3.075266
137,1703,2.471543
138,1703,5.316991
139,1703,5.263999
140,1703,34.063515
141,1703,45.790939
142,1703,5.436672
143,1703,3.727191
144,1703,3.609472
145,1703,6.671431
146,1703,6.936945
6,1704,209.920929
7,1704,229.107101
134,1704,4.789063
135,1704,4.789063
136,1704,6.725152
7,1705,249.483246
7,1706,195.880066
7,1707,40.414875
6,1708,15.016727
7,1708,54.728188
8,1708,100.28698
5,1709,35.437931
7,1709,36.580578
110,1709,64.594543
124,1709,255.780533
125,1709,133.972916
5,1710,32.812119
7,1710,46.015923
8,1710,122.325943
109,1710,15.780275
111,1710,2.702771
112,1710,364.880951
124,1710,228.926788
125,1710,64.357841
126,1710,26.329525
127,1710,28.451668
128,1710,68.929283
129,1710,109.780106
130,1710,75.969582
131,1710,307.922882
134,1710,268.238495
135,1710,416.610474
136,1710,212.97464
142,1710,179.632797
143,1710,259.084412
174,1710,308.643707
5,1711,6.653461
7,1711,69.825203
110,1711,45.437939
123,1711,81.958603
124,1711,236.507263
125,1711,66.185471
126,1711,64.675369
127,1711,34.42395
128,1711,39.451725
129,1711,26.252722
130,1711,23.311857
131,1711,148.731491
135,1711,34.410191
136,1711,38.208038
137,1711,93.654137
141,1711,98.1931
142,1711,39.780289
143,1711,48.13393
169,1711,988.685425
170,1711,198.973358
172,1711,1409.965332
173,1711,453.742737
174,1711,177.838364
175,1711,488.114258
178,1711,401.279388
179,1711,218.615143
180,1711,632.207825
181,1711,268.852448
5,1712,6.229242
6,1712,23.177752
7,1712,83.880844
121,1712,831.914124
123,1712,205.552643
124,1712,100.865723
125,1712,99.53537
126,1712,101.600113
127,1712,118.1278
128,1712,52.103813
129,1712,55.6231
169,1712,299.562256
170,1712,516.228394
171,1712,157.5289
172,1712,264.605621
173,1712,159.898071
174,1712,350.886169
175,1712,196.738449
176,1712,184.968826
177,1712,703.215637
178,1712,605.40509
179,1712,282.74939
180,1712,228.874802
5,1713,37.032558
6,1713,27.659052
7,1713,87.783775
111,1713,123.399498
169,1713,109.270172
170,1713,88.937111
171,1713,110.115417
172,1713,95.150047
173,1713,42.713196
174,1713,138.788177
175,1713,82.942612
176,1713,72.987694
177,1713,381.750122
178,1713,72.751511
179,1713,168.408096
180,1713,165.609314
181,1713,220.384964
5,1714,34.679585
6,1714,36.173672
169,1714,70.945328
170,1714,73.919113
171,1714,26.288239
172,1714,22.742828
173,1714,101.925484
174,1714,18.583288
175,1714,18.062773
176,1714,16.849873
177,1714,14.06625
178,1714,20.578058
179,1714,77.666016
180,1714,96.168732
181,1714,222.412415
182,1714,178.904495
4,1715,19.339943
5,1715,34.861641
6,1715,76.347023
169,1715,79.160202
170,1715,62.99559
171,1715,16.471352
172,1715,42.45541
173,1715,2.952393
174,1715,2.722192
175,1715,549.865234
176,1715,11.456924
177,1715,6.205863
178,1715,5.372301
179,1715,4.226533
180,1715,100.92321
181,1715,221.890778
182,1715,339.876892
4,1716,18.476978
5,1716,5.915265
168,1716,110.235489
169,1716,47.591091
170,1716,28.738108
171,1716,12.748131
172,1716,4.101657
173,1716,3.75
175,1716,1.25
176,1716,4.632576
177,1716,7.052277
178,1716,5.559809
179,1716,10.602498
180,1716,9.205548
181,1716,231.869812
182,1716,341.534576
3,1717,58.899574
4,1717,28.049873
5,1717,8.556966
168,1717,96.459869
169,1717,42.986752
170,1717,19.817144
171,1717,8.681055
172,1717,3.843458
176,1717,4.64814
177,1717,10.329956
178,1717,24.859781
179,1717,30.68059
180,1717,44.647385
181,1717,97.686798
182,1717,372.521759
3,1718,9.671081
4,1718,3.033007
5,1718,3.593585
168,1718,74.899605
169,1718,66.04364
170,1718,13.927575
171,1718,15.81911
172,1718,8.287422
176,1718,2.197942
177,1718,33.397293
178,1718,64.4813
179,1718,71.532654
180,1718,83.012604
181,1718,127.618782
182,1718,167.870712
3,1719,3.956803
4,1719,1.18633
5,1719,2.826789
168,1719,47.064465
169,1719,46.99469
170,1719,11.698294
171,1719,6.327819
176,1719,11.621087
177,1719,67.444603
178,1719,109.02359
179,1719,141.934219
180,1719,126.692566
181,1719,108.934853
182,1719,317.28363
168,1720,45.030918
171,1720,1.36877
172,1720,1.147449
173,1720,1.244497
174,1720,1.244497
175,1720,1.244497
176,1720,35.743507
177,1720,66.756195
178,1720,167.087036
179,1720,137.431213
177,1721,71.266273
178,1721,38.876179
71,1725,2.337524
86,1725,14.779849
71,1726,1.267283
72,1726,3.148168
73,1726,2.468051
80,1726,4.516933
81,1726,2.758458
82,1726,49.980644
83,1726,40.950012
84,1726,21.760118
72,1727,58.095806
83,1727,1.16087
2,1732,1.773843
72,1732,1.782329
66,1735,104.517448
110,1735,125.041077
2,1736,1.085623
66,1736,6.195139
110,1736,193.379868
2,1737,1.085623
36,1737,75.042816
37,1737,99.542473
65,1737,3.387088
66,1737,2.86569
6,1738,225.392593
52,1738,26.987717
135,1738,6.888472
2,1739,1.402817
5,1739,3.326923
6,1739,148.358963
58,1739,30.512575
59,1739,19.914528
63,1739,30.642555
64,1739,25.613922
65,1739,26.026207
66,1739,20.443516
2,1740,2.212373
3,1740,1.027903
5,1740,4.221421
6,1740,164.182968
33,1740,13.591463
63,1740,51.81163
66,1740,1.150065
67,1740,3.95076
2,1741,8.877142
3,1741,1.687151
4,1741,3.226582
5,1741,6.360981
6,1741,91.130905
2,1742,10.595897
3,1742,2.302199
4,1742,3.541301
5,1742,7.332846
6,1742,95.397064
7,1742,39.416004
58,1742,64.227448
178,1742,214.671051
2,1743,7.820973
3,1743,5.297379
4,1743,111.528336
5,1743,5.116231
6,1743,69.977493
7,1743,77.759628
32,1743,1.698546
33,1743,1.016607
35,1743,43.960545
37,1743,66.035027
38,1743,46.890175
58,1743,24.583242
2,1744,4.624525
3,1744,1.978561
4,1744,3.254858
5,1744,2.510989
6,1744,42.95879
7,1744,38.701721
38,1744,58.740688
4,1745,73.590912
5,1745,3.364286
6,1745,26.845636
7,1745,33.478474
38,1745,66.504539
122,1745,3.836778
123,1745,1.44695
124,1745,16.198215
5,1746,8.199692
6,1746,40.299843
7,1746,39.040581
32,1746,1263.023926
33,1746,161.494781
34,1746,657.62262
38,1746,184.221268
68,1746,14.578213
70,1746,149.561951
121,1746,36.459625
122,1746,28.528349
123,1746,29.491182
124,1746,11.636132
163,1746,438.089722
164,1746,251.336685
165,1746,270.989746
166,1746,183.40744
167,1746,207.47821
169,1746,258.572754
173,1746,239.954956
5,1747,1.204271
6,1747,2.530907
7,1747,52.422401
38,1747,428.573761
66,1747,66.57016
67,1747,79.074486
68,1747,59.421288
69,1747,6.209194
70,1747,88.207245
179,1747,245.033463
5,1748,4.640959
6,1748,3.022024
7,1748,128.770111
38,1748,135.281128
67,1748,2.353152
68,1748,16.781982
69,1748,12.48047
70,1748,12.765306
73,1748,13.820436
178,1748,62.038544
5,1749,3.632297
6,1749,14.243261
7,1749,168.130203
8,1749,208.182327
177,1749,31.614851
178,1749,212.137283
179,1749,214.671051
6,1750,6.241057
7,1750,244.84494
8,1750,546.713257
38,1750,247.020767
177,1750,24.797112
178,1750,11.087955
179,1750,3.764709
6,1751,206.240158
8,1751,415.813904
176,1751,56.82592
177,1751,28.927107
178,1751,11.468805
179,1751,3.764709
176,1752,49.397049
177,1752,24.353605
178,1752,12.012454
34,1753,97.765755
35,1753,62.625793
36,1753,54.032372
176,1753,8.321392
177,1753,10.909806
178,1753,5.321428
34,1754,101.198174
35,1754,102.779465
36,1754,61.406708
34,1755,120.946754
35,1755,36.239548
36,1755,29.873734
34,1756,317.625824
35,1756,36.603935
36,1756,26.171099
34,1757,297.097046
35,1757,23.360729
66,1757,61.887699
175,1757,62.390343
176,1757,25.279776
177,1757,21.141706
178,1757,2.769232
8,1758,22.751339
9,1758,32.531353
34,1758,183.317474
35,1758,37.644764
66,1758,1.567868
67,1758,2.130919
175,1758,100.30806
176,1758,28.376762
177,1758,21.950966
178,1758,2.430071
33,1759,212.68721
34,1759,458.48642
35,1759,8.394219
66,1759,8.80495
67,1759,4.163614
175,1759,24.662809
176,1759,22.806908
177,1759,10.664705
10,1760,228.837936
33,1760,212.68721
34,1760,708.168945
35,1760,40.228512
36,1760,2.884617
66,1760,7.366385
67,1760,2.626828
74,1760,60.443317
122,1760,104.017715
9,1761,3.572378
10,1761,120.299423
11,1761,172.631866
33,1761,216.062866
34,1761,647.447449
35,1761,202.960205
36,1761,145.477631
41,1761,10.165296
66,1761,17.107035
67,1761,4.335854
74,1761,44.780457
75,1761,39.905006
76,1761,31.669752
88,1761,525.241699
121,1761,42.114792
122,1761,30.912081
123,1761,35.300434
124,1761,43.447453
125,1761,83.313484
126,1761,6.930617
179,1761,18.407932
180,1761,15.11881
9,1762,60.865368
10,1762,169.717041
33,1762,194.273407
34,1762,373.992188
35,1762,431.57428
40,1762,351.323639
41,1762,30.53476
42,1762,68.513832
43,1762,61.459106
44,1762,19.8041
67,1762,34.357708
74,1762,102.475632
75,1762,67.455452
76,1762,765.768127
126,1762,4.649319
175,1762,25.748095
7,1763,39.967705
10,1763,292.056458
34,1763,236.948654
41,1763,180.549484
48,1763,334.412811
56,1763,284.257629
139,1763,904.370667
146,1763,2.780742
9,1764,406.578583
10,1764,301.00946
41,1764,209.509842
56,1764,30.48778
8,1765,24.741953
42,1765,139.376709
48,1765,22.285488
57,1765,52.397377
9,1772,29.771807
9,1773,30.266451
8,1775,5.686039
8,1777,1.019412
8,1778,93.818794
8,1779,91.857979
8,1780,94.804085
153,1789,6.459689
150,1790,14.771755
151,1790,4.759278
162,1790,5.233265
72,1795,391.273895
69,1796,91.825989
70,1796,189.044495
71,1796,47.292126
72,1796,33.515865
157,1797,6.893182
158,1797,9.157425
159,1797,9.157425
160,1797,9.157425
161,1797,9.157425
162,1797,9.157425
163,1797,5.817805
164,1797,5.817805
165,1797,5.817805
166,1797,5.817805
167,1797,5.817805
168,1797,7.081696
169,1797,7.081696
170,1797,9.157425
171,1797,6.835007
172,1797,6.835007
173,1797,6.835007
179,1797,13.05028
165,1480,25.607153
168,1480,1.069528
175,1480,70.663116
176,1480,22.975847
149,1798,8.649931
150,1798,5.37576
151,1798,9.41119
152,1798,9.413611
153,1798,7.820229
154,1798,7.998224
155,1798,7.998224
156,1798,5.891741
157,1798,5.886802
158,1798,5.741091
159,1798,5.741091
160,1798,6.350083
161,1798,6.350083
162,1798,6.350083
163,1798,6.350083
164,1798,6.350083
165,1798,8.672502
166,1798,6.350083
167,1798,6.350083
168,1798,6.350083
169,1798,6.493502
170,1798,5.251648
171,1798,5.395066
172,1798,7.37655
173,1798,7.868285
174,1798,7.790391
175,1798,6.73186
176,1798,9.800757
177,1798,8.933535
178,1798,12.060801
146,1799,28.93198
147,1799,27.902103
148,1799,21.460732
149,1799,6.609261
150,1799,7.543217
151,1799,8.018429
152,1799,7.425862
153,1799,8.943469
154,1799,9.003534
155,1799,6.791195
156,1799,6.791195
157,1799,8.102777
158,1799,8.542488
159,1799,8.542488
160,1799,8.542488
161,1799,8.542488
162,1799,8.542488
163,1799,4.180912
164,1799,4.180912
165,1799,4.180912
166,1799,4.180912
167,1799,4.180912
168,1799,6.561004
169,1799,6.561004
170,1799,8.542488
171,1799,7.977777
172,1799,7.977777
173,1799,7.977777
174,1799,8.962783
175,1799,8.962783
176,1799,32.706429
177,1799,44.611984
178,1799,365.699493
174,1481,64.502472
175,1481,118.232452
176,1481,49.79174
177,1481,1.471378
284,1481,114.351501
174,1482,71.509682
175,1482,111.602859
273,1482,92.206558
284,1482,170.806259
144,1800,68.452827
145,1800,70.944687
146,1800,34.283966
147,1800,26.450874
148,1800,31.200924
149,1800,13.331285
150,1800,6.813869
151,1800,7.961068
152,1800,7.659439
153,1800,5.279346
154,1800,6.457792
155,1800,6.457792
156,1800,6.079004
157,1800,5.988095
158,1800,3.866665
159,1800,3.866665
160,1800,3.463156
161,1800,3.463156
162,1800,3.463156
163,1800,3.463156
164,1800,3.463156
165,1800,4.027866
166,1800,3.463156
167,1800,3.463156
168,1800,3.463156
169,1800,3.463156
170,1800,3.866665
171,1800,3.866665
172,1800,4.245453
173,1800,6.366883
174,1800,6.366883
175,1800,14.350927
176,1800,28.694752
177,1800,45.870449
178,1800,323.358887
176,1483,67.977341
274,1483,48.214287
284,1483,401.582184
176,1484,107.788895
284,1484,221.554718
286,1484,13.722174
142,1801,45.790775
143,1801,18.581615
144,1801,27.738613
145,1801,31.890656
146,1801,11.026563
147,1801,11.604017
148,1801,12.912839
149,1801,5.902188
150,1801,4.245453
151,1801,4.681376
152,1801,1.647774
153,1801,2.000001
154,1801,2.000001
155,1801,1.544616
156,1801,1.544616
157,1801,1.205455
158,1801,1.25974
159,1801,1.25974
160,1801,1.25974
161,1801,1.25974
162,1801,1.25974
170,1801,1.25974
171,1801,1.205455
172,1801,1.205455
173,1801,1.491169
174,1801,2.576924
175,1801,6.293707
176,1801,49.541935
177,1801,168.53952
178,1801,246.214188
142,1802,32.799809
143,1802,26.518511
144,1802,24.719019
145,1802,10.354243
146,1802,7.09204
147,1802,6.75346
148,1802,3.301281
149,1802,3.308612
175,1802,18.675299
176,1802,39.394707
177,1802,59.713703
178,1802,135.327026
142,1803,27.846045
143,1803,15.517495
144,1803,14.336359
145,1803,3.981068
146,1803,1.115936
147,1803,2.0214
175,1803,27.841021
176,1803,37.411858
177,1803,136.785294
178,1803,122.249359
142,1804,74.237663
143,1804,32.094059
144,1804,31.700907
145,1804,4.613688
146,1804,2.238358
153,1804,28.0
169,1804,122.047623
170,1804,32.714306
173,1804,1.142857
175,1804,20.323526
176,1804,48.096809
177,1804,147.102493
178,1804,191.003891
176,1485,714.446777
284,1485,247.064087
286,1485,17.463261
