1951,1486,4.836857
1953,1486,1.793385
1958,1486,6.901786
1959,1486,1.589287
1961,1486,4.073172
1963,1486,8.81702
1965,1486,3.934207
1967,1486,4.073172
1968,1486,3.382672
1969,1486,12.031091
1976,1486,17.783766
1977,1486,6.591182
1981,1486,4.62097
1983,1486,4.073172
1984,1486,13.928996
1985,1486,4.073172
1986,1486,4.350456
1999,1486,5.955492
2009,1486,2.398533
2011,1486,1.912168
2012,1486,12.446363
2014,1486,6.554538
2015,1486,1.673773
2017,1486,3.493927
1958,1487,3.93047
1961,1487,3.87281
1964,1487,3.934207
1965,1487,3.87281
1967,1487,3.87281
1969,1487,17.33268
1977,1487,3.934207
1980,1487,4.350456
1981,1487,3.382672
1984,1487,3.124274
1995,1487,20.878471
1997,1487,4.62097
1999,1487,3.87281
2000,1487,20.119368
2011,1487,12.446363
2014,1487,35.858402
1951,1488,4.173044
1959,1488,4.073172
1961,1488,4.836857
1965,1488,11.523105
1966,1488,3.87281
1967,1488,4.281767
1975,1488,12.998875
1976,1488,2.341183
1979,1488,4.350456
1980,1488,3.934207
1982,1488,30.475668
1986,1488,43.028965
1997,1488,1.793385
1998,1488,54.507732
1999,1488,21.134747
2000,1488,7.718614
2002,1488,22.916323
2003,1488,5.662953
2005,1488,1.762364
2006,1488,1.620994
2011,1488,3.085766
2012,1488,1.48166
2013,1488,17.850517
1966,1489,1.53125
1968,1489,3.934207
1969,1489,16.938026
1971,1489,5.693685
1983,1489,11.23866
1984,1489,1.589287
1985,1489,1.589287
1986,1489,5.872312
1997,1489,2.341183
1999,1489,1.53125
2000,1489,5.26198
2001,1489,4.453189
2004,1489,8.764167
2013,1489,21.263046
1962,1490,14.199102
1968,1490,2.341183
1969,1490,10.441804
1971,1490,4.221413
1978,1490,1.589287
1996,1490,561.783203
1997,1490,1.589287
2007,1490,2.430644
2018,1490,16.552767
2019,1490,8.49125
2020,1490,5.985498
1962,1491,1.793385
1970,1491,10.918077
1971,1491,7.639581
1975,1491,24.050282
1976,1491,24.050282
1980,1491,1.589287
1981,1491,1.53125
2001,1491,1.273931
2003,1491,2.226971
2004,1491,4.025515
2017,1491,17.99412
2020,1491,1.66579
1962,1492,1.793385
1967,1492,1.793385
1971,1492,5.64208
1975,1492,4.559573
1976,1492,1.589287
1977,1492,30.067829
1979,1492,1.53125
2004,1492,1.341837
2007,1492,89.891541
2019,1492,1.269359
2020,1492,1.861293
2021,1492,2.533213
1980,1493,5.781249
1981,1493,1.53125
1982,1493,1.53125
1983,1493,1.53125
1984,1493,43.703918
2000,1493,4.999999
2001,1493,27.9184
2005,1493,4.162714
2009,1493,4.673934
2012,1493,193.786575
2013,1493,199.962006
2017,1493,3.335874
2018,1493,2.803869
1960,1494,1.593024
1962,1494,6.25995
1983,1494,2.05
1984,1494,46.503189
1999,1494,102.661865
2001,1494,18.08777
2002,1494,2.272727
2003,1494,3.428571
2004,1494,3.738094
2005,1494,109.743675
2006,1494,2.385196
2011,1494,68.955452
2014,1494,62.693535
2021,1494,34.812027
2022,1494,30.443966
1962,1495,1.793385
1963,1495,6.25995
1971,1495,2.341183
1972,1495,7.878991
1976,1495,1.589287
1983,1495,1.246964
2011,1495,211.629318
2017,1495,5.248528
2019,1495,2.694061
2020,1495,1.564628
2021,1495,1.728778
2022,1495,5.095011
1961,1496,2.341183
1975,1496,4.108335
1979,1496,269.047546
1980,1496,69.733444
1981,1496,1.931174
1982,1496,1.862348
2001,1496,13.240133
2002,1496,1.923078
2004,1496,8.802763
2005,1496,3.8215
2006,1496,2.315445
2010,1496,74.586517
2011,1496,209.146057
1975,1497,3.045748
1980,1497,15.260136
1992,1497,51.993912
2001,1497,10.888974
2002,1497,8.918477
2003,1497,5.97547
2004,1497,8.384923
2005,1497,4.718534
2010,1497,73.537155
1972,1498,7.934218
1975,1498,90.596138
1980,1498,83.975327
2001,1498,12.057601
2004,1498,10.204132
2005,1498,7.453005
2010,1498,74.545692
1972,1499,47.298367
1975,1499,1.681548
2001,1499,26.163105
2003,1499,5.97547
2004,1499,23.884396
2005,1499,4.632741
2008,1499,1.302927
2012,1499,172.383011
1975,1500,82.591393
1981,1500,1.916785
2000,1500,17.307777
2001,1500,11.355549
2003,1500,29.186157
2004,1500,31.072483
2005,1500,58.994904
2006,1500,102.434532
2011,1500,242.08548
2012,1500,138.540283
1975,1501,30.115793
2003,1501,57.35915
2011,1501,18.342651
1975,1502,2.11579
2011,1502,7.26553
2012,1502,3.009439
1977,1505,2.444965
1978,1505,3.563606
1972,1506,2.272588
2023,1506,20.773384
1972,1507,34.523109
1982,1507,2.64079
2018,1507,4.140405
2019,1507,9.408018
2022,1507,16.695887
2023,1507,16.871321
1972,1508,35.675007
1981,1508,3.669991
1982,1508,9.179545
2019,1508,2.724547
2021,1508,12.423161
2022,1508,6.86654
2023,1508,7.530548
2024,1508,4.26536
2025,1508,1.569717
2026,1508,2.313299
2027,1508,20.494078
1935,1509,1.115703
1972,1509,38.378494
1982,1509,7.310101
2016,1509,3.945812
2017,1509,3.593219
2018,1509,22.145256
2019,1509,111.997772
2022,1509,2.069398
2023,1509,1.151387
1971,1510,2.332747
1972,1510,38.168571
1982,1510,4.656518
1984,1510,5.304545
2017,1510,84.272034
1964,1511,1.141141
1971,1511,43.03112
1972,1511,38.168571
1974,1511,8.626734
1982,1511,5.184115
2017,1511,6.542467
2018,1511,50.638866
1894,1512,209.0
1943,1512,1.115703
1970,1512,222.030304
1971,1512,25.321152
1972,1512,18.879578
1974,1512,8.626734
1982,1512,3.05175
2017,1512,8.79135
1946,1513,1.398845
1948,1513,1.337324
1969,1513,76.5
1970,1513,21.275249
1971,1513,42.143311
1972,1513,9.634617
1984,1513,3.46579
2016,1513,6.222215
2017,1513,6.004515
2019,1513,44.253235
1868,1514,5.980115
1970,1514,26.990654
1971,1514,51.500011
1972,1514,15.883736
1974,1514,13.715742
1978,1514,14.576527
1982,1514,1.267778
1983,1514,5.806216
1985,1514,1.576923
1986,1514,1.468182
2016,1514,5.874386
2017,1514,1.390668
2018,1514,2.137153
2019,1514,1.390668
1933,1515,1.337324
1970,1515,14.931818
1971,1515,3.793688
1974,1515,72.21254
1983,1515,1.52404
2017,1515,2.137153
1961,1516,1.494545
1971,1516,85.700592
1972,1516,80.472801
1974,1516,12.759806
1984,1516,1.8
2013,1516,1.923078
2014,1516,3.428571
2015,1516,3.428571
2016,1516,2.272727
2017,1516,14.898569
2018,1516,41.973656
1940,1517,1.226071
1970,1517,1.0625
1971,1517,13.943413
1972,1517,22.083834
1974,1517,19.243351
1986,1517,2.423907
2011,1517,2.137153
2013,1517,5.133334
2014,1517,2.5
2015,1517,5.376313
2016,1517,8.133334
2018,1517,17.970551
1940,1518,1.501786
1958,1518,1.494545
2010,1518,2.442292
2013,1518,14.751831
2014,1518,4.751386
2015,1518,20.429859
2016,1518,17.071537
2017,1518,138.166779
2018,1518,3.666779
2019,1518,18.038307
1972,1519,49.435844
1974,1519,20.929638
2013,1519,48.678719
2014,1519,18.23457
2015,1519,28.039169
2016,1519,13.848767
2017,1519,4.761521
2018,1519,9.485112
1944,1520,1.237221
2017,1520,50.468658
2018,1520,27.791979
1922,1521,86.571777
1923,1521,144.84343
1924,1521,447.530579
1951,1521,2.027237
1984,1521,5.104992
1985,1521,25.789185
1924,1522,205.210251
1952,1522,1.665876
1956,1522,5.354553
1982,1522,1.457777
1924,1523,260.73645
1953,1523,1.521888
1956,1523,9.393011
1965,1523,8.81376
1966,1523,4.721879
1981,1523,175.866272
1982,1523,5.837654
1944,1524,1.521888
1953,1524,1.39638
1956,1524,9.178839
1962,1524,9.019164
1963,1524,13.017655
1964,1524,7.139234
1965,1524,6.204635
1966,1524,8.4924
1971,1524,5.315667
1976,1524,14.368071
1981,1524,148.749313
1982,1524,5.579716
1952,1525,3.441397
1953,1525,5.90762
1954,1525,9.112381
1955,1525,5.82707
1956,1525,12.514563
1958,1525,18.386189
1965,1525,8.528986
1976,1525,9.692398
1981,1525,21.482252
1985,1525,24.663479
1953,1526,8.927344
1956,1526,12.250246
1960,1526,8.766779
1965,1526,12.588763
1974,1526,7.137899
1981,1526,11.462172
1984,1526,4.038458
1862,1527,11.431767
1863,1527,14.61479
1953,1527,8.890759
1955,1527,18.914663
1956,1527,8.861138
1969,1527,12.290612
1970,1527,4.899997
1975,1527,6.490359
1976,1527,37.223602
1981,1527,9.171733
1949,1528,4.428292
1952,1528,13.017655
1953,1528,8.84249
1960,1528,8.635509
1965,1528,8.674308
1966,1528,4.209887
1969,1528,64.633614
1970,1528,22.537931
1975,1528,20.020668
1976,1528,20.64393
1977,1528,27.029404
1978,1528,5.038462
1981,1528,4.2
1982,1528,13.393664
1983,1528,4.23472
1999,1528,45.672638
2000,1528,240.171432
1952,1529,8.657454
1960,1529,8.635509
1965,1529,12.37865
1966,1529,11.327308
1967,1529,3.466666
1969,1529,67.188889
1970,1529,20.114077
1978,1529,27.234663
1981,1529,11.385147
1982,1529,67.238701
1983,1529,7.650969
1984,1529,14.282002
1925,1530,269.701263
1946,1530,2.105361
1947,1530,13.873996
1952,1530,11.040784
1960,1530,9.802766
1961,1530,25.852434
1967,1530,12.268282
1968,1530,17.789209
1969,1530,32.887131
1981,1530,11.828413
1982,1530,43.263371
1984,1530,7.577352
1985,1530,6.899997
1946,1531,4.609432
1947,1531,17.566195
1952,1531,12.86428
1967,1531,45.416042
1981,1531,3.944443
1982,1531,4.899997
1946,1532,5.841949
1947,1532,19.613489
1949,1532,10.744954
1953,1532,24.611439
1959,1532,28.322706
1961,1532,16.675617
1966,1532,12.268282
1967,1532,17.583248
1982,1532,9.83803
1945,1533,5.753287
1946,1533,2.001099
1947,1533,13.718617
1961,1533,64.918655
1968,1533,15.110767
1982,1533,18.310223
1943,1534,7.257416
1944,1534,10.328527
1952,1534,9.07767
1967,1534,45.416042
1982,1534,7.439335
1943,1535,5.716702
1943,1536,5.887386
1944,1536,8.969493
1978,1536,9.839249
1979,1536,23.345257
1980,1536,64.287148
1981,1536,28.19619
2009,1536,132.703598
1935,1537,65.684525
1943,1537,8.892633
1979,1537,135.271652
2008,1537,18.031572
2009,1537,59.41198
2014,1537,856.505493
1942,1541,17.360558
1943,1541,12.181069
1944,1541,16.907181
1927,1542,90.128235
1937,1542,10.953508
1942,1542,67.474449
1889,1546,14.174994
1931,1551,107.817253
1935,1551,8.019157
1936,1551,8.229081
1937,1551,8.590382
1931,1552,1.464327
1932,1552,1.464327
1935,1552,4.075043
1936,1552,11.516328
1937,1552,5.940843
1936,1553,4.303557
1936,1554,12.859894
1899,1555,239.0
1905,1556,8.478841
1935,1557,5.278656
1928,1559,9.12559
1970,1562,22.243418
1936,1563,13.545088
1969,1563,9.398934
1970,1563,224.529633
1929,1564,8.331862
1933,1564,8.841414
1970,1564,6.370061
1980,1564,17.177263
1970,1565,14.664469
1981,1565,23.256393
1984,1565,26.760403
1929,1566,16.294144
1981,1566,2.061644
1861,1567,8.858274
1969,1567,27.431231
1874,1568,54.0
1969,1568,16.054045
1970,1568,31.487936
1970,1569,52.004078
1972,1569,519.732605
1863,1570,18.345181
1929,1570,1.952432
1970,1570,26.982059
1971,1570,345.284088
1972,1570,379.379028
1973,1570,63.002407
1974,1570,241.91452
1926,1571,4.262444
1928,1571,16.80784
1929,1571,1.289432
1969,1571,23.278831
1932,1573,20.425514
1932,1574,8.738471
1934,1574,12.588763
1932,1575,8.696587
1928,1576,11.206676
1929,1576,12.654906
1933,1576,8.884423
1934,1576,8.959031
1930,1577,10.912396
1930,1578,10.13986
1934,1578,15.361422
1936,1578,8.163419
1928,1579,12.491942
1937,1581,7.964867
1843,1582,298.213043
1940,1582,17.053036
1842,1583,38.357491
1931,1584,12.474919
1932,1585,8.816829
1985,1585,56.00523
1986,1585,69.295769
1935,1587,13.013419
1937,1587,12.588573
1938,1587,4.656308
1950,1587,4.876738
1938,1588,117.891632
1942,1589,63.098259
1950,1589,7.947626
1943,1590,19.303013
2049,1590,1.561248
1887,1591,9.408922
1888,1591,29.361141
1886,1592,24.201708
1930,1593,11.799896
1931,1593,1.275959
1928,1594,7.537923
1929,1594,7.647284
1930,1594,7.469236
1931,1594,7.541245
1934,1594,1.864104
1926,1595,11.399128
1930,1595,44.81245
1931,1595,7.406104
1932,1595,9.589526
1932,1597,40.167046
1938,1597,2.68325
1880,1598,112.0858
1881,1598,228.806625
1934,1598,8.214366
1936,1598,71.753563
1937,1598,75.617874
1938,1598,56.164494
1880,1599,147.189514
1881,1599,15.140363
1932,1599,12.990196
1869,1600,1.923598
1877,1600,65.848946
1881,1600,6.929708
1885,1600,52.295769
1930,1600,1.797334
1942,1600,39.761917
1877,1601,115.57814
1878,1601,112.293304
1934,1601,11.470877
1967,1601,167.381882
1968,1601,127.507584
1969,1601,90.511696
1970,1601,266.257477
1878,1602,140.00415
1933,1602,3.995346
1969,1602,57.175781
1983,1602,493.582581
1938,1603,20.559278
1938,1604,14.35807
1984,1604,384.570465
2010,1608,196.995239
2006,1609,3.044044
2007,1609,1.126029
2008,1609,5.190559
2009,1609,6.267241
2010,1609,4.530216
1901,1613,113.545319
1902,1613,4.669608
1903,1613,11.425477
1902,1614,34.167686
1903,1614,83.647728
1930,1614,25.177052
1902,1615,20.058508
1903,1615,96.774055
1930,1615,24.256001
1930,1617,216.840378
1934,1617,9.832879
1935,1617,22.673285
1937,1617,48.067978
1959,1617,489.495087
1931,1618,44.898426
1932,1618,2.807023
1933,1618,11.919896
1936,1618,4.72335
1938,1618,9.706775
1939,1618,21.615917
1985,1619,149.899628
1986,1619,130.431259
1987,1619,83.867981
1988,1619,59.10643
1980,1620,158.075912
1981,1620,42.203323
1986,1620,147.143341
1987,1620,82.207504
1972,1632,20.304464
1973,1632,25.322144
1974,1632,31.05286
1975,1632,32.207424
1976,1632,30.740108
1977,1632,16.205635
2064,1401,1.715919
2067,1401,32.136158
2068,1401,13.487334
2069,1401,17.242632
2070,1401,29.429323
2071,1401,23.2169
2072,1401,18.369238
2073,1401,14.874037
2074,1401,10.445937
2075,1401,18.854458
2076,1401,13.757744
2077,1401,1.475626
2078,1401,2.5007
2079,1401,1.270285
2080,1401,4.015049
2081,1401,5.063962
2082,1401,2.930265
2090,1401,1.160461
2093,1401,3.541663
2106,1401,1.160254
2133,1401,3.518468
2134,1401,3.217966
2135,1401,5.211667
2136,1401,2.955952
2137,1401,3.163006
2138,1401,13.159818
2139,1401,3.557035
2140,1401,16.514059
2141,1401,9.748857
2142,1401,9.728041
2143,1401,8.505818
2144,1401,21.394941
2145,1401,19.687344
2146,1401,15.429707
2147,1401,3.013969
2148,1401,1.858616
2149,1401,2.300724
2150,1401,6.782296
2151,1401,4.801563
2152,1401,1.528868
2153,1401,2.690688
2155,1401,2.634788
2162,1401,1.438558
2167,1401,14.116529
2168,1401,166.833557
2307,1401,16.401272
2364,1401,4.499365
2365,1401,10.584396
2388,1401,1.456396
2390,1401,1.307953
2066,1402,83.195953
2067,1402,92.554474
2068,1402,6.473914
2069,1402,8.271296
2070,1402,4.580764
2071,1402,2.348345
2072,1402,3.441756
2073,1402,4.266823
2074,1402,2.784935
2075,1402,2.593412
2078,1402,2.048314
2079,1402,1.221557
2080,1402,3.478678
2081,1402,2.078317
2083,1402,2.039082
2085,1402,1.484187
2086,1402,1.095847
2101,1402,1.659742
2104,1402,7.95062
2105,1402,1.19446
2126,1402,1.547261
2128,1402,1.605992
2131,1402,1.363676
2132,1402,4.219587
2134,1402,3.519805
2135,1402,7.997571
2136,1402,9.545836
2137,1402,17.258152
2138,1402,7.577911
2139,1402,9.176861
2140,1402,8.655999
2141,1402,9.077997
2142,1402,10.568857
2143,1402,16.708683
2144,1402,5.823893
2145,1402,6.449088
2146,1402,5.839302
2147,1402,18.425196
2148,1402,3.789126
2149,1402,1.935253
2150,1402,1.403806
2151,1402,3.269244
2152,1402,7.291871
2153,1402,10.868289
2154,1402,6.699267
2155,1402,8.675352
2156,1402,8.47332
2157,1402,3.111343
2158,1402,3.132267
2159,1402,6.323139
2160,1402,1.10822
2163,1402,9.74704
2164,1402,71.506294
2165,1402,113.60157
2166,1402,1.60859
2167,1402,6.106101
2168,1402,13.895835
2169,1402,9.863628
2173,1402,3.304127
2174,1402,3.861702
2179,1402,7.66054
2386,1402,1.519939
2068,1403,16.050953
2069,1403,32.329601
2070,1403,22.572687
2071,1403,15.005196
2072,1403,3.524109
2073,1403,12.207983
2077,1403,1.238135
2080,1403,2.075158
2081,1403,1.294619
2082,1403,1.104418
2091,1403,4.492081
2092,1403,4.492081
2093,1403,4.574833
2094,1403,4.554255
2095,1403,4.359257
2096,1403,4.359257
2104,1403,1.164017
2131,1403,2.147493
2132,1403,4.236113
2133,1403,13.330173
2134,1403,11.976524
2135,1403,15.395988
2136,1403,18.480238
2137,1403,18.18318
2140,1403,21.979736
2150,1403,2.100509
2151,1403,13.015056
2152,1403,4.357167
2153,1403,11.928009
2154,1403,16.368834
2155,1403,8.416384
2156,1403,8.9449
2157,1403,8.800984
2158,1403,2.263209
2159,1403,1.467637
2160,1403,23.219366
2161,1403,65.470642
2162,1403,106.283142
2163,1403,100.743149
2164,1403,70.466148
2165,1403,184.415298
2166,1403,117.452034
2167,1403,1.013334
2168,1403,36.154144
2169,1403,22.197742
2170,1403,7.024215
2173,1403,2.392095
2348,1403,1.165501
2358,1403,1.568625
2359,1403,1.546181
2360,1403,2.944966
2361,1403,2.593572
2369,1403,2.593151
2391,1403,1.152278
2392,1403,4.161953
2393,1403,11.052693
2069,1404,3.358544
2070,1404,3.221513
2077,1404,3.370875
2091,1404,6.728338
2092,1404,6.728338
2093,1404,6.814053
2094,1404,6.714403
2095,1404,10.355726
2096,1404,24.579655
2097,1404,48.958496
2098,1404,25.710127
2101,1404,4.452332
2102,1404,4.877778
2126,1404,2.235409
2127,1404,1.865568
2128,1404,2.404844
2131,1404,11.292595
2132,1404,9.277121
2133,1404,26.846188
2134,1404,79.278336
2159,1404,1.722822
2160,1404,36.145252
2161,1404,125.009247
2162,1404,118.780525
2170,1404,13.969624
2174,1404,28.655596
2335,1404,2.461856
2340,1404,6.74543
2341,1404,1.508203
2369,1404,19.369465
2370,1404,1.488514
2371,1404,2.830906
2393,1404,54.764332
2070,1405,2.984866
2091,1405,10.3474
2092,1405,10.3474
2093,1405,11.668081
2094,1405,11.535938
2095,1405,7.879417
2096,1405,7.879417
2097,1405,12.154706
2098,1405,3.605975
2099,1405,20.243507
2100,1405,17.429636
2101,1405,39.021801
2102,1405,11.422396
2103,1405,11.00783
2123,1405,6.350568
2124,1405,15.123126
2125,1405,11.372094
2126,1405,1.752605
2127,1405,2.212682
2128,1405,4.713216
2129,1405,3.168849
2130,1405,9.665808
2132,1405,7.827106
2133,1405,50.685249
2380,1405,1.654891
2385,1405,20.610355
2386,1405,51.853336
2387,1405,4.724324
2392,1405,12.15654
2097,1406,16.506203
2098,1406,13.999603
2099,1406,18.856987
2100,1406,19.727016
2101,1406,31.261688
2102,1406,9.205624
2103,1406,13.603881
2122,1406,19.641687
2123,1406,10.903479
2124,1406,12.738558
2125,1406,5.004554
2126,1406,3.608322
2127,1406,3.482863
2128,1406,24.703312
2129,1406,1.363281
2130,1406,19.828518
2132,1406,4.696898
2133,1406,58.64917
2385,1406,12.355375
2386,1406,72.56723
2387,1406,12.897793
2388,1406,28.06695
2389,1406,140.42894
2390,1406,51.708961
2391,1406,15.468254
2392,1406,12.563032
2098,1407,40.548141
2099,1407,14.325732
2100,1407,15.110339
2122,1407,12.629359
2123,1407,12.538365
2124,1407,2.769872
2126,1407,7.756958
2127,1407,4.785028
2128,1407,26.935953
2129,1407,22.272387
2130,1407,11.602642
2132,1407,5.856718
2133,1407,111.349831
2371,1407,4.972446
2373,1407,1.605731
2390,1407,94.334503
2124,1408,33.246002
2130,1408,29.498716
2132,1408,21.324162
2133,1408,21.634253
2383,1408,8.249975
2384,1408,2.460514
2133,1409,59.742928
2384,1409,5.976705
2428,1409,61.854156
2382,1410,2.480735
2383,1410,2.354029
2384,1410,105.068626
2413,1410,34.958076
2415,1410,15.469722
2427,1410,2.21144
2483,1410,130.367691
2488,1410,7.252244
2489,1410,9.386064
2382,1411,7.23044
2383,1411,12.529113
2384,1411,14.788971
2413,1411,20.76446
2414,1411,14.145014
2415,1411,13.03054
2416,1411,14.00899
2475,1411,2.394859
2480,1411,1.479832
2488,1411,9.708063
2489,1411,18.73477
2264,1412,24.741007
2382,1412,21.480661
2383,1412,34.602516
2384,1412,62.947083
2413,1412,15.379643
2414,1412,14.217879
2415,1412,15.159029
2416,1412,8.266872
2488,1412,19.914423
2253,1413,279.325256
2254,1413,9.0323
2256,1413,31.114191
2257,1413,17.795586
2258,1413,11.092577
2266,1413,22.3207
2267,1413,41.117085
2268,1413,29.317385
2269,1413,45.585457
2270,1413,50.548939
2271,1413,56.779644
2273,1413,39.11153
2274,1413,12.013147
2275,1413,16.322575
2276,1413,14.099
2278,1413,18.852329
2279,1413,20.795015
2280,1413,20.75757
2281,1413,14.720029
2284,1413,29.828112
2382,1413,28.066629
2413,1413,15.394403
2414,1413,10.64229
2415,1413,12.9111
2416,1413,8.125847
2259,1414,50.689064
2266,1414,23.821306
2267,1414,15.227243
2385,1414,74.455887
2413,1414,8.10605
2414,1414,9.74047
2415,1414,9.143227
2416,1414,11.134347
2382,1415,13.376023
2384,1415,15.387075
2385,1415,43.719589
2386,1415,283.414337
2414,1415,10.574752
2415,1415,7.056103
2416,1415,6.279693
1870,1416,315.595367
1872,1416,369.397827
1874,1416,186.679596
2382,1416,6.08839
2383,1416,3.628582
2384,1416,14.588763
2385,1416,11.803027
2386,1416,37.688511
2415,1416,14.222755
2416,1416,5.453204
1858,1417,2.339883
1875,1417,6.102797
1876,1417,209.476974
1884,1417,2.599463
1885,1417,1.905647
1892,1417,104.216446
2382,1417,1.018853
2383,1417,8.616253
2384,1417,8.689174
2385,1417,106.349083
2415,1417,18.318573
2416,1417,11.495677
2417,1417,10.649587
1856,1418,1.036178
1884,1418,49.768875
1885,1418,14.084566
1886,1418,14.298873
1887,1418,3.113947
1888,1418,3.640263
1889,1418,3.135898
1890,1418,45.202816
1892,1418,34.556095
1893,1418,2.225364
2383,1418,15.059069
2384,1418,49.544544
2415,1418,10.331241
2416,1418,2.825333
2382,1419,10.685765
2383,1419,32.187836
2384,1419,216.201675
2417,1419,6.359121
2413,1420,14.181378
2412,1421,26.757154
2499,1421,18.170879
2412,1422,24.895647
2413,1422,22.082203
2466,1422,110.016464
2467,1422,155.406174
2411,1423,70.368622
2412,1423,33.409996
2413,1423,70.024239
1945,1424,31.560413
2020,1424,267.272583
2021,1424,534.381165
2022,1424,300.655945
2411,1424,37.069527
2412,1424,45.459213
2474,1424,174.430161
2475,1424,104.594604
2476,1424,46.504967
2479,1424,26.348484
1944,1425,2.279786
1945,1425,2.279786
2018,1425,160.720291
2019,1425,18.41857
2020,1425,104.661995
2021,1425,171.620667
2022,1425,74.541191
2023,1425,83.003281
2027,1425,186.383179
2410,1425,13.826648
2491,1425,13.20452
2492,1425,4.739889
2023,1426,14.276046
2024,1426,16.100761
2025,1426,21.843107
2025,1427,9.738944
2026,1427,8.573269
2027,1427,6.27291
2031,1427,9.154393
2032,1428,76.592682
2033,1428,8.211316
2033,1429,59.274143
2034,1429,59.894192
2035,1429,34.312599
1988,1430,330.732208
2001,1430,91.649529
2036,1430,1.160477
1913,1431,333.370422
1924,1431,291.513916
1925,1431,423.968536
1985,1431,2.279786
2001,1431,81.5392
2003,1431,94.787621
2004,1431,69.780106
2005,1431,99.553261
2006,1431,46.142761
2036,1431,8.736125
1927,1432,2.341183
1930,1432,34.034195
1985,1432,2.55707
2000,1432,141.674774
2001,1432,141.674774
2002,1432,110.259605
2003,1432,110.259605
2004,1432,81.590141
1929,1433,10.918077
1932,1433,16.841034
1989,1433,16.299711
1889,1434,2.748998
1890,1434,2.462486
1930,1434,42.448368
1931,1434,25.368919
1932,1434,19.959822
1985,1434,40.122688
1988,1434,1.593024
2007,1434,2.234478
1890,1435,3.971431
1891,1435,1.93617
1933,1435,15.022789
1934,1435,3.87281
1939,1435,17.573774
1987,1435,352.914001
1890,1436,3.0661
2021,1436,1.149999
2022,1436,50.913593
1888,1437,2.748998
1889,1437,6.383042
1946,1437,40.414223
1959,1437,45.842644
1984,1437,1.593024
2007,1437,107.946228
2022,1437,69.368614
2024,1437,14.249887
2026,1437,2.742318
2027,1437,36.991188
2034,1437,25.474421
2035,1437,69.646584
2036,1437,19.253626
1887,1438,4.336171
1888,1438,2.400001
1889,1438,2.932707
1947,1438,40.414223
1958,1438,42.99617
2007,1438,107.575897
2033,1438,1.918439
1957,1439,267.631531
2007,1439,342.527435
1887,1440,1.57143
1890,1440,2.011008
1928,1440,10.834503
1955,1440,89.279694
1831,1441,45.7187
1890,1441,2.783286
1928,1441,63.396881
1929,1441,51.192913
1930,1441,39.771252
1931,1441,39.771252
1932,1441,58.810802
2033,1441,43.470917
1884,1442,3.681705
1929,1442,48.393158
1930,1442,73.374161
1931,1442,3.382672
1957,1442,149.169495
1836,1443,56.736954
1885,1443,3.416786
1928,1443,26.72188
1929,1443,40.12587
1930,1443,2.341183
1931,1443,31.179794
1835,1444,42.141426
1879,1445,2.011008
1880,1445,1.93617
1954,1445,495.65741
1966,1445,124.61203
1967,1445,169.02121
2036,1445,15.124228
1843,1447,38.404968
2025,1447,24.336088
2035,1447,3.675004
2036,1447,25.880243
1842,1448,155.257248
1843,1448,56.126259
1846,1448,31.43372
1847,1448,71.906425
2028,1448,34.255184
2032,1448,2.365986
2035,1448,3.269564
2036,1448,1.805574
2037,1448,12.427217
2038,1448,13.260614
2039,1448,8.571399
1833,1449,25.303236
1843,1449,27.535583
1844,1449,56.126259
1845,1450,67.230148
1851,1450,43.148033
1871,1451,1.57143
1835,1452,1.57143
1836,1453,1.57143
2020,1457,13.424717
2021,1457,1.883599
2020,1458,252.152664
1853,1460,1.57143
1921,1460,1.593024
2018,1462,13.035856
1933,1463,4.350456
1931,1464,4.012788
1918,1465,1.793385
1924,1465,2.341183
1925,1465,4.073172
1927,1465,2.279786
2012,1465,37.306374
1925,1466,4.350456
1928,1466,2.279786
1988,1466,7.552081
1925,1467,4.898253
1926,1467,2.279786
1932,1467,4.073172
1942,1467,4.012788
1963,1467,12.378506
1964,1467,10.838084
1965,1467,10.767519
1927,1468,16.917046
1938,1468,2.55707
1943,1468,1.593024
1963,1468,17.136734
1984,1469,9.53971
1922,1470,2.341183
1930,1470,1.593024
1934,1470,1.589287
1984,1470,4.012788
1985,1470,19.662355
1923,1471,2.341183
1924,1471,1.589287
1929,1471,1.793385
1954,1471,112.356804
1963,1471,15.197638
1975,1471,12.71803
1987,1471,4.898253
1929,1472,1.793385
1954,1472,3.324636
1955,1472,3.934207
1956,1472,4.62097
1963,1472,8.509032
1997,1472,4.62097
1929,1473,1.793385
1931,1473,1.793385
1934,1473,20.737799
1942,1473,7.059691
1944,1473,4.350456
1954,1473,4.150095
1930,1474,1.793385
1934,1474,2.341183
1944,1474,4.62097
1945,1474,30.865189
1954,1474,160.198257
1930,1475,1.793385
1936,1475,1.793385
1937,1475,3.934207
1938,1475,16.2388
1944,1475,8.48253
1954,1475,4.012788
1987,1475,13.525908
1933,1476,15.033479
1938,1476,3.934207
1944,1476,4.150095
1945,1476,4.150095
1964,1476,9.894523
1985,1476,6.6476
1986,1476,15.504124
1987,1476,3.934207
1988,1476,17.806816
2000,1476,7.69092
2008,1476,2.279786
2009,1476,1.658598
1940,1477,4.012788
1944,1477,4.150095
1945,1477,3.324636
1946,1477,4.012788
1953,1477,4.836857
1964,1477,4.150095
1982,1477,18.262993
1984,1477,4.350456
2008,1477,72.03421
2013,1477,12.801851
2014,1477,214.93576
1935,1478,4.073172
1940,1478,1.793385
1942,1478,4.150095
1944,1478,4.150095
1945,1478,3.182311
1946,1478,12.904428
1955,1478,4.150095
1975,1478,26.978529
1983,1478,17.806816
1986,1478,245.9133
1987,1478,19.996151
1988,1478,4.439688
2008,1478,11.184012
2009,1478,16.991735
2010,1478,16.858736
2011,1478,5.900621
2014,1478,9.868238
2016,1478,5.495495
1941,1479,4.073172
1942,1479,3.934207
1943,1479,3.382672
1946,1479,3.934207
1952,1479,4.350456
1963,1479,41.019829
1966,1479,19.133572
1967,1479,1.593024
1968,1479,6.530056
1973,1479,60.40926
1974,1479,44.408787
1987,1479,4.350456
2008,1479,8.930476
2009,1479,5.862622
2010,1479,3.489017
2013,1479,1.069713
2014,1479,42.705189
1937,1480,1.593024
1946,1480,3.586771
1949,1480,4.012788
1952,1480,4.012788
1964,1480,19.327379
1966,1480,4.150095
1974,1480,15.905547
1975,1480,44.57542
2001,1480,11.022115
2008,1480,9.246215
2009,1480,4.659993
2014,1480,3.686918
1937,1481,2.341183
1938,1481,1.593024
1941,1481,2.341183
1946,1481,3.87281
1949,1481,4.559573
1956,1481,4.150095
1957,1481,9.087127
1959,1481,1.589287
1960,1481,17.130219
1962,1481,4.073172
1965,1481,3.934207
1966,1481,4.350456
1974,1481,19.065424
1975,1481,7.849237
1976,1481,16.340055
1977,1481,8.601133
1978,1481,16.190031
1987,1481,1.593024
1998,1481,9.757215
2002,1481,1.593024
2008,1481,9.020909
1941,1482,12.180973
1946,1482,4.150095
1948,1482,9.757215
1952,1482,4.836857
1960,1482,9.757215
1962,1482,9.757215
1965,1482,4.62097
1974,1482,10.287012
1975,1482,3.324636
1978,1482,11.604839
1979,1482,17.424406
1981,1482,22.198675
1982,1482,4.350456
1983,1482,18.975548
1984,1482,3.386409
1985,1482,3.382672
1986,1482,17.136734
1987,1482,170.958389
2000,1482,3.87281
2001,1482,3.586771
2006,1482,3.186048
2007,1482,3.87281
2008,1482,16.353386
2013,1482,24.129202
1941,1483,1.793385
1947,1483,8.81702
1948,1483,9.087127
1956,1483,8.809843
1957,1483,9.894523
1959,1483,3.934207
1960,1483,15.933317
1966,1483,4.62097
1967,1483,11.604839
1970,1483,28.714458
1974,1483,8.809843
1977,1483,11.604839
1978,1483,30.416561
1979,1483,17.093266
1981,1483,4.150095
1982,1483,3.324636
1985,1483,4.073172
1987,1483,3.872433
2001,1483,1.793385
2006,1483,35.575031
2012,1483,23.031866
1939,1484,1.793385
1942,1484,3.386409
1950,1484,4.836857
1956,1484,16.975002
1957,1484,40.879398
1958,1484,10.994999
1959,1484,10.918077
1960,1484,16.384745
1961,1484,12.420292
1962,1484,4.559573
1965,1484,8.12308
1966,1484,2.341183
1967,1484,25.945782
1974,1484,7.626598
1975,1484,3.934207
1976,1484,16.662506
1977,1484,11.616824
1978,1484,3.872433
1982,1484,26.082966
1983,1484,9.400875
1987,1484,4.073172
1999,1484,9.757215
2000,1484,3.586771
2001,1484,1.589287
2002,1484,8.010172
2003,1484,10.973057
2004,1484,3.93047
2006,1484,8.14692
2009,1484,10.962842
2010,1484,72.811684
2013,1484,15.18763
2014,1484,1.797444
1950,1485,1.793385
1954,1485,18.510069
1956,1485,1.589287
1958,1485,3.93047
1961,1485,3.382672
1965,1485,13.853634
1976,1485,11.324398
1977,1485,12.352684
1978,1485,16.382256
1979,1485,4.281767
1981,1485,4.350456
1982,1485,15.854478
1983,1485,12.209867
1985,1485,8.679714
1987,1485,346.690155
2002,1485,1.589287
2004,1485,20.862167
2010,1485,1.180218
2011,1485,8.101187
2012,1485,16.024853
