223,2124,8.75
277,1805,681.299194
290,1805,8.072746
291,1805,7.755836
292,1805,12.758862
277,1806,850.409668
278,1806,8.859501
289,1806,3.060869
290,1806,2.991426
291,1806,2.873579
292,1806,10.873254
277,1807,1811.212036
278,1807,955.458374
279,1807,462.784973
289,1807,1.171981
290,1807,3.026468
291,1807,4.719279
292,1807,10.876266
277,1808,1103.802246
278,1808,881.812622
279,1808,314.95929
280,1808,70.620148
281,1808,1.281818
289,1808,1.577884
290,1808,3.222517
291,1808,4.719279
292,1808,10.876266
277,1809,1041.572876
278,1809,673.925354
279,1809,320.939087
280,1809,112.302361
281,1809,18.418116
289,1809,1.692578
290,1809,3.389816
291,1809,4.450846
292,1809,9.347053
231,2448,2.396692
277,1810,942.48468
278,1810,757.464783
279,1810,274.022766
280,1810,69.503342
281,1810,18.221935
282,1810,233.096985
283,1810,200.5
288,1810,211.163498
289,1810,1.708731
290,1810,3.389816
291,1810,5.425729
292,1810,9.347053
220,2449,1.349516
221,2449,27.360975
255,2449,16.198299
277,1811,1142.169678
278,1811,652.952881
279,1811,309.44458
280,1811,45.840343
281,1811,15.615563
282,1811,2.615152
288,1811,1.377778
289,1811,4.708731
290,1811,3.389816
291,1811,6.983533
292,1811,9.347053
277,1812,1215.9646
278,1812,612.078796
279,1812,324.620514
280,1812,50.207108
281,1812,4.798246
290,1812,12.612416
291,1812,4.981638
292,1812,8.804781
254,2133,5.0
255,2133,5.166661
208,1813,7.918606
215,1813,97.742538
216,1813,145.657806
217,1813,254.522614
277,1813,1241.157837
278,1813,708.5271
279,1813,313.723114
280,1813,40.372913
282,1813,1.034483
291,1813,16.505819
292,1813,12.002069
253,2134,1.285714
254,2134,2.5
256,2134,3.511905
260,2134,3.395833
261,2134,10.717991
256,2135,1.5
260,2135,2.6
261,2135,13.213099
262,2135,15.319043
208,1814,2.855072
215,1814,215.303299
216,1814,166.303711
217,1814,327.085236
218,1814,319.528748
219,1814,250.01712
220,1814,250.418015
277,1814,1354.344238
278,1814,582.3396
279,1814,328.719391
280,1814,2.297872
281,1814,1.148936
282,1814,2.54024
283,1814,1.148936
292,1814,65.29789
208,1815,1.65979
277,1815,1239.535889
278,1815,385.891144
279,1815,7.96193
280,1815,9.183098
281,1815,4.591549
282,1815,9.183098
283,1815,2.573768
208,1816,1.65979
277,1816,1033.80603
280,1816,13.369522
281,1816,6.684761
283,1816,6.684761
250,2136,1.285714
260,2136,12.666668
261,2136,14.041917
262,2136,53.131317
250,2137,2.5
251,2137,5.0
258,2137,9.466666
259,2137,3.4
260,2137,11.567463
261,2137,21.767681
262,2137,30.429697
263,2137,58.80526
212,2456,15.280016
285,2456,7.963828
286,2456,4.771649
247,2138,12.843102
248,2138,9.012218
251,2138,4.0
258,2138,7.666667
259,2138,5.67619
260,2138,10.17619
261,2138,18.858965
285,2458,7.963828
286,2458,4.771649
247,2139,13.622878
248,2139,6.49565
258,2139,6.633334
259,2139,7.6
260,2139,10.116668
261,2139,19.506508
230,2459,14.612806
235,2459,2.472348
236,2459,2.426665
237,2459,2.601945
276,2459,20.302834
277,2459,3.789956
278,2459,3.141582
284,2459,5.030396
285,2459,5.69486
286,2459,3.899998
247,2140,13.084122
248,2140,6.49565
249,2140,2.462288
258,2140,306.200012
259,2140,2.8
260,2140,22.968058
261,2140,28.61805
220,2460,2.304466
221,2460,8.510145
225,2460,1.309999
227,2460,1.825512
231,2460,1.425289
232,2460,1.309999
233,2460,1.309999
234,2460,1.116666
235,2460,2.417639
248,2460,23.453062
251,2460,7.916333
273,2460,10.750975
275,2460,7.440447
276,2460,10.544435
277,2460,3.883538
278,2460,8.224011
279,2460,7.131229
280,2460,3.576478
282,2460,7.048339
283,2460,8.963829
284,2460,5.69486
285,2460,4.79318
286,2460,1.734012
288,2460,3.348041
289,2460,15.517497
246,2141,26.98184
247,2141,13.529237
248,2141,6.171212
249,2141,1.806944
251,2141,4.0
257,2141,149.333328
258,2141,1.292857
259,2141,7.633333
260,2141,15.322223
261,2141,11.919079
262,2141,10.009121
224,2461,1.365801
225,2461,3.3749
230,2461,1.255814
231,2461,1.425289
232,2461,1.300973
248,2461,1.054219
272,2461,1.425289
273,2461,2.735288
274,2461,6.303474
275,2461,5.762359
276,2461,11.2806
277,2461,3.424999
278,2461,4.338635
279,2461,4.79318
280,2461,5.69486
281,2461,8.546934
282,2461,4.751194
283,2461,4.771649
284,2461,4.399998
285,2461,2.23794
287,2461,2.85665
288,2461,8.24353
289,2461,30.801838
206,2462,32.379711
209,2462,1.977338
230,2462,1.552632
231,2462,1.047059
275,2462,4.630551
278,2462,2.097606
279,2462,1.652423
280,2462,3.924999
281,2462,5.271649
282,2462,2.11794
283,2462,1.966778
284,2462,2.320197
286,2462,2.160594
287,2462,26.204197
288,2462,26.110283
289,2462,38.959496
248,2142,1.087392
255,2142,29.0
260,2142,1.966667
261,2142,5.577381
248,2143,1.448864
256,2143,4.1
260,2143,3.5
261,2143,4.725
231,2463,1.425289
232,2463,1.116666
234,2463,1.300973
235,2463,1.054219
275,2463,44.258755
280,2463,1.774877
281,2463,2.066777
285,2463,2.566041
286,2463,9.847856
287,2463,23.183237
288,2463,36.548561
289,2463,49.937737
232,2464,5.288341
233,2464,1.047059
234,2464,1.047059
235,2464,1.309999
236,2464,1.116666
237,2464,1.309999
239,2464,1.830082
276,2464,12.167832
284,2464,226.449448
285,2464,40.677032
286,2464,15.308165
287,2464,26.12575
288,2464,65.327118
289,2464,79.970024
260,2144,1.25
261,2144,4.725
262,2144,7.339014
246,2465,61.992569
275,2465,3.0
278,2465,5.820513
279,2465,10.487179
282,2465,680.426575
285,2465,4.044741
286,2465,10.773711
287,2465,23.85964
288,2465,39.842865
289,2465,71.749046
274,2466,2.0
275,2466,6.75
276,2466,7.25
277,2466,3.083333
278,2466,4.583333
279,2466,3.0
286,2466,9.701529
287,2466,30.99197
288,2466,35.453106
289,2466,82.550484
257,2145,1.395833
247,2146,8.915393
249,2146,9.870919
254,2146,1.410714
257,2146,2.910714
258,2146,2.097607
273,2467,12.329288
275,2467,3.157142
276,2467,1.1
277,2467,5.099999
278,2467,11.0
287,2467,38.787659
288,2467,47.562153
289,2467,68.967545
216,2147,15.888862
250,2147,3.921105
253,2147,1.119318
254,2147,2.081279
255,2147,1.462171
256,2147,1.772404
257,2147,2.628837
258,2147,1.84837
259,2147,2.468483
245,2468,8.627652
273,2468,14.748902
274,2468,4.474318
275,2468,2.771417
276,2468,3.279422
277,2468,20.484877
278,2468,20.427872
288,2468,67.305977
289,2468,179.12529
252,2148,1.502198
253,2148,3.277779
257,2148,5.161997
258,2148,4.980983
235,2469,1.054219
275,2469,5.351311
249,2149,11.494559
250,2149,3.104167
251,2149,1.537103
252,2149,4.931767
208,2470,7.109679
217,2470,50.084179
226,2470,3.724161
246,2470,33.607525
277,2470,26.572124
248,2150,12.735762
249,2150,10.377308
250,2150,7.717866
251,2150,4.423533
206,2471,186.806946
207,2471,47.078136
235,2471,1.300973
236,2471,6.827889
246,2471,30.043894
247,2471,40.024414
248,2471,42.684856
249,2151,28.401424
232,2472,3.371032
235,2472,7.613518
236,2472,4.646941
246,2472,2.47766
247,2472,18.156807
248,2472,23.754206
249,2472,73.347794
232,2473,67.594666
233,2473,18.72197
234,2473,2.033745
235,2473,16.795706
236,2473,21.656794
247,2473,4.740397
248,2473,29.539471
249,2473,28.051767
250,2473,47.828011
251,2473,50.369396
233,2474,12.297861
234,2474,3.153145
235,2474,14.225605
236,2474,39.898552
237,2474,68.943199
247,2474,7.95945
248,2474,24.531199
249,2474,18.010267
250,2474,20.851322
236,2475,64.182014
244,2475,7.983605
248,2475,9.011551
249,2475,22.682602
250,2475,102.767944
251,2475,60.642593
244,2476,32.9272
245,2476,3.556129
246,2476,4.113183
247,2476,2.375
248,2476,17.209911
249,2476,21.798832
250,2476,88.516914
251,2476,108.386009
244,2477,4.244324
248,2477,9.052204
249,2477,35.638939
250,2477,48.633408
251,2477,149.419418
252,2477,145.23938
248,2478,10.990823
249,2478,17.102726
250,2478,45.110394
251,2478,129.261383
248,2479,72.125
249,2479,31.572573
250,2479,63.822334
251,2479,144.429443
265,2479,89.687286
240,2480,3.871374
241,2480,1.054219
242,2480,1.300973
247,2480,19.228573
248,2480,16.965891
249,2480,16.965891
250,2480,25.517506
251,2480,128.337769
252,2480,205.777985
266,2480,76.529617
239,2481,96.018852
240,2481,46.681129
241,2481,11.564766
242,2481,14.855861
246,2481,52.686981
247,2481,50.511803
248,2481,47.684715
249,2481,52.028671
250,2481,53.668549
251,2481,78.433311
252,2481,154.475235
268,2481,148.464645
269,2481,181.217346
242,2482,10.175341
244,2482,4.484538
245,2482,50.355915
246,2482,28.001705
247,2482,36.70335
248,2482,28.031178
249,2482,26.017536
250,2482,19.81761
251,2482,23.090477
252,2482,96.323479
253,2482,658.841248
267,2482,24.057932
268,2482,103.382523
269,2482,164.591919
247,2483,32.458271
248,2483,38.895859
249,2483,27.986942
250,2483,42.005333
251,2483,24.751886
252,2483,63.760551
253,2483,54.186234
254,2483,139.219437
266,2483,28.570753
267,2483,27.218636
268,2483,64.361244
269,2483,70.834969
265,2484,12.183389
266,2484,12.084866
244,2486,31.361179
245,2486,14.267725
244,2487,11.316477
245,2487,10.932868
246,2487,13.935343
247,2487,2.224942
248,2487,2.224942
250,2487,25.49905
251,2487,21.627972
243,2488,2.342434
245,2488,11.799358
246,2488,13.54197
248,2488,5.720832
249,2488,1.116666
250,2488,5.103686
251,2488,3.741447
252,2488,23.627436
267,2488,27.024206
268,2488,36.826561
269,2488,123.765106
270,2488,181.402176
244,2489,4.968595
244,2490,4.968595
243,2491,2.771048
244,2491,3.249068
246,2493,2.342434
245,2494,1.556287
246,2494,8.818275
247,2494,7.070395
249,2494,10.055107
250,2494,13.516005
251,2494,14.447793
252,2494,22.358452
253,2494,40.477215
254,2494,102.237946
246,2495,15.61946
247,2495,13.52009
248,2495,27.356306
249,2495,6.214167
250,2495,11.410894
251,2495,17.1038
252,2495,35.809299
253,2495,37.753471
245,2496,4.09751
246,2496,2.033745
247,2496,2.095522
248,2496,1.494304
249,2496,1.730507
251,2496,16.371296
252,2496,10.053394
253,2496,14.149798
254,2496,4.84858
236,2497,14.766947
244,2497,2.048625
282,2497,2.358027
283,2497,2.358027
238,2498,2.289303
281,2498,17.198544
282,2498,6.064166
283,2498,1.700003
209,1856,13.727321
210,1856,13.727321
211,1856,45.444603
216,1856,37.045467
217,1856,13.851819
218,1856,13.851819
236,2499,1.030769
238,2499,9.963941
280,2499,87.738869
281,2499,41.842545
282,2499,106.518349
270,1863,21.192759
271,1863,155.195084
270,1864,12.771585
271,1864,63.889969
272,1864,24.550545
274,1864,121.044853
275,1864,105.689209
276,1864,39.968002
277,1864,39.753376
278,1864,53.884068
279,1864,286.654633
233,1865,14.645721
269,1865,401.90036
270,1865,13.189221
271,1865,28.822338
272,1865,54.393181
273,1865,66.354927
274,1865,93.664742
275,1865,69.308868
276,1865,45.027969
277,1865,41.636406
278,1865,43.836205
279,1865,80.27639
280,1865,147.233322
281,1865,191.942703
282,1865,210.439407
284,1865,193.321884
220,1866,33.436428
221,1866,48.456123
222,1866,66.302429
223,1866,170.956528
234,1866,22.410166
269,1866,330.591034
270,1866,158.415833
271,1866,25.818487
272,1866,35.029156
273,1866,73.364342
274,1866,62.980343
275,1866,32.977573
276,1866,51.636032
277,1866,22.290062
278,1866,36.60305
279,1866,36.576283
280,1866,39.689285
281,1866,61.858631
282,1866,73.492508
283,1866,151.033875
284,1866,80.536354
285,1866,153.031769
286,1866,122.639015
287,1866,150.587463
269,1867,661.171265
270,1867,427.217896
271,1867,38.937881
272,1867,41.564728
273,1867,89.998596
277,1867,59.878811
278,1867,38.059425
279,1867,34.646797
280,1867,52.631702
281,1867,54.903603
282,1867,43.391228
283,1867,66.907928
284,1867,74.695251
285,1867,56.344276
286,1867,77.360481
287,1867,66.891121
206,2188,1.391304
208,2188,302.959564
210,2188,24.267435
211,2188,29.383835
217,2188,53.993046
255,2188,19.834362
256,2188,32.418453
270,1868,381.726257
280,1868,100.014297
283,1868,65.390869
284,1868,60.663822
285,1868,80.474823
286,1868,79.087898
287,1868,77.070908
205,1869,18.982021
206,1869,24.997723
207,1869,30.402002
212,1869,39.334091
213,1869,95.208748
269,1869,339.535095
284,1869,87.004852
285,1869,65.344254
286,1869,54.259529
287,1869,82.058502
288,1869,85.979958
289,1869,102.730804
192,2189,10.799997
193,2189,10.0
194,2189,29.305542
195,2189,43.586292
216,2189,32.846153
217,2189,2.299758
218,2189,3.417244
256,2189,18.500097
257,2189,148.068039
191,2190,39.8508
192,2190,41.385147
193,2190,39.614845
194,2190,41.437798
195,2190,62.502254
216,2190,2.047963
217,2190,5.168588
218,2190,3.592554
256,2190,30.184088
257,2190,46.005543
287,1870,112.181351
288,1870,189.534668
287,1871,81.235016
288,1871,139.704269
191,2191,54.405094
192,2191,689.30957
193,2191,360.433838
194,2191,558.827148
195,2191,593.782593
216,2191,1.449724
217,2191,11.611912
255,2191,5.107142
256,2191,14.744952
257,2191,58.258141
284,2191,9.673479
287,2191,30.600605
288,2191,21.298714
195,2192,1197.02771
255,2192,3.804762
256,2192,6.472703
286,2192,13.533332
287,2192,20.25
288,2192,10.884209
289,2192,5.08421
290,2192,6.645834
291,2192,3.013158
288,1872,164.27243
255,2193,2.770833
256,2193,10.560692
257,2193,20.395187
287,2193,4.4
289,2193,19.075758
290,2193,3.392859
255,2194,9.466666
256,2194,18.077808
257,2194,21.058241
291,2194,5.316746
242,2195,3.897213
244,2195,1.153502
256,2195,49.676327
257,2195,36.011082
258,2195,3.761071
256,2196,20.220175
262,2196,1.689944
256,2197,33.051445
262,2197,17.625032
203,1878,9.328247
204,1878,25.969101
209,1878,25.60075
210,1878,33.312939
211,1878,58.782917
235,1881,109.748146
236,1881,108.820717
235,1882,89.383652
236,1882,102.741402
237,1883,103.430511
206,2208,24.544939
207,2208,15.860485
206,2209,29.167751
300,2218,10.639118
301,2219,11.105735
302,2219,1.117288
302,2220,18.88475
293,2221,10.859125
301,2221,4.841667
302,2221,15.843524
299,2222,2.0
300,2222,1.350316
301,2222,7.474451
302,2222,9.138572
214,2226,62.505306
215,2226,87.851669
213,2231,6.235557
295,2241,2.266668
293,2242,56.36861
298,2242,80.08075
299,2242,225.167282
241,1923,85.742561
299,2243,156.481079
300,2243,95.433807
299,2244,2.833984
300,2244,77.570114
235,1925,49.266258
236,1925,49.266258
238,1925,70.913864
202,1926,447.380737
234,1926,114.181015
234,1927,70.913864
270,1927,214.394501
270,1928,262.83075
241,2255,17.024494
241,2256,34.476292
242,2256,12.967897
241,2257,2.358398
242,2257,2.104762
241,2258,5.879179
242,2258,2.343823
243,2259,2.048585
243,2260,6.690136
244,2260,3.675728
245,2260,14.165974
246,2260,2.951579
247,2260,2.951579
248,2260,4.502153
249,2260,3.051847
244,2261,19.107046
245,2261,11.009576
246,2261,15.550575
247,2261,16.056946
248,2261,21.273638
249,2261,18.759285
250,2261,14.405779
251,2261,3.033943
252,2261,30.604389
253,2261,5.461905
256,2261,82.124329
287,2261,23.018066
291,2261,12.371279
197,2262,84.785355
252,2262,53.738697
253,2262,154.122299
197,2263,10.010548
197,2264,18.838732
214,2264,35.39006
220,2264,51.052055
222,2264,160.040405
220,2265,49.334888
221,2265,49.916275
222,2265,58.827755
195,2266,22.628813
219,2266,93.0
220,2266,62.328644
221,2266,15.888883
222,2266,54.123562
195,2267,56.916069
220,2267,1.8
221,2267,1.633564
222,2267,6.750528
217,2268,46.583195
218,2268,12.999992
219,2268,56.273304
220,2268,2.424242
221,2268,16.284172
222,2268,9.64279
195,2269,82.606796
217,2269,25.396484
218,2269,18.587259
219,2269,53.073669
220,2269,134.306747
221,2269,122.225471
217,1950,1077.967163
195,2270,94.427475
218,2270,40.646999
216,1951,30.537025
217,1951,200.387939
215,1952,62.244755
216,1952,261.910797
217,1952,423.137695
215,1953,70.622902
216,1953,355.632904
215,1954,140.480103
216,1954,296.280548
215,1955,210.359558
216,1955,396.039337
213,1956,39.193382
215,1956,237.544846
213,1957,80.155617
214,1957,12.25
215,1957,190.613007
205,1958,11.232313
213,1958,170.854874
214,1958,15.623719
206,1961,11.232313
205,1964,36.612976
205,1965,35.297348
205,1966,28.379045
193,1967,28.379045
205,1967,26.474979
193,1968,17.146732
205,1968,26.474979
205,1969,21.578247
205,1970,17.146732
328,1671,1.666667
220,1979,26.474979
220,1980,24.065037
328,1673,1338.022827
327,1674,523.670288
221,1983,25.969101
221,1984,11.232313
250,1680,16.281784
250,1681,8.555533
235,2310,1.902796
221,2311,17.683084
217,2315,35.74741
254,2315,3.631293
234,2316,5.3649
258,2316,2.057408
263,2316,1.621344
266,2316,12.10204
235,2317,1.411765
236,2318,3.629441
243,2318,1.87633
262,2318,2.249529
263,2318,2.249529
243,2319,1.237092
263,2319,13.911907
264,2319,29.717964
265,2319,35.234612
243,2320,1.447479
263,2320,32.912098
264,2320,65.815575
207,2321,114.885063
208,2321,58.398746
209,2321,58.471977
195,2323,37.764698
197,2323,162.444931
205,2323,5.965532
212,2004,28.153898
215,2004,19.339283
216,2004,19.339283
217,2004,19.339283
218,2004,21.225311
243,2326,1.835552
243,2327,2.067062
201,1707,104.405678
204,2330,1.403696
200,1708,2.265625
201,1708,135.232346
216,2331,26.644436
218,2331,26.490589
229,2331,1.017832
230,2331,24.572123
231,2331,24.572123
232,2331,24.572123
201,1709,37.000038
206,2332,16.657095
211,2332,16.477943
216,2332,69.462906
284,2332,54.353958
207,2333,24.978615
209,2333,20.281464
210,2333,32.081795
194,2335,63.42561
195,2335,42.92308
198,2335,29.045162
285,2338,4.840658
226,1716,78.12896
244,2339,3.568179
245,2339,6.825238
279,2339,10.290693
280,2339,5.137815
281,2339,9.876592
282,2339,1.949999
284,2339,19.0077
285,2339,30.226563
286,2339,1.599782
226,1717,55.599987
244,2340,2.372551
245,2340,35.507504
281,2340,8.97479
287,2340,3.666665
301,2340,18.676655
302,2340,37.190987
226,1718,142.000168
236,2341,1.78409
237,2341,1.78409
239,2341,1.442423
240,2341,3.960679
244,2341,11.921421
245,2341,14.174074
286,2341,5.270459
287,2341,23.548872
288,2341,32.285633
200,1719,40.375629
201,1719,27.503662
199,1720,4.032643
200,1720,8.482025
201,1721,7.366832
287,2342,3.736586
290,2344,1.949999
284,2345,1.651514
278,2346,18.959112
279,2346,38.034382
282,2346,6.608351
292,2346,1.651514
295,2346,16.480812
279,2347,12.099823
280,2347,3.048376
292,2347,1.583333
294,2347,14.702539
295,2347,11.385295
297,2347,1.949999
280,2348,2.806774
293,2348,3.5
295,2348,3.666665
301,2350,32.248947
302,2350,17.245842
200,1730,667.937317
200,1731,961.888794
301,2351,9.153097
302,2351,6.066671
252,2352,8.924272
273,2352,7.594068
301,2352,6.0
302,2352,6.064536
301,2353,6.0
302,2353,7.139542
301,2354,4.862114
302,2354,20.877018
274,2355,1.78409
301,2355,13.161249
302,2355,20.530714
253,2356,78.127876
254,2356,252.879639
275,2356,98.453934
277,2356,78.103424
278,2356,259.462799
300,2356,57.104767
301,2356,4.600574
302,2356,2.595924
232,2357,159.098923
233,2357,127.171295
234,2357,22.34523
275,2357,2.372551
277,2357,58.316711
301,2357,53.833019
302,2357,9.133639
232,2358,152.580109
233,2358,36.04113
234,2358,26.783396
235,2358,2.852161
236,2358,1.397037
273,2358,1.78409
301,2358,165.473267
302,2358,30.576374
232,2359,101.049622
233,2359,134.921692
234,2359,48.905193
235,2359,5.601714
236,2359,5.360112
237,2359,55.813744
238,2359,61.622986
239,2359,217.375549
243,2359,44.071335
244,2359,30.707251
273,2359,10.367492
283,2359,50.446095
301,2359,313.806854
302,2359,12.876987
232,2360,143.62088
233,2360,420.167938
234,2360,203.900284
235,2360,202.960007
236,2360,183.046616
237,2360,105.708817
243,2360,164.876495
244,2360,419.582581
302,2360,31.845201
231,2361,441.14566
232,2361,229.013519
233,2361,224.528809
234,2361,135.624908
235,2361,182.843735
236,2361,245.11142
237,2361,149.009583
302,2361,56.875504
231,2362,337.319702
232,2362,214.087784
233,2362,238.77948
234,2362,372.454041
235,2362,682.569275
272,2362,14.216925
199,2363,268.827576
200,2363,78.450279
201,2363,1.326316
202,2363,1.378815
203,2363,4.481459
204,2363,33.003315
205,2363,89.30497
231,2363,206.997696
232,2363,227.794922
233,2363,100.692009
234,2363,201.971344
272,2363,11.399501
273,2363,35.234612
274,2363,25.61429
201,2364,135.913712
202,2364,104.448418
203,2364,105.639442
204,2364,194.854889
205,2364,142.961395
231,2364,167.500916
232,2364,158.371185
233,2364,26.719488
234,2364,145.741714
201,2365,289.781525
205,2365,215.223877
231,2365,171.685532
232,2365,225.863159
233,2365,25.286413
231,2366,274.269989
232,2366,135.317734
233,2366,65.504204
282,2366,12.435693
283,2366,31.148975
284,2366,22.414539
232,2367,305.687195
233,2367,316.20813
272,2367,32.407047
273,2367,14.216925
283,2367,18.273571
284,2367,17.046869
298,2052,2.9672
201,1753,521.157654
202,1753,559.336975
298,2053,3.809018
299,2053,4.51876
201,1754,462.43512
202,1754,252.917007
204,1754,7156.300293
205,1754,81.338348
298,2054,14.241594
204,2373,110.220245
205,2373,224.069839
207,2373,92.724792
297,2055,3.753793
298,2055,9.076467
254,2376,77.445358
297,2056,10.444668
298,2056,17.404594
296,2057,8.280647
297,2057,12.359967
298,2057,28.846851
295,2058,1.271521
296,2058,9.231773
297,2058,13.705603
298,2058,31.370487
253,2377,121.75425
254,2377,142.860626
259,2377,5.794162
295,2059,1.704881
296,2059,7.761452
297,2059,14.028227
298,2059,26.538609
254,2379,15.280419
255,2379,43.952221
254,2380,13.006296
295,2060,9.704881
296,2060,8.386126
297,2060,14.028227
298,2060,29.228977
295,2061,9.590862
296,2061,8.216001
297,2061,14.205
298,2061,26.525936
246,2381,377.7771
254,2381,12.806999
244,2382,239.399918
246,2382,226.063705
247,2382,101.034904
260,2382,30.659056
261,2382,34.823078
295,2062,2.114669
296,2062,9.295223
297,2062,16.737631
298,2062,54.029057
206,1764,374.684418
206,1765,68.796623
246,2383,401.012695
253,2383,2.492697
201,2384,3.191179
202,2384,2.418114
253,2384,69.276459
273,2384,3.732634
297,2384,4.285899
295,2063,2.653904
296,2063,8.490436
297,2063,16.525375
298,2063,110.983131
295,2064,5.423132
296,2064,8.490436
297,2064,32.670139
298,2064,107.360664
207,1766,211.10878
200,2385,49.032433
201,2385,71.014397
260,2385,58.599236
261,2385,51.570808
262,2385,38.193104
263,2385,11.52731
273,2385,5.297281
282,2385,53.097481
283,2385,13.661743
286,2385,6.761587
287,2385,7.203964
288,2385,1.634125
289,2385,1.882336
290,2385,1.882336
291,2385,2.050399
292,2385,1.882336
293,2385,2.932187
298,2385,5.169118
200,2386,140.528473
201,2386,312.001831
262,2386,46.869102
294,2065,8.231446
295,2065,4.204569
296,2065,11.803778
297,2065,19.45937
298,2065,207.514114
293,2066,108.63607
294,2066,9.966469
295,2066,27.583256
296,2066,29.662405
297,2066,33.264961
298,2066,76.588303
200,2387,73.742195
201,2387,3332.876465
259,2387,2.394226
261,2387,40.652763
201,2388,1557.545654
259,2388,8.009088
260,2388,16.969036
261,2388,59.587257
292,2067,5.302642
293,2067,2.656724
294,2067,2.542706
295,2067,9.409285
296,2067,14.349457
297,2067,79.385567
290,2068,1.875
291,2068,6.4945
292,2068,9.476533
293,2068,7.673597
294,2068,7.959218
295,2068,8.008121
296,2068,16.036779
297,2068,165.738449
295,1770,60.212994
296,1770,94.957993
259,2389,23.925022
246,2390,761.854126
290,2069,2.178571
291,2069,4.884034
292,2069,23.744961
293,2069,14.548499
294,2069,14.725272
295,2069,13.743152
296,2069,13.676747
297,2069,191.540924
218,2391,67.088585
296,1771,97.251907
297,1771,2.455353
217,2392,163.704056
296,1772,109.847878
297,1772,16.665194
290,2070,9.941154
291,2070,3.23424
292,2070,35.112076
293,2070,47.635414
294,2070,118.227493
295,2070,141.353165
296,2070,82.152847
290,2071,4.292387
291,2071,3.089592
292,2071,125.380692
217,2393,160.813232
218,2393,46.26099
219,2393,22.39632
239,2393,601.775696
240,2393,235.111633
241,2393,334.620605
242,2393,73.666809
243,2393,45.787262
244,2393,64.712036
296,1773,82.931534
297,1773,17.6619
297,1774,55.306091
262,2072,11.187676
260,2073,13.957815
261,2073,9.878265
231,2394,53.901611
232,2394,69.927376
233,2394,197.765182
234,2394,76.275879
235,2394,93.151604
236,2394,140.571655
237,2394,185.86235
238,2394,180.102234
239,2394,211.437241
240,2394,233.055405
241,2394,147.246628
242,2394,234.274414
243,2394,89.470848
244,2394,20.694456
253,2394,15.461039
243,2395,266.71698
244,2395,43.58984
254,2395,51.66156
269,2395,50.870422
280,1775,4.155764
281,1775,4.777771
282,1775,3.894731
297,1775,253.28981
281,1776,3.51388
282,1776,5.321428
296,1776,408.923615
297,1776,101.267548
261,2074,7.824857
245,2396,46.8241
246,2396,73.027092
269,2396,200.656036
270,2396,58.07777
296,1777,214.223206
297,1777,130.758057
261,2075,3.325575
262,2075,12.555349
218,1778,966.839844
286,1778,1627.763184
287,1778,492.551208
288,1778,541.441101
289,1778,221.135818
290,1778,93.827492
291,1778,102.368233
292,1778,96.033615
293,1778,134.190796
294,1778,120.952072
295,1778,123.788567
296,1778,111.944931
297,1778,32.830498
298,1778,1043.647217
262,2076,6.638646
263,2076,12.555349
262,2077,2.685393
263,2077,6.445812
281,1779,119.878403
282,1779,184.423645
283,1779,184.423645
284,1779,175.211563
285,1779,213.89505
286,1779,179.09137
287,1779,138.856201
288,1779,147.147842
289,1779,524.189819
290,1779,24.617361
291,1779,25.088293
292,1779,26.262314
293,1779,29.847151
294,1779,32.597183
296,1779,1.615719
264,2078,6.970707
265,2078,9.564815
282,1780,76.214241
283,1780,79.010536
284,1780,46.296295
285,1780,6.416332
286,1780,4.831718
287,1780,7.8824
288,1780,13.20914
289,1780,13.712477
290,1780,16.515055
291,1780,24.004044
292,1780,26.558146
293,1780,45.191116
344,1780,51.800125
343,1781,1871.41272
263,2079,1.749999
264,2079,1.699999
265,2079,1.699999
266,2079,1.749999
267,2079,12.371387
268,2079,7.206022
268,2080,19.005516
204,1785,121.780067
205,1785,62.805843
206,1785,222.572815
207,1785,1000.848145
216,1786,15.001053
216,1787,415.46817
217,1787,8.329317
251,2406,18.908382
226,2407,295.49588
227,2407,434.579865
229,2407,88.939804
230,2407,19.371275
231,2407,996.862061
232,2407,16.580828
233,2407,9.727739
234,2407,2.383677
216,1788,750.561951
217,1788,10.347097
225,2408,8.783279
228,2408,13.880569
229,2408,38.739979
230,2408,102.111984
231,2408,38.472473
232,2408,19.960289
233,2408,29.485834
234,2408,21.779179
235,2408,247.045868
237,2408,81.933929
238,2408,71.199425
239,2408,124.243248
250,2408,11.559744
228,2409,19.472084
229,2409,71.217621
236,2409,36.389366
237,2409,63.198963
238,2409,92.926437
239,2409,318.450653
240,2409,423.271667
216,1789,396.784149
217,1789,131.38533
217,1790,271.828339
228,2410,79.898346
229,2410,53.503796
236,2410,15.614561
237,2410,128.302505
238,2410,17.520239
239,2410,263.53949
240,2410,479.680328
241,2410,741.569824
228,2411,10.475873
229,2411,55.955711
237,2411,2.428155
238,2411,41.903561
239,2411,492.862274
240,2411,359.494141
287,2411,140.96759
217,1791,939.397583
218,1791,270.480682
218,1792,313.166351
227,2412,96.744469
237,2412,7.17661
238,2412,30.271969
239,2412,116.220726
240,2412,165.569687
288,2412,214.575989
233,2413,8.656148
234,2413,7.078904
236,2413,10.298023
238,2413,92.955986
239,2413,164.343109
240,2413,184.053101
250,2413,48.502636
251,2413,157.723297
291,2413,164.045944
292,2413,158.073273
235,2090,55.215267
235,2091,26.516773
236,2091,11.254281
237,2091,10.943527
239,2091,7.173694
205,1793,10.054077
203,1794,5.898313
205,1794,12.010911
206,1794,201.915909
250,2414,82.264633
251,2414,364.357086
292,2414,176.766739
293,2414,240.950073
216,2415,794.723267
217,2415,348.049133
218,2415,29.811712
219,2415,29.872643
220,2415,39.749485
221,2415,26.069557
222,2415,43.155308
249,2415,23.88747
250,2415,71.723091
251,2415,135.324387
290,2415,1089.565674
235,2092,26.380409
236,2092,11.038875
203,1795,2.855072
206,1795,300.187714
217,2416,470.946838
218,2416,293.910278
219,2416,112.701797
290,2416,200.027512
216,2417,440.238129
217,2417,350.31781
218,2417,194.03212
219,2417,199.508179
290,2417,198.81395
205,1796,103.709785
206,1796,310.308411
217,2418,462.248688
218,2418,242.227509
219,2418,152.987305
290,2418,99.016403
293,2418,216.487564
217,2419,381.008484
218,2419,379.242798
219,2419,186.888824
248,2419,3.220769
249,2419,90.376427
250,2419,2.013764
251,2419,57.46685
252,2419,64.060844
253,2419,85.971024
217,2420,426.294983
218,2420,271.939575
219,2420,79.673317
248,2420,1.418488
250,2420,4.317471
251,2420,4.533179
286,2420,391.669983
287,2420,198.264252
293,2420,341.478394
217,2421,327.047333
218,2421,269.862976
219,2421,110.62188
286,2421,547.858154
287,2421,205.625534
289,2421,716.949829
210,1800,131.362152
211,1800,74.845909
217,2422,383.714783
218,2422,449.088562
220,2422,2.433137
221,2422,1.977338
222,2422,1.407894
223,2422,11.923803
224,2422,1.707027
286,2422,353.434845
287,2422,277.743713
216,2423,252.263214
217,2423,489.58078
218,2423,15.122861
220,2423,1.707027
221,2423,2.29111
223,2423,1.707027
225,2423,1.116666
291,2423,295.156555
210,1801,118.283211
210,1802,83.632195
203,2424,102.676971
204,2424,98.102547
207,2424,66.360046
208,2424,390.597778
216,2424,64.154915
217,2424,32.590401
218,2424,28.528267
219,2424,319.09198
220,2424,161.885086
221,2424,12.5271
222,2424,9.857273
223,2424,10.607874
224,2424,2.163725
225,2424,2.085862
228,2424,4.060547
229,2424,2.976503
290,2424,221.646729
291,2424,202.620331
218,2425,49.752441
220,2425,8.934566
221,2425,9.11908
222,2425,10.506857
223,2425,10.142572
224,2425,9.192654
225,2425,4.983333
237,2425,1.854957
239,2425,2.93326
240,2425,1.300973
291,2425,438.262543
287,2102,9.13732
288,2102,9.13732
288,2103,1.302326
210,1803,77.73468
292,1803,85.094887
291,1804,22.687487
292,1804,35.905346
243,2426,4.75913
289,2426,263.474884
290,2426,197.308197
244,2427,101.689621
245,2427,45.188473
290,2105,48.370926
291,2105,126.205154
292,2105,126.373962
276,2428,1110.691406
277,2429,10.979654
291,2106,39.35442
292,2106,157.47377
245,2431,3.971573
291,2107,102.466507
289,2109,1.583333
232,2434,2.059362
233,2434,2.059362
220,2120,3.571429
221,2120,3.571429
222,2120,3.285714
223,2120,11.333323
221,2121,5.6
222,2121,11.1
223,2121,39.236282
222,2122,13.784799
223,2122,28.521082
222,2123,7.964286
223,2123,30.713326
