975,210,22.17569
976,210,42.954037
975,211,41.836296
976,211,26.15065
976,212,24.698235
949,213,2.09535
949,214,3.521883
898,216,19.806688
887,217,347.919769
898,217,19.672964
904,219,2.649533
904,220,5.224847
956,222,75.237305
957,222,67.771011
956,223,59.833073
957,223,41.630325
956,224,78.911713
957,224,49.710888
958,224,150.490067
959,224,168.015594
919,225,7.990997
920,225,14.361542
956,225,142.636398
957,225,154.105927
958,225,105.124748
959,225,112.464996
958,226,28.421104
959,226,128.571884
942,229,46.057392
945,229,198.529404
946,229,283.445343
942,230,117.707367
943,230,23.174026
944,230,27.890575
945,230,51.196644
943,231,64.354073
944,231,33.743111
942,233,96.888855
943,233,43.676262
944,233,82.148499
945,233,64.274033
943,234,92.504898
944,234,119.343964
945,234,522.8927
931,235,276.641663
943,235,119.967239
918,238,105.633667
932,239,257.472656
865,289,28.122087
877,294,18.640829
927,310,38.46946
928,310,19.852041
909,311,3.962778
917,313,97.055862
919,313,61.334934
912,314,9.64994
923,314,60.887608
914,315,3.435681
915,315,6.375443
916,315,41.540695
915,316,8.532433
917,317,113.60791
979,6,2.847717
941,7,23.373573
979,7,28.570051
982,7,54.371563
896,8,8.742757
979,8,5.670926
896,9,7.548131
979,9,8.358184
979,10,3.283151
980,10,18.26593
979,11,6.352183
982,11,23.591492
924,12,14.49573
979,12,7.6938
980,12,3.425419
982,12,22.043352
920,13,27.970823
940,13,84.467056
980,13,11.194851
982,13,56.08567
917,14,42.600079
940,14,15.282051
940,15,35.705189
940,17,13.922041
892,18,78.212662
940,18,8.645941
884,19,22.373831
940,19,15.851969
940,20,15.898806
940,21,11.204315
905,22,24.192322
906,22,41.548435
907,22,51.495106
908,22,48.491035
909,22,44.870964
910,22,69.42453
922,22,34.943733
940,22,1.530432
904,23,22.698404
909,23,19.600456
918,23,22.857218
919,23,16.73303
920,23,13.622662
922,23,23.001999
923,23,13.605605
904,24,7.256724
898,25,11.495667
898,27,4.35515
956,30,85.452225
957,30,251.288788
958,30,299.632446
956,31,107.259941
957,31,385.825195
921,32,25.897844
940,32,2.493184
940,33,6.511543
940,34,4.015097
940,35,3.073283
941,37,3.655566
948,61,20.76268
885,375,2.168331
938,62,10.235167
938,63,4.073242
949,63,1.754264
885,376,6.865502
885,377,2.319676
949,64,22.411283
950,64,1.71481
949,65,18.712164
940,66,16.626869
948,66,3.42384
948,67,4.747595
882,382,112.22982
882,383,128.520523
934,71,4.661836
940,72,3.950069
887,386,8.528611
888,386,14.728677
940,73,4.853357
882,387,27.636574
884,387,23.464359
886,387,9.935583
887,387,5.665584
888,387,1.465219
889,387,5.912108
890,387,42.521587
890,388,2.57421
880,76,57.36602
881,76,31.662746
882,76,79.145134
883,76,28.658878
881,77,52.046074
877,82,53.696285
910,98,38.479328
913,98,49.873306
893,111,334.103668
894,111,116.22805
895,111,100.974861
896,111,113.248039
897,111,138.82486
878,112,108.686546
879,112,74.215042
880,112,62.996735
881,112,22.560743
882,112,140.02243
893,112,158.390747
894,112,79.701614
895,112,41.231796
896,112,38.072865
897,112,129.687393
919,112,18.920273
920,112,27.870073
877,113,39.937046
878,113,87.327591
879,113,53.806042
880,113,399.695343
881,113,43.332165
882,113,91.256622
892,113,96.81768
893,113,93.068146
894,113,45.834427
895,113,43.330181
896,113,69.462173
897,113,140.909332
924,113,50.784714
925,113,40.652863
878,114,31.957993
879,114,18.510231
881,114,297.525085
882,114,177.794205
892,114,41.453445
893,114,51.333969
894,114,40.072041
895,114,87.665016
896,114,61.236889
897,114,107.242615
898,114,402.231323
926,114,142.650253
878,115,88.314545
882,115,116.418968
892,115,41.402363
893,115,51.239258
894,115,15.004164
895,115,50.297932
896,115,59.741035
897,115,114.098534
898,115,422.160614
878,116,144.671722
882,116,136.8228
892,116,26.996403
893,116,26.278254
894,116,22.202
895,116,45.119144
896,116,72.830101
897,116,177.803207
898,116,339.937561
878,117,49.467907
893,117,25.001125
894,117,27.690771
896,117,127.867058
897,117,132.599442
892,118,66.173851
893,118,56.187149
894,118,73.018829
896,118,55.219528
897,118,74.453415
898,118,190.308289
899,118,219.906448
965,430,171.640244
967,430,128.814072
968,430,116.134216
969,430,260.770844
964,431,19.588093
965,431,73.71521
891,120,9.594627
891,121,44.101593
968,433,93.69519
969,433,61.867699
965,434,32.486031
966,434,38.12101
968,434,28.998116
969,434,34.434418
880,123,27.633581
881,123,51.757061
882,123,192.011703
956,123,21.393406
963,435,37.288208
964,435,40.645412
965,435,10.213127
966,435,7.877164
967,435,4.26363
968,435,11.02319
969,435,14.346979
970,435,15.450436
880,124,23.353394
881,124,55.547729
882,124,249.67421
905,124,567.26947
892,436,105.187103
893,436,82.939285
894,436,67.728851
895,436,108.700272
896,436,77.516609
897,436,80.388893
898,436,100.202637
899,436,61.384285
900,436,78.763565
901,436,46.103565
902,436,43.424503
903,436,43.973244
904,436,319.931213
910,436,542.450623
962,436,20.867485
963,436,17.353912
965,436,9.128178
966,436,13.050264
967,436,8.723927
968,436,10.690542
969,436,53.562569
970,436,18.21792
971,436,166.952179
880,125,22.921474
881,125,40.35672
882,125,160.072174
891,125,156.692429
894,125,71.690041
895,125,92.275261
905,125,185.491455
906,125,139.160751
907,125,97.605942
908,125,111.97226
880,126,21.044643
881,126,37.916458
882,126,164.227692
890,126,140.579849
891,126,81.620903
892,126,40.121502
893,126,25.695944
894,126,47.615719
895,126,164.333618
905,126,139.204773
906,126,136.26384
907,126,62.95047
892,437,95.533661
893,437,27.540012
894,437,32.817543
895,437,52.282448
896,437,41.07526
897,437,96.690865
898,437,29.538574
899,437,22.784933
900,437,63.948647
901,437,18.429981
902,437,40.069336
903,437,113.171524
904,437,57.31707
963,437,32.780582
964,437,21.721336
965,437,11.559982
966,437,8.133214
967,437,6.315513
968,437,18.030611
880,127,44.67762
881,127,79.120216
906,127,84.190315
907,127,60.105591
872,438,28.114765
892,438,117.010445
893,438,36.742672
894,438,38.627407
895,438,25.696817
896,438,19.219213
897,438,26.818539
898,438,13.181886
899,438,9.42401
900,438,9.774367
901,438,6.817051
902,438,21.474129
903,438,27.278608
905,438,2.014039
938,438,54.793755
961,438,91.129005
966,438,3.61022
967,438,13.254869
968,438,16.111824
880,128,42.193855
881,128,69.659325
906,128,94.575035
907,128,76.254761
880,129,59.968819
881,129,65.369987
880,130,75.985725
881,130,104.055862
880,131,64.36145
881,131,133.209854
880,132,76.998413
881,132,165.336899
880,133,41.749886
881,133,115.694458
890,135,96.183342
889,136,55.84499
890,136,55.977608
891,136,49.251694
892,136,44.729416
890,137,52.514248
891,137,29.018717
892,137,71.272606
893,137,46.408649
889,138,105.444221
890,138,43.77866
891,138,27.002172
892,138,74.452065
890,139,51.679535
891,139,36.656639
892,139,64.975502
889,140,158.088455
890,140,70.731789
891,140,32.331024
892,140,176.091034
883,148,43.824158
884,148,148.140503
883,149,50.796268
884,149,191.641632
882,150,59.078815
883,150,204.985184
908,150,150.522263
909,150,80.557251
883,151,349.108704
905,151,86.019791
906,151,73.397522
907,151,118.784813
908,151,108.489891
909,151,134.487152
940,151,296.869598
883,152,295.193329
908,152,111.018951
938,152,298.920776
940,152,131.146011
939,153,54.53215
940,153,125.678238
941,153,86.791618
940,154,183.214157
977,154,175.051514
979,154,369.329987
977,155,557.299072
978,155,342.650116
979,155,298.553589
964,156,12.477042
976,156,248.190216
977,156,234.398926
978,156,213.322891
979,156,161.344452
962,157,46.444283
963,157,18.047506
964,157,31.982004
979,157,210.945847
963,158,5.12077
893,159,185.052109
893,160,197.009933
894,160,131.625244
895,160,30.213545
892,161,76.558746
893,161,149.238953
894,161,61.69529
895,161,53.1203
893,162,127.115868
894,162,215.638336
895,162,51.045269
895,163,62.990791
886,164,14.957932
887,164,10.525413
888,164,6.971728
895,164,144.139969
881,165,10.711454
886,165,16.330891
887,165,6.636055
978,165,6.378706
884,166,9.500527
885,166,3.388449
887,166,6.166705
978,166,4.296394
979,166,2.64709
979,167,2.177071
980,167,2.324512
885,168,18.60574
886,168,30.397713
923,168,59.106411
979,168,1.361534
980,168,2.328261
906,169,72.570946
907,169,82.075745
979,169,5.064275
980,169,2.52147
891,170,45.743069
892,170,62.23241
893,170,83.951851
894,170,39.711605
895,170,69.967049
896,170,81.651421
907,170,19.836983
951,170,795.175232
979,170,5.172978
980,170,1.425653
947,171,304.42569
949,171,573.203186
950,171,545.272217
951,171,303.230377
979,171,1.694512
980,171,5.596244
947,172,195.17865
948,172,288.985291
949,172,210.252899
950,172,110.036949
979,172,3.288039
948,173,169.169647
949,173,168.79863
950,173,100.01326
961,173,241.438889
967,173,76.987038
968,173,27.137136
949,174,102.831848
950,174,59.053131
951,174,49.153202
960,174,201.809509
961,174,67.565918
962,174,135.003433
965,174,53.483753
966,174,72.437103
967,174,54.092094
968,174,49.953777
948,175,85.232605
949,175,12.172657
950,175,49.626553
951,175,36.736389
952,175,43.067467
960,175,163.80899
961,175,183.195343
962,175,149.938217
963,175,142.432739
964,175,96.09877
965,175,66.065605
966,175,50.608131
967,175,60.672989
968,175,25.9981
946,176,136.560562
947,176,60.443718
948,176,29.414173
949,176,15.056138
950,176,60.047913
951,176,40.727673
963,176,4.039886
964,176,7.960319
965,176,11.45596
966,176,18.194881
950,177,3.444782
961,177,131.567291
962,177,20.82711
963,177,2.507622
966,177,1.501312
967,177,4.919188
969,177,7.769831
976,177,61.583191
977,177,70.096344
978,177,86.276962
979,177,170.397186
961,178,47.757881
962,178,5.222199
968,178,4.676493
969,178,6.262637
975,178,22.482351
976,178,48.780762
977,178,16.176741
978,178,46.772194
979,178,69.867386
980,178,100.091492
975,179,6.236479
976,179,152.166809
977,179,22.750845
978,179,33.63398
979,179,165.21962
978,180,43.614571
980,180,191.33931
979,182,68.280518
977,183,21.540583
978,183,57.220699
979,183,59.86787
980,183,82.482109
981,183,33.421616
977,184,10.200885
980,184,88.984726
935,188,2.807203
938,188,6.455015
935,189,1.8127
936,189,2.29572
937,189,4.547155
938,189,5.817989
935,190,1.500462
936,190,3.558779
937,190,3.583997
938,190,60.073524
934,191,12.181934
935,191,16.975302
906,201,14.626723
934,201,46.847008
936,202,98.34581
937,202,104.752441
939,202,214.518036
975,202,59.236217
935,203,46.249107
936,203,171.23999
975,203,64.142265
936,204,71.030479
937,204,58.29517
938,204,52.594719
933,205,83.230064
935,205,40.908012
936,205,14.664622
937,205,59.932934
938,205,49.984768
939,205,84.689194
937,206,14.537953
938,206,5.341433
939,206,144.942078
975,206,98.989639
939,207,112.80822
975,207,65.32637
975,208,26.461353
975,209,20.687437
