669,223,68.723083
624,229,5.087594
625,229,30.098499
626,229,10.721554
621,230,23.965187
622,230,13.751096
623,230,5.555028
624,230,31.675024
625,230,16.253529
626,230,9.313627
666,230,12.42482
667,230,106.968796
669,230,57.789875
695,230,54.262283
696,230,21.281666
697,230,6.192086
698,230,37.246365
617,231,7.62797
620,231,5.752769
621,231,15.558794
622,231,12.57436
623,231,10.282616
624,231,9.22736
625,231,2.104708
626,231,1.047371
665,231,6.95753
666,231,3.06233
667,231,10.190802
668,231,11.94595
669,231,33.872581
670,231,61.478714
695,231,25.783094
696,231,19.99123
697,231,5.776392
698,231,9.619292
699,231,13.21982
700,231,18.405432
701,231,32.162613
616,232,10.479305
617,232,8.919411
618,232,14.723114
619,232,12.301365
620,232,6.845703
621,232,3.605455
663,232,5.675789
664,232,3.538331
665,232,4.503185
666,232,1.565583
667,232,3.155002
668,232,6.372081
669,232,8.732972
670,232,34.521927
695,232,9.383947
696,232,4.142825
697,232,4.027944
698,232,3.311883
699,232,5.552561
700,232,5.489665
701,232,9.732881
702,232,22.629313
703,232,35.807232
615,233,3.73752
618,233,4.178862
619,233,3.87554
663,233,5.876186
664,233,1.558283
666,233,1.804079
667,233,4.888495
668,233,6.406628
669,233,5.386288
670,233,10.198778
671,233,26.660595
695,233,4.7669
697,233,2.683342
698,233,2.922827
699,233,2.743798
700,233,2.70083
701,233,3.773482
702,233,3.951171
703,233,6.331797
704,233,37.956783
705,233,27.55246
834,233,12.661973
608,234,65.29879
609,234,33.037548
613,234,16.55674
614,234,5.653655
615,234,1.735862
616,234,2.25027
619,234,3.281994
667,234,3.306075
668,234,3.532537
669,234,8.097039
670,234,5.015946
671,234,21.391039
690,234,16.087452
695,234,7.682671
697,234,2.164562
698,234,1.692253
699,234,2.54223
700,234,2.31919
701,234,1.717371
702,234,3.249308
703,234,3.467979
704,234,3.901523
705,234,3.705541
706,234,9.671459
707,234,27.737734
708,234,30.497873
833,234,6.407394
834,234,17.788689
835,234,16.046154
609,235,31.553101
610,235,22.903465
611,235,5.449683
612,235,7.661575
613,235,6.040403
614,235,12.859455
667,235,3.909336
668,235,4.335468
669,235,7.699109
670,235,12.338639
671,235,21.512793
672,235,107.705284
690,235,9.59891
694,235,13.835068
695,235,3.052973
696,235,1.112903
699,235,3.206247
700,235,2.02204
701,235,3.870082
702,235,2.191055
703,235,3.700793
704,235,4.204545
705,235,2.561314
706,235,4.155368
707,235,4.107707
708,235,3.930041
709,235,17.272224
710,235,29.854782
712,235,1.522819
713,235,3.752941
715,235,25.133858
716,235,18.698887
833,235,1.908692
834,235,5.17463
835,235,2.420377
609,236,13.486055
610,236,9.215098
611,236,22.776554
612,236,2.038869
614,236,1.348153
668,236,6.855588
669,236,8.912056
670,236,14.579561
671,236,17.234838
672,236,30.411119
689,236,27.075676
694,236,3.674817
698,236,1.10597
699,236,1.463889
700,236,3.157738
701,236,1.002971
702,236,1.929399
703,236,3.56217
704,236,1.024049
705,236,1.593133
706,236,4.627517
707,236,1.928984
708,236,2.315427
709,236,3.764515
710,236,2.93549
711,236,4.360562
713,236,1.09228
714,236,1.606123
715,236,3.069183
716,236,4.800614
717,236,1.553705
718,236,3.931225
609,237,31.112532
610,237,26.879662
611,237,10.293247
612,237,9.326838
613,237,25.359421
615,237,1.948896
670,237,14.57161
671,237,17.090939
694,237,5.245154
698,237,1.186957
699,237,1.585317
700,237,2.897834
701,237,1.621086
702,237,2.7
703,237,1.037454
704,237,2.339714
705,237,1.506984
706,237,1.237878
707,237,1.697438
708,237,2.536381
709,237,1.060533
710,237,2.827855
711,237,2.315427
714,237,2.49034
715,237,1.117864
716,237,1.094488
720,237,1.987535
721,237,2.724324
722,237,1.66226
834,237,2.286841
608,238,93.366844
609,238,138.238052
610,238,65.576172
611,238,25.999472
612,238,22.903555
613,238,20.256504
614,238,2.46598
615,238,1.435431
693,238,10.576818
694,238,1.044093
700,238,1.707792
701,238,2.418651
702,238,1.09443
703,238,1.408048
704,238,1.797222
705,238,1.700758
706,238,2.620455
708,238,1.353097
710,238,2.211483
714,238,2.45932
726,238,7.80945
727,238,15.193985
731,238,4.942793
608,239,186.440109
611,239,56.032059
612,239,33.88916
613,239,42.108276
614,239,7.248386
615,239,3.044759
616,239,5.173944
672,239,46.997639
673,239,186.610855
693,239,9.986225
694,239,2.063816
696,239,1.33997
699,239,1.238406
701,239,1.083333
703,239,1.853626
704,239,2.032197
705,239,1.347222
706,239,1.216301
713,239,1.092262
725,239,9.772534
726,239,4.801181
728,239,7.129093
729,239,1.132951
731,239,2.323148
732,239,3.778671
738,239,4.877047
739,239,10.112017
612,240,56.979137
615,240,8.115847
692,240,34.458332
693,240,8.273386
695,240,2.590719
696,240,1.49782
703,240,1.738095
704,240,2.404762
705,240,1.883929
706,240,1.270292
712,240,1.265963
713,240,2.764204
714,240,1.119697
715,240,1.267498
725,240,4.142537
726,240,7.207983
728,240,1.500896
729,240,2.158567
730,240,1.087324
731,240,1.284381
732,240,2.214685
733,240,7.44874
739,240,9.195496
741,240,5.256623
742,240,7.319676
831,240,32.354652
832,240,7.128215
646,241,341.454987
647,241,5.508584
693,241,15.548657
694,241,12.751468
695,241,7.180746
696,241,5.033452
698,241,1.041237
704,241,1.333333
705,241,1.5
706,241,3.738095
707,241,1.0625
711,241,1.25
712,241,3.284946
713,241,2.090476
714,241,1.407828
724,241,12.692944
725,241,3.219365
726,241,2.536564
727,241,2.166721
728,241,1.302649
729,241,1.341132
731,241,3.78941
732,241,3.863273
741,241,4.990495
743,241,8.965039
745,241,15.439226
833,241,55.747044
647,242,322.839905
648,242,4.207406
656,242,1.582719
696,242,5.540573
697,242,1.360525
698,242,4.841643
707,242,3.833333
711,242,393.0
712,242,2.0
713,242,3.0
715,242,4.725806
725,242,13.063138
726,242,1.082239
727,242,3.129991
728,242,11.563224
729,242,3.452065
731,242,6.091301
732,242,3.516645
746,242,3.173651
626,243,4.461129
648,243,12.068473
649,243,8.454378
656,243,1.610344
698,243,3.350965
699,243,1.16801
701,243,2.498276
711,243,718.133362
712,243,71.0625
724,243,56.167423
725,243,10.540581
727,243,10.911598
728,243,9.800114
729,243,2.622558
731,243,12.158032
732,243,40.581112
738,243,395.070526
656,244,1.474474
698,244,5.808114
699,244,7.168899
700,244,2.98408
701,244,2.178436
712,244,329.0
727,244,12.38878
728,244,58.573223
729,244,6.978509
713,245,1.3
739,245,1.076386
648,246,3.429896
649,246,1.094223
701,246,2.797409
702,246,3.484306
703,246,1.429237
706,246,1.008194
712,246,2.524065
738,246,7.772995
647,247,3.740927
648,247,2.88708
650,247,1.98087
673,247,16.9702
701,247,5.963917
702,247,5.192045
703,247,3.030327
705,247,2.159316
706,247,1.53319
708,247,1.166437
711,247,1.084499
714,247,1.139999
730,247,1.630933
648,248,1.662621
649,248,3.918338
673,248,21.949017
703,248,7.256026
704,248,7.293246
705,248,10.066838
706,248,1.920549
729,248,2.182889
730,248,2.082236
731,248,4.55573
741,248,11.927595
742,248,13.427531
743,248,15.784075
646,249,3.027622
648,249,2.547515
649,249,1.353484
673,249,59.650593
674,249,42.850681
703,249,27.149939
704,249,27.256918
705,249,20.461937
706,249,7.160654
707,249,4.376227
708,249,6.148073
709,249,1.375934
710,249,1.933118
728,249,1.157415
741,249,4.768384
742,249,4.586749
743,249,2.551886
744,249,5.748302
745,249,6.469767
746,249,8.425529
747,249,10.671354
674,250,26.883915
705,250,36.336842
706,250,45.520023
707,250,30.228966
708,250,5.435201
709,250,7.249714
710,250,1.920796
718,250,1.329784
725,250,1.815255
741,250,5.058069
742,250,1.934419
743,250,4.39783
744,250,4.807491
745,250,5.989566
746,250,3.705595
747,250,3.86047
748,250,4.808402
749,250,5.156624
750,250,9.180133
674,251,23.894676
693,251,17.158712
696,251,9.767535
697,251,2.42637
707,251,44.106544
708,251,32.094101
709,251,9.852391
710,251,1.750226
716,251,1.190629
718,251,1.262914
722,251,2.07823
723,251,3.39526
725,251,3.699654
741,251,7.047081
743,251,1.425305
744,251,1.770424
746,251,1.865871
747,251,3.026309
748,251,3.938725
749,251,1.525688
750,251,1.260647
751,251,3.220319
754,251,15.627813
755,251,14.605009
674,252,9.420391
675,252,19.445011
692,252,15.584427
693,252,1.260668
694,252,1.030652
696,252,1.752517
697,252,1.204301
698,252,1.030985
699,252,2.297231
700,252,15.15932
702,252,1.593397
710,252,1.344332
712,252,1.703669
713,252,1.795828
714,252,1.79186
715,252,1.773097
723,252,1.380652
741,252,6.479816
752,252,1.001178
753,252,2.412987
697,253,2.993607
699,253,1.565172
700,253,2.587103
722,253,2.101731
723,253,2.038304
724,253,1.63517
744,253,1.142407
674,254,12.899281
675,254,46.379894
694,254,1.2993
699,254,15.221258
718,254,1.553489
719,254,1.026346
722,254,2.365792
723,254,1.362482
724,254,1.378565
730,254,6.356045
731,254,6.952093
732,254,5.372303
744,254,4.148726
671,255,156.172653
672,255,43.194473
675,255,70.686836
693,255,1.728324
694,255,6.855794
706,255,21.525019
707,255,3.075052
708,255,2.344183
709,255,3.124926
713,255,2.409812
714,255,2.409812
715,255,3.037966
723,255,1.524694
724,255,2.878662
725,255,11.827883
726,255,10.796991
727,255,12.021371
728,255,17.230389
729,255,15.509982
730,255,23.41865
743,255,2.599089
667,256,62.712856
668,256,123.171844
694,256,3.897703
695,256,6.534975
702,256,10.071169
703,256,4.740807
704,256,6.124519
705,256,4.182752
706,256,1.028743
710,256,6.02082
711,256,1.419678
712,256,1.501903
714,256,1.612938
715,256,1.603604
717,256,6.037515
724,256,14.193465
725,256,35.216347
743,256,4.450449
699,257,28.582014
700,257,15.188767
701,257,1.915424
702,257,2.422658
703,257,1.275897
710,257,3.121575
711,257,2.987379
712,257,1.407796
714,257,1.430485
715,257,1.03378
717,257,1.174766
718,257,1.033924
720,257,3.353368
721,257,57.552704
724,257,12.971222
705,258,1.828864
706,258,2.854759
707,258,1.115752
710,258,1.263111
714,258,2.078245
715,258,2.158961
717,258,1.944311
721,258,15.294497
724,258,1.744395
607,259,9.807927
608,259,16.279238
613,259,28.717657
696,259,1.317079
707,259,3.351002
710,259,2.400696
711,259,2.910479
712,259,2.215403
713,259,2.151137
721,259,115.055901
723,259,1.044311
608,260,3.029114
609,260,6.849406
610,260,4.716737
699,260,1.120564
705,260,1.95022
706,260,2.003495
707,260,4.732899
721,260,45.977867
741,260,6.75608
610,261,2.803264
611,261,2.633024
613,261,4.826848
615,261,9.185698
616,261,25.380737
618,261,20.702135
696,261,1.6304
697,261,1.593717
699,261,8.741354
701,261,2.057972
704,261,1.507148
707,261,1.836812
721,261,24.584686
722,261,8.471872
723,261,2.106026
609,262,23.018148
611,262,1.917761
612,262,1.595479
613,262,1.258091
614,262,1.371835
615,262,3.499372
617,262,3.154043
721,262,11.993065
722,262,14.402643
741,262,13.703889
609,263,23.791056
610,263,14.035525
616,263,1.740651
617,263,3.041986
618,263,2.612245
721,263,15.187379
722,263,10.447923
609,264,19.805412
610,264,3.534206
611,264,3.384835
617,264,1.14613
618,264,3.169356
721,264,25.853497
722,264,2.247651
608,265,7.950725
609,265,4.067846
610,265,1.738185
613,265,1.049462
615,265,1.455674
617,265,1.305799
618,265,2.073961
697,265,67.232849
721,265,49.274712
722,265,7.438912
723,265,1.85441
608,266,24.164772
609,266,3.486186
613,266,1.049462
614,266,1.713415
617,266,1.591529
618,266,1.530329
623,266,9.191725
700,266,53.799019
701,266,106.021194
702,266,77.528282
703,266,91.98732
704,266,36.011856
721,266,28.712112
722,266,2.766583
723,266,1.857264
610,267,1.180392
617,267,1.544199
618,267,1.133674
623,267,3.905666
624,267,2.398441
625,267,2.79318
702,267,62.939919
703,267,175.573273
704,267,139.697449
705,267,66.444633
706,267,118.667366
707,267,57.494072
708,267,21.887091
721,267,61.344051
722,267,7.58075
723,267,1.440359
610,268,1.604365
618,268,1.451979
625,268,2.929888
706,268,89.588554
707,268,37.084286
708,268,38.95372
709,268,57.085632
710,268,66.533318
711,268,17.868038
712,268,37.169197
713,268,4.990685
714,268,13.50612
715,268,3.637706
721,268,34.61097
722,268,11.490013
723,268,1.767932
609,269,5.362939
610,269,1.67646
624,269,1.810766
710,269,46.902225
711,269,36.264347
712,269,58.583984
713,269,47.477299
714,269,54.87141
715,269,22.746254
716,269,20.191572
721,269,184.974152
722,269,88.277641
723,269,3.962116
611,270,5.123022
612,270,1.779452
613,270,1.175258
615,270,1.110926
616,270,1.583381
617,270,2.03762
618,270,1.363067
623,270,1.407788
625,270,1.222037
630,270,1.010529
714,270,57.373398
715,270,71.237183
716,270,47.352299
722,270,77.912888
723,270,35.039986
724,270,6.176067
612,271,3.541924
614,271,14.044509
617,271,1.713153
635,271,1.069336
636,271,1.112743
637,271,1.078974
642,271,3.033089
645,271,6.23885
723,271,35.049679
724,271,10.253368
725,271,4.674958
617,272,2.460896
618,272,2.070748
624,272,2.180662
625,272,3.004283
638,272,1.21387
641,272,3.303044
642,272,4.291543
643,272,12.325895
644,272,16.150946
645,272,19.730204
723,272,32.124168
724,272,24.650101
612,273,2.361353
613,273,7.038162
615,273,1.773318
618,273,4.615987
619,273,13.030819
624,273,10.49589
629,273,1.54103
630,273,2.045485
631,273,1.817788
641,273,1.137405
643,273,3.265882
644,273,36.676876
645,273,23.061543
609,274,1.48592
614,274,4.504857
615,274,3.543538
617,274,9.166929
618,274,1.992655
619,274,6.441799
625,274,1.718308
626,274,1.640003
627,274,2.317306
628,274,1.332198
629,274,11.240862
630,274,5.600266
631,274,27.536684
632,274,17.094681
633,274,1.51724
634,274,2.147825
638,274,2.640909
639,274,3.182864
674,274,61.72966
740,274,171.097809
607,275,1.374897
608,275,2.669595
609,275,33.489342
611,275,3.840552
613,275,8.154419
614,275,4.464761
627,275,3.156479
628,275,1.855311
657,275,6.005189
674,275,69.557037
675,275,91.186577
676,275,60.202133
607,276,3.660917
608,276,7.191092
611,276,5.238227
646,276,21.930923
647,276,6.267839
648,276,26.416151
649,276,45.226402
655,276,53.764614
656,276,46.69389
657,276,31.033571
665,276,9.784141
671,276,40.983727
672,276,13.826547
673,276,10.402298
674,276,31.870342
675,276,18.445866
676,276,10.013746
677,276,24.648357
678,276,96.701683
679,276,87.74736
680,276,95.555786
682,276,67.087105
683,276,74.177399
797,276,11.539109
631,277,2.270695
632,277,2.638877
633,277,1.292097
634,277,3.422986
635,277,8.885788
636,277,31.920105
637,277,24.425545
638,277,9.957907
639,277,14.773089
640,277,20.636801
641,277,9.714751
642,277,10.01811
643,277,10.755593
644,277,10.013544
645,277,40.761955
646,277,21.76535
647,277,25.974581
648,277,52.389294
649,277,82.10038
665,277,33.41597
666,277,19.999517
667,277,55.557259
668,277,30.640799
669,277,38.384819
670,277,27.044193
671,277,19.536816
672,277,20.819355
673,277,22.155964
674,277,13.917894
675,277,7.346138
676,277,33.373528
677,277,157.121262
678,277,138.577011
679,277,43.442535
680,277,54.953926
681,277,68.372383
682,277,43.979874
683,277,74.459091
684,277,42.448906
796,277,1.393308
797,277,12.842261
798,277,12.587135
799,277,61.196892
844,277,87.94474
630,278,52.889786
631,278,14.450803
632,278,30.546274
633,278,31.862999
634,278,50.968151
635,278,43.14595
636,278,70.553902
637,278,50.823498
638,278,25.561451
640,278,23.753094
641,278,82.419632
642,278,167.07132
643,278,114.561432
646,278,48.027134
647,278,33.002953
660,278,335.134247
664,278,219.838486
665,278,70.87384
666,278,187.209671
667,278,28.513895
668,278,58.128433
669,278,19.66959
670,278,12.326615
671,278,11.804858
672,278,14.199311
673,278,14.208548
674,278,19.005489
677,278,413.114044
679,278,198.335617
680,278,255.920532
682,278,109.570366
797,278,8.16719
798,278,13.985492
799,278,60.330837
626,279,63.838619
627,279,149.903671
628,279,106.228004
629,279,114.668976
630,279,114.283508
631,279,35.439064
632,279,35.439064
633,279,21.459656
634,279,23.23064
635,279,206.602829
797,279,20.701241
798,279,21.057707
799,279,132.427567
607,280,26.586058
608,280,32.990242
797,280,16.087133
798,280,51.93605
608,281,124.222542
609,281,52.233879
610,281,60.648598
611,281,31.672308
796,281,11.041988
797,281,15.27781
798,281,130.493668
812,281,1.294481
795,282,334.432648
796,282,155.218491
797,282,24.67137
812,284,64.649521
857,286,147.886993
857,287,144.754898
726,299,130.985306
726,300,35.384796
726,301,36.621338
727,301,13.389452
726,302,34.219173
727,302,12.14637
728,302,2.911039
733,302,1.212713
726,303,35.1506
727,303,8.135671
728,303,4.579884
729,303,3.698852
730,303,1.896118
731,303,3.633539
726,304,52.045101
727,304,45.163368
728,304,18.759033
729,304,6.028539
730,304,4.654874
731,304,12.392865
732,304,14.234344
733,304,8.971496
605,305,1.116729
608,305,16.900171
609,305,34.66423
610,305,16.613474
726,305,115.089981
727,305,75.057159
728,305,26.882339
729,305,20.311234
730,305,17.122175
731,305,48.350971
732,305,46.520809
733,305,37.369942
726,306,363.289978
727,306,79.842186
728,306,90.498474
729,306,57.458069
731,306,287.950073
606,307,40.715466
607,307,15.028061
608,307,1.860736
624,307,48.020988
607,308,2.232369
608,308,2.934638
609,308,6.700623
610,308,10.801408
611,308,15.49145
707,311,25.566561
708,311,46.08699
711,311,23.002548
712,311,23.002548
713,311,13.418186
714,311,8.644066
715,311,21.132236
707,312,27.382483
708,312,6.410874
709,312,12.606861
710,312,12.168793
711,312,4.531988
712,312,4.531988
713,312,3.088845
714,312,3.650043
715,312,3.650043
718,312,1.829504
707,313,16.784702
708,313,5.632653
709,313,7.324368
710,313,1.635215
711,313,1.323918
712,313,1.323918
713,313,2.039135
714,313,1.079022
715,313,3.23031
718,313,4.561471
719,313,3.055763
765,313,5.346467
766,313,33.937157
661,314,35.543739
662,314,32.45385
663,314,25.930784
664,314,27.426519
665,314,27.409798
666,314,32.366341
667,314,31.224087
668,314,25.586714
707,314,3.012305
708,314,1.239192
709,314,10.537635
710,314,4.246212
711,314,4.412454
712,314,2.321969
713,314,3.474928
714,314,2.372457
715,314,3.0202
716,314,3.201656
717,314,3.518945
753,314,3.283956
765,314,3.145103
766,314,30.393309
662,315,36.951717
707,315,3.569605
708,315,6.40082
709,315,15.743876
710,315,11.964788
711,315,10.71489
712,315,8.011264
713,315,10.531817
714,315,9.958952
715,315,8.473794
716,315,8.770717
717,315,4.673698
718,315,4.677084
739,315,6.557747
748,315,5.086758
751,315,2.040892
752,315,3.220239
753,315,3.219733
754,315,5.969439
765,315,2.530701
766,315,7.740705
707,316,11.57659
708,316,33.346951
709,316,30.264393
710,316,10.570509
711,316,32.880863
712,316,11.144255
713,316,9.817216
714,316,7.488017
715,316,7.416421
716,316,7.416421
717,316,5.886124
718,316,6.040405
719,316,21.410881
739,316,1.288143
740,316,5.465715
746,316,20.732847
748,316,2.708671
751,316,1.450763
752,316,1.870761
764,316,1.336827
765,316,3.422211
766,316,8.636927
631,0,3.924733
631,1,5.266474
632,1,10.477837
633,1,17.084389
634,1,10.750978
635,1,16.162786
636,1,33.891361
669,1,68.555191
977,1,6.103289
656,317,2.738064
681,317,21.33724
744,317,3.894136
751,317,1.08091
752,317,5.286843
753,317,3.143707
763,317,1.264306
630,2,64.324295
632,2,5.963092
979,2,2.221182
656,318,4.171826
658,318,1.511219
675,318,43.496471
676,318,8.121722
677,318,8.831456
678,318,37.189434
679,318,23.733524
680,318,58.275566
739,318,6.884356
743,318,30.983849
744,318,17.240314
745,318,6.344455
746,318,5.861823
747,318,7.616148
751,318,15.870097
752,318,14.587684
753,318,11.360956
754,318,2.800215
756,318,59.83704
763,318,5.036595
764,318,1.59346
629,3,43.197903
630,3,72.685143
632,3,2.744236
658,319,1.023029
667,319,6.218748
668,319,3.577203
669,319,2.40474
670,319,5.111401
671,319,8.243887
672,319,31.12092
673,319,51.14185
674,319,46.133823
675,319,19.681381
676,319,22.616753
677,319,15.633246
678,319,11.514915
679,319,40.598301
764,319,12.815645
662,320,1.464535
663,320,1.425587
695,320,10.689632
696,320,7.747908
697,320,7.058887
698,320,7.295377
699,320,5.396549
700,320,8.47175
701,320,16.54578
702,320,2.877553
704,320,1.634729
705,320,2.881594
706,320,2.05129
707,320,9.877708
708,320,14.720836
765,320,5.240833
632,4,48.60936
635,4,67.705032
636,4,64.990189
632,5,13.869675
700,5,4.675778
979,5,2.053436
656,321,8.718307
657,321,17.404375
658,321,9.655631
660,321,7.546865
696,321,1.485407
697,321,1.96375
698,321,6.225732
699,321,3.233998
700,321,2.318213
702,321,1.16057
703,321,1.419481
704,321,1.062927
705,321,2.594918
706,321,2.728419
707,321,1.376246
761,321,24.109898
762,321,35.400864
763,321,23.776169
765,321,80.447075
656,322,1.426294
657,322,1.618139
697,322,1.715939
698,322,1.271706
699,322,2.289962
700,322,4.212949
701,322,4.108164
702,322,2.354125
706,322,2.155553
707,322,2.473529
708,322,7.813776
765,322,57.826881
630,6,8.981471
632,6,215.517319
700,6,1.554375
631,7,24.428432
699,7,2.649168
700,7,2.878473
649,323,5.157943
697,323,2.675415
698,323,4.239645
699,323,20.253862
700,323,3.842925
701,323,2.828352
702,323,5.81754
703,323,1.870384
704,323,3.416296
705,323,4.250289
707,323,1.747499
708,323,9.172125
756,323,19.093971
765,323,449.257721
766,323,51.611973
768,323,118.791084
769,323,170.856049
770,323,72.543098
699,8,3.330129
700,8,3.005334
644,324,8.39345
645,324,7.144687
648,324,4.910385
649,324,5.681674
657,324,6.375067
698,324,15.962731
699,324,13.334646
700,324,4.475334
701,324,8.368912
702,324,7.727914
703,324,7.511308
704,324,11.366175
705,324,6.799307
706,324,8.350191
707,324,1.747499
708,324,9.05413
756,324,58.689098
699,9,2.580932
700,9,3.337778
648,325,9.111333
698,325,9.929938
699,325,19.822012
700,325,24.325518
701,325,43.727581
702,325,18.590471
703,325,31.112583
704,325,12.88705
705,325,23.703308
706,325,15.18596
707,325,6.840826
708,325,10.251054
654,326,4.073918
657,326,1.729557
666,326,10.94598
667,326,3.964658
669,326,4.682482
670,326,6.012033
671,326,1.299504
654,327,6.680192
667,327,1.626557
668,327,7.252357
669,327,5.478449
673,327,2.240496
674,327,1.3208
642,328,9.554495
646,328,24.732206
647,328,30.614492
648,328,1.057258
649,328,27.029503
654,328,4.970214
673,328,4.739251
674,328,2.50236
680,328,13.107761
643,329,1.437996
646,329,1.209743
647,329,2.467137
649,329,1.448734
654,329,4.011622
655,329,1.65415
673,329,19.402912
674,329,8.537354
654,330,3.938783
679,330,20.658699
734,330,3.303347
755,330,2.309092
654,331,5.131834
655,331,2.998718
679,331,38.16914
734,331,1.899862
743,331,6.851431
744,331,4.900821
745,331,5.838897
746,331,11.699681
747,331,4.761748
748,331,1.304698
749,331,2.205707
750,331,2.265062
754,331,2.936117
654,332,3.325874
655,332,2.361559
661,332,81.357719
668,332,7.390308
670,332,1.684012
672,332,6.067523
673,332,6.258959
674,332,6.602881
734,332,5.016405
735,332,1.420063
745,332,3.418279
746,332,1.441142
747,332,6.880596
748,332,5.707162
749,332,3.353276
750,332,4.278239
751,332,6.050355
752,332,21.629194
753,332,11.473375
754,332,7.807174
654,333,3.100358
655,333,1.413023
661,333,38.085922
663,333,57.893784
664,333,122.998878
668,333,3.232187
669,333,5.279437
670,333,3.9228
671,333,4.53326
672,333,5.364258
673,333,25.277483
674,333,12.967836
734,333,1.765475
735,333,16.508078
742,333,12.924314
743,333,4.843882
744,333,7.014402
745,333,7.0883
746,333,10.414536
747,333,10.653607
748,333,17.797579
749,333,12.362745
750,333,11.230434
751,333,18.216993
752,333,11.052096
753,333,11.972408
754,333,8.821234
755,333,13.05759
756,333,40.864414
757,333,54.705654
758,333,104.850082
759,333,32.141029
760,333,106.792122
719,19,1.364025
734,334,2.553758
735,334,14.211391
742,334,7.292749
743,334,59.893082
744,334,7.388634
745,334,6.76534
746,334,6.992931
747,334,9.342934
748,334,9.342934
749,334,9.342934
750,334,7.61718
751,334,11.76606
752,334,11.81544
753,334,11.548344
754,334,6.819818
755,334,15.857531
756,334,42.074806
757,334,85.490532
758,334,341.287476
759,334,198.672943
698,335,3.451926
699,335,1.171347
734,335,3.783527
735,335,3.389624
721,20,71.813637
722,20,38.845402
724,20,155.405609
725,20,34.717167
727,20,111.536629
729,20,55.313572
645,336,1.488728
698,336,12.028853
699,336,25.928783
723,336,4.481484
724,336,5.573352
734,336,36.215469
735,336,3.192357
736,336,3.045091
642,337,1.539775
643,337,1.852721
647,337,3.117853
648,337,1.044237
649,337,6.424307
674,337,1.504431
700,337,337.262177
723,337,2.20969
729,337,22.293291
730,337,13.455113
735,337,15.497521
736,337,21.119453
646,338,1.221726
654,338,5.628149
655,338,1.018175
676,338,16.569792
679,338,618.56134
722,338,28.604403
723,338,38.776855
729,338,3.987764
730,338,29.559921
649,339,1.438389
654,339,1.98992
655,339,2.435321
661,339,5.92825
662,339,7.767446
663,339,10.374365
664,339,7.180747
665,339,1.445236
668,339,3.147049
669,339,7.078146
670,339,3.033662
671,339,4.165905
672,339,28.113752
673,339,50.466774
674,339,46.013367
676,339,44.578873
679,339,90.501122
729,339,13.055498
730,339,3.76826
654,340,3.937844
655,340,2.603901
658,340,19.098362
659,340,43.031738
660,340,39.358578
661,340,47.013931
662,340,60.585342
663,340,30.285234
664,340,63.544975
665,340,25.296131
668,340,10.169008
669,340,33.400127
670,340,32.528839
671,340,33.218185
672,340,25.123381
673,340,47.869789
674,340,93.657867
679,340,36.697044
680,340,57.927269
730,340,3.662151
790,25,23.467318
791,25,8.079967
792,25,16.512304
794,25,24.284376
795,25,53.660034
648,341,6.678766
649,341,1.096397
654,341,1.704474
655,341,33.477787
711,341,6.677659
712,341,6.085523
713,341,1.918791
714,341,6.293532
715,341,5.419144
716,341,5.071557
717,341,7.848308
718,341,4.92521
719,341,4.766546
721,341,9.342686
722,341,209.394821
647,342,3.0876
654,342,2.328577
655,342,2.841949
698,342,28.148256
711,342,74.629341
712,342,17.540142
713,342,197.308426
714,342,8.329219
715,342,225.363907
716,342,174.128372
717,342,93.391342
718,342,66.743843
719,342,53.902748
720,342,21.80751
721,342,31.711567
722,342,29.713207
785,26,311.404816
786,26,166.220276
787,26,72.590569
788,26,21.739771
789,26,13.347347
790,26,23.72061
798,26,13.855035
799,26,9.040661
800,26,6.894862
801,26,53.788605
786,27,373.008179
787,27,102.98671
789,27,42.80669
790,27,32.70668
654,343,1.535276
655,343,1.643447
711,343,119.499634
712,343,19.610447
716,343,13.064598
717,343,9.733338
718,343,21.056129
719,343,10.440238
720,343,17.820839
721,343,8.068798
722,343,10.075142
729,343,11.840449
730,343,13.404516
777,28,69.618477
647,344,4.93103
648,344,4.046767
654,344,3.220028
711,344,108.953003
729,344,32.096283
730,344,20.2771
643,345,1.601977
654,345,1.488937
655,345,1.597355
642,346,3.282256
665,346,22.117577
668,346,2.745775
669,346,1.758625
671,346,5.479247
672,346,4.579601
673,346,3.084594
729,346,34.588127
730,346,66.528885
731,346,1.751023
642,347,8.847668
643,347,2.076485
667,347,1.50903
668,347,5.04146
669,347,7.31838
670,347,6.564953
671,347,6.564953
672,347,8.11504
673,347,3.028751
674,347,10.624574
730,347,6.741995
736,347,12.116158
737,347,6.040866
639,348,1.424146
642,348,1.412986
643,348,4.631992
703,348,29.932367
736,348,2.845449
737,348,27.507236
642,349,1.831494
643,349,2.868699
667,349,53.477264
668,349,1.583096
669,349,1.501585
670,349,1.781862
671,349,1.290376
672,349,7.65333
673,349,15.619039
736,349,15.818719
639,350,9.785135
640,350,11.149476
642,350,4.47543
643,350,27.992144
649,350,17.39258
658,350,12.671114
659,350,13.785595
660,350,22.466253
661,350,3.455634
662,350,6.070646
668,350,6.753175
669,350,8.661121
670,350,23.898684
671,350,6.204788
672,350,35.454567
673,350,167.304749
698,350,158.662109
699,350,33.606487
700,350,81.224182
701,350,97.313438
702,350,68.233948
703,350,509.645966
705,350,462.809784
708,350,616.741211
730,350,1.966129
731,350,23.810955
639,351,13.267686
649,351,1.041299
658,351,41.257484
660,351,29.93161
663,351,1.16574
698,351,99.092186
699,351,34.306694
700,351,51.656395
701,351,235.916718
702,351,276.434784
731,351,15.203934
732,351,22.625397
649,352,1.257189
663,352,12.030573
698,352,86.104454
700,352,95.037766
732,352,36.576714
649,353,1.291021
663,353,5.5394
732,353,1.005848
643,354,9.187496
649,354,1.220694
663,354,14.271667
643,355,3.366297
649,355,1.149781
663,355,18.404291
732,355,14.389395
741,355,7.736353
742,355,1.294046
679,40,44.823284
684,40,16.268415
699,40,61.54187
675,41,10.390447
676,41,10.374581
677,41,24.45211
731,41,260.804749
639,356,4.238097
642,356,2.381173
649,356,1.149781
663,356,7.776567
726,356,342.112549
727,356,466.039734
733,356,18.42989
737,356,23.485371
738,356,39.497524
741,356,13.383905
742,356,3.258296
744,356,5.319838
649,357,4.353039
663,357,19.338961
733,357,38.782494
733,358,22.511139
741,358,19.981136
742,358,67.335052
743,358,21.249008
744,358,3.109326
762,358,122.024773
805,358,255.055344
659,359,53.999931
660,359,8.709403
662,359,22.348186
733,359,44.052536
742,359,101.412338
743,359,40.096485
744,359,61.209541
659,360,22.561619
660,360,55.033798
661,360,62.08419
662,360,470.826477
663,360,88.760651
739,360,129.147446
746,361,26.48291
747,361,44.176151
750,361,55.912861
754,361,16.903275
755,361,10.16894
756,361,6.516223
757,361,9.805153
758,361,3.364537
759,361,15.612827
760,361,11.26169
646,362,20.478031
647,362,16.381493
648,362,11.539866
746,362,23.882034
750,362,65.099396
751,362,71.716011
752,362,39.469723
753,362,19.29623
754,362,17.646555
755,362,35.604248
756,362,27.667276
757,362,41.973656
758,362,21.514853
759,362,55.642311
760,362,69.230225
647,363,20.053604
648,363,17.646587
649,363,47.001427
750,363,56.315994
754,363,83.476273
756,363,282.411621
757,363,155.936783
758,363,23.031208
759,363,54.417122
760,363,69.000099
758,364,368.709076
635,365,8.062586
652,369,13.173899
652,370,78.303276
719,370,103.158218
720,370,181.085464
721,370,76.193344
722,370,66.750076
723,370,45.001064
724,370,178.263687
725,370,44.665329
726,370,22.339874
727,370,25.396461
643,371,1.494048
652,371,70.643158
728,371,19.223513
642,372,1.236084
643,372,3.910055
728,372,83.061356
642,373,6.103726
644,373,7.41312
645,373,8.633688
650,373,16.340927
644,374,5.693742
645,374,5.961806
647,375,4.65017
648,375,142.200485
649,375,459.464905
670,63,15.503268
671,63,9.107925
672,63,5.58
673,63,2.745369
674,63,2.712806
675,63,2.324982
676,63,4.007054
679,63,56.506706
680,63,82.234985
681,63,37.813641
636,376,2.479772
647,376,31.659771
648,376,597.62207
635,377,36.774849
636,377,24.415459
637,377,4.776066
667,64,5.482399
668,64,7.303655
670,64,1.297295
671,64,1.374398
672,64,2.739015
673,64,2.52038
674,64,2.619307
675,64,3.008346
676,64,6.452903
679,64,47.19606
681,64,6.811257
682,64,4.150979
683,64,29.303068
684,64,69.692955
685,64,93.2733
686,64,19.959082
687,64,134.472412
688,64,32.534386
689,64,3.257499
690,64,29.050581
691,64,121.22464
692,64,48.29723
666,65,9.629158
667,65,6.15512
668,65,2.106432
669,65,3.030203
670,65,1.709213
671,65,1.622067
672,65,3.117305
673,65,3.028441
674,65,3.509701
675,65,2.910698
676,65,4.770581
679,65,3.2581
680,65,1.202259
681,65,31.942879
682,65,21.73579
683,65,72.249138
689,65,25.41259
690,65,47.98193
691,65,34.913609
692,65,115.169853
807,65,258.800995
667,66,5.592477
668,66,1.734747
669,66,1.951347
670,66,1.473562
671,66,1.932689
672,66,1.358941
673,66,3.372452
674,66,1.76252
676,66,15.957582
679,66,1.027463
680,66,11.571411
681,66,68.561607
682,66,42.471138
683,66,86.50222
689,66,89.027122
690,66,75.713829
691,66,59.069351
692,66,136.21431
703,66,10.935865
833,66,363.884735
841,66,185.871185
843,66,148.362778
854,66,147.258301
856,66,69.442688
764,379,20.432005
765,379,255.236084
772,379,77.759872
773,379,77.759872
774,379,99.915123
636,67,3.133468
637,67,2.483051
667,67,6.279891
668,67,2.626205
669,67,2.320866
670,67,2.095871
671,67,1.350912
672,67,1.798523
673,67,3.234118
674,67,1.564169
675,67,4.989532
676,67,31.001587
679,67,1.936816
680,67,26.064083
681,67,48.055511
691,67,173.894409
703,67,53.701607
835,67,109.028717
836,67,66.952034
837,67,50.537868
838,67,74.261192
839,67,64.551933
840,67,54.694458
841,67,55.031921
842,67,55.050697
843,67,61.831329
844,67,82.418007
845,67,44.07917
846,67,90.874825
847,67,65.603638
848,67,38.531898
849,67,75.253754
853,67,118.410774
854,67,74.045883
628,68,3.515135
629,68,2.201716
630,68,38.730785
631,68,20.595392
632,68,5.423345
636,68,2.164422
637,68,5.138077
666,68,42.768761
667,68,11.866191
668,68,3.858605
669,68,2.76705
670,68,4.396297
671,68,6.257535
672,68,8.783792
673,68,8.23918
674,68,16.213213
675,68,27.182055
676,68,71.277603
679,68,16.816769
680,68,32.440548
681,68,72.067513
691,68,78.042374
703,68,92.290314
754,68,120.62587
755,68,162.127228
756,68,85.338959
834,68,166.169647
835,68,109.054939
836,68,96.319092
837,68,202.515015
838,68,50.827511
839,68,48.147869
842,68,27.122911
843,68,29.640501
844,68,109.505753
846,68,36.30064
847,68,60.246792
848,68,52.452522
850,68,26.393408
773,380,89.903122
776,380,24.63707
618,69,105.273293
621,69,1.480624
622,69,1.439715
623,69,1.028829
624,69,3.008813
625,69,8.199759
626,69,8.521089
627,69,6.979707
628,69,9.531908
629,69,16.443375
630,69,17.05654
631,69,10.392349
633,69,45.911491
634,69,144.500183
635,69,130.697571
636,69,27.572453
637,69,25.551729
638,69,3.331877
639,69,1.006786
665,69,34.674282
666,69,43.658077
667,69,7.815547
668,69,16.259165
669,69,39.978424
670,69,18.951336
671,69,32.889668
672,69,31.290623
673,69,8.709429
674,69,26.348812
675,69,37.474003
676,69,59.868347
679,69,20.39591
680,69,30.865318
681,69,34.035027
691,69,66.616219
692,69,120.058792
753,69,185.40303
756,69,58.968975
757,69,130.686172
759,69,69.267982
762,69,106.101997
765,69,99.249474
766,69,128.243149
847,69,133.725357
848,69,155.803864
850,69,51.158306
617,70,25.127502
618,70,4.609558
620,70,12.667069
621,70,17.629
622,70,13.999077
623,70,13.277004
624,70,1.572586
625,70,1.169038
626,70,103.518967
627,70,90.910072
631,70,40.297306
632,70,106.466019
633,70,29.734924
638,70,58.667892
639,70,1.535247
666,70,15.831715
667,70,68.635284
668,70,48.113556
669,70,19.374479
670,70,23.066225
671,70,58.426773
672,70,80.116768
673,70,14.956778
674,70,17.085247
675,70,25.934792
676,70,52.993877
679,70,60.071533
680,70,48.478649
681,70,38.058311
691,70,147.664642
692,70,170.433304
693,70,88.979546
619,71,213.400818
623,71,182.490677
624,71,129.433121
625,71,35.048939
626,71,1.342206
631,71,13.564507
632,71,22.254467
633,71,1.159325
673,71,62.357296
674,71,14.408949
675,71,17.326639
676,71,171.908112
691,71,211.681671
692,71,479.632416
703,71,107.548386
716,71,33.369495
624,72,12.277418
625,72,15.754469
626,72,1.387635
627,72,1.041741
652,72,1.345455
673,72,58.311413
674,72,13.422082
675,72,24.836075
676,72,57.271927
672,73,137.628632
673,73,25.01783
674,73,29.794821
675,73,25.939823
676,73,37.149128
667,74,30.66474
672,74,198.666245
673,74,17.120544
674,74,43.793152
675,74,39.422359
676,74,49.773911
673,75,149.729507
674,75,666.43103
675,75,42.256828
676,75,83.251297
673,76,43.404198
674,76,50.668259
675,76,56.844261
676,76,111.447571
847,76,3.417701
848,76,6.340091
850,76,7.072792
670,77,10.380553
672,77,71.531624
673,77,43.611099
674,77,42.349152
675,77,89.078964
676,77,233.436569
846,77,5.715405
669,78,20.493464
670,78,20.493464
673,78,53.473923
674,78,56.37899
675,78,115.592964
844,78,14.451929
845,78,4.731675
846,78,5.987255
668,79,22.235891
669,79,21.703957
670,79,22.309557
673,79,162.84549
674,79,139.506958
675,79,171.986572
723,79,14.070286
829,79,47.606285
674,80,187.788803
675,80,173.264938
723,80,5.30108
722,81,2.92078
723,81,2.566219
724,81,1.365711
829,81,105.080833
722,82,7.010147
723,82,1.974074
724,82,1.851511
725,82,13.06496
721,83,3.085483
722,83,2.496328
725,83,4.218807
682,94,18.196411
683,94,9.588266
684,94,8.771831
685,94,6.938107
686,94,2.762808
687,94,3.552608
688,94,2.976673
689,94,2.758308
690,94,2.662562
683,95,4.421452
684,95,14.083153
685,95,6.634516
686,95,2.267374
688,95,4.16132
684,96,12.119686
687,96,2.618132
688,96,2.718044
682,97,77.37571
683,97,22.21171
684,97,109.569183
689,97,1.921554
690,97,4.031056
695,97,2.531687
697,97,1.437631
698,97,5.296324
699,97,6.522685
747,97,145.703339
748,97,44.533356
749,97,75.851974
750,97,114.220192
751,97,95.30938
752,97,63.5144
753,97,33.986191
755,97,43.096436
756,97,45.492504
757,97,143.485413
758,97,69.531769
759,97,41.079441
761,97,65.515648
762,97,75.162811
786,97,45.107204
787,97,60.08606
788,97,54.675713
789,97,57.782253
791,97,28.484859
792,97,67.220825
795,97,47.941189
817,97,48.068184
818,97,57.96595
821,97,66.760063
823,97,31.588942
687,98,2.386262
688,98,19.073593
689,98,14.071042
690,98,21.11495
749,98,112.27047
750,98,18.23184
751,98,18.580261
752,98,47.369064
753,98,61.247864
754,98,46.001518
755,98,41.568657
756,98,75.345001
758,98,113.418732
759,98,22.596594
760,98,24.036245
761,98,79.850418
762,98,100.65696
791,98,46.574291
798,98,49.300182
810,98,339.479553
829,98,289.394653
830,98,306.891815
810,103,4.235734
750,113,22.484467
785,113,3.488416
786,113,1.883535
787,113,2.319653
788,113,1.420167
789,113,1.287329
790,113,2.083937
791,113,5.376369
792,113,9.401768
744,115,12.538598
745,115,1.211717
746,115,8.592094
784,115,3.181073
785,115,2.810972
786,115,3.553401
787,115,2.318665
788,115,3.047632
790,115,3.67931
791,115,11.382113
792,115,9.028796
793,115,17.966694
794,115,18.986425
795,115,27.820904
796,115,16.160835
797,115,17.218294
783,116,3.904281
784,116,1.980909
785,116,2.256955
786,116,1.652418
787,116,1.366848
788,116,1.496039
790,116,3.058605
791,116,2.179183
792,116,3.635527
793,116,4.748694
794,116,2.419939
795,116,3.140464
796,116,13.318204
821,116,10.236362
758,117,3.136313
787,117,1.287632
788,117,1.140341
791,117,1.760655
792,117,3.37453
793,117,2.091163
794,117,2.429487
795,117,1.274081
755,118,1.184862
785,118,1.564912
786,118,1.526325
790,118,1.433287
792,118,2.876328
793,118,191.991043
794,118,25.185911
746,119,1.131556
755,119,1.184862
786,119,612.060791
787,119,1.06552
790,119,1.30953
792,119,4.909256
793,119,2.516229
794,119,3.291348
824,119,8.938627
747,120,1.307652
784,120,2.988605
785,120,1.685488
787,120,13.589137
788,120,1.271979
790,120,1.852409
791,120,1.417845
792,120,3.124372
793,120,3.713416
794,120,2.966858
822,120,12.614923
823,120,8.4129
750,121,2.704133
754,121,1.222615
822,121,13.315523
752,122,1.119635
754,122,1.82837
784,122,1.878917
786,122,1.204592
787,122,1.264243
788,122,2.031853
789,122,1.015729
790,122,2.614728
791,122,2.571756
792,122,5.671789
793,122,2.244555
794,122,4.406409
796,122,2.708451
797,122,26.792286
818,122,28.991024
822,122,9.152647
746,123,88.71489
747,123,87.700172
748,123,103.513763
782,123,2.871323
783,123,4.302319
742,124,178.924103
743,124,143.573761
744,124,116.867096
745,124,129.496231
746,124,115.555161
747,124,89.817146
748,124,60.025017
759,124,1.635075
762,124,2.109302
763,124,1.489504
826,124,10.285217
742,125,35.597153
743,125,93.576759
744,125,143.318848
745,125,98.062553
751,125,145.320221
752,125,109.808319
753,125,109.848511
754,125,99.839165
755,125,116.33728
768,125,2.663999
769,125,8.876599
825,125,4.078163
826,125,14.137226
833,125,17.752457
746,126,11.020741
747,126,4.589226
748,126,9.851171
751,126,33.458282
752,126,36.5839
753,126,35.312675
754,126,33.894489
755,126,38.376957
826,126,12.906603
827,126,11.276815
833,126,7.413262
741,127,205.070084
742,127,126.330002
743,127,112.217728
744,127,46.159321
745,127,46.493988
746,127,16.876551
747,127,16.566523
748,127,31.242437
749,127,29.316875
758,127,46.711117
759,127,18.479883
769,127,21.325533
770,127,31.918425
771,127,102.37426
823,127,9.436975
824,127,12.979435
825,127,13.625316
827,127,16.228939
741,128,169.48793
742,128,161.715851
743,128,67.635643
744,128,81.791245
753,128,5.342273
754,128,8.720442
755,128,9.280765
757,128,18.605326
758,128,9.071432
759,128,21.288645
762,128,6.041026
763,128,5.864014
764,128,5.274697
765,128,12.159097
766,128,20.445984
767,128,13.293189
768,128,12.595817
769,128,29.918186
770,128,62.724586
771,128,93.885323
823,128,12.434187
824,128,6.825004
825,128,7.690652
827,128,3.385769
831,128,2.479891
832,128,2.768928
833,128,7.725887
834,128,3.873358
835,128,4.005277
748,129,16.200397
749,129,14.609398
750,129,18.823692
751,129,12.663095
752,129,9.602309
753,129,101.031082
754,129,21.18404
755,129,6.201364
756,129,8.157355
757,129,11.284684
758,129,3.770142
759,129,5.135492
760,129,4.514362
761,129,6.111719
762,129,5.169215
763,129,9.182367
764,129,3.712807
765,129,8.779849
766,129,25.442778
767,129,28.09004
768,129,29.983608
769,129,63.40995
770,129,76.502777
771,129,73.999672
824,129,10.040108
825,129,17.426176
831,129,8.642241
832,129,11.633064
833,129,9.853742
834,129,16.264713
835,129,33.610691
745,130,70.768295
746,130,8.861582
747,130,14.946918
748,130,12.286767
749,130,12.255278
750,130,23.412022
751,130,9.537187
752,130,12.110481
753,130,10.096254
754,130,18.491819
755,130,3.838578
756,130,13.495932
757,130,30.359703
758,130,36.704651
759,130,11.146273
760,130,5.596603
761,130,10.700415
762,130,7.581826
763,130,12.843256
764,130,12.6602
765,130,30.164124
766,130,23.694508
767,130,80.635063
768,130,125.761353
769,130,290.721466
770,130,256.666504
828,130,15.719923
835,130,1.513665
743,131,254.868195
744,131,135.076401
745,131,14.341
746,131,10.101116
747,131,2.675411
748,131,1.826037
749,131,10.87488
750,131,17.676704
751,131,10.440294
752,131,13.696809
753,131,10.652235
754,131,6.186473
755,131,10.19449
756,131,9.155633
757,131,17.230633
758,131,53.067505
759,131,10.071484
767,131,235.024536
825,131,15.306891
832,131,1.646921
833,131,8.172283
834,131,10.596004
835,131,9.595299
743,132,286.075317
744,132,39.641205
745,132,20.172331
746,132,27.267504
747,132,20.273806
748,132,16.769161
749,132,16.187826
750,132,33.047829
751,132,29.016914
752,132,18.803825
753,132,54.53167
754,132,9.567903
784,132,9.49938
785,132,20.287247
786,132,21.271788
823,132,13.656666
825,132,8.510103
827,132,2.72459
831,132,7.841406
832,132,13.501595
833,132,12.734416
743,133,266.083038
744,133,72.268234
745,133,46.988113
746,133,21.600548
751,133,156.970245
752,133,148.079208
784,133,4.359051
785,133,14.842288
786,133,16.172899
745,134,31.023453
746,134,42.393391
776,134,49.890694
782,134,7.784878
783,134,24.080299
833,134,31.170818
717,135,2.644525
776,135,61.767216
777,135,51.688934
782,135,37.043617
776,136,96.678482
823,136,8.044787
823,137,7.858641
684,138,51.611393
721,138,3.865156
722,138,4.3013
822,138,10.420063
823,138,27.01235
826,138,9.300621
721,139,3.751508
722,139,11.728367
759,139,1.177423
821,139,18.363722
822,139,4.672605
685,140,39.181862
722,140,9.161077
690,141,28.953012
699,141,13.714982
722,141,7.160449
677,142,101.093658
690,142,16.535326
693,142,3.62536
694,142,4.218162
695,142,4.227626
696,142,5.656607
697,142,3.210743
699,142,12.348841
700,142,6.945805
722,142,4.509535
807,142,2.66066
808,142,1.791904
809,142,7.548448
673,143,3.163706
675,143,72.318199
692,143,12.85273
693,143,4.649755
694,143,6.991033
695,143,5.580335
696,143,1.924606
697,143,1.487985
700,143,2.791387
718,143,1.267416
720,143,5.408801
722,143,4.479196
671,144,2.111502
687,144,13.03789
694,144,1.862189
695,144,2.179365
696,144,5.817551
720,144,3.25784
672,145,6.437394
673,145,47.94677
687,145,2.636876
694,145,7.298439
695,145,1.237607
720,145,2.099821
671,146,142.467316
672,146,40.63316
673,146,229.546173
674,146,255.332916
686,146,1.033535
687,146,6.12589
688,146,5.717137
671,147,93.891129
686,147,5.401103
688,147,3.803297
668,148,27.50655
669,148,261.595673
688,148,3.050695
720,148,25.447336
721,148,1.751979
722,148,38.994377
723,148,12.276871
724,148,8.751389
664,149,10.67853
665,149,31.681042
666,149,16.243111
687,149,90.603569
688,149,12.100715
689,149,9.537915
715,149,31.852922
716,149,3.662321
717,149,28.410652
718,149,28.364496
721,149,2.672431
722,149,4.434313
723,149,2.588072
658,150,18.997156
659,150,8.654959
660,150,21.085808
661,150,4.862349
662,150,22.453949
682,150,76.027069
687,150,11.018608
688,150,8.529076
689,150,1.655928
692,150,10.251129
693,150,16.579622
709,150,6.651474
710,150,5.495174
711,150,4.690583
712,150,3.573265
713,150,36.69022
714,150,15.394031
715,150,5.877231
716,150,8.06254
724,150,9.878978
725,150,46.749901
661,151,4.316421
662,151,1.773633
679,151,1.478597
680,151,5.610422
681,151,9.147798
682,151,18.300098
688,151,1.267712
689,151,3.494485
690,151,84.376808
709,151,1.446773
724,151,1.321571
725,151,31.622177
658,152,2.242239
659,152,1.896444
660,152,14.147136
661,152,1.062139
681,152,9.408611
688,152,3.847731
689,152,90.941284
690,152,63.948677
657,153,1.319762
658,153,67.034241
659,153,4.477498
672,153,1.228037
682,153,1.118823
686,153,6.202164
687,153,8.727881
690,153,89.443161
707,153,1.938169
724,153,2.525635
852,153,125.719398
657,154,13.110737
659,154,9.118916
660,154,3.934383
668,154,2.50559
669,154,2.594014
686,154,3.36556
687,154,5.687432
688,154,13.107196
665,155,12.831992
667,155,2.38822
669,155,74.852592
672,155,1.374503
685,155,1.465054
687,155,1.628667
689,155,21.128323
690,155,81.307999
725,155,4.240591
726,155,4.189
792,155,7.338327
663,156,4.304825
664,156,4.786664
666,156,115.458351
667,156,64.677956
668,156,193.155762
669,156,212.219208
690,156,66.736961
781,156,1.252951
782,156,6.635941
787,156,1.770754
788,156,2.045953
789,156,3.590067
790,156,3.174547
791,156,5.297338
792,156,3.067987
793,156,4.243829
664,157,64.302917
665,157,121.909714
666,157,159.56218
689,157,7.537242
777,157,2.711451
778,157,1.928104
779,157,1.136585
781,157,1.212714
782,157,6.139128
786,157,6.532369
788,157,13.298184
789,157,6.390482
790,157,5.850947
647,158,3.429415
656,158,222.026871
661,158,192.332565
662,158,175.053009
682,158,90.272018
683,158,161.914169
727,158,29.346605
770,158,4.147738
776,158,3.593094
777,158,3.364293
778,158,1.926875
648,159,207.953964
649,159,419.905701
656,159,132.051834
657,159,79.644424
658,159,152.964966
702,159,174.260239
703,159,303.647095
716,159,54.745281
718,159,15.236097
719,159,12.582795
727,159,11.570113
766,159,2.313956
767,159,2.7635
768,159,2.757219
769,159,2.263901
770,159,15.706154
771,159,10.662121
772,159,10.741569
773,159,2.220035
776,159,4.098794
648,160,586.325806
657,160,146.231262
703,160,83.773651
704,160,83.930115
710,160,11.682943
712,160,70.431366
713,160,54.59388
714,160,235.049316
762,160,1.822973
763,160,2.808055
764,160,1.480548
766,160,8.493575
769,160,1.150614
649,161,415.117737
704,161,207.971573
705,161,184.493347
706,161,6.369089
707,161,11.859969
708,161,26.122181
709,161,40.160107
757,161,4.835562
758,161,4.459788
759,161,1.680388
764,161,1.012277
766,161,2.007495
767,161,1.654025
650,162,341.336426
703,162,56.901356
704,162,308.267395
705,162,516.298889
749,162,1.659948
751,162,2.000644
758,162,2.560309
759,162,8.369102
760,162,1.041444
761,162,1.22219
766,162,3.299225
767,162,1.955751
748,163,1.578329
749,163,2.235532
761,163,1.467435
763,163,1.066778
764,163,4.84514
750,164,1.212655
755,164,1.107278
757,164,1.754027
758,164,2.528792
759,164,1.640817
760,164,2.901845
754,165,2.03141
755,165,2.904194
750,166,3.174978
800,168,20.401875
795,169,175.277878
796,169,88.28891
797,170,52.596855
773,171,1.860628
774,171,2.898055
777,171,1.065901
778,171,1.687949
781,171,38.094589
770,172,5.575524
771,172,3.152858
772,172,3.832749
773,172,1.852874
774,172,1.186257
776,172,1.120072
780,172,12.133613
781,172,36.506142
761,173,1.758751
764,173,1.777862
765,173,2.353152
766,173,1.29538
771,173,1.603928
772,173,1.079652
773,173,1.025363
774,173,1.77488
776,173,1.16198
777,173,1.625355
778,173,2.799037
779,173,9.846456
780,173,57.082916
757,174,2.80306
758,174,2.186593
762,174,1.017167
766,174,1.941538
771,174,20.608461
772,174,2.125459
777,174,5.785203
793,174,170.039795
754,175,6.496353
774,175,1.038177
778,175,4.418665
780,175,1.125547
753,176,1.322246
765,176,1.473931
766,176,4.486635
772,176,1.758298
773,176,1.176838
775,176,1.330598
776,176,4.53508
779,176,3.887084
780,176,2.724407
781,176,12.135083
747,177,1.016882
763,177,1.346802
766,177,5.791614
767,177,6.064455
771,177,1.504064
772,177,2.855418
773,177,3.445044
774,177,1.707731
775,177,3.648824
776,177,4.252082
777,177,2.699641
778,177,9.638359
779,177,5.829731
780,177,7.940988
781,177,26.937071
782,177,37.776882
764,178,1.992809
766,178,1.159276
767,178,5.302625
771,178,9.153772
772,178,1.495214
773,178,4.997524
774,178,5.802725
775,178,6.788953
776,178,5.808112
778,178,19.437017
779,178,29.571901
759,179,1.19174
760,179,1.540478
761,179,2.287091
764,179,1.40835
765,179,1.200057
766,179,2.174751
767,179,9.871216
771,179,25.527279
772,179,7.399002
773,179,14.129144
774,179,9.368715
775,179,2.177857
776,179,2.255595
777,179,4.054437
758,180,2.004742
763,180,2.102352
766,180,6.850937
767,180,7.412153
771,180,2.516338
772,180,1.116708
773,180,1.494249
774,180,4.706781
775,180,5.302468
748,181,1.722956
750,181,1.125885
756,181,1.079592
766,181,4.692315
767,181,6.549773
748,182,2.946148
749,182,2.214128
750,182,2.193569
750,183,5.411862
783,183,4.407724
777,184,17.217508
784,184,121.133705
756,190,6.491149
833,196,954.606567
834,196,318.830658
835,196,667.801453
832,197,195.420197
830,198,131.484787
775,200,2.206495
851,201,913.200623
