1517,529,36.179951
1518,529,21.582846
1519,529,25.436769
1520,529,14.398262
1521,529,25.11488
1522,529,36.162796
1523,529,58.796127
1524,529,50.056202
1525,529,69.586304
1526,529,45.89695
1527,529,32.752533
1528,529,20.11293
1529,529,41.025837
1549,529,27.939709
1551,529,30.378546
1552,529,40.639748
1554,529,82.435455
1663,529,5.119632
1664,529,47.722786
1665,529,7.223112
1706,529,18.587343
1718,529,5.169242
1719,529,3.928215
1736,529,3.156111
1737,529,11.272433
1490,530,66.212471
1509,530,8.433037
1510,530,7.017451
1511,530,7.647154
1512,530,7.54753
1513,530,13.103656
1514,530,7.23546
1517,530,4.597713
1518,530,5.328798
1521,530,1.778624
1529,530,9.331243
1532,530,3.935318
1663,530,31.807068
1664,530,13.013885
1665,530,5.455828
1668,530,5.44207
1669,530,7.524206
1670,530,3.543536
1706,530,12.89812
1718,530,7.082663
1719,530,2.889515
1736,530,3.396427
1737,530,8.863482
1738,530,13.569542
1490,531,56.486179
1532,531,1.156875
1580,531,216.350006
1663,531,13.002869
1664,531,6.904585
1665,531,9.678563
1666,531,17.343742
1668,531,1.880805
1669,531,4.91703
1670,531,1.42736
1718,531,8.406546
1719,531,2.914025
1720,531,1.043419
1736,531,3.099913
1737,531,8.82162
1738,531,12.705456
1740,531,62.783085
1532,532,1.7263
1654,532,32.017181
1668,532,5.747412
1669,532,7.299557
1670,532,10.092609
1718,532,8.312122
1719,532,3.781685
1720,532,1.364754
1736,532,2.785568
1737,532,7.757745
1738,532,13.410775
1490,533,19.040655
1649,533,9.457327
1655,533,21.302095
1717,533,19.8878
1718,533,10.010548
1719,533,4.225811
1720,533,1.636573
1729,533,1.02421
1735,533,1.784677
1736,533,3.141505
1737,533,7.688993
1738,533,14.0894
1490,534,9.904059
1541,534,51.510227
1550,534,4.260595
1551,534,13.985102
1637,534,245.776459
1655,534,4.128045
1717,534,86.760628
1718,534,38.648994
1719,534,6.562656
1721,534,1.22947
1723,534,1.376333
1724,534,1.717732
1725,534,1.325251
1727,534,1.243414
1732,534,2.9636
1735,534,1.71711
1736,534,3.399738
1737,534,12.322497
1738,534,13.768449
1490,535,11.968454
1551,535,8.991584
1718,535,25.676144
1719,535,27.015451
1720,535,15.175921
1721,535,11.291315
1722,535,2.723036
1723,535,2.54119
1724,535,2.142414
1725,535,3.053852
1726,535,3.98049
1727,535,1.736266
1728,535,1.799132
1729,535,2.182368
1730,535,6.807261
1731,535,7.068337
1732,535,6.11059
1733,535,10.58474
1734,535,8.437639
1735,535,6.476671
1736,535,9.124516
1737,535,11.016867
1738,535,13.806522
1512,536,20.769173
1513,536,19.135717
1514,536,8.310678
1515,536,19.631109
1516,536,26.62006
1551,536,12.566239
1625,536,85.908195
1628,536,65.253021
1719,536,35.53788
1720,536,20.922157
1721,536,17.749023
1722,536,6.30003
1723,536,8.907707
1724,536,3.133127
1725,536,3.975257
1726,536,3.666487
1727,536,4.686438
1728,536,7.739933
1729,536,21.07988
1730,536,25.831581
1731,536,21.260351
1732,536,15.404245
1733,536,14.175664
1734,536,11.216832
1735,536,13.236708
1736,536,12.300501
1737,536,15.861268
1738,536,19.309807
1739,536,20.772272
1740,536,25.534288
1550,537,1.732364
1551,537,8.295419
1702,537,51.000435
1703,537,59.834015
1733,537,23.170439
1734,537,24.742489
1735,537,14.34582
1736,537,19.477812
1737,537,22.974201
1738,537,35.943863
1739,537,22.922428
1518,538,23.72768
1519,538,19.464182
1520,538,41.010094
1521,538,20.288589
1522,538,17.598864
1523,538,9.27505
1524,538,25.727106
1525,538,23.131857
1526,538,27.834942
1527,538,33.869564
1528,538,25.086906
1529,538,43.646263
1530,538,42.692307
1551,538,13.39302
1699,538,3.380566
1703,538,2.023094
1741,538,9.579159
1658,539,1.124072
1659,539,1.185341
1569,540,26.249512
1580,540,83.254631
1646,540,5.422184
1647,540,19.828884
1648,540,4.116255
1649,540,6.62403
1650,540,9.992607
1651,540,6.002447
1652,540,7.805703
1653,540,9.617758
1654,540,4.837568
1655,540,4.577224
1656,540,5.299489
1659,540,3.083187
1565,541,3.671683
1566,541,41.293488
1568,541,22.780334
1569,541,56.987713
1570,541,48.536877
1650,541,4.36013
1651,541,7.230723
1652,541,4.632927
1658,541,1.313118
1659,541,1.293794
1664,541,1.153703
1665,541,1.90103
1666,541,1.645656
1667,541,2.789235
1668,541,1.547168
1670,541,1.711196
1671,541,1.284101
1643,542,3.799743
1644,542,3.04774
1645,542,6.200465
1665,542,1.421759
1670,542,1.396644
1671,542,2.714067
1677,542,2.009099
1680,542,8.510353
1681,542,3.205134
1726,542,1.265821
1644,543,4.000629
1645,543,8.398533
1664,543,1.338522
1665,543,1.060749
1666,543,1.060749
1667,543,1.095838
1670,543,1.330096
1671,543,2.855661
1677,543,1.157472
1679,543,8.513388
1680,543,7.462291
1681,543,4.67073
1682,543,5.795506
1726,543,1.137001
1551,544,3.208011
1552,544,4.927663
1553,544,6.61995
1554,544,3.285261
1555,544,6.068388
1556,544,5.81894
1557,544,4.973584
1558,544,7.54854
1559,544,13.437187
1560,544,7.679904
1679,544,8.528352
1680,544,9.028422
1681,544,6.128102
1550,545,2.02957
1551,545,1.953637
1554,545,3.31885
1555,545,3.394791
1556,545,4.531516
1557,545,4.903357
1558,545,3.960648
1559,545,3.970834
1560,545,5.610086
1522,548,2.313718
1523,548,1.409655
1531,548,3.628529
1616,548,12.689875
1522,549,1.489981
1523,549,3.354012
1556,549,18.702173
1558,549,22.655499
1559,549,50.202419
1523,550,2.187063
1557,550,2.107888
1558,550,6.947388
1559,550,24.70421
1560,550,28.03429
1615,550,2.856112
1616,550,7.889082
1525,551,1.811122
1526,551,2.887634
1527,551,3.380052
1528,551,2.26201
1529,551,6.734063
1556,551,4.258561
1558,551,25.48793
1559,551,4.936803
1562,551,21.283714
1563,551,13.264214
1564,551,17.587254
1565,551,17.336838
1566,551,18.925776
1567,551,20.035999
1568,551,18.647427
1569,551,37.410721
1570,551,31.162006
1571,551,22.310881
1549,552,1.139834
1656,552,11.492951
1657,552,6.634015
1558,553,54.010738
1656,553,2.009385
1657,553,3.766082
1658,553,5.043452
1491,554,18.132986
1492,554,28.010443
1654,554,42.551392
1655,554,6.195789
1656,554,4.651656
1657,554,5.676798
1658,554,5.616447
1723,554,34.429218
1724,554,41.962929
1725,554,3.599673
1726,554,34.927753
1727,554,17.470604
1728,554,9.409877
1729,554,2.351358
1730,554,8.777786
1731,554,8.73315
1732,554,6.961294
1733,554,12.343725
1734,554,25.93503
1493,555,2.898562
1494,555,5.849593
1495,555,2.707973
1496,555,9.845789
1541,555,532.473511
1551,555,1.426128
1552,555,7.570333
1659,555,1.088033
1722,555,18.646635
1723,555,3.670452
1724,555,2.348622
1725,555,4.599191
1726,555,5.051493
1727,555,11.835819
1728,555,6.144639
1729,555,3.435546
1730,555,2.19907
1731,555,5.142664
1732,555,12.574349
1733,555,6.017117
1734,555,3.928914
1739,555,5.108707
1740,555,13.237441
1741,555,49.342915
1541,556,5.001927
1659,556,1.511263
1722,556,14.536599
1723,556,6.104237
1724,556,1.237995
1725,556,1.201033
1729,556,1.604821
1730,556,1.003782
1731,556,1.498202
1732,556,3.550925
1733,556,2.471434
1738,556,1.857829
1739,556,4.202145
1741,556,3.510546
1636,557,178.658783
1659,557,4.771574
1722,557,3.312364
1723,557,1.944822
1725,557,1.051551
1726,557,1.002024
1730,557,1.013416
1733,557,1.706903
1738,557,1.372011
1739,557,1.372011
1741,557,11.596354
1742,557,4.58042
1508,558,63.781387
1521,558,9.703362
1522,558,1.406172
1523,558,8.114007
1636,558,75.264633
1658,558,5.047435
1659,558,13.979486
1722,558,4.913914
1723,558,5.067192
1724,558,4.704541
1734,558,1.441864
1527,559,3.302445
1528,559,12.660366
1529,559,11.052493
1530,559,10.706582
1634,559,129.766785
1658,559,4.337698
1659,559,22.833389
1634,560,69.965248
1635,560,54.359955
1658,560,6.820566
1659,560,13.880225
1672,560,1.317818
1673,560,1.088033
1634,561,83.5578
1635,561,31.356155
1637,561,112.458595
1672,561,1.060749
1673,561,1.088033
1634,562,36.981106
1635,562,19.366234
1636,562,129.079224
1634,563,27.467239
1635,563,76.157715
1636,563,86.932205
1633,564,74.947777
1634,564,65.552879
1635,564,58.4571
1636,564,546.358826
1687,564,2.196825
1634,565,293.49115
1637,565,253.794006
1687,565,1.204139
1694,565,7.602612
1687,566,1.522928
1694,566,1.280968
1687,567,6.993129
1694,567,1.856657
1695,567,3.60092
1651,568,39.957924
1665,570,102.938438
1666,571,232.771729
1667,571,29.168795
1688,571,66.451477
1689,571,51.906441
1666,572,43.834866
1668,572,24.420284
1669,572,51.240986
1682,572,33.141617
1688,572,37.871044
1690,572,21.685179
1691,572,4.106052
1692,572,5.92046
1693,572,8.500401
1694,572,8.121908
1527,575,58.362495
1530,575,7.313387
1531,575,1.912687
1536,575,141.696533
1558,575,65.697472
1559,575,70.547264
1562,575,39.083103
1528,576,4.457717
1529,576,2.375653
1530,576,7.618848
1531,576,3.704248
1532,576,21.671915
1535,576,6.026538
1536,576,12.926369
1543,576,3.743392
1561,576,16.290335
1562,576,21.267307
1699,576,1.164982
1533,577,4.428194
1535,577,4.98494
1536,577,14.135041
1543,577,12.714598
1547,577,18.225883
1550,577,16.559317
1551,577,16.902414
1552,577,19.019394
1553,577,12.125751
1554,577,11.854984
1555,577,10.553188
1556,577,27.160183
1557,577,21.05072
1558,577,22.569004
1559,577,19.285995
1561,577,27.413492
1700,577,1.655585
1701,577,5.64228
1514,578,11.956501
1550,578,21.490479
1558,578,21.460464
1513,579,6.958034
1514,579,1.762025
1596,579,11.075303
1597,579,6.372874
1598,579,7.387621
1599,579,7.253695
1513,580,14.970611
1514,580,1.819186
1593,580,37.508865
1597,580,3.639453
1598,580,5.402253
1599,580,2.28582
1601,580,20.821644
1740,580,4.456126
1513,581,4.400722
1514,581,8.163902
1636,581,249.213898
1511,582,21.445982
1513,582,12.831905
1514,582,2.435729
1514,583,13.931666
1530,583,12.189294
1531,583,4.48242
1532,583,3.66128
1536,583,16.428617
1543,583,7.910373
1547,583,3.015558
1530,584,2.505729
1531,584,1.250074
1532,584,3.919271
1533,584,3.040547
1534,584,5.11023
1535,584,15.683959
1536,584,10.038961
1537,584,5.912206
1545,584,2.358196
1546,584,3.886106
1554,584,4.340238
1555,584,2.930904
1556,584,4.257397
1562,584,1.708165
1591,584,5.316351
1592,584,2.864712
1652,584,249.894516
1501,585,4.669547
1532,585,10.410198
1536,585,10.933046
1650,585,123.576248
1651,585,53.162891
1652,585,46.611355
1531,586,37.315815
1532,586,13.884488
1651,586,14.429563
1653,586,89.81813
1503,587,29.509649
1652,587,44.16087
1653,587,175.621826
1733,587,21.724422
1734,587,2.770575
1511,588,15.138991
1512,588,21.541862
1513,588,16.303732
1514,588,8.542563
1516,588,8.422953
1517,588,10.82401
1518,588,11.116156
1520,588,11.27263
1733,588,13.507058
1734,588,7.973204
1735,588,3.762978
1500,589,21.75918
1521,589,24.866589
1542,589,3.890162
1543,589,3.926696
1544,589,11.923548
1546,589,8.987251
1742,589,17.611553
1501,590,21.198685
1542,590,15.64879
1541,591,1.616555
1542,591,3.43622
1540,592,2.209229
1541,592,7.287207
1542,592,5.141728
1543,592,7.986805
1557,592,1.052668
1560,592,15.97937
1731,592,2.85402
1732,592,2.795302
1733,592,2.02663
1734,592,1.934117
1509,593,23.850758
1510,593,19.904875
1511,593,8.83967
1512,593,6.995033
1513,593,9.05503
1514,593,13.438259
1515,593,15.846773
1516,593,10.727606
1517,593,7.730201
1518,593,6.91831
1519,593,11.193939
1520,593,13.062141
1528,593,6.023322
1534,593,9.632815
1539,593,26.084206
1540,593,9.319759
1541,593,3.487585
1542,593,5.70301
1543,593,1.135058
1557,593,1.982574
1558,593,1.789027
1559,593,5.73167
1686,593,52.866005
1517,594,31.403503
1541,594,8.023254
1546,594,1.129457
1547,594,5.361905
1553,594,3.09591
1554,594,1.340813
1555,594,1.010288
1558,594,3.456477
1741,594,16.840651
1542,595,1.363237
1546,595,1.12536
1547,595,1.114249
1549,595,1.22148
1552,595,1.176056
1553,595,1.065241
1555,595,1.599953
1556,595,1.648277
1557,595,2.399579
1738,595,10.942225
1739,595,7.186956
1740,595,7.960311
1544,596,2.230486
1545,596,1.103874
1547,596,1.756477
1550,596,1.048623
1553,596,1.92972
1557,596,3.913751
1558,596,4.271556
1739,596,7.285723
1541,597,2.750655
1542,597,7.958204
1543,597,5.345921
1545,597,3.577705
1557,597,44.224323
1558,597,13.204571
1559,597,74.670555
1738,597,10.501001
1538,598,3.248184
1541,598,5.338683
1542,598,17.223717
1543,598,1.047819
1544,598,5.575714
1558,598,4.617403
1559,598,6.679949
1560,598,12.668263
1536,599,5.825264
1537,599,4.799377
1538,599,1.179818
1540,599,1.598623
1541,599,1.162416
1542,599,5.779731
1543,599,2.386869
1559,599,4.535922
1560,599,1.515326
1561,599,15.644201
1562,599,20.694271
1537,600,4.903737
1543,600,1.753985
1560,600,7.042314
1642,601,225.947189
1643,601,187.041367
1644,601,163.267136
1645,601,120.281662
1556,602,1.637959
1639,602,108.100395
1641,602,109.093246
1642,602,90.34639
1643,602,80.468521
1644,602,64.07666
1645,602,57.006611
1646,602,58.593811
1647,602,58.967052
1732,602,5.637079
1733,602,7.351961
1532,603,8.351778
1534,603,2.934518
1562,603,33.267391
1642,603,50.77301
1643,603,40.507946
1644,603,24.385798
1645,603,338.267334
1648,603,37.155052
1649,603,35.169689
1733,603,3.595356
1642,604,102.465446
1643,604,17.011076
1644,604,12.942787
1645,604,7.787585
1646,604,17.270277
1647,604,12.699959
1648,604,20.218712
1649,604,17.191093
1650,604,18.610163
1642,605,22.717785
1643,605,8.671766
1644,605,7.74361
1645,605,6.381583
1646,605,73.607658
1647,605,41.808975
1648,605,22.780443
1649,605,4.578681
1650,605,5.612639
1651,605,7.709872
1652,605,41.55611
1641,606,85.077942
1642,606,67.566467
1643,606,31.120996
1644,606,10.781837
1645,606,9.279799
1646,606,14.296237
1647,606,17.210163
1648,606,14.567624
1649,606,25.023655
1650,606,14.403386
1651,606,13.808575
1639,607,450.809601
1640,607,306.10022
1641,607,201.843491
1642,607,169.368774
1643,607,51.777264
1644,607,48.397247
1645,607,53.882645
1646,607,70.728531
1647,607,48.996513
1648,607,45.298656
1649,607,57.655487
1650,607,94.992859
1651,607,40.887707
1712,607,129.443848
1639,608,496.932556
1640,608,174.970657
1641,608,100.899536
1642,608,272.788788
1643,608,105.550011
1644,608,60.796463
1645,608,55.374481
1646,608,125.447212
1647,608,209.719543
1648,608,142.9151
1649,608,242.889481
1650,608,227.19693
1651,608,113.177605
1652,608,46.406475
1646,609,170.156067
1647,609,201.669662
1648,609,156.33223
1649,609,437.40741
1650,609,396.050873
1651,609,359.334656
1652,609,466.883789
1653,609,132.10405
1734,612,1.399239
1735,613,8.252061
1737,613,1.239434
1738,613,4.596556
1732,614,7.495897
1733,614,3.701431
1734,614,3.763624
1735,614,4.396458
1737,614,29.465019
1738,614,64.401939
1740,614,8.549311
1732,615,43.071884
1733,615,6.293354
1734,615,8.942114
1735,615,17.859491
1516,616,49.297417
1517,616,183.819931
1518,616,49.187244
1519,616,67.327293
1520,616,26.128836
1521,616,19.750748
1522,616,19.589619
1523,616,7.490752
1563,621,33.473034
1692,622,26.67042
1650,623,93.351669
1651,623,59.361279
1706,623,38.373314
1707,623,35.733894
1708,623,17.002563
1709,623,19.576979
1710,623,8.876514
1711,623,22.783154
1712,623,18.519106
1713,623,58.123047
1650,624,169.102768
1568,625,6.672694
1650,625,390.451996
1651,625,43.140709
1706,625,7.405185
1707,625,7.30133
1708,625,1.606975
1738,625,5.525258
1562,626,6.854211
1647,626,13.438009
1651,626,204.226303
1706,626,14.267768
1707,626,7.49893
1712,626,1.274224
1716,626,3.057173
1717,626,3.075899
1738,626,9.15823
1562,627,5.577884
1603,627,33.107506
1646,627,39.699768
1706,627,9.173386
1707,627,5.637912
1738,627,18.533066
1707,628,3.405775
1709,628,1.952307
1707,629,1.149398
1718,629,6.561752
1706,630,2.358239
1707,630,2.792789
1717,630,1.59113
1718,630,2.852565
1691,633,107.670143
1692,633,128.987656
1693,633,134.03241
1694,633,81.062042
1695,633,62.865746
1696,633,47.078445
1698,633,47.358997
1699,633,100.178535
1722,633,3.250554
1722,634,82.41539
1722,635,13.456672
1722,636,32.007633
1722,637,170.97493
1565,638,25.611546
1719,638,8.955952
1720,638,19.287788
1721,638,7.279269
1722,638,43.174938
1731,638,51.518005
1718,639,15.345999
1719,639,30.01239
1720,639,26.195026
1721,639,8.323862
1728,639,12.742704
1731,639,18.336922
1719,640,38.501411
1720,640,3.154925
1721,640,9.33918
1731,640,42.256058
1732,640,19.507114
1733,640,30.321548
1718,641,7.091085
1719,641,12.111369
1720,641,7.327997
1721,641,7.507413
1731,641,62.892376
1732,641,45.610931
1733,641,40.260296
1734,641,19.4081
1735,641,19.589592
1736,641,2.067245
1737,641,17.804737
1739,641,2.127237
1740,641,4.738742
1741,641,2.270622
1742,641,4.42834
1743,641,7.550033
1744,641,15.958082
1723,642,34.030231
1719,643,55.182808
1568,644,12.677306
1732,644,81.96814
1733,644,80.805611
1734,644,42.929947
1568,645,12.049651
1732,645,30.714954
1733,645,13.275475
1734,645,9.540771
1735,645,17.346998
1568,646,24.48139
1732,646,69.97599
1733,646,8.139717
1734,646,7.008996
1735,646,7.653968
1744,646,7.85934
1745,646,22.531174
1746,646,15.18535
1568,647,15.653259
1732,647,55.396206
1733,647,59.968342
1734,647,2.068388
1735,647,3.45034
1736,647,3.637453
1737,647,9.025192
1738,647,5.96405
1739,647,2.074265
1740,647,2.379002
1741,647,4.197779
1742,647,4.417829
1743,647,4.735817
1744,647,9.019206
1745,647,16.804884
1746,647,8.861686
1747,647,54.706268
1732,648,28.236214
1733,648,22.970592
1734,648,11.996353
1735,648,2.205757
1736,648,10.298386
1737,648,12.405752
1738,648,10.682692
1739,648,2.485268
1740,648,1.872883
1741,648,2.310424
1742,648,3.167413
1743,648,4.027394
1744,648,8.443058
1745,648,21.445417
1746,648,28.646662
1732,649,14.647405
1733,649,36.494232
1734,649,17.747477
1735,649,1.313747
1737,649,2.9683
1738,649,2.450514
1739,649,1.536785
1740,649,1.755307
1741,649,2.140941
1742,649,2.116028
1743,649,2.976008
1744,649,10.984889
1745,649,6.881038
1746,649,9.095456
1732,650,10.09335
1733,650,20.324266
1734,650,15.091777
1735,650,2.331688
1736,650,1.03085
1740,650,1.555649
1743,650,1.261726
1744,650,3.160315
1745,650,2.916845
1746,650,9.443068
1747,650,10.726143
1731,651,18.277039
1732,651,16.203096
1733,651,25.882399
1734,651,2.524593
1735,651,2.321528
1736,651,1.920455
1737,651,1.741323
1738,651,2.297447
1739,651,1.310533
1744,651,2.941795
1745,651,1.998709
1746,651,6.688035
1747,651,9.577076
1731,652,15.719518
1732,652,28.685669
1733,652,12.959473
1734,652,3.156227
1735,652,2.240666
1736,652,3.010178
1737,652,2.176779
1738,652,4.205396
1739,652,2.311578
1740,652,1.744132
1745,652,3.264847
1746,652,7.330559
1747,652,10.377892
1704,653,388.259491
1731,653,17.076532
1732,653,17.278488
1733,653,18.086313
1734,653,11.335392
1735,653,17.05105
1736,653,2.979991
1737,653,1.973551
1738,653,1.619852
1739,653,2.831975
1740,653,1.417342
1741,653,1.110314
1746,653,6.922855
1747,653,11.131722
1704,654,39.28904
1705,654,22.718864
1730,654,11.726513
1731,654,16.153301
1732,654,52.875561
1733,654,14.88381
1734,654,25.291668
1735,654,4.124203
1736,654,2.930748
1737,654,2.811094
1738,654,2.230662
1739,654,2.698386
1740,654,2.543406
1741,654,3.182016
1742,654,1.202378
1745,654,3.370147
1746,654,2.662436
1747,654,15.97772
1489,655,36.804153
1711,655,256.690735
1712,655,156.268188
1731,655,64.090721
1732,655,25.149506
1733,655,16.985216
1734,655,12.619635
1735,655,8.91315
1736,655,6.106838
1737,655,3.875546
1738,655,4.618834
1739,655,4.707923
1740,655,4.75847
1741,655,3.090142
1742,655,1.689953
1743,655,1.004785
1746,655,1.925026
1747,655,6.783525
1731,656,49.387875
1732,656,36.851765
1735,656,17.363548
1737,656,21.777159
1738,656,20.828625
1739,656,6.241122
1740,656,9.303162
1741,656,6.699653
1742,656,2.975643
1743,656,1.378952
1744,656,1.943089
1745,656,1.426499
1746,656,4.637165
1646,657,5.594629
1647,657,5.711555
1648,657,6.075036
1649,657,16.607355
1650,657,19.322508
1745,657,6.739743
1746,657,3.142156
1747,657,2.65687
1645,658,7.630786
1646,658,63.145233
1647,658,61.881542
1648,658,6.938601
1649,658,16.615261
1650,658,17.708929
1747,658,4.967137
1637,659,2.549559
1638,659,4.348034
1639,659,2.805851
1642,659,1.688539
1645,659,55.874786
1646,659,15.356672
1647,659,18.09178
1648,659,11.194512
1649,659,16.14394
1650,659,3.519535
1747,659,13.613722
1644,660,1.102801
1645,660,2.322314
1646,660,2.545269
1647,660,4.601821
1710,660,5.282344
1747,660,3.708992
1494,661,19.033005
1649,661,1.572469
1747,661,26.002884
1650,663,1.668942
1651,663,1.172225
1652,663,5.916396
1718,663,22.322206
1721,663,29.085926
1722,663,140.189102
1636,664,12.250376
1637,664,4.228641
1638,664,2.843644
1639,664,2.928571
1645,664,2.0
1651,664,1.262366
1652,664,2.478187
1717,664,109.895691
1720,664,29.384674
1636,665,37.743565
1637,665,35.333084
1638,665,27.353811
1639,665,46.666668
1652,665,3.868803
1728,665,54.155659
1559,666,43.11586
1635,666,98.248505
1636,666,92.42662
1637,666,36.908329
1638,666,2.60833
1652,666,2.6692
1728,666,32.890167
1635,667,3.724755
1636,667,1.485086
1637,667,2.815166
1652,667,2.365594
1711,667,279.028259
1636,668,3.42913
1645,668,1.333333
1651,668,1.460658
1652,668,2.867168
1711,668,354.597992
1720,668,41.689255
1721,668,123.787544
1722,668,7.92332
1636,669,7.612458
1643,669,1.21875
1644,669,8.756326
1645,669,3.176692
1650,669,14.619162
1651,669,1.997725
1652,669,3.536956
1712,669,322.872345
1722,669,71.577354
1603,670,96.051903
1643,670,28.64986
1644,670,10.766058
1645,670,4.689687
1646,670,3.183223
1650,670,2.097946
1651,670,14.052926
1712,670,311.221649
1601,671,158.66626
1602,671,7.274784
1603,671,51.505638
1642,671,3.125596
1643,671,14.128922
1644,671,13.779164
1645,671,17.346231
1646,671,11.406944
1649,671,4.812845
1652,671,12.871443
1602,672,74.410461
1603,672,40.806484
1645,672,28.023611
1646,672,6.521042
1601,673,387.442749
1602,673,70.318329
1636,680,12.752041
1637,680,52.929497
1637,681,3.224989
1638,681,9.775715
1651,681,3.414242
1638,682,1.426259
1639,682,28.63225
1640,682,35.615589
1645,682,53.717072
1646,682,1.573592
1641,683,25.910082
1642,683,1.118898
1643,683,3.1764
1644,683,1.485191
1481,690,105.475563
1483,691,89.076248
1679,392,83.995529
1680,392,98.254898
1659,393,28.679358
1660,393,49.595131
1680,393,321.491852
1681,393,226.279358
1682,393,40.194145
1559,395,308.83786
1560,395,469.065247
1561,395,255.820145
1573,395,147.509048
1559,396,461.832642
1560,396,375.0961
1561,396,763.408691
1570,396,85.982704
1571,396,33.7999
1572,396,14.058962
1573,396,441.10968
1569,397,213.606247
1570,397,138.887665
1571,397,81.175575
1572,397,31.716702
1573,397,569.192078
1616,397,18.346239
1617,397,26.357002
1583,401,334.881165
1584,401,120.238136
1629,401,5.733231
1630,401,12.237296
1583,402,117.03093
1584,402,201.964218
1583,403,91.813263
1584,403,75.743332
1583,404,34.319374
1584,404,95.335243
1561,405,31.119667
1562,405,3.17502
1583,405,16.550026
1584,405,76.839775
1561,406,3.878971
1562,406,19.030323
1582,406,56.397629
1583,406,20.330996
1584,406,99.255669
1582,407,62.430393
1583,407,40.310658
1584,407,72.183357
1582,408,46.213154
1583,408,33.980946
1549,411,48.423855
1583,411,107.141525
1584,411,245.708984
1585,411,56.267693
1586,411,117.574387
1587,411,134.636292
1583,412,4.144631
1584,412,3.98608
1585,412,85.429741
1586,412,32.239124
1587,412,39.207756
1588,412,99.318375
1624,412,30.62149
1585,413,30.127428
1586,413,23.904135
1624,413,36.41148
1625,413,70.599052
1626,413,125.382256
1627,413,29.472906
1585,414,233.285217
1586,414,28.498409
1583,415,106.026405
1584,415,48.426243
1585,415,313.987122
1586,415,29.003012
1583,416,3.093427
1584,416,38.329262
1585,416,121.38694
1586,416,80.683334
1604,416,4.266711
1605,416,22.672836
1583,417,22.171227
1584,417,121.512451
1585,417,3.414922
1586,417,8.073598
1581,418,19.564482
1582,418,11.958441
1583,418,36.193264
1584,418,66.610237
1585,418,10.697821
1586,418,6.340484
1587,418,13.344737
1588,418,1.288571
1589,418,5.413202
1590,418,3.413205
1591,418,5.178087
1594,418,20.472363
1595,418,7.344409
1596,418,2.635407
1608,418,31.858768
1581,419,18.796633
1582,419,9.926657
1583,419,9.349043
1584,419,43.639618
1585,419,4.73248
1586,419,7.08253
1587,419,1.539273
1588,419,1.679235
1590,419,1.876697
1591,419,1.64283
1592,419,1.459497
1593,419,1.459497
1594,419,5.235069
1595,419,1.046219
1608,419,27.351463
1653,419,1.630445
1581,420,24.782614
1582,420,12.888532
1583,420,13.042405
1584,420,3.728563
1585,420,8.750811
1586,420,2.033218
1587,420,4.602859
1594,420,1.345779
1595,420,3.036561
1653,420,2.745434
1581,421,18.729414
1582,421,11.73255
1583,421,19.740799
1584,421,7.692439
1585,421,11.115533
1586,421,20.275618
1587,421,17.02821
1588,421,14.147345
1589,421,19.667694
1590,421,7.171467
1591,421,64.747162
1592,421,24.56172
1593,421,22.19001
1594,421,12.515032
1604,421,27.613003
1605,421,42.712772
1606,421,29.528053
1562,422,56.804585
1581,422,8.28219
1582,422,3.673642
1583,422,1.610954
1586,422,2.038755
1587,422,8.26895
1588,422,6.135349
1589,422,7.917197
1590,422,18.504196
1591,422,37.568825
1592,422,31.368042
1593,422,30.094051
1594,422,36.676071
1595,422,29.423136
1604,422,222.957596
1605,422,6.118296
1660,422,10.591681
1663,422,5.442915
1562,423,48.372166
1563,423,85.636879
1564,423,126.382675
1568,423,286.062408
1569,423,196.073578
1570,423,110.103447
1571,423,146.372513
1572,423,208.031754
1573,423,21.984142
1561,424,161.683258
1562,424,87.862923
1563,424,116.198845
1569,424,96.167107
1570,424,70.842606
1571,424,22.687544
1572,424,90.377846
1573,424,1.160582
1574,424,45.081238
1561,425,42.863659
1562,425,82.780403
1563,425,65.678078
1570,425,17.572746
1571,425,27.176043
1572,425,32.438564
1573,425,2.367879
1574,425,238.492035
1581,425,2.102234
1584,425,1.520547
1592,425,1.489482
1598,425,3.551509
1599,425,5.801635
1603,425,4.155003
1559,426,33.821121
1560,426,8.654898
1561,426,5.606875
1562,426,53.585762
1563,426,73.175262
1564,426,29.268028
1568,426,68.213943
1569,426,11.878754
1570,426,27.571568
1571,426,20.280914
1572,426,225.603592
1573,426,9.120115
1574,426,3.198277
1559,427,14.40919
1560,427,7.109631
1561,427,2.428093
1562,427,5.888294
1563,427,14.94892
1567,427,104.698349
1569,427,57.237694
1570,427,76.702942
1571,427,333.80249
1572,427,333.237061
1573,427,8.494902
1560,428,9.293681
1561,428,2.259706
1562,428,2.697666
1563,428,10.41477
1564,428,16.741123
1568,428,118.150162
1569,428,123.878845
1570,428,123.326508
1571,428,515.933777
1573,428,31.298782
1560,429,10.45215
1581,430,1.650387
1582,430,5.11082
1583,430,3.142048
1584,430,2.126485
1585,430,3.586673
1586,430,1.211672
1591,430,1.503493
1581,431,2.057078
1600,431,6.543267
1600,432,8.473
1601,432,16.296034
1549,434,32.785809
1581,434,14.657999
1582,434,38.446651
1583,434,7.077067
1584,434,2.255203
1585,434,1.156193
1581,435,9.794803
1560,436,121.195
1561,436,75.772552
1562,436,69.796707
1563,436,29.711872
1564,436,5.837729
1565,436,8.14444
1566,436,14.062706
1567,436,10.805458
1568,436,2.323498
1559,437,12.430155
1560,437,21.0583
1561,437,24.90538
1562,437,20.00123
1563,437,16.973755
1564,437,3.131645
1565,437,5.807117
1566,437,15.89957
1567,437,4.410982
1568,437,1.746541
1723,437,74.256409
1729,437,251.451202
1740,437,273.725403
1741,437,138.119141
1742,437,164.042404
1560,438,11.159502
1561,438,10.236172
1562,438,13.060743
1563,438,9.134056
1564,438,3.573792
1565,438,5.17874
1566,438,107.395355
1567,438,106.893112
1726,438,8.721754
1727,438,11.497587
1728,438,11.218733
1729,438,9.670134
1730,438,133.252991
1737,438,171.593811
1738,438,220.860611
1739,438,164.433731
1740,438,232.027603
1741,438,96.357857
1742,438,63.41024
1743,438,7.744606
1744,438,9.775237
1745,438,373.118896
1505,439,291.854492
1561,439,7.778247
1562,439,1.066434
1563,439,1.297134
1594,439,1.433814
1723,439,14.96216
1724,439,6.629926
1725,439,3.549069
1726,439,2.196357
1727,439,2.071156
1728,439,2.121226
1729,439,2.264697
1730,439,76.721771
1731,439,90.2938
1733,439,98.139236
1734,439,104.427727
1735,439,30.715736
1736,439,72.448013
1737,439,115.389351
1738,439,93.791054
1739,439,78.22036
1740,439,50.894592
1741,439,53.324509
1742,439,34.471416
1743,439,4.407029
1744,439,4.526606
1745,439,1.514475
1562,440,1.830918
1563,440,2.125
1564,440,1.666667
1565,440,2.133333
1722,440,8.373277
1723,440,6.890455
1724,440,5.681552
1725,440,4.054086
1727,440,1.505419
1728,440,1.000129
1729,440,1.014973
1731,440,58.989925
1734,440,84.702637
1736,440,65.458664
1737,440,39.581806
1738,440,30.307501
1739,440,33.365929
1740,440,26.497257
1741,440,18.579546
1742,440,25.204498
1745,440,2.453592
1746,440,9.649828
1747,440,66.293556
1561,441,9.609529
1562,441,4.069273
1563,441,5.4
1564,441,106.75
1722,441,6.881773
1723,441,5.104761
1731,441,26.122969
1732,441,5.667186
1733,441,12.045912
1734,441,37.576492
1735,441,16.507343
1736,441,22.462786
1737,441,13.515891
1738,441,10.624543
1739,441,13.205951
1740,441,8.833673
1741,441,8.59293
1742,441,8.246978
1744,441,1.205234
1745,441,1.857937
1746,441,15.084888
1562,442,4.119454
1563,442,92.752243
1564,442,308.5
1721,442,6.944125
1722,442,4.590001
1723,442,3.337756
1724,442,2.802629
1732,442,3.921158
1733,442,4.412571
1734,442,8.619301
1735,442,3.651765
1736,442,19.82073
1737,442,7.151264
1738,442,13.950785
1739,442,1.978943
1740,442,1.98253
1741,442,2.606831
1745,442,3.976867
1746,442,14.306174
1747,442,83.416389
1561,443,6.111662
1562,443,4.411846
1563,443,4.884446
1564,443,105.227821
1721,443,6.308155
1722,443,8.033557
1723,443,2.315653
1724,443,1.019232
1732,443,2.155757
1733,443,5.629998
1734,443,9.777582
1735,443,5.478546
1736,443,2.890952
1737,443,2.249918
1744,443,7.27428
1745,443,3.201869
1746,443,14.021708
1561,444,4.703603
1562,444,4.361571
1563,444,19.384592
1564,444,135.188965
1721,444,3.176461
1722,444,3.15914
1723,444,1.285695
1732,444,1.347904
1733,444,4.505087
1734,444,1.339286
1735,444,1.238837
1738,444,1.006369
1744,444,7.370501
1745,444,2.273355
1561,445,4.623522
1562,445,7.271609
1563,445,4.333957
1564,445,5.863074
1586,445,1.782035
1588,445,20.69639
1589,445,37.444626
1590,445,32.856487
1721,445,4.135148
1722,445,2.031298
1732,445,1.109311
1733,445,1.212252
1736,445,1.782347
1558,446,37.223286
1559,446,19.868626
1561,446,7.137959
1562,446,3.970729
1563,446,4.440613
1564,446,3.862671
1578,446,16.297792
1588,446,13.111824
1589,446,43.524921
1590,446,24.6789
1721,446,2.562907
1722,446,1.654432
1724,446,1.063867
1737,446,1.083333
1745,446,77.203064
1558,447,29.498833
1559,447,22.490864
1560,447,22.127947
1561,447,4.048943
1562,447,3.022467
1563,447,3.345718
1564,447,4.169365
1570,447,1.280551
1578,447,9.549274
1588,447,14.898767
1589,447,18.709627
1590,447,16.483942
1720,447,3.521707
1721,447,2.578537
1722,447,1.017553
1737,447,2.333333
1561,448,4.169815
1562,448,2.834166
1563,448,1.718585
1564,448,5.652698
1570,448,1.280551
1652,448,292.355438
1731,448,117.333641
1732,448,117.333641
1733,448,117.333641
1492,449,573.870239
1561,449,4.893969
1562,449,2.593526
1563,449,2.526843
1564,449,12.108519
1570,449,1.280551
1652,449,455.371765
1660,449,66.8302
1661,449,50.895321
1735,449,1.081821
1549,450,108.413826
1550,450,83.489197
1559,450,11.220481
1560,450,7.34538
1561,450,5.283753
1562,450,11.34359
1563,450,3.046273
1564,450,11.299367
1565,450,3.205128
1566,450,1.53659
1567,450,1.993915
1570,450,2.515994
1660,450,227.892639
1661,450,82.019768
1662,450,71.228363
1663,450,237.856552
1664,450,239.505096
1665,450,188.49054
1740,450,1.388859
1560,451,5.770027
1561,451,4.346217
1562,451,3.857094
1563,451,9.9598
1564,451,7.44838
1565,451,2.410974
1566,451,1.370577
1567,451,1.50302
1568,451,1.552119
1578,451,6.075921
1728,451,5.771838
1733,451,2.021277
1740,451,2.784284
1560,452,6.021789
1561,452,7.02782
1562,452,23.349417
1563,452,10.765697
1564,452,7.308001
1565,452,5.228226
1566,452,3.111639
1567,452,4.165828
1568,452,4.840045
1569,452,5.663333
1728,452,3.173648
1729,452,1.439024
1731,452,2.122308
1740,452,2.227367
1559,453,22.381664
1560,453,34.096016
1561,453,69.215706
1562,453,18.032974
1563,453,26.23299
1564,453,29.996853
1565,453,8.687386
1566,453,4.445945
1567,453,1.701798
1568,453,2.103809
1569,453,3.411215
1570,453,9.359063
1656,453,199.596237
1725,453,1.286627
1727,453,5.022599
1728,453,1.151786
1732,453,2.038462
1526,454,12.605761
1560,454,104.260666
1561,454,69.91954
1562,454,142.050766
1563,454,19.477409
1564,454,75.11441
1565,454,18.364597
1566,454,5.063709
1571,454,1.336248
1654,454,238.32222
1655,454,100.051414
1656,454,62.334919
1657,454,99.471611
1723,454,38.258888
1724,454,20.950731
1725,454,1.862823
1730,454,2.096667
1731,454,2.098172
1732,454,2.04762
1742,454,3.449519
1526,455,18.316929
1527,455,5.572477
1562,455,27.244923
1563,455,26.20359
1565,455,64.590393
1654,455,105.628464
1656,455,38.508945
1657,455,74.606339
1658,455,169.821442
1723,455,25.759089
1724,455,11.815351
1725,455,1.6601
1730,455,2.016667
1731,455,2.074676
1732,455,2.041667
1740,455,1.391492
1741,455,1.577526
1742,455,2.462037
1526,456,20.145426
1657,456,55.236187
1658,456,88.938248
1659,456,114.730072
1660,456,241.164276
1661,456,147.468033
1662,456,59.061749
1663,456,75.492996
1664,456,50.767658
1665,456,49.237438
1666,456,39.528568
1667,456,37.88055
1668,456,65.154755
1673,456,67.104218
1722,456,48.762577
1723,456,28.99164
1724,456,4.042986
1725,456,1.171057
1731,456,2.0
1732,456,4.035715
1741,456,2.330138
1742,456,2.059181
1571,457,22.57531
1660,457,133.100433
1661,457,127.302963
1662,457,70.328545
1663,457,43.081734
1664,457,58.039246
1665,457,60.126968
1666,457,47.063507
1667,457,73.737785
1668,457,78.448662
1671,457,22.014805
1672,457,77.00882
1722,457,67.516273
1723,457,19.18079
1724,457,2.263677
1741,457,1.282966
1742,457,4.236042
1497,458,188.896942
1660,458,146.829498
1661,458,92.206017
1662,458,42.94812
1663,458,37.118973
1664,458,73.540039
1665,458,27.704641
1666,458,50.711037
1667,458,52.614834
1668,458,107.446419
1671,458,13.630479
1672,458,31.951118
1721,458,58.725212
1722,458,34.469082
1723,458,4.171621
1724,458,1.701324
1731,458,2.035715
1742,458,2.625414
1660,459,115.581505
1661,459,37.848969
1662,459,25.639986
1663,459,34.609989
1664,459,62.664486
1665,459,11.957561
1666,459,45.502674
1667,459,15.185441
1671,459,25.273029
1672,459,19.578726
1722,459,19.584494
1723,459,3.509046
1724,459,1.632224
1741,459,1.051709
1742,459,6.018176
1661,460,10.205297
1662,460,13.140683
1663,460,22.501501
1664,460,11.598412
1665,460,12.069344
1666,460,24.870859
1671,460,18.179684
1672,460,36.148556
1693,460,139.746124
1694,460,91.246964
1721,460,40.273903
1722,460,18.423668
1723,460,2.829666
1724,460,1.435503
1730,460,2.0
1731,460,2.022223
1741,460,1.602262
1742,460,7.023704
1494,461,350.579254
1500,461,66.29277
1501,461,41.071861
1502,461,26.719166
1503,461,53.536213
1504,461,85.074692
1505,461,61.283569
1671,461,10.467072
1672,461,32.717018
1693,461,91.723679
1694,461,39.386311
1695,461,73.679008
1696,461,78.57061
1697,461,213.354752
1721,461,36.588802
1722,461,10.120876
1723,461,2.983876
1731,461,2.035715
1741,461,2.308825
1742,461,4.019489
1493,462,144.945938
1494,462,113.712059
1495,462,36.419827
1500,462,57.289188
1501,462,30.899216
1503,462,72.485596
1504,462,64.719742
1592,462,4.507048
1671,462,36.418316
1672,462,21.344885
1673,462,1.474752
1693,462,143.311478
1694,462,24.542637
1695,462,23.607067
1696,462,36.014954
1697,462,45.412273
1698,462,84.791267
1699,462,95.476357
1720,462,51.460442
1721,462,30.467871
1722,462,8.99726
1723,462,3.011384
1741,462,2.45982
1742,462,8.72416
1493,463,217.036087
1494,463,145.785034
1495,463,86.92617
1496,463,50.745888
1502,463,8.753828
1661,463,42.226677
1672,463,25.898016
1673,463,5.398612
1693,463,145.783646
1694,463,45.221779
1695,463,12.021702
1696,463,6.136994
1697,463,8.652934
1698,463,26.048847
1699,463,71.411797
1719,463,95.868629
1720,463,48.197281
1721,463,42.880291
1722,463,6.205205
1723,463,1.627825
1742,463,1.406893
1743,463,9.055569
1744,463,53.852085
1745,463,16.573101
1493,464,51.550186
1494,464,158.737061
1495,464,173.37233
1496,464,281.218689
1499,464,195.694336
1502,464,30.731516
1661,464,19.339863
1662,464,33.318703
1672,464,8.590998
1673,464,4.906285
1692,464,21.116283
1693,464,78.967529
1694,464,71.541458
1695,464,4.659517
1696,464,1.974623
1697,464,12.075461
1698,464,15.071609
1699,464,47.735149
1700,464,87.118858
1719,464,108.025932
1720,464,53.426685
1721,464,22.900698
1722,464,3.11474
1723,464,1.295851
1729,464,2.055556
1730,464,2.044445
1742,464,1.547885
1743,464,16.33009
1744,464,47.429245
1745,464,31.829771
1494,465,34.19648
1495,465,1.666667
1496,465,1.465117
1498,465,128.318863
1502,465,24.283421
1672,465,10.685338
1673,465,10.476108
1674,465,59.78508
1692,465,29.246403
1693,465,18.400497
1694,465,17.196066
1695,465,3.765594
1697,465,10.806776
1698,465,9.865925
1699,465,22.649229
1700,465,44.136261
1720,465,66.742081
1721,465,27.539045
1722,465,2.377136
1743,465,1.200266
1744,465,2.556203
1493,466,37.309956
1494,466,70.063736
1495,466,4.11771
1496,466,5.359482
1499,466,15.958886
1500,466,13.75631
1502,466,48.743538
1659,466,106.810394
1660,466,154.776459
1661,466,94.951515
1662,466,112.372086
1663,466,86.047256
1672,466,48.471107
1673,466,9.073188
1674,466,27.605186
1675,466,58.027916
1692,466,20.91563
1693,466,25.241251
1694,466,4.542833
1695,466,3.788883
1697,466,16.894159
1698,466,9.310118
1699,466,22.693432
1700,466,49.215569
1719,466,184.198273
1720,466,79.409531
1721,466,20.428673
1722,466,2.268296
1741,466,1.442282
1742,466,4.551668
1743,466,19.532187
1744,466,77.874985
1493,467,59.737068
1495,467,6.889844
1496,467,11.729161
1499,467,14.472687
1500,467,15.659356
1659,467,24.690834
1660,467,179.915298
1661,467,150.734436
1662,467,43.918476
1663,467,42.839649
1664,467,65.864143
1673,467,80.201767
1674,467,2.368847
1675,467,5.359088
1693,467,19.415415
1694,467,7.46848
1695,467,5.309569
1697,467,16.869686
1698,467,6.663679
1699,467,30.823618
1700,467,37.511997
1719,467,115.35527
1720,467,59.000534
1721,467,14.669208
1722,467,1.877802
1729,467,2.008197
1741,467,3.332219
1742,467,26.297068
1743,467,210.27446
1744,467,390.816101
1495,468,14.438461
1496,468,15.709204
1499,468,9.62688
1500,468,23.461685
1501,468,34.987026
1550,468,14.568213
1659,468,122.492111
1660,468,21.04213
1661,468,28.503988
1662,468,21.959146
1663,468,26.827282
1664,468,22.426859
1665,468,36.185719
1673,468,10.984924
1674,468,5.999477
1675,468,6.565429
1676,468,45.404495
1693,468,13.892301
1694,468,11.897118
1695,468,33.777615
1696,468,7.964617
1697,468,2.901178
1698,468,4.897823
1699,468,24.356134
1700,468,36.30888
1719,468,187.015656
1720,468,89.809875
1721,468,11.54681
1722,468,2.603195
1741,468,6.080589
1742,468,29.104223
1743,468,153.786942
1744,468,129.888336
1659,469,24.180038
1660,469,31.593534
1661,469,53.076279
1662,469,37.556725
1666,469,48.648815
1693,469,17.452372
1694,469,12.078332
1695,469,46.232231
1696,469,6.737586
1697,469,3.001348
1698,469,4.988635
1699,469,23.816236
1700,469,35.567879
1720,469,93.403214
1721,469,8.954291
1722,469,2.810185
1741,469,7.528386
1742,469,82.630898
1743,469,186.196136
1744,469,162.588455
1499,470,14.609619
1500,470,12.676458
1501,470,16.749388
1503,470,13.049663
1504,470,80.945625
1505,470,20.472689
1660,470,111.992218
1662,470,52.285297
1693,470,12.061798
1694,470,23.572035
1695,470,39.163128
1696,470,6.063888
1697,470,1.440233
1698,470,4.370006
1699,470,16.828936
1700,470,30.413307
1701,470,74.004005
1720,470,64.050392
1721,470,8.958272
1722,470,1.803909
1741,470,24.680433
1742,470,86.218704
1743,470,321.837372
1744,470,432.53714
1693,471,10.962383
1694,471,16.830242
1695,471,7.108498
1696,471,9.706064
1697,471,1.715106
1698,471,3.411596
1699,471,16.075422
1700,471,31.538809
1701,471,87.158676
1720,471,62.768337
1721,471,5.22326
1722,471,1.517403
1740,471,1.268564
1741,471,11.425179
1742,471,94.794899
1743,471,337.03714
1693,472,5.308326
1694,472,8.280863
1695,472,5.651322
1696,472,5.599811
1697,472,2.456259
1698,472,2.552899
1699,472,7.23314
1700,472,31.8498
1701,472,79.845024
1719,472,69.814941
1720,472,46.505249
1721,472,3.55359
1740,472,3.615362
1741,472,10.834619
1742,472,98.079605
1743,472,230.458801
1492,473,73.975372
1673,473,84.961334
1674,473,22.505272
1694,473,7.475126
1695,473,7.715141
1696,473,2.076829
1697,473,1.195096
1698,473,2.31842
1699,473,9.757887
1700,473,26.406271
1701,473,79.224335
1719,473,47.4547
1720,473,24.103197
1721,473,4.063781
1722,473,1.391466
1740,473,2.9496
1741,473,9.921236
1742,473,44.963173
1743,473,147.188446
1493,474,146.747803
1546,474,271.831207
1565,474,154.202377
1566,474,251.894089
1567,474,410.351563
1579,474,113.926987
1580,474,24.395084
1674,474,32.146397
1675,474,16.795176
1694,474,11.728015
1695,474,10.066641
1696,474,3.080424
1697,474,1.42402
1698,474,2.567116
1699,474,10.358897
1700,474,26.012224
1701,474,97.19429
1719,474,152.368729
1720,474,34.161995
1721,474,6.862763
1740,474,2.730903
1741,474,6.601541
1742,474,55.379498
1743,474,123.477417
1559,475,196.293869
1560,475,43.930843
1565,475,157.962967
1566,475,155.961441
1674,475,23.228344
1675,475,3.04263
1694,475,11.504928
1695,475,6.947084
1696,475,4.204563
1698,475,1.305081
1699,475,4.773013
1700,475,27.240316
1701,475,80.125542
1719,475,152.768356
1720,475,28.584818
1721,475,5.035425
1740,475,3.806803
1741,475,26.134726
1742,475,57.806637
1743,475,141.353485
1517,476,142.258133
1558,476,81.912613
1559,476,33.265091
1560,476,35.990185
1561,476,38.011421
1565,476,260.649658
1566,476,288.615204
1673,476,30.608938
1674,476,30.620647
1694,476,12.696351
1695,476,7.972543
1696,476,2.39831
1699,476,4.981853
1700,476,24.18364
1701,476,81.398003
1718,476,79.864227
1719,476,71.09832
1720,476,13.604321
1721,476,6.169446
1740,476,4.961589
1741,476,15.714905
1742,476,77.297745
1563,477,41.8377
1661,477,32.302097
1662,477,82.316978
1663,477,55.775486
1664,477,11.426082
1673,477,128.944565
1694,477,11.83844
1695,477,7.605159
1696,477,1.425769
1699,477,5.321988
1700,477,22.770187
1701,477,65.49469
1718,477,103.691078
1719,477,43.462921
1720,477,10.969327
1721,477,1.075326
1739,477,1.530738
1740,477,5.607015
1741,477,15.232578
1742,477,64.129074
1660,478,135.782471
1661,478,15.090155
1662,478,14.846241
1663,478,13.837049
1664,478,14.449087
1665,478,21.65942
1679,478,20.971947
1694,478,12.719949
1695,478,8.159109
1699,478,5.769962
1700,478,21.723753
1701,478,54.560726
1718,478,102.662552
1719,478,32.795227
1720,478,11.065218
1739,478,1.333563
1740,478,6.142109
1741,478,15.674097
1742,478,81.747498
1694,479,25.937902
1695,479,8.993723
1696,479,1.232456
1699,479,4.731451
1700,479,21.219046
1701,479,47.412586
1718,479,141.954544
1719,479,33.926449
1720,479,11.16418
1739,479,1.599418
1740,479,7.149495
1741,479,16.921789
1742,479,73.68483
1694,480,29.725414
1695,480,5.106807
1698,480,1.081273
1699,480,4.044386
1700,480,21.108932
1701,480,39.384781
1717,480,127.712067
1718,480,60.94252
1719,480,24.828182
1720,480,5.938912
1721,480,1.061873
1739,480,3.151459
1740,480,13.686315
1741,480,29.402077
1694,481,31.181513
1695,481,4.902506
1696,481,1.418298
1698,481,1.505395
1699,481,8.114693
1700,481,20.81036
1701,481,42.812756
1717,481,91.623291
1718,481,55.658104
1719,481,17.286612
1720,481,5.614306
1739,481,3.071336
1740,481,14.409921
1741,481,28.951117
1679,482,8.401573
1694,482,21.062777
1695,482,5.235781
1698,482,1.522321
1699,482,7.682672
1700,482,24.495052
1717,482,67.9207
1718,482,34.467529
1719,482,13.260914
1720,482,5.170293
1739,482,4.025397
1740,482,20.527363
1741,482,35.937382
1742,482,111.533333
1678,483,6.435062
1679,483,2.337476
1694,483,24.669725
1695,483,7.304213
1698,483,1.651729
1699,483,5.350856
1700,483,14.324639
1717,483,52.909203
1718,483,40.849468
1719,483,13.42946
1720,483,4.889469
1739,483,5.609452
1740,483,19.644249
1741,483,60.392998
1678,484,2.541776
1679,484,2.848216
1694,484,19.013062
1695,484,5.808716
1697,484,1.22183
1698,484,1.842134
1699,484,6.017306
1700,484,15.490399
1717,484,70.690422
1718,484,34.002281
1719,484,15.782545
1720,484,4.229367
1739,484,6.858158
1740,484,19.785917
1678,485,1.522984
1693,485,20.2194
1694,485,17.172594
1695,485,5.390055
1697,485,1.163693
1698,485,1.911103
1699,485,7.137889
1700,485,20.851414
1718,485,28.381758
1719,485,11.827232
1720,485,4.033242
1738,485,2.063338
1739,485,8.984917
1740,485,21.242142
1741,485,60.994537
1675,486,28.245491
1693,486,19.571859
1694,486,18.041744
1695,486,5.642737
1697,486,2.156721
1698,486,2.032378
1699,486,8.5438
1700,486,21.100372
1718,486,17.637281
1719,486,8.771244
1720,486,3.414608
1738,486,3.080552
1739,486,12.615897
1740,486,30.266989
1741,486,77.143562
1675,487,23.817772
1693,487,19.101919
1694,487,20.651024
1695,487,2.934257
1697,487,2.399867
1698,487,2.365921
1699,487,9.131927
1718,487,16.460449
1719,487,10.396658
1720,487,3.3588
1738,487,3.713185
1739,487,12.753309
1740,487,64.314392
1675,488,9.5072
1676,488,18.697218
1678,488,20.865814
1679,488,20.902756
1694,488,28.000893
1695,488,10.201574
1697,488,2.240399
1698,488,2.877037
1699,488,9.250198
1718,488,17.791557
1719,488,11.138689
1720,488,5.310383
1738,488,4.242638
1739,488,14.923813
1740,488,53.095219
1673,489,62.017284
1675,489,16.371288
1678,489,5.005484
1679,489,21.039505
1693,489,53.662537
1694,489,37.845749
1695,489,13.717018
1697,489,2.536674
1698,489,2.823999
1699,489,9.360237
1700,489,29.439524
1718,489,16.63271
1719,489,10.089631
1720,489,4.143579
1737,489,1.465817
1738,489,4.958196
1739,489,20.418972
1740,489,52.185085
1503,490,50.257767
1504,490,65.442627
1505,490,78.095505
1506,490,42.577805
1510,490,17.566341
1536,490,111.096237
1537,490,68.457642
1680,490,11.305191
1693,490,54.901489
1694,490,33.798088
1695,490,5.662002
1697,490,2.001793
1698,490,2.87084
1699,490,8.611399
1718,490,15.767012
1719,490,7.216377
1720,490,3.405767
1737,490,1.473496
1738,490,4.707316
1739,490,18.358843
1741,490,72.136993
1536,491,31.075783
1537,491,121.207878
1538,491,161.361511
1551,491,236.084869
1559,491,6.608592
1560,491,9.024429
1661,491,10.157933
1665,491,31.251469
1680,491,36.532253
1693,491,73.132759
1694,491,46.655972
1695,491,6.885573
1697,491,2.156192
1698,491,2.924139
1699,491,9.284245
1718,491,10.709646
1719,491,7.298365
1720,491,3.459649
1737,491,1.627962
1738,491,5.337301
1739,491,23.479811
1740,491,68.370293
1524,492,545.608826
1538,492,160.098175
1559,492,11.197813
1560,492,14.351881
1561,492,7.516762
1562,492,4.423398
1563,492,5.794628
1564,492,3.957282
1565,492,6.927476
1566,492,4.96873
1567,492,5.373608
1568,492,6.164605
1569,492,5.746908
1570,492,7.054906
1571,492,22.764961
1663,492,5.77045
1665,492,41.931953
1678,492,69.860985
1679,492,25.577354
1680,492,31.78219
1693,492,103.242073
1694,492,20.379492
1695,492,4.216535
1697,492,1.72144
1698,492,2.61452
1699,492,9.124296
1718,492,11.429288
1719,492,6.032484
1720,492,2.755316
1737,492,1.270996
1738,492,8.32853
1739,492,40.157486
1559,493,16.021019
1560,493,9.697914
1561,493,6.297363
1562,493,1.885474
1563,493,3.76061
1564,493,3.69378
1565,493,6.199171
1566,493,8.34123
1567,493,7.935387
1568,493,5.315414
1569,493,7.054916
1570,493,33.412487
1571,493,38.199509
1662,493,21.24431
1679,493,26.176495
1692,493,33.696697
1693,493,21.73838
1694,493,18.749233
1697,493,1.305325
1698,493,2.489451
1699,493,8.893713
1700,493,24.617008
1718,493,11.656009
1719,493,5.694768
1720,493,2.744449
1737,493,2.173774
1738,493,7.185892
1559,494,52.60984
1560,494,17.360336
1561,494,3.685256
1562,494,3.61038
1563,494,2.59826
1564,494,3.728507
1565,494,2.819416
1566,494,3.594533
1567,494,3.920064
1568,494,5.533158
1569,494,22.317631
1570,494,24.048496
1679,494,10.801849
1680,494,10.122523
1691,494,14.115919
1692,494,28.533848
1693,494,3.577497
1694,494,11.371488
1697,494,1.072374
1698,494,2.735412
1699,494,7.97078
1700,494,22.33576
1718,494,9.125336
1719,494,5.151176
1720,494,2.360562
1737,494,1.842489
1738,494,8.837258
1559,495,3.647082
1560,495,3.595376
1565,495,3.057143
1566,495,3.828572
1567,495,2.29745
1568,495,11.702245
1569,495,10.98546
1570,495,10.80425
1680,495,11.236156
1692,495,8.843887
1693,495,3.657401
1694,495,6.971714
1698,495,2.448108
1699,495,6.185915
1700,495,19.675276
1718,495,8.80894
1719,495,5.177935
1720,495,1.67102
1737,495,2.069459
1738,495,10.244743
1559,496,7.860022
1560,496,3.503494
1561,496,3.1205
1563,496,2.035226
1565,496,68.397438
1566,496,4.135715
1567,496,3.859524
1568,496,8.917846
1569,496,6.872689
1570,496,10.451978
1678,496,13.673397
1679,496,9.115456
1694,496,28.560553
1695,496,6.402185
1697,496,1.655351
1698,496,2.584878
1699,496,5.586555
1700,496,17.70553
1717,496,14.270392
1718,496,8.711179
1719,496,4.791952
1720,496,1.369884
1736,496,1.10648
1737,496,2.919582
1738,496,10.214782
1559,497,22.753923
1560,497,22.534645
1561,497,10.970457
1562,497,6.385119
1563,497,207.897537
1564,497,30.695726
1565,497,3.232026
1566,497,3.324223
1567,497,3.688077
1568,497,3.046874
1569,497,4.954535
1570,497,12.081074
1676,497,8.514142
1678,497,3.832148
1694,497,26.870705
1695,497,4.146224
1697,497,2.056585
1698,497,2.982715
1699,497,5.289085
1700,497,16.564589
1717,497,12.476673
1718,497,8.263391
1719,497,5.896427
1736,497,1.232858
1737,497,2.983506
1738,497,16.754478
1559,498,55.253407
1560,498,8.169154
1561,498,4.912336
1562,498,13.792807
1563,498,2.564681
1564,498,6.505896
1565,498,2.654998
1566,498,5.547458
1567,498,3.960158
1568,498,2.758582
1569,498,5.872954
1570,498,9.852871
1674,498,17.271053
1675,498,23.409626
1680,498,29.84384
1694,498,25.936562
1695,498,2.917881
1697,498,1.375459
1698,498,3.189092
1699,498,5.740042
1700,498,14.516206
1716,498,21.768314
1717,498,13.1499
1718,498,5.905682
1719,498,8.066245
1736,498,1.412745
1737,498,3.234326
1738,498,20.553667
1559,499,18.001005
1560,499,14.587292
1561,499,17.729538
1562,499,3.978863
1563,499,4.50522
1564,499,2.778848
1565,499,5.148404
1566,499,4.091042
1567,499,5.159426
1568,499,6.700028
1569,499,2.462572
1570,499,5.962481
1674,499,50.082008
1676,499,13.339267
1677,499,203.56842
1693,499,27.865986
1694,499,26.668381
1695,499,2.256973
1697,499,1.180132
1698,499,3.136432
1699,499,5.549265
1700,499,15.224677
1715,499,49.697933
1716,499,15.695801
1717,499,12.818941
1718,499,4.488567
1719,499,1.196547
1736,499,1.495877
1737,499,5.384837
1559,500,11.077402
1560,500,16.17087
1561,500,8.479133
1562,500,12.829304
1563,500,6.277509
1564,500,8.222115
1565,500,11.91767
1566,500,8.639521
1567,500,16.957253
1568,500,9.016764
1569,500,5.486119
1570,500,3.296911
1571,500,4.385912
1672,500,20.973579
1678,500,8.470265
1679,500,8.762175
1680,500,1.107948
1694,500,18.731668
1695,500,2.13451
1697,500,2.837863
1698,500,2.947749
1699,500,5.451229
1700,500,12.485659
1720,500,19.081356
1721,500,6.154789
1722,500,1.813375
1735,500,1.024256
1559,501,11.458835
1560,501,40.565979
1561,501,8.047382
1562,501,6.96894
1563,501,22.534225
1564,501,10.640913
1565,501,19.56571
1566,501,5.162588
1567,501,13.536172
1568,501,7.071903
1661,501,26.777346
1667,501,1.793715
1678,501,10.09847
1679,501,5.583548
1680,501,17.394447
1694,501,5.573506
1695,501,1.625366
1697,501,2.541718
1698,501,3.041022
1699,501,5.49419
1700,501,13.732832
1720,501,12.057279
1721,501,5.254936
1722,501,1.847507
1736,501,3.913576
1739,501,68.21405
1559,502,10.191747
1560,502,3.774515
1561,502,4.98975
1655,502,28.808945
1656,502,24.537518
1657,502,39.242657
1663,502,21.459839
1667,502,1.793715
1680,502,4.426672
1692,502,17.076176
1693,502,4.843824
1694,502,13.161514
1695,502,1.637012
1697,502,2.786693
1698,502,3.062049
1699,502,5.041588
1700,502,11.759952
1720,502,9.813991
1721,502,4.620609
1722,502,2.303802
1541,503,24.539314
1543,503,23.075026
1544,503,51.339828
1641,503,115.632103
1642,503,32.404671
1643,503,10.163897
1644,503,13.132803
1645,503,28.643696
1647,503,82.995476
1648,503,44.979538
1649,503,22.48535
1655,503,64.992813
1667,503,1.75664
1680,503,20.295486
1692,503,39.020943
1693,503,13.608886
1694,503,4.643385
1695,503,1.611128
1697,503,2.282862
1698,503,2.90257
1699,503,4.933794
1700,503,11.736785
1721,503,8.115379
1722,503,1.818593
1734,503,1.417739
1505,504,34.164871
1506,504,7.399487
1641,504,38.640068
1642,504,30.498531
1643,504,50.738636
1644,504,47.476257
1645,504,41.677246
1646,504,62.904266
1647,504,97.409607
1679,504,55.729248
1680,504,12.914102
1693,504,6.571127
1694,504,4.633696
1695,504,1.38691
1697,504,2.709782
1698,504,3.691612
1699,504,5.909215
1700,504,10.649752
1721,504,6.074929
1722,504,2.069675
1735,504,1.116993
1505,505,33.315403
1506,505,6.605989
1507,505,27.090666
1680,505,31.617035
1694,505,4.57946
1695,505,1.36842
1697,505,1.334378
1698,505,4.656326
1699,505,4.909168
1721,505,5.311116
1722,505,2.373639
1506,506,15.277981
1609,506,68.427399
1610,506,46.316025
1694,506,4.296227
1695,506,1.456356
1696,506,1.350767
1697,506,1.298986
1698,506,2.907534
1699,506,4.607649
1721,506,6.728059
1722,506,2.381562
1723,506,1.067488
1506,507,22.269547
1609,507,29.648136
1610,507,33.975586
1680,507,16.016464
1694,507,5.716255
1695,507,1.400925
1696,507,1.594618
1697,507,1.186144
1698,507,2.708032
1699,507,4.642039
1721,507,6.23214
1722,507,2.387099
1723,507,1.093955
1740,507,1.093439
1741,507,1.994879
1506,508,33.559425
1609,508,12.43282
1611,508,14.564685
1692,508,17.213202
1694,508,7.382058
1695,508,1.943238
1696,508,1.427247
1697,508,1.258425
1698,508,2.490662
1721,508,5.636665
1722,508,3.654681
1741,508,1.470974
1742,508,5.971192
1494,509,62.932144
1495,509,39.662155
1506,509,65.562172
1607,509,108.673477
1609,509,37.87524
1610,509,19.119446
1611,509,36.306614
1681,509,2.161234
1694,509,5.960356
1695,509,2.160621
1696,509,1.51642
1697,509,1.549079
1698,509,2.674644
1721,509,5.71343
1722,509,3.054955
1740,509,1.122662
1741,509,1.874647
1742,509,2.298373
1494,510,19.874271
1495,510,37.377495
1506,510,19.990095
1540,510,147.481873
1541,510,208.706009
1611,510,19.368597
1680,510,13.593668
1694,510,5.265938
1695,510,2.134392
1696,510,2.199366
1697,510,1.654655
1698,510,3.165531
1722,510,2.965278
1723,510,1.220508
1740,510,4.243589
1741,510,1.899044
1742,510,5.016923
1494,511,1.084258
1495,511,31.530499
1505,511,30.925705
1506,511,10.347878
1539,511,12.894566
1540,511,17.442745
1541,511,161.966187
1548,511,7.443906
1549,511,34.477448
1550,511,11.927231
1551,511,2.746973
1555,511,59.456398
1605,511,11.853774
1609,511,2.874995
1610,511,24.070162
1694,511,5.446758
1695,511,2.618648
1696,511,2.017563
1697,511,1.924569
1698,511,3.392692
1721,511,10.208969
1722,511,3.5825
1723,511,1.198143
1739,511,1.249767
1740,511,9.353802
1741,511,21.156511
1514,512,7.816741
1540,512,11.799429
1560,512,43.845673
1561,512,20.996206
1562,512,30.695974
1563,512,37.589996
1564,512,27.564907
1565,512,41.054455
1566,512,37.906803
1567,512,19.416197
1568,512,18.6549
1569,512,13.958148
1570,512,21.168976
1609,512,4.2919
1632,512,5.559772
1652,512,10.402218
1680,512,12.220173
1694,512,5.243614
1695,512,2.67012
1696,512,3.731853
1697,512,5.268209
1722,512,3.539895
1723,512,1.071134
1739,512,2.004546
1740,512,4.379084
1741,512,39.506462
1513,513,12.604488
1514,513,3.690226
1539,513,17.543015
1609,513,9.645697
1680,513,15.938004
1694,513,5.482309
1695,513,2.513999
1696,513,5.296167
1697,513,3.869231
1721,513,5.773932
1722,513,3.365894
1723,513,1.257991
1739,513,3.211242
1740,513,11.402841
1741,513,21.560797
1605,514,2.471894
1606,514,8.786719
1609,514,30.046324
1680,514,15.989137
1694,514,5.337026
1695,514,2.48921
1696,514,2.081027
1697,514,3.198857
1698,514,3.12142
1722,514,2.77771
1723,514,1.465362
1735,514,2.00491
1736,514,5.335201
1737,514,5.075977
1738,514,5.267736
1680,515,20.403261
1694,515,4.664782
1695,515,3.370538
1696,515,2.001085
1697,515,3.49327
1698,515,3.063274
1722,515,2.383396
1723,515,1.735169
1734,515,1.302206
1735,515,4.154387
1736,515,6.997197
1606,516,13.263562
1680,516,39.584953
1694,516,4.633329
1695,516,2.496053
1696,516,2.036651
1697,516,3.542331
1698,516,3.076154
1721,516,4.857065
1722,516,2.098189
1723,516,1.121978
1734,516,2.667216
1606,517,11.351217
1607,517,15.37237
1694,517,3.449988
1695,517,2.185472
1696,517,1.59904
1697,517,3.550511
1698,517,4.277935
1722,517,2.654124
1723,517,1.696706
1734,517,2.495427
1735,517,7.319209
1531,518,8.792026
1606,518,5.838182
1607,518,16.289812
1680,518,23.642174
1694,518,5.22351
1695,518,1.352201
1696,518,2.011332
1697,518,5.383466
1722,518,2.720982
1723,518,1.813878
1734,518,1.94751
1735,518,9.131184
1606,519,10.109372
1607,519,4.961362
1680,519,14.524033
1694,519,4.803222
1695,519,1.40235
1696,519,1.986418
1697,519,4.406083
1698,519,3.587772
1722,519,2.475829
1723,519,1.313806
1734,519,1.595631
1735,519,4.146687
1497,520,28.446106
1498,520,34.062325
1530,520,76.225647
1550,520,31.754004
1551,520,47.607521
1552,520,30.357428
1553,520,35.969574
1554,520,40.635223
1555,520,20.513788
1556,520,51.634674
1557,520,28.778503
1558,520,21.233875
1606,520,4.790678
1692,520,5.67076
1694,520,7.585605
1695,520,1.351027
1696,520,2.259445
1697,520,4.404042
1698,520,3.865645
1703,520,71.753059
1721,520,4.849552
1722,520,2.876675
1734,520,1.382576
1735,520,2.522501
1496,521,34.958931
1498,521,24.598795
1530,521,86.116714
1559,521,27.072773
1560,521,44.211105
1561,521,21.004402
1562,521,26.608658
1563,521,30.159939
1564,521,20.298664
1565,521,31.443937
1566,521,72.399544
1567,521,51.524422
1572,521,57.049469
1606,521,16.156509
1607,521,21.775742
1648,521,27.786104
1692,521,10.995157
1693,521,10.343326
1694,521,3.640038
1695,521,1.660025
1696,521,2.290407
1697,521,3.940207
1698,521,3.033965
1720,521,5.027945
1721,521,3.750536
1722,521,1.605741
1723,521,1.089811
1735,521,3.116406
1530,522,84.64518
1565,522,57.349033
1566,522,129.170898
1605,522,39.780075
1606,522,25.055019
1635,522,130.745102
1644,522,68.224152
1645,522,45.063084
1648,522,17.505386
1649,522,17.454771
1650,522,11.964522
1651,522,23.579206
1691,522,47.730606
1692,522,15.836403
1693,522,9.928225
1694,522,7.084414
1695,522,3088.845459
1696,522,2.020627
1697,522,3.176155
1721,522,2.442245
1722,522,1.577882
1735,522,2.80344
1736,522,6.796741
1529,523,70.566032
1530,523,121.269936
1606,523,1.350551
1607,523,1.33461
1690,523,19.856081
1691,523,20.470451
1692,523,6.28175
1693,523,8.711642
1694,523,1.766943
1696,523,2.479642
1697,523,4.755438
1719,523,8.754751
1720,523,5.116231
1721,523,2.713282
1722,523,2.000389
1735,523,1.087367
1736,523,7.166884
1529,524,36.597759
1530,524,176.022293
1605,524,75.50769
1690,524,18.650488
1691,524,33.87915
1692,524,24.187611
1693,524,16.940939
1694,524,1.616199
1695,524,2.930548
1696,524,2.563628
1697,524,4.733052
1717,524,34.30946
1718,524,21.000982
1719,524,6.52208
1720,524,2.632824
1721,524,1.083316
1735,524,1.204749
1736,524,3.596479
1737,524,13.963634
1529,525,54.374084
1530,525,93.808128
1664,525,25.073502
1691,525,39.305141
1692,525,41.942417
1693,525,4.306251
1694,525,3.374197
1695,525,2.163584
1696,525,3.544194
1697,525,6.988379
1698,525,9.666091
1717,525,18.054426
1718,525,18.727285
1719,525,4.815539
1735,525,1.140035
1736,525,3.744908
1737,525,7.798061
1530,526,44.791122
1531,526,179.991669
1664,526,5.830457
1692,526,13.471006
1693,526,3.527238
1694,526,3.050145
1695,526,3.17801
1696,526,6.206618
1697,526,8.231395
1717,526,5.115282
1718,526,3.280915
1719,526,1.118806
1736,526,3.666581
1737,526,9.04904
1530,527,39.984241
1531,527,90.463036
1664,527,3.643255
1665,527,6.843975
1692,527,23.662537
1693,527,10.451107
1716,527,7.09215
1717,527,4.926666
1718,527,2.276495
1735,527,1.204551
1736,527,3.671613
1737,527,7.440803
1517,528,24.671953
1518,528,32.360218
1519,528,27.583082
1520,528,26.352221
1521,528,21.268139
1522,528,38.546799
1523,528,79.328125
1524,528,46.288361
1525,528,32.940483
1526,528,38.96804
1527,528,30.370556
1528,528,44.401932
1529,528,20.671961
1530,528,41.937813
1531,528,11.298461
1663,528,4.300585
1664,528,6.912409
1665,528,4.074231
1706,528,7.908676
1717,528,8.609059
1718,528,1.746828
1736,528,2.560814
1737,528,6.55618
