334,533,18.15543
390,533,689.217346
334,534,1.003883
335,534,4.216473
389,534,572.255432
390,534,88.479393
391,534,60.636852
327,535,58.408016
335,535,2.608523
389,535,277.11319
390,535,78.430405
391,535,16.487679
335,536,5.08603
327,537,176.971466
335,537,3.650259
327,538,60.619194
342,540,1.184334
209,548,90.458
210,550,38.209316
253,552,40.660999
253,553,44.787125
254,553,9.442673
254,554,10.721804
255,554,99.489136
257,554,19.989
258,554,21.616192
259,554,50.400227
260,554,105.496635
261,554,31.742781
290,554,344.038208
255,555,5.308832
256,555,7.731579
257,555,5.560144
258,555,15.251746
259,555,2.962274
260,555,6.38511
261,555,28.576578
268,555,164.709915
273,555,12.722494
279,555,3.160989
280,555,2.038019
284,555,67.276062
289,555,101.173187
268,556,139.389771
265,574,7.991609
265,575,9.690111
266,575,6.612422
265,576,10.146106
266,576,9.447702
265,577,11.196244
266,577,10.172632
266,578,24.653702
267,578,13.894368
266,579,214.73642
267,579,386.861206
226,581,52.517506
223,585,135.878937
224,585,126.946266
279,589,56.052364
272,590,106.790092
273,590,38.828156
274,590,18.505335
275,590,52.076214
276,590,14.809689
277,590,17.619038
279,590,40.500469
307,591,186.306
284,594,22.235746
285,594,4.289334
293,594,66.178085
310,594,44.075245
304,595,157.98056
307,595,6.988764
266,596,49.186668
247,599,213.171616
308,603,13.621616
330,608,119.65107
379,304,27.470156
380,304,18.868849
382,304,1.283364
374,305,2.090568
386,305,2.216575
373,306,1.639821
374,306,1.304706
300,620,6.452404
285,625,2229.446289
263,627,725.912109
273,627,158.857254
274,627,172.8508
273,628,207.529724
277,629,688.458435
278,629,137.059601
280,629,117.753365
281,629,131.593063
277,630,125.754982
212,324,8.267651
216,324,1.618299
213,325,1.58878
211,326,1.556966
220,326,3.060211
221,326,1.500889
222,326,7.625519
225,326,4.646454
226,326,2.446795
227,326,2.912838
228,326,7.287841
211,327,1.14941
212,327,1.019158
228,327,2.502781
229,327,3.911554
208,328,5.367526
227,328,1.824424
228,328,1.810417
209,329,4.113615
236,331,16.446321
237,331,19.886694
238,331,34.910583
239,331,161.462708
242,331,130.938492
243,331,178.284409
244,331,288.552979
236,332,32.587418
237,332,13.077244
238,332,9.357694
239,332,14.438393
240,332,9.412812
241,332,13.863235
242,332,4.371929
243,332,58.813309
245,332,306.307068
269,639,56.10524
237,333,30.533535
238,333,12.182161
239,333,9.083701
244,333,5.091207
245,333,6.30493
246,333,17.000507
247,333,6.589906
248,333,8.0907
249,333,16.913685
250,333,13.967367
244,334,4.47941
245,334,1.898481
250,334,9.615864
251,334,7.888528
250,335,17.769625
311,643,70.501373
318,643,3.70022
311,644,14.595693
312,644,36.292171
313,644,51.913452
316,644,1.925417
317,644,8.949522
217,338,13.282031
223,338,24.533146
229,338,10.425914
230,338,22.12018
310,645,17.449158
311,645,10.188424
312,645,3.576708
314,645,1.308269
315,645,4.557735
316,645,5.723834
220,339,25.958803
224,339,6.403277
229,339,19.212744
230,339,12.027909
218,340,15.032248
219,340,2.134832
220,340,1.693404
225,340,10.074709
228,340,14.905038
229,340,24.117098
230,340,10.420702
231,340,16.60358
232,340,10.347408
231,341,1.631072
232,341,7.666085
235,363,98.772057
223,364,7.446183
228,364,16.044859
229,364,16.190998
230,364,55.569515
234,364,21.930592
235,364,29.196981
236,364,64.212151
237,364,123.013184
230,365,14.231013
231,365,1.944772
232,365,2.013081
233,365,2.18919
234,365,3.277935
235,365,4.246146
236,365,9.400129
237,365,33.486675
235,366,1.203789
236,366,7.091981
237,366,38.526993
371,370,1.882265
372,370,2.829712
210,371,65.811005
245,371,1.483992
246,371,9.920712
251,371,34.82991
252,371,35.123569
257,371,76.936745
258,371,99.639862
363,371,1.298008
365,371,1.061833
368,371,2.408536
203,372,41.876934
204,372,65.868149
209,372,19.486208
210,372,54.557316
242,372,2.493621
243,372,1.18207
246,372,9.942155
247,372,31.234085
248,372,31.230452
249,372,33.549381
250,372,29.213282
251,372,15.501216
252,372,50.210506
253,372,68.507607
254,372,96.199265
255,372,98.554657
256,372,79.246246
257,372,45.426483
258,372,89.266174
260,372,66.228348
261,372,75.973305
338,372,11.099717
355,372,1.463626
365,372,1.102957
195,373,59.617462
202,373,1.369647
203,373,12.588812
204,373,2.142493
205,373,2.956792
206,373,2.955298
207,373,5.669677
208,373,2.553484
209,373,1.444531
210,373,1.578558
211,373,1.654732
212,373,57.791836
246,373,5.023934
247,373,17.975058
248,373,13.52527
249,373,14.276627
250,373,29.105804
251,373,14.419821
252,373,14.241587
253,373,21.315222
254,373,46.943218
255,373,31.269339
256,373,53.753723
257,373,11.187724
258,373,27.839945
259,373,46.409721
260,373,21.055542
261,373,69.250572
338,373,9.424083
339,373,1.637321
340,373,1.144478
367,373,1.376043
202,374,47.395344
203,374,54.624592
204,374,9.544321
205,374,7.432647
206,374,8.225065
207,374,7.506356
208,374,7.581515
209,374,8.579293
210,374,6.511359
211,374,7.046557
212,374,7.160329
245,374,1.648072
247,374,1.378925
249,374,1.108575
250,374,2.161658
253,374,1.073286
255,374,2.926543
256,374,2.537189
257,374,1.155464
260,374,18.048809
261,374,38.889332
338,374,9.927076
339,374,7.295862
340,374,1.443214
341,374,1.650956
367,374,1.318235
318,375,5.674974
319,375,3.435583
320,375,6.578902
327,375,28.926195
338,375,12.984928
339,375,3.012121
340,375,1.97293
368,375,1.615337
371,375,2.42146
374,375,1.403224
283,376,128.995285
314,376,2.468516
316,376,7.207834
317,376,4.767688
318,376,3.196694
319,376,3.14782
338,376,25.795834
339,376,2.465725
340,376,2.161669
341,376,2.003803
342,376,1.045455
346,376,1.336428
370,376,4.398552
374,376,6.497388
314,377,1.195138
315,377,3.530062
316,377,4.385452
317,377,7.156782
318,377,1.114668
326,377,114.653618
334,377,7.058834
335,377,10.630527
338,377,49.702503
339,377,1.663097
340,377,2.579603
341,377,1.250455
342,377,1.335963
343,377,58.226189
347,377,1.035965
362,377,10.321428
369,377,2.301608
370,377,1.138539
371,377,5.312018
373,377,1.646647
374,377,1.603532
266,378,11.368892
267,378,42.633575
268,378,18.977499
269,378,13.480713
314,378,9.869433
316,378,3.267243
317,378,3.844769
326,378,39.456009
327,378,5.863149
339,378,1.877637
340,378,1.401795
341,378,1.58076
342,378,1.761515
343,378,58.351189
369,378,5.217448
370,378,1.078368
374,378,1.370319
265,379,2.239575
266,379,3.528245
267,379,11.357419
268,379,8.189664
313,379,17.749537
314,379,7.710116
315,379,4.41677
316,379,1.954692
317,379,4.687808
339,379,1.629518
340,379,1.457007
342,379,1.936147
362,379,9.833333
368,379,1.597723
370,379,1.613699
371,379,1.247138
375,379,1.098652
376,379,1.054334
267,380,4.168853
268,380,1.172737
311,380,1.992399
312,380,8.938831
313,380,7.40008
314,380,5.245179
315,380,1.77242
316,380,1.868959
327,380,4.96751
339,380,1.708001
340,380,1.65774
341,380,1.111825
343,380,1.025
362,380,9.833333
369,380,1.526413
370,380,2.408536
371,380,1.646607
373,380,1.246117
374,380,1.31967
375,380,3.096202
376,380,1.894048
267,381,1.433311
269,381,4.424428
309,381,23.094673
310,381,2.014514
311,381,1.381878
313,381,4.41677
314,381,1.77242
315,381,1.874993
316,381,1.193381
327,381,2.556609
339,381,2.395323
340,381,1.212196
342,381,1.08
343,381,1.28315
370,381,1.024112
375,381,1.007049
376,381,4.937446
268,382,1.124627
269,382,2.997893
270,382,14.574307
308,382,13.646727
309,382,6.295641
311,382,2.156141
312,382,2.515747
314,382,1.856911
315,382,1.560564
316,382,1.454028
319,382,1.171591
320,382,1.306028
327,382,2.442213
339,382,6.128026
340,382,1.308648
341,382,1.281889
342,382,1.508572
343,382,1.566667
374,382,1.357102
376,382,2.831852
378,382,1.955614
268,383,1.380201
269,383,1.205265
270,383,11.394691
308,383,27.79108
309,383,5.724953
310,383,2.818132
311,383,3.628572
312,383,1.326827
320,383,2.585705
327,383,5.415884
339,383,3.945787
340,383,1.293048
341,383,1.254609
342,383,1.548509
343,383,1.32047
344,383,245.667099
363,383,10.333333
376,383,3.874862
377,383,2.848785
378,383,3.644445
269,384,2.230001
270,384,9.655308
271,384,23.234684
303,384,8.961314
308,384,11.176233
309,384,3.486171
310,384,5.775252
311,384,37.203308
327,384,3.446933
340,384,1.219395
342,384,1.018466
344,384,210.325821
364,384,1.75
371,384,1.56467
270,385,9.116769
271,385,15.42121
301,385,2.699874
302,385,2.131874
307,385,9.625699
308,385,5.906079
309,385,1.609226
310,385,1.850997
311,385,1.559191
327,385,12.002616
340,385,1.855525
341,385,2.896019
342,385,2.438879
372,385,1.70182
307,386,11.577008
308,386,6.428411
309,386,2.423486
310,386,2.47037
327,386,4.068007
333,386,1.71353
334,386,3.016746
335,386,3.604804
336,386,9.410971
340,386,2.536527
341,386,2.481283
342,386,1.105527
343,386,1.060927
364,386,13.0
304,387,5.429136
307,387,12.904424
308,387,13.013845
328,387,5.510348
331,387,3.027611
332,387,1.620289
335,387,3.045909
336,387,7.237763
344,387,1.066667
345,387,35.666676
347,387,1.060767
348,387,1.084746
375,387,1.434157
304,388,6.536478
307,388,37.001869
308,388,1.153661
327,388,7.919979
342,388,1.207983
376,388,2.019425
391,388,5.098023
304,389,6.409364
305,389,27.745506
306,389,12.904424
307,389,1.043479
340,389,3.565642
341,389,2.448845
374,389,4.271397
391,389,1.50831
305,390,6.028626
325,390,14.097507
326,390,2.625139
327,390,1.912216
340,390,6.619341
341,390,3.276202
391,390,1.764355
325,391,2.405863
350,391,1.007579
391,391,2.218709
325,392,5.976924
390,392,1.309428
391,392,1.504112
392,392,2.003805
393,392,1.669149
236,393,6.939484
270,393,15.832604
271,393,16.89267
276,393,24.907955
277,393,16.259462
323,393,2.559929
325,393,1.331015
225,394,2826.878418
226,394,18.190899
227,394,29.228888
228,394,12.458166
230,394,1.659197
231,394,18.877531
232,394,31.164986
233,394,55.067928
234,394,132.504318
235,394,77.87661
236,394,45.378014
237,394,13.214644
238,394,18.350121
239,394,14.29508
240,394,42.56469
267,394,11.006195
268,394,10.790437
269,394,2.524726
270,394,6.069677
271,394,39.580688
272,394,41.967144
273,394,31.817764
274,394,35.427258
275,394,31.121071
276,394,11.672044
277,394,35.763889
280,394,43.389484
389,394,3.461607
391,394,2.513292
392,394,1.249009
225,395,5.298944
226,395,13.063557
227,395,11.534718
228,395,11.017953
229,395,8.286233
230,395,8.074245
231,395,10.824628
232,395,16.70509
233,395,26.707247
234,395,27.920105
235,395,27.064373
236,395,22.690535
237,395,3.587435
238,395,15.925412
239,395,27.292665
240,395,30.2766
267,395,6.646949
268,395,4.797033
269,395,4.832469
270,395,4.479685
271,395,31.590181
272,395,30.704041
273,395,18.01115
274,395,20.971966
275,395,10.193355
276,395,12.680656
277,395,23.011419
278,395,23.482372
279,395,29.092875
338,395,4.546616
339,395,1.166857
340,395,11.212776
372,395,3.431774
392,395,7.786601
223,396,13.010142
224,396,6.861431
225,396,5.537642
226,396,21.544991
227,396,32.490078
228,396,35.398739
229,396,24.519434
230,396,23.901592
231,396,9.929104
232,396,35.019619
233,396,30.905834
234,396,41.881344
235,396,60.879032
236,396,35.080315
237,396,22.633104
238,396,22.173372
239,396,85.86203
240,396,29.102783
267,396,5.216385
268,396,4.454142
269,396,5.715552
270,396,3.340292
271,396,4.421241
272,396,11.852145
273,396,14.980493
274,396,13.639528
275,396,191.057922
276,396,11.03075
277,396,18.910324
278,396,48.229103
279,396,85.150398
339,396,2.688885
372,396,1.291729
392,396,2.854978
224,397,12.482852
230,397,16.537359
236,397,66.713203
237,397,57.974342
267,397,36.751934
268,397,19.718508
270,397,15.099885
271,397,23.891676
272,397,28.577211
273,397,30.877134
274,397,34.962475
275,397,33.262768
276,397,32.735054
277,397,51.00515
278,397,71.965675
279,397,149.149643
326,397,1.402685
374,397,1.509959
392,397,1.850511
392,398,1.254294
326,399,1.031969
391,399,1.597751
392,399,3.082628
243,400,5.640782
244,400,7.402533
249,400,25.135859
250,400,20.099068
256,400,51.261429
257,400,56.162151
262,400,54.21423
263,400,14.663061
358,400,1.252664
359,400,1.161929
198,401,61.545013
199,401,329.12381
204,401,204.648712
205,401,214.395691
206,401,714.139282
207,401,1136.588257
208,401,1376.883545
210,401,226.503616
211,401,55.404186
212,401,788.659424
213,401,291.930695
214,401,234.570038
215,401,220.735992
217,401,90.051537
218,401,105.934441
219,401,153.66716
240,401,41.76334
241,401,4.425368
242,401,6.042973
243,401,3.198919
244,401,9.035001
245,401,7.425182
246,401,7.399748
247,401,10.089216
248,401,15.373327
249,401,7.415384
250,401,12.362776
251,401,20.912987
252,401,20.395567
253,401,32.262775
254,401,36.706158
255,401,78.063622
256,401,75.086899
257,401,36.268303
258,401,29.253094
259,401,116.751068
260,401,70.593468
261,401,49.58374
262,401,35.164799
263,401,14.799809
265,401,19.193449
312,401,11.971804
313,401,2.676479
314,401,4.117168
345,401,1.100709
368,401,1.530324
378,401,2.138446
198,402,83.088791
199,402,638.746826
200,402,1098.89563
204,402,139.900284
205,402,508.631958
206,402,687.849792
207,402,787.393311
208,402,880.869141
209,402,1115.824463
210,402,350.512085
211,402,79.288422
212,402,188.729141
213,402,307.847107
214,402,316.436829
215,402,220.743942
216,402,244.359116
217,402,71.059364
218,402,49.697998
240,402,24.888412
241,402,6.765161
242,402,1.226318
244,402,3.275695
245,402,4.256599
246,402,11.911005
247,402,5.486993
248,402,13.428293
249,402,5.971512
250,402,5.841065
251,402,6.441839
252,402,17.952438
253,402,18.60043
254,402,32.623676
255,402,49.160824
256,402,36.977097
257,402,8.809196
258,402,16.296227
259,402,28.736496
260,402,16.426285
261,402,18.357922
262,402,16.316231
263,402,5.496791
264,402,13.71166
265,402,25.506937
309,402,18.339968
310,402,7.745873
311,402,7.99291
312,402,6.981793
313,402,4.204807
323,402,1.75962
344,402,2.21472
345,402,2.141771
354,402,1.148831
387,402,1.061836
196,403,349.566162
197,403,322.371521
198,403,38.452644
199,403,22.773735
200,403,24.866634
201,403,450.889709
202,403,2479.383545
203,403,1552.297485
204,403,20.739346
205,403,18.332302
206,403,16.566126
207,403,394.971802
208,403,1162.982788
209,403,418.590851
210,403,172.80423
211,403,13.490075
212,403,14.723315
213,403,28.660172
214,403,169.001892
215,403,177.505936
216,403,112.644135
217,403,16.952536
218,403,19.46393
219,403,13.685225
240,403,21.064516
241,403,10.14979
242,403,16.430239
243,403,10.611961
244,403,2.122164
245,403,1.964657
246,403,4.179241
247,403,11.041351
248,403,10.749982
249,403,7.580541
250,403,2.289375
251,403,17.081604
252,403,8.00902
253,403,5.305862
254,403,9.859333
255,403,10.949653
256,403,4.414113
257,403,1.522753
258,403,4.946144
259,403,4.387493
260,403,7.387322
261,403,13.33338
262,403,8.670783
263,403,7.690958
264,403,8.931471
265,403,31.55983
272,403,17.855549
273,403,4.590998
274,403,7.89789
275,403,2.140293
276,403,1.101312
315,403,3.240547
344,403,3.638924
345,403,3.146086
354,403,2.927322
359,403,8.005928
367,403,1.543121
213,404,56.438976
240,404,42.087212
241,404,73.319824
242,404,54.491238
243,404,19.617384
244,404,9.973379
245,404,11.274583
246,404,13.055569
247,404,28.083443
248,404,39.257828
249,404,21.81035
250,404,7.918385
251,404,7.073865
252,404,15.689103
253,404,19.147911
256,404,23.777954
257,404,4.988697
262,404,26.769461
263,404,48.58585
264,404,24.741711
272,404,33.258648
273,404,2.644537
275,404,2.31553
324,404,1.299621
326,404,1.176453
366,404,1.359348
367,404,1.508856
368,404,1.287847
243,405,38.307919
244,405,35.418037
249,405,61.270287
250,405,40.990791
256,405,77.815681
257,405,57.272743
272,405,166.142151
273,405,3.970585
277,405,4.036815
312,405,10.027381
314,405,5.745462
322,405,1.157983
323,405,2.13175
359,405,1.004288
360,405,3.494505
361,405,1.875708
362,405,1.012802
366,405,1.259496
367,405,1.191958
272,406,1.47389
278,406,1.644651
279,406,1.946131
280,406,11.768438
310,406,39.694744
327,406,1.771641
344,406,1.096649
279,407,5.097982
348,407,1.330875
339,408,6.731378
340,408,3.354233
341,408,4.570642
342,408,2.117962
343,408,18.32494
344,408,1.759452
345,408,1.038979
347,408,1.117976
350,408,3.222558
354,408,8.692492
235,409,50.3484
267,409,1.363705
320,409,1.846783
326,409,1.155749
338,409,22.226461
339,409,14.083346
340,409,1.527423
341,409,3.350039
342,409,1.419513
343,409,2.177399
348,409,1.315785
349,409,2.668893
350,409,10.262817
226,410,64.840446
227,410,479.819336
228,410,161.547882
235,410,23.206858
236,410,10.748965
237,410,3.924371
327,410,1.15974
328,410,1.893512
340,410,2.096044
345,410,2.479316
228,411,26.933147
267,412,3.810464
268,412,3.843081
269,412,1.913597
239,416,4.091791
240,416,6.686696
277,416,1.749563
281,416,6.209777
283,416,15.864285
361,416,1.571229
216,417,14.923238
234,417,8.107489
236,417,1.287254
237,417,2.318987
238,417,4.424004
247,417,1.059088
250,417,2.32891
251,417,1.415852
253,417,180.087875
262,417,3.399667
269,417,1.222336
325,417,3.587325
334,417,1.273872
336,417,1.054011
338,417,6.089091
341,417,6.818359
344,417,1.124087
359,417,9.650526
204,418,17.901777
206,418,33.388245
207,418,2.366821
209,418,3.721481
211,418,3.858221
212,418,2.995453
213,418,10.396188
234,418,20.785898
235,418,9.38341
247,418,2.698654
250,418,2.463342
253,418,129.796524
254,418,112.490524
256,418,29.594687
311,418,4.311425
312,418,9.55156
313,418,6.145682
315,418,3.427868
316,418,1.850618
317,418,3.046372
327,418,2.694455
330,418,1.329158
332,418,1.402487
335,418,3.197948
336,418,4.7823
338,418,6.493107
340,418,2.884169
350,418,1.42072
360,418,1.54683
206,419,12.737008
235,419,16.5994
241,419,9.014008
247,419,1.418726
248,419,50.018364
249,419,18.77335
250,419,9.254832
251,419,10.668598
252,419,1.553016
254,419,44.996563
310,419,7.87932
311,419,1.951568
330,419,3.835734
331,419,5.367925
334,419,1.213695
335,419,5.222619
360,419,1.193289
364,419,1.405349
234,420,50.834541
235,420,1.493298
241,420,69.091919
244,420,5.399424
245,420,2.934063
247,420,1.458767
248,420,100.882767
249,420,7.661578
250,420,1.402802
251,420,3.416472
329,420,11.596419
360,420,7.930912
361,420,4.068048
362,420,2.14129
364,420,1.928725
365,420,1.822319
234,421,63.746796
235,421,25.991734
241,421,19.011906
242,421,30.722389
245,421,5.764143
246,421,452.976135
247,421,120.580475
248,421,83.979012
249,421,56.543495
250,421,91.149834
251,421,126.412254
328,421,3.56102
329,421,14.096755
360,421,8.568056
234,422,57.938442
235,422,144.706726
236,422,22.944515
238,422,2.024019
239,422,43.856754
240,422,32.535652
241,422,41.552998
242,422,23.811859
245,422,8.477109
246,422,148.108139
235,423,75.989136
236,423,10.399877
237,423,2.261011
238,423,13.467838
239,423,31.81983
240,423,41.965572
241,423,89.789482
242,423,39.674065
235,424,23.980459
236,424,47.955505
237,424,1.946306
238,424,24.322222
239,424,4.788848
240,424,110.082161
309,424,16.371969
330,425,2.141057
331,425,3.654294
354,425,2.866308
364,425,18.897154
331,426,7.333504
330,427,1.842627
331,427,12.639211
327,428,5.107388
328,428,1.998298
329,428,1.052896
330,428,2.290245
331,428,9.703094
352,434,1.235109
351,435,4.367143
352,435,1.709064
353,435,2.669051
221,436,9.259809
351,436,7.185554
223,439,10.902357
312,439,1.145117
313,439,2.315532
314,439,8.489725
182,440,141.158737
223,440,5.808774
224,440,1.642878
314,440,7.439157
222,441,16.196222
223,441,11.319799
224,441,14.427991
224,442,15.07572
354,442,2.443047
356,442,1.12376
357,442,4.768136
358,442,16.548868
224,443,104.657089
226,443,2.327766
344,443,2.322996
354,443,8.951195
356,443,5.387364
357,443,8.958793
358,443,18.073214
223,444,38.602451
224,444,23.537146
354,444,1.483281
355,444,4.558333
356,444,1.396625
357,444,4.665328
358,444,26.884281
223,445,5.428317
350,445,8.019051
351,445,30.664362
352,445,12.574481
353,445,2.787673
354,445,1.895281
355,445,1.442998
356,445,2.650891
358,445,21.556927
351,446,6.727997
352,446,6.797421
353,446,11.643465
354,446,17.87978
355,446,1.873353
356,446,2.442433
357,446,2.545658
358,446,3.308288
359,446,47.870804
361,447,16.673193
361,448,30.455338
343,449,15.807562
361,449,11.752152
309,452,4.222844
310,452,2.705222
311,452,9.77026
310,453,2.348468
311,453,13.103952
347,453,22.081104
348,453,20.988157
349,453,37.851505
309,454,2.494534
311,454,1.696781
347,454,18.754751
348,454,19.992622
349,454,23.632021
309,455,2.413829
311,455,2.873242
330,455,3.827542
333,455,2.33592
347,455,57.828403
311,456,2.915561
319,456,2.778112
320,456,1.345748
329,456,3.69669
331,456,2.594423
335,456,1.264261
336,456,1.654225
321,457,1.244651
330,457,2.165504
336,457,2.240804
320,458,2.034975
323,458,1.063261
326,458,4.063945
327,458,2.058783
330,458,1.378341
331,458,2.074543
334,458,1.807051
335,458,3.595164
336,458,1.676034
327,459,3.87991
330,459,5.673392
331,459,1.022662
332,459,1.186419
333,459,1.033707
334,459,19.203289
335,459,14.864849
336,459,11.711763
330,460,1.370263
331,460,3.459986
332,460,1.946106
333,460,3.076379
334,460,7.141077
335,460,68.673767
336,460,63.123653
348,460,29.056948
349,460,6.201201
378,460,38.257912
328,461,1.734424
329,461,2.901799
330,461,1.002233
378,461,5.19559
329,462,3.399627
330,462,2.495402
378,462,1.373331
322,468,5.777174
323,468,3.30985
324,468,3.360776
325,468,3.432544
326,468,4.058179
329,468,6.407508
347,469,1.244171
347,470,1.142127
350,470,36.314564
351,470,12.821356
351,471,4.407908
352,471,1.665967
351,472,2.10186
352,472,25.678059
353,472,26.607983
354,472,26.448538
356,472,1.724301
358,472,1.18023
359,472,5.323224
360,472,2.235626
361,472,1.78938
362,472,2.218661
351,473,2.501968
352,473,3.643299
353,473,3.081271
354,473,3.468895
355,473,3.742447
356,473,4.32894
357,473,4.038798
358,473,4.514715
361,473,7.105863
362,473,8.562614
334,474,49.936539
335,474,20.020809
336,474,7.387408
337,474,3.469943
338,474,4.06939
339,474,7.0755
340,474,1.456751
341,474,1.319836
350,474,2.077675
352,474,26.070566
326,475,2.908013
336,475,3.81425
337,475,2.738652
338,475,3.233541
339,475,1.246757
341,475,2.099196
350,475,3.604932
341,476,2.544724
347,476,1.764881
351,476,8.223548
353,476,5.857047
354,476,1.570381
355,476,2.222374
356,476,2.269835
357,476,1.207897
358,476,4.968181
355,477,1.130944
358,477,2.930355
349,478,299.510986
355,478,1.500203
358,478,1.128421
360,478,1.018615
341,480,19.562029
343,480,2.454564
339,481,16.459906
340,481,30.180195
341,481,16.681425
342,481,22.861588
339,482,4.581598
340,482,6.359089
341,482,2.485724
342,482,12.267768
347,482,76.515114
366,482,2.306391
367,482,5.233775
329,483,32.942654
334,483,93.517563
335,483,54.348698
336,483,15.06198
337,483,12.288124
338,483,16.812529
339,483,2.297879
342,483,19.315096
343,483,3.078118
347,483,69.817474
363,483,2.82333
337,484,1.863598
341,484,5.389438
342,484,7.103937
347,484,18.118973
354,484,1.073363
358,484,2.105353
359,484,2.116811
362,484,1.148726
363,484,3.037483
342,485,11.646005
343,485,1.373132
354,485,1.402767
355,485,10.543844
356,485,6.160165
361,485,1.496945
362,485,1.391348
354,486,1.164867
355,486,8.011241
356,486,3.348233
357,486,1.745367
355,487,1.191233
356,487,1.868654
360,488,2.228898
361,488,5.371222
362,488,19.148882
354,489,4.724863
361,489,14.588619
336,490,1.676303
337,490,2.144877
338,490,2.96307
343,490,1.150729
354,490,21.304413
354,491,27.952316
367,491,2.241913
368,491,1.159266
355,492,26.250465
356,492,3.837569
391,493,1.048449
395,493,1.05381
389,511,128.06105
390,513,1.874133
266,514,45.138248
267,514,15.668761
268,514,10.435274
269,514,4.359276
270,514,6.888467
271,514,6.218938
390,514,1.500885
265,515,66.135353
368,515,135.011398
369,515,76.596451
370,515,68.547623
371,515,1.865448
372,515,11.880239
382,515,67.864281
388,515,4.318092
274,516,3.811259
365,516,8.897066
366,516,3.291028
367,516,1.976918
368,516,2.850927
369,516,1.763257
370,516,2.409927
372,516,48.212337
389,516,2.757362
369,517,1.097273
371,517,2.4595
372,517,6.588214
389,517,12.463601
372,518,8.597486
388,518,94.93351
391,518,1.318989
392,518,9.489561
349,519,4.05744
350,519,1.334829
372,519,5.189863
373,519,74.195908
392,519,11.040915
353,520,19.682934
373,520,20.965448
374,520,27.975649
391,520,1.340112
392,520,1.668056
349,521,2.554557
350,521,5.334127
370,521,1.104133
373,521,9.773726
374,521,12.805429
392,521,2.792143
349,522,1.665908
374,522,9.387085
348,523,2.252094
349,523,3.46016
350,523,8.957804
365,524,25.523506
366,524,2.458055
365,525,1.980974
288,527,5.872403
286,528,6.315015
382,528,134.111572
