465,2127,338.516235
324,2447,151.962524
325,2447,155.132019
480,2129,22.794083
323,2448,266.085327
324,2448,47.858685
325,2448,40.362347
326,2448,46.858227
327,2448,40.636467
328,2448,36.781464
329,2448,43.497894
337,2448,10.003069
338,2448,8.158871
339,2448,17.48962
340,2448,27.332293
342,2448,18.259275
344,2448,21.318514
345,2448,14.251873
346,2448,9.811511
347,2448,11.104204
348,2448,12.402081
349,2448,16.172037
350,2448,58.083298
360,2448,42.075199
480,2130,37.609917
321,2449,681.473572
322,2449,391.119354
323,2449,7.47348
324,2449,9.276533
325,2449,15.341125
326,2449,13.916817
327,2449,29.474037
328,2449,52.416752
337,2449,41.675621
338,2449,29.985971
351,2449,121.477066
479,2131,86.053085
480,2131,27.148357
321,2450,30.365042
322,2450,25.296644
323,2450,45.394547
324,2450,39.307178
325,2450,31.222166
326,2450,65.589149
327,2450,37.327259
328,2450,29.706106
337,2450,13.244765
338,2450,19.349846
478,2132,35.646633
479,2132,127.366257
481,2132,33.888794
344,2133,125.81311
345,2133,123.916344
347,2133,20.756321
456,2133,306.251129
318,2451,973.026855
321,2451,40.653088
322,2451,48.385227
323,2451,46.943565
324,2451,122.311272
325,2451,184.011078
326,2451,581.981689
327,2451,57.191387
328,2451,137.811035
320,2452,156.675812
321,2452,194.432983
322,2452,183.54039
323,2452,253.724091
324,2452,252.383392
325,2452,174.986694
326,2452,735.216492
327,2452,478.278687
328,2452,98.765785
345,2452,1.525811
346,2452,2.806674
347,2452,2.395588
349,2452,1.295884
397,2135,83.439674
400,2135,4.720872
403,2135,6.335595
404,2135,6.48524
405,2135,13.521475
406,2135,17.499802
455,2135,2.210306
327,2453,432.745941
328,2453,39.270832
327,2454,242.23053
328,2454,81.130096
397,2136,50.608688
399,2136,25.446213
400,2136,35.194778
401,2136,10.469852
402,2136,2.266667
403,2136,6.915024
404,2136,6.853131
405,2136,19.529173
406,2136,7.542471
411,2136,180.732269
454,2136,571.321289
455,2136,5.500684
398,2137,43.124855
454,2137,31.202457
455,2137,46.388203
327,2455,216.144684
328,2455,36.390385
383,2455,571.575989
327,2456,221.800873
328,2456,83.85759
383,2456,463.744812
319,2457,40.388725
327,2457,519.163452
328,2457,93.907845
394,2138,7.623435
398,2138,19.289413
454,2138,45.160698
455,2138,282.345886
456,2138,21.686235
457,2138,94.346153
458,2138,289.632813
459,2138,455.944397
460,2138,95.555397
323,2458,311.662994
324,2458,118.868652
327,2458,376.379608
328,2458,86.332382
329,2458,57.317028
393,2139,59.60289
394,2139,609.303284
398,2139,20.004082
454,2139,242.170685
455,2139,207.887833
456,2139,134.943054
457,2139,23.230303
458,2139,52.58424
459,2139,343.332794
460,2139,102.153061
327,2459,67.192215
393,2140,102.749504
394,2140,40.24958
398,2140,23.020555
454,2140,289.621185
455,2140,117.349777
456,2140,76.427132
457,2140,33.712654
458,2140,19.899994
459,2140,357.974243
460,2140,179.532379
458,2460,71.509239
394,2141,99.569023
395,2141,7.115392
398,2141,19.717609
417,2141,22.92334
454,2141,56.780724
455,2141,142.729507
456,2141,29.120304
457,2141,22.598402
458,2141,39.339684
459,2141,65.588058
460,2141,58.351368
342,2461,2.90625
338,2462,2.544556
345,2142,441.756165
394,2142,25.016685
395,2142,60.281864
398,2142,34.537735
446,2142,334.136353
454,2142,49.451271
455,2142,7.36498
456,2142,20.02623
457,2142,46.785145
458,2142,60.172462
459,2142,115.423958
460,2142,77.15274
456,2143,22.1054
457,2143,82.453712
458,2143,167.19722
459,2143,261.007568
330,2464,81.98037
446,2144,46.887444
458,2144,130.658371
326,2465,137.766083
328,2465,59.673256
329,2465,60.728146
321,2466,106.375977
322,2466,137.084625
323,2466,158.821808
324,2466,205.37442
325,2466,169.139587
326,2466,237.692673
327,2466,108.191414
329,2466,32.75053
446,2145,109.602715
327,2467,114.302353
328,2467,37.846371
329,2467,4.557344
325,2468,161.795959
326,2468,18.529102
327,2468,108.849945
328,2468,37.754642
329,2468,11.992962
330,2468,10.877617
327,2469,30.469706
328,2469,7.456956
329,2469,2.459909
330,2469,2.640017
339,2469,9.037056
340,2469,5.230008
341,2469,59.345253
342,2469,66.553375
384,2474,73.444458
384,2475,54.579529
319,2476,39.303864
338,2476,199.432785
339,2476,246.634354
340,2476,25.904661
341,2476,89.814911
342,2476,88.67083
343,2476,93.111076
344,2476,37.974052
345,2476,40.360146
346,2476,104.691887
350,2476,24.765184
402,2476,458.235016
319,2477,17.862263
338,2477,19.183601
505,2477,198.86348
506,2477,234.463989
338,2478,21.375008
507,2478,88.148628
508,2478,41.071419
509,2478,16.647104
338,2479,5.594988
505,2479,269.347351
506,2479,283.486145
507,2479,52.247334
508,2479,13.065455
327,2480,2.441905
328,2480,1.800234
504,2480,232.907715
505,2480,247.026688
506,2480,198.299347
508,2480,25.283508
326,2481,5.625087
327,2481,3.119584
338,2481,3.313629
341,2481,2.960274
505,2481,278.347595
506,2481,212.895218
508,2481,17.292885
319,2482,5.980392
320,2482,11.12715
321,2482,17.112968
322,2482,8.431473
324,2482,2.188525
325,2482,9.278448
326,2482,3.848404
327,2482,3.169529
339,2482,2.360854
342,2482,3.401183
359,2482,158.014099
505,2482,404.118927
506,2482,167.646652
508,2482,9.290344
318,2483,10.879601
319,2483,6.277061
320,2483,6.077415
321,2483,7.520087
322,2483,3.471662
323,2483,1.795184
324,2483,1.700003
325,2483,1.450001
326,2483,3.356397
327,2483,6.451832
328,2483,6.042809
347,2483,9.601037
358,2483,365.303741
505,2483,306.918701
506,2483,205.073944
341,2162,529.032959
346,2162,197.414154
317,2484,33.195683
318,2484,7.589797
319,2484,9.187515
320,2484,6.914987
321,2484,3.27616
322,2484,1.085996
323,2484,1.563636
324,2484,1.568181
326,2484,2.230906
327,2484,3.318596
328,2484,3.888752
347,2484,16.271465
348,2484,1.088389
358,2484,222.171783
506,2484,56.835281
351,2163,6.678555
318,2485,8.736165
319,2485,7.097076
320,2485,2.983457
321,2485,1.577403
323,2485,1.52381
325,2485,1.261786
326,2485,1.089675
327,2485,4.741192
328,2485,3.888752
347,2485,7.184543
348,2485,2.1871
357,2485,41.832138
506,2485,8.750674
319,2486,3.541667
320,2486,1.013889
321,2486,1.194444
324,2486,1.823333
326,2486,3.639963
327,2486,3.197175
328,2486,5.143386
347,2486,15.368925
348,2486,5.287203
349,2486,1.518095
352,2486,9.594419
353,2486,4.364835
357,2486,41.269604
505,2486,9.970895
319,2487,78.092194
323,2487,3.0
324,2487,1.010476
325,2487,1.634834
326,2487,1.984999
327,2487,3.974573
328,2487,3.968671
347,2487,10.738825
349,2487,1.214158
352,2487,3.548543
353,2487,23.085295
504,2487,17.634617
457,2168,14.571462
319,2488,106.015854
320,2488,112.634201
321,2488,191.460876
322,2488,2.25
323,2488,7.324243
324,2488,1.557143
325,2488,1.17712
326,2488,1.040522
327,2488,2.390573
328,2488,4.084098
347,2488,23.88954
348,2488,1.250546
352,2488,7.651523
353,2488,24.800282
319,2489,110.085899
320,2489,59.534081
321,2489,22.747278
322,2489,334.416656
323,2489,33.111111
324,2489,2.501587
325,2489,8.479862
326,2489,27.047029
327,2489,46.457611
328,2489,4.812734
346,2489,1.450001
347,2489,11.956465
348,2489,3.512903
352,2489,4.272933
353,2489,6.891645
385,2170,64.240974
318,2490,307.979858
319,2490,188.786407
320,2490,46.717915
321,2490,29.293051
322,2490,4.546505
324,2490,2.397076
325,2490,2.503737
326,2490,19.359482
327,2490,23.63307
328,2490,81.866104
339,2490,2.11506
344,2490,2.825154
345,2490,2.95016
346,2490,3.162643
347,2490,1.688036
349,2490,3.543492
352,2490,5.913663
357,2490,71.985344
319,2491,70.50824
320,2491,85.167007
321,2491,39.067402
322,2491,5.228743
323,2491,3.315328
324,2491,5.348645
326,2491,17.469761
327,2491,30.250854
328,2491,104.907745
340,2491,1.631536
341,2491,6.049568
342,2491,6.246007
343,2491,17.974697
346,2491,5.908033
347,2491,1.104607
357,2491,60.728077
318,2492,218.81221
319,2492,103.784088
320,2492,70.182701
321,2492,5.128815
322,2492,4.854546
323,2492,3.128832
324,2492,2.889702
325,2492,2.269003
326,2492,1.494271
327,2492,26.200399
328,2492,52.950836
357,2492,20.184338
318,2493,265.524078
319,2493,9.835217
320,2493,11.268576
321,2493,13.189473
322,2493,12.822739
323,2493,12.429807
324,2493,18.617073
327,2493,10.476023
357,2493,42.668674
371,2493,7.06027
372,2493,33.079891
317,2494,41.51178
318,2494,31.861727
319,2494,17.534725
320,2494,17.499485
321,2494,26.246838
322,2494,18.316395
323,2494,16.450712
357,2494,21.96941
377,2494,15.588598
378,2494,31.221792
350,2495,6.691747
351,2495,4.514256
355,2495,2.113772
356,2495,11.677696
357,2495,22.213257
372,2495,33.436886
373,2495,41.438244
377,2495,18.290821
378,2495,75.427803
349,2496,2.148761
350,2496,2.291316
372,2496,9.216343
371,2497,11.564766
372,2497,3.430388
378,2497,21.544716
384,2497,220.291275
317,2498,5.804478
318,2498,5.97928
319,2498,5.11763
321,2498,5.998763
322,2498,8.641737
323,2498,6.556561
372,2498,27.650639
377,2498,24.74724
378,2498,28.352087
318,2499,11.531382
319,2499,13.786596
372,2499,45.530716
374,2499,60.68103
376,2499,20.500086
377,2499,16.96781
526,2180,939.415466
378,2181,81.217628
491,2186,566.466125
472,2192,2.636362
472,2193,4.724135
467,2194,34.682327
468,2194,7.374007
396,2200,57.666481
397,2200,57.666481
398,2200,20.466713
399,2200,14.799989
400,2200,14.799989
401,2200,14.799989
393,2209,29.241262
469,2210,36.922752
380,2214,21.34799
381,2214,27.244425
382,2214,27.244425
377,2215,28.831545
378,2215,28.831545
383,2217,1.524755
395,2217,9.529957
371,2218,4.13757
392,2218,3.69936
402,2218,2.043843
383,2219,1.524755
381,2220,1.426828
402,2220,7.640773
404,2221,33.847282
400,2224,3.961991
403,2224,3.631325
404,2224,4.403937
407,2224,4.519589
399,2225,2.043843
400,2225,1.468085
402,2225,10.812054
403,2225,7.353084
404,2225,8.759046
407,2225,22.45155
469,2225,40.752792
400,2226,1.468085
402,2226,35.181347
403,2226,12.044144
404,2226,5.690384
402,2227,8.478781
403,2227,24.074881
404,2227,10.365708
401,2228,4.647463
402,2228,44.32526
403,2228,13.566664
404,2228,4.158389
506,2228,366.420349
507,2228,88.694496
508,2228,291.299561
400,2229,4.492523
401,2229,3.157391
402,2229,4.459091
403,2229,18.485609
404,2229,18.6968
405,2229,39.41288
506,2229,279.426361
508,2229,682.127319
400,2230,2.571429
401,2230,18.495813
402,2230,25.000004
403,2230,18.128466
404,2230,3.750122
405,2230,4.638758
508,2230,73.86924
402,2231,43.506805
403,2231,14.375
404,2231,2.636362
405,2231,3.33333
508,2231,73.86924
345,2232,70.032455
401,2232,1.468085
402,2232,1.490476
496,2232,123.506828
508,2232,220.154709
399,2233,1.468085
401,2233,4.214288
402,2233,23.823814
495,2233,110.819901
496,2233,174.89032
396,2234,3.34498
397,2234,1.245475
398,2234,9.068883
401,2234,8.35517
402,2234,78.850052
403,2234,15.365173
404,2234,11.675209
405,2234,3.33333
495,2234,120.167679
496,2234,134.269272
398,2235,15.403772
399,2235,29.389372
400,2235,12.436835
401,2235,12.761859
402,2235,51.571114
403,2235,64.782166
404,2235,7.789924
495,2235,407.289581
496,2235,94.124756
497,2235,115.956802
508,2235,307.768982
382,2236,4.64643
384,2236,1.426828
403,2236,36.925777
494,2236,22.99082
495,2236,44.07032
496,2236,33.573242
497,2236,43.025444
508,2236,187.233032
382,2237,3.41209
385,2237,3.551824
386,2237,26.924911
388,2237,9.441271
493,2237,28.782593
495,2237,14.454765
496,2237,39.541313
497,2237,16.122263
509,2237,78.103195
387,2238,67.718628
398,2238,13.246067
399,2238,3.861538
401,2238,3.399502
491,2238,79.909859
494,2238,23.116516
495,2238,11.425001
496,2238,26.486889
497,2238,15.211072
508,2238,100.458679
509,2238,78.478195
344,1920,191.487167
374,2239,6.028169
398,2239,28.478456
399,2239,38.049198
400,2239,31.942869
401,2239,2.615385
493,2239,144.137222
494,2239,45.152035
495,2239,11.833328
496,2239,16.471588
497,2239,34.391487
508,2239,78.434555
509,2239,172.814484
357,1921,15.955544
371,2240,8.194385
372,2240,10.368986
373,2240,9.521179
375,2240,18.815857
389,2240,3.987633
487,2240,267.375641
488,2240,174.877777
493,2240,156.754562
494,2240,124.238998
495,2240,34.220425
496,2240,67.830421
497,2240,34.194145
500,2240,16.455853
510,2240,68.869232
520,2240,12.357973
521,2240,15.195603
523,2240,86.173523
375,2241,50.440197
382,2241,3.956521
384,2241,1.524755
386,2241,2.162718
389,2241,33.278484
398,2241,3.097021
495,2241,59.888973
496,2241,35.250462
497,2241,70.570084
520,2241,231.913254
521,2241,153.590714
398,2242,18.553007
399,2242,6.805995
400,2242,3.724135
401,2242,2.636362
496,2242,105.948219
497,2242,61.731552
520,2242,387.975952
521,2242,1894.018921
522,2242,137.92215
375,2243,29.749077
399,2243,7.680656
404,2243,14.85594
496,2243,222.06395
374,2244,67.39489
399,2244,4.700191
396,2245,1.426828
397,2245,27.092033
399,2245,8.508517
400,2245,2.636362
439,2245,9.296955
391,2247,1.524755
392,2247,3.21043
393,2247,3.092327
391,1928,8081.5
384,2248,12.1847
393,2248,4.229679
396,2248,4.671942
397,2248,39.214508
402,2248,61.221447
403,2248,11.606346
384,2249,27.510288
385,2249,8.426657
393,2249,2.120136
394,2249,8.574191
396,2249,33.567165
397,2249,46.120712
404,2249,20.014477
405,2249,13.227252
384,1930,3466.717285
385,1930,2880.5
384,2250,62.097935
385,2250,21.461262
386,2250,14.189064
391,2250,123.514046
392,2250,20.495743
393,2250,3.160825
394,2250,5.907281
395,2250,92.277145
396,2250,87.344986
397,2250,28.766243
405,2250,14.850395
384,2251,83.108284
385,2251,30.105989
386,2251,18.319201
387,2251,9.320318
388,2251,22.036453
389,2251,26.063377
390,2251,48.127831
391,2251,62.192104
392,2251,13.855103
393,2251,45.08287
394,2251,149.62532
395,2251,53.20768
396,2251,72.600525
397,2251,31.372602
471,2251,261.450806
384,2252,71.68383
385,2252,82.107117
386,2252,70.398331
387,2252,46.458332
388,2252,87.952637
389,2252,49.773434
390,2252,21.958817
391,2252,21.87928
392,2252,12.612009
393,2252,29.259182
394,2252,28.036013
395,2252,25.56959
396,2252,59.94968
397,2252,23.273788
384,2253,276.426514
385,2253,109.237968
386,2253,69.719467
387,2253,185.967636
388,2253,131.534592
389,2253,141.604279
390,2253,146.788055
393,2253,47.025734
394,2253,53.781952
395,2253,108.510834
396,2253,85.443169
403,2253,6.458776
404,2253,36.725124
405,2253,35.309826
465,2253,20.87236
466,2253,3.519263
340,2254,117.978714
341,2254,169.550674
385,2254,427.889313
386,2254,251.529053
387,2254,169.979431
388,2254,163.799332
389,2254,113.145439
394,2254,57.724213
395,2254,200.036438
403,2254,18.721773
404,2254,47.084084
405,2254,84.396873
464,2254,35.917515
465,2254,17.162233
339,2255,8.517954
340,2255,74.0
344,2255,3.157683
346,2255,29.574438
347,2255,26.764565
395,2255,87.611862
403,2255,28.101122
404,2255,131.666977
405,2255,166.467819
462,2255,74.622574
463,2255,86.649223
464,2255,73.232422
343,2256,1.8535
344,2256,2.161072
400,2256,3.671852
401,2256,3.112767
402,2256,48.648434
403,2256,166.753876
404,2256,239.464417
405,2256,351.909821
463,2256,77.892151
464,2256,1.562553
403,2257,195.879395
415,2257,324.724396
463,2257,66.758698
464,2257,1.3
474,2257,10.514169
464,2258,1.878489
470,2258,7.106082
331,2259,182.104874
395,2259,9.373885
396,2259,1.958713
464,2259,2.693894
470,2259,7.106082
331,2260,196.954208
332,2260,21.275274
346,2260,411.55127
463,2260,130.879044
464,2260,2.362694
470,2260,4.37353
331,2261,138.373642
398,2261,4.629766
463,2261,262.499329
464,2261,1.645452
470,2261,1.015873
331,2262,11.883414
470,2262,1.015873
331,2263,17.170528
461,2263,38.11499
462,2263,17.288528
463,2263,2.009524
470,2263,4.525145
331,2264,11.244931
461,2264,44.83004
462,2264,42.808323
470,2264,4.525145
462,2265,42.818012
463,2265,1.348773
470,2265,1.52381
525,2265,59.230942
526,2265,273.941071
527,2265,651.230957
462,2266,16.932343
463,2266,1.46176
462,2267,13.32576
463,2267,1.212766
488,2268,4.395785
489,2268,1.746667
490,2268,32.599998
491,2268,35.75
492,2268,26.333336
493,2268,43.383968
494,2268,68.545189
495,2268,62.489052
343,2269,8.779955
344,2269,91.381775
346,2269,24.018232
489,2269,1.719445
490,2269,34.0
491,2269,1983.25
492,2269,25.833328
493,2269,34.5513
494,2269,60.099289
495,2269,89.498207
484,2270,5.00053
488,2270,79.772186
489,2270,67.815475
490,2270,60.061218
491,2270,137.878265
492,2270,56.932911
344,1951,322.227875
343,1952,427.142761
483,2271,9.88165
484,2271,5.862217
467,2273,1.234043
341,1955,668.197266
468,2274,2.009524
443,1956,33.511417
470,2275,37.349785
469,2276,126.58651
470,2276,69.555168
470,2277,67.581993
462,2278,364.716339
463,2278,200.355011
464,2278,127.44313
462,2279,707.081909
463,2279,131.156311
464,2279,108.0
464,2280,327.408844
370,1974,23.672878
371,1974,15.590344
372,1974,23.042391
373,1974,22.190804
374,1974,22.912426
375,1974,22.912426
376,1974,22.73254
377,1974,23.40424
378,1974,23.40424
379,1974,24.874033
380,1974,31.610695
381,1974,28.535242
382,1974,28.227247
413,1974,4.468776
414,1974,10.123318
415,1974,4.468776
416,1974,10.123318
417,1974,3.797077
418,1974,3.797077
419,1974,3.797077
420,1974,3.797077
421,1974,4.468776
428,1974,3905.817139
439,1974,179.834854
368,1975,80.7174
369,1975,86.447334
370,1975,15.590344
371,1975,18.263763
372,1975,20.269388
342,1976,28.672306
345,1976,39.926777
346,1976,44.314388
347,1976,167.98761
348,1976,163.740326
349,1976,186.463425
350,1976,182.837891
351,1976,63.313511
352,1976,44.016201
353,1976,24.44215
356,1976,11.492054
368,1976,87.979301
369,1976,23.223263
370,1976,23.042391
371,1976,20.269388
439,1976,131.941177
446,1976,1932.975098
447,1976,1904.239746
448,1976,967.024353
450,1976,1151.682983
454,1976,308.132233
342,1977,8.192306
343,1977,3.026415
344,1977,47.799015
345,1977,44.314388
350,1977,541.875793
351,1977,39.544216
352,1977,28.894703
353,1977,22.541286
354,1977,11.008289
355,1977,13.745063
356,1977,80.313156
357,1977,3.325575
368,1977,87.979301
369,1977,24.865606
370,1977,22.190804
439,1977,211.561676
440,1977,8.600015
445,1977,470.230774
343,1978,315.222473
344,1978,165.681458
345,1978,45.34766
351,1978,137.382645
352,1978,290.10907
353,1978,172.638046
354,1978,6.957571
357,1978,8.631563
368,1978,71.317162
369,1978,22.875053
370,1978,21.705662
439,1978,18.161221
440,1978,84.986687
344,1979,31.848118
350,1979,11.358097
351,1979,20.378187
352,1979,17.615364
353,1979,43.217213
354,1979,16.188969
355,1979,4.648664
357,1979,14.83313
358,1979,18.263802
368,1979,219.161636
369,1979,15.083929
370,1979,12.609262
371,1979,14.204423
344,1980,29.288492
360,1980,4.468776
368,1980,68.106964
369,1980,19.399712
370,1980,17.257925
371,1980,18.673199
483,1980,304.033386
484,1980,321.969757
485,1980,1435.305298
486,1980,39.545822
487,1980,28.496677
344,1981,30.161634
359,1981,16.215668
368,1981,90.494698
369,1981,21.536293
370,1981,18.594654
371,1981,19.471294
359,1982,7.960598
368,1982,105.244736
369,1982,31.537683
370,1982,35.96463
439,1982,437.290863
344,1983,26.569574
359,1983,19.08811
360,1983,26.446171
368,1983,117.544731
369,1983,57.699837
370,1983,28.09267
388,2304,89.034859
343,1984,142.462158
344,1984,29.794077
358,1984,28.871496
359,1984,63.973583
368,1984,418.34082
369,1984,93.814491
370,1984,32.724789
476,1984,556.118408
477,1984,547.305542
478,1984,252.267487
479,1984,547.305542
480,1984,252.267487
481,1984,252.267487
482,1984,266.442749
486,1984,13.368387
487,1984,13.368387
343,1985,123.015442
344,1985,37.923195
358,1985,22.299204
359,1985,306.280762
368,1985,206.893784
369,1985,46.409367
370,1985,29.60405
376,1985,1.027851
343,1986,134.055466
344,1986,42.276493
357,1986,2.794656
358,1986,42.970306
359,1986,101.681686
360,1986,108.894234
368,1986,764.535156
369,1986,818.071167
376,1986,3.560522
377,1986,1.62704
379,1986,24.141752
343,1987,175.521088
344,1987,32.109653
357,1987,58.755806
358,1987,68.434288
359,1987,387.955383
360,1987,155.338837
361,1987,180.921188
368,1987,1002.335815
369,1987,365.131104
515,1987,6060.645996
343,1988,97.824417
344,1988,37.445332
358,1988,347.170563
359,1988,348.395538
360,1988,496.02536
368,1988,2489.616699
480,1988,5.46893
485,1988,13.881115
496,1988,3.666667
343,1989,101.166626
344,1989,29.976078
359,1989,824.666626
483,1989,38.539169
484,1989,39.393517
343,1990,116.524307
344,1990,41.414104
481,1990,203.347824
482,1990,56.525631
483,1990,27.086563
484,1990,16.38464
343,1991,171.74408
344,1991,261.342041
481,1991,34.72728
482,1991,27.086563
483,1991,32.295288
383,2311,39.761768
369,2312,243.027451
373,2312,189.923843
383,2312,53.428093
324,2313,48.066498
368,2313,279.316711
373,2313,343.325012
383,2313,60.131985
454,2313,30.4757
343,1992,310.0466
344,1992,278.739899
481,1992,46.666672
482,1992,30.000038
334,2314,1.60953
368,2314,121.059555
454,2314,215.91156
500,2314,448.032318
501,2314,160.443848
343,1993,1103.535034
344,1993,273.218048
439,1993,97.975761
481,1993,46.666672
482,1993,32.769279
333,2315,8.554697
368,2315,127.224098
454,2315,74.526619
501,2315,245.354919
502,2315,73.227531
343,1994,617.73645
344,1994,168.430649
439,1994,52.548023
333,2316,72.978607
339,2316,79.397392
340,2316,73.747009
341,2316,91.571159
454,2316,69.622879
476,2316,63.464428
502,2316,304.786377
503,2316,218.335297
343,1995,425.714661
344,1995,176.992157
439,1995,44.886211
440,1995,24.516312
454,2317,57.357227
470,2317,2.169441
475,2317,18.835459
476,2317,65.366066
477,2317,44.770142
503,2317,71.417915
342,1996,18.17832
343,1996,210.968124
344,1996,228.040695
440,1996,40.190727
441,1996,27.952351
341,1997,26.234955
342,1997,41.475933
343,1997,340.29129
344,1997,179.220474
357,1997,13.946981
358,1997,1429.691528
359,1997,230.859436
360,1997,189.991287
440,1997,41.739117
441,1997,97.076332
493,1997,102.919525
453,2318,44.280979
454,2318,56.818489
470,2318,41.051735
471,2318,1.918421
472,2318,3.030301
474,2318,1.051923
475,2318,23.316719
476,2318,2.129321
477,2318,3.165755
502,2318,928.703918
503,2318,2.079659
504,2318,2.7
341,1998,9.461641
342,1998,48.796673
343,1998,169.060028
344,1998,296.805298
357,1998,43.375973
358,1998,100.627914
359,1998,115.675011
439,1998,53.63184
440,1998,176.91011
441,1998,184.156113
493,1998,105.2453
453,2319,183.44252
454,2319,177.18573
467,2319,203.43074
470,2319,83.048058
471,2319,30.389992
472,2319,4.772713
474,2319,1.750058
475,2319,2.386638
476,2319,2.891752
477,2319,3.050997
502,2319,1.853649
503,2319,2.205711
504,2319,1.58
505,2319,4.561718
507,2319,198.932434
508,2319,280.910553
341,1999,81.862808
342,1999,33.385376
343,1999,172.646545
344,1999,224.256607
358,1999,286.332031
359,1999,106.147728
367,1999,69.658943
439,1999,61.008469
493,1999,77.969131
342,2000,401.425354
343,2000,439.962738
344,2000,205.636353
358,2000,212.900696
359,2000,115.17498
439,2000,58.803474
470,2320,95.708282
471,2320,41.399353
472,2320,19.533899
474,2320,2.088712
475,2320,2.288409
476,2320,3.085372
501,2320,255.682281
502,2320,2.209055
503,2320,1.157876
504,2320,1.586014
505,2320,2.02331
507,2320,869.523315
470,2321,124.258453
471,2321,51.373825
472,2321,32.042755
474,2321,1.000918
475,2321,2.033964
476,2321,2.972466
501,2321,250.687195
502,2321,1.711663
503,2321,3.084332
504,2321,5.303846
505,2321,3.960426
506,2321,3.189415
342,2001,1244.669189
343,2001,1003.839844
344,2001,193.867783
358,2001,61.187393
359,2001,114.041595
382,2001,13.180779
384,2001,40.956909
385,2001,26.107998
386,2001,14.929197
387,2001,20.836676
414,2001,72.989616
438,2001,41.316235
344,2002,68.851379
358,2002,107.231285
359,2002,151.290344
383,2002,23.705873
384,2002,5.654541
385,2002,11.999994
386,2002,23.285707
387,2002,7.627716
438,2002,19.542271
334,2322,16.839275
345,2322,6.811087
346,2322,13.159363
347,2322,105.282784
348,2322,21.331236
382,2003,13.180779
383,2003,751.713013
384,2003,3.797077
385,2003,3.311934
386,2003,11.101029
387,2003,7.109012
388,2003,9.117439
471,2322,113.701935
472,2322,33.631302
473,2322,9.148146
474,2322,7.549354
475,2322,2.250703
476,2322,3.060085
501,2322,135.376389
334,2323,22.75881
471,2323,178.573547
472,2323,52.425152
473,2323,26.494551
474,2323,5.294529
475,2323,5.360286
476,2323,2.538995
501,2323,129.569504
502,2323,21.311319
343,2004,1048.744263
385,2004,3.797077
386,2004,12.763553
387,2004,11.831406
403,2004,20.419031
412,2004,24.800861
333,2324,20.700447
471,2324,169.789734
472,2324,63.261375
474,2324,6.968696
475,2324,2.88227
502,2324,46.292107
328,2005,6.853946
343,2005,498.676086
386,2005,14.83313
403,2005,13.180779
412,2005,21.533604
496,2005,21.808405
476,2325,4.990735
493,2325,1.387873
507,2325,2.295192
343,2006,304.480743
386,2006,15.138386
412,2006,9.259622
497,2006,809.292236
337,2326,239.962769
338,2326,212.916321
339,2326,131.881302
340,2326,145.015381
342,2326,65.345589
343,2326,117.023758
477,2326,6.476959
493,2326,1.623167
507,2326,1.130262
492,2327,1.191407
493,2327,1.823167
343,2007,2135.685059
386,2007,13.532724
412,2007,19.311018
474,2328,351.437988
492,2328,72.68911
493,2328,1.823167
333,2329,14.841997
334,2329,7.686264
335,2329,9.077952
336,2329,3.294769
337,2329,3.08754
474,2329,171.701477
344,2008,49.08593
411,2008,7.013569
412,2008,11.450671
413,2008,13.057425
323,2330,183.513031
333,2330,28.201338
334,2330,5.260909
337,2330,37.479095
338,2330,66.480011
352,2330,27.880827
333,2331,47.095085
352,2331,41.447067
473,2331,164.913162
400,2010,31.502665
401,2010,45.692749
403,2010,33.074898
439,2010,7.511918
359,2011,189.461624
386,2011,192.012009
403,2011,84.580696
439,2011,12.795901
332,2332,51.143188
333,2332,20.479757
334,2332,16.114933
473,2332,251.781143
359,2012,123.77076
439,2012,21.622189
526,2012,27.748741
524,2333,1.802818
359,2013,141.836716
526,2334,538.921997
439,2014,60.933578
406,2015,4.461558
412,2015,43.639103
439,2015,37.689865
404,2016,3.394865
405,2016,6.983865
406,2016,15.1569
412,2016,460.506409
439,2016,37.689865
368,2017,71.008995
369,2017,12.95537
404,2017,3.414135
405,2017,28.841835
406,2017,4.461558
413,2017,12.705987
439,2017,36.868011
368,2018,19.97801
369,2018,37.313087
402,2018,67.731308
403,2018,7.819654
404,2018,13.441147
405,2018,9.195984
343,2019,177.276871
403,2019,10.870901
404,2019,71.205551
405,2019,42.004707
406,2019,90.729866
491,2019,1.864409
523,2340,258.810913
344,2020,208.224045
403,2020,62.259468
404,2020,16.217886
405,2020,36.335621
406,2020,43.007298
496,2020,1.864409
344,2021,90.180481
403,2021,19.782299
404,2021,186.971649
405,2021,85.524338
496,2021,13.368387
331,2342,16.384703
335,2342,3.808092
403,2022,225.732956
404,2022,41.997257
328,2343,84.304016
338,2343,9.48896
339,2343,28.480776
341,2345,86.030594
361,2347,454.832611
328,2351,15.658756
329,2351,15.389109
330,2351,17.925995
331,2351,29.173426
332,2351,33.346535
333,2351,26.85957
334,2351,30.016376
335,2351,29.315247
337,2351,23.174816
471,2351,468.950439
472,2351,215.862
336,2352,35.558491
337,2352,61.45108
471,2352,411.779388
338,2353,51.489117
361,2353,50.663887
362,2353,27.362106
471,2353,1060.371826
472,2353,92.819649
471,2354,613.895203
472,2354,139.314529
472,2355,1555.040283
471,2356,3696.804932
472,2356,854.476929
454,2357,76.526627
457,2357,119.030754
458,2357,52.586815
472,2357,1252.921753
473,2358,693.394348
432,2039,265.464661
433,2039,17.287441
434,2039,14.840607
440,2039,234.277542
450,2039,2.737292
451,2039,5.010578
432,2040,168.30835
433,2040,12.770428
451,2040,5.010578
523,2040,60.354774
524,2040,60.105885
432,2041,392.819519
433,2041,13.369003
446,2041,7.357928
447,2041,66.496948
448,2041,30.132126
449,2041,4.648356
450,2041,4.867106
451,2041,5.010578
517,2041,32.379356
521,2041,1.808553
522,2041,21.226215
523,2041,21.245325
524,2041,21.092173
525,2041,63.959332
526,2041,45.472683
527,2041,72.149666
528,2041,67.615273
429,2042,10.897181
432,2042,367.859283
433,2042,22.320019
449,2042,21.498306
450,2042,9.167927
451,2042,4.400717
518,2042,89.30526
520,2042,113.554741
522,2042,13.018394
523,2042,96.784286
524,2042,96.59198
525,2042,44.740608
526,2042,32.240612
527,2042,170.033127
528,2042,129.792999
429,2043,15.513807
496,2043,194.232574
497,2043,139.618591
498,2043,178.941101
527,2043,5.476179
528,2043,5.476179
495,2044,172.566086
496,2044,153.16951
497,2044,142.039001
498,2044,108.83313
499,2044,75.331299
500,2044,71.80722
501,2044,87.53801
502,2044,73.840408
503,2044,75.139664
505,2044,1481.560303
527,2044,4.648356
528,2044,4.648356
396,2363,4.333321
397,2363,3.245406
398,2363,3.245406
382,2364,57.757256
383,2364,22.928776
384,2364,3.839179
385,2364,5.263531
395,2364,8.189135
396,2364,10.706917
397,2364,4.413805
398,2364,4.413805
479,2045,11.432233
494,2045,500.032318
495,2045,409.42807
496,2045,236.901688
497,2045,187.348236
498,2045,93.9319
499,2045,275.171173
500,2045,190.039932
501,2045,176.336746
502,2045,177.039963
503,2045,158.474152
504,2045,402.920044
505,2045,812.923828
527,2045,3.417633
528,2045,3.417633
479,2046,5.580924
495,2046,83.319321
496,2046,68.649216
497,2046,51.679482
498,2046,42.972992
499,2046,59.459564
500,2046,51.317131
501,2046,31.228956
502,2046,31.228956
503,2046,42.96933
504,2046,62.479885
383,2365,52.525528
384,2365,8.3684
385,2365,33.545284
386,2365,8.3684
395,2365,15.883236
396,2365,24.317226
397,2365,12.875
462,2047,33.929489
479,2047,10.881305
494,2047,211.086304
495,2047,78.971703
496,2047,75.74839
497,2047,68.295715
498,2047,85.288086
499,2047,64.980293
500,2047,87.842056
501,2047,44.637169
502,2047,56.682575
503,2047,44.417225
504,2047,40.754112
383,2366,39.308277
384,2366,23.26066
385,2366,9.421034
386,2366,5.607131
395,2366,206.63089
396,2366,35.797592
462,2048,42.275078
463,2048,64.403442
479,2048,20.020128
499,2048,168.873657
500,2048,47.511559
501,2048,48.646091
502,2048,47.724842
503,2048,46.814507
504,2048,47.724842
505,2048,47.724842
463,2049,66.072144
464,2049,44.201668
383,2367,23.695505
384,2367,62.546074
385,2367,8.306138
395,2367,116.501442
495,2367,21.956709
498,2367,13.71814
382,2368,149.333252
383,2368,34.429401
384,2368,82.031403
386,2368,14.387669
497,2368,11.129123
407,2050,2.147629
448,2050,296.023163
463,2050,11.293887
405,2051,1.1
415,2051,965.68103
388,2369,11.674617
389,2369,21.017933
405,2052,2.575908
416,2052,220.067322
462,2053,12.257362
463,2053,146.835587
366,2373,186.543823
367,2373,552.528931
368,2373,201.131714
370,2373,149.065735
371,2373,155.566452
372,2373,132.685913
373,2373,503.614441
366,2374,23.071941
367,2374,94.098251
368,2374,142.361938
369,2374,68.28157
370,2374,85.351906
371,2374,73.541565
372,2374,152.678726
373,2374,406.313324
369,2375,68.741577
370,2375,97.635895
371,2375,64.753723
372,2375,149.418961
373,2375,92.611816
370,2376,34.191414
371,2376,32.791241
372,2376,66.027893
373,2376,67.465652
374,2376,122.579483
430,2060,8.184073
431,2060,3.643483
377,2061,34.933193
430,2061,4.588861
431,2061,3.269011
520,2382,43.352371
375,2062,43.971733
430,2062,32.489635
383,2383,7.836039
494,2383,1.695881
430,2063,4.669441
388,2387,43.332088
494,2387,4.878137
501,2388,1.493579
395,2067,69.817696
396,2067,145.221344
368,2390,59.545784
369,2390,8.483864
388,2390,152.173538
462,2390,72.001144
463,2390,117.84893
472,2390,86.152306
473,2390,14.049421
474,2390,120.355255
475,2390,80.313339
476,2390,84.092331
477,2390,58.545597
478,2390,58.74366
479,2390,131.836899
480,2390,19.352425
481,2390,20.510345
482,2390,11.654973
483,2390,6.951285
368,2391,4.333321
369,2391,8.483864
420,2391,101.575294
472,2391,316.198151
368,2392,18.524115
369,2392,5.111104
420,2392,220.277557
376,2071,4.657926
377,2071,2.794656
378,2071,4.657926
440,2071,22.543184
398,2393,40.929317
399,2393,38.892265
400,2393,34.080269
420,2393,50.755104
439,2072,40.990204
440,2072,15.74864
438,2073,59.029724
439,2073,34.832542
399,2394,51.233379
400,2394,32.484921
420,2394,107.050674
472,2394,222.861877
503,2394,461.154297
352,2395,326.229004
420,2395,98.835388
472,2395,11.561363
377,2074,7.188006
378,2074,2.853992
379,2074,7.657919
381,2074,4.657926
384,2074,2.794656
385,2074,9.949983
432,2074,33.744427
437,2074,74.348053
438,2074,107.212349
439,2074,33.74585
448,2074,29.181097
420,2396,698.728516
384,2075,35.269382
396,2075,2.794656
390,2397,14.776072
396,2397,69.287704
408,2397,65.325005
431,2075,87.612648
432,2075,43.696461
437,2075,78.269669
438,2075,171.9142
439,2075,36.786213
428,2397,1781.601318
376,2076,55.295776
377,2076,107.702736
378,2076,92.603683
379,2076,91.368813
380,2076,114.282768
383,2076,27.153986
384,2076,22.956287
385,2076,12.221112
395,2076,115.346931
396,2076,52.76825
431,2076,114.776665
437,2076,137.321014
438,2076,166.050278
439,2076,93.803818
384,2398,3.661551
387,2398,8.838497
388,2398,2.073709
389,2398,2.073709
390,2398,3.20513
408,2398,117.864685
409,2398,93.577011
410,2398,100.710938
415,2398,295.398285
472,2398,164.092422
494,2398,12.528771
378,2077,78.847099
379,2077,41.312618
385,2077,27.14949
394,2077,9.000779
395,2077,11.062824
396,2077,12.708492
431,2077,268.871246
437,2077,73.964378
438,2077,107.275864
439,2077,62.779053
390,2399,1.181818
395,2399,102.930923
396,2399,116.736061
397,2399,95.355148
407,2399,163.402115
408,2399,76.085976
409,2399,108.979507
410,2399,239.96283
411,2399,531.327209
412,2399,304.617584
413,2399,175.800568
414,2399,66.145264
415,2399,34.934258
490,2399,34.594276
493,2399,59.356216
494,2399,3.667885
379,2078,49.009628
380,2078,10.557984
381,2078,19.848341
432,2078,46.530033
437,2078,104.729248
438,2078,208.140976
439,2078,116.569267
506,2078,623.093994
389,2400,7.615999
390,2400,4.419249
394,2400,103.533333
396,2400,43.431278
397,2400,39.699909
398,2400,24.698315
399,2400,74.40802
400,2400,51.680565
401,2400,11.067366
402,2400,11.151375
403,2400,93.140038
404,2400,62.867451
405,2400,60.621902
406,2400,42.531914
407,2400,48.6488
410,2400,3.419259
411,2400,9.34403
412,2400,13.137752
413,2400,14.996271
414,2400,35.452938
477,2400,169.813721
478,2400,206.720825
479,2400,169.813721
480,2400,50.692955
488,2400,65.324593
489,2400,60.923157
490,2400,124.311569
491,2400,235.605591
493,2400,88.411087
500,2400,76.758286
501,2400,13.67557
389,2401,16.659588
390,2401,3.765907
393,2401,13.01243
408,2401,2.931895
409,2401,2.931895
410,2401,1.648705
412,2401,3.66614
414,2401,32.295883
479,2401,396.438995
480,2401,631.085938
481,2401,65.656525
482,2401,420.138794
483,2401,87.892067
484,2401,29.651417
491,2401,12.980112
492,2401,39.42778
494,2401,126.686653
495,2401,27.352161
500,2401,66.813461
501,2401,220.817749
379,2079,9.847862
380,2079,5.565332
438,2079,140.173874
439,2079,170.77562
440,2079,81.304749
445,2079,36.378479
446,2079,52.894821
447,2079,48.56245
448,2079,96.40377
449,2079,150.138123
418,2080,4.829757
439,2080,53.652454
446,2080,105.029236
448,2080,148.892929
385,2402,1.116279
386,2402,1.116279
388,2402,4.419249
389,2402,3.765907
390,2402,1.666667
491,2402,107.509964
492,2402,403.073242
493,2402,196.682434
494,2402,51.062386
501,2402,205.130676
386,2403,4.306214
387,2403,4.413805
388,2403,7.727267
488,2403,145.495728
491,2403,101.821335
492,2403,145.158707
493,2403,77.263992
494,2403,54.391743
501,2403,279.926758
507,2081,472.906006
386,2404,3.661551
387,2404,4.413805
388,2404,33.699806
389,2404,22.999996
390,2404,12.111164
391,2404,6.595269
488,2404,70.100281
490,2404,90.971771
491,2404,126.400246
492,2404,94.67617
493,2404,68.406929
494,2404,68.406929
501,2404,329.937866
348,2405,7.161551
351,2405,14.496965
352,2405,5.351314
368,2405,44.783333
369,2405,7.133333
370,2405,175.733337
371,2405,36.574989
372,2405,137.454865
373,2405,252.802124
389,2405,18.000004
390,2405,18.791121
391,2405,9.759625
526,2083,77.557991
348,2406,75.118942
350,2406,18.86479
351,2406,8.82761
352,2406,7.323101
353,2406,5.164006
358,2406,3.517931
359,2406,4.082271
360,2406,4.333321
361,2406,13.33334
362,2406,13.33334
363,2406,24.111111
364,2406,24.111111
365,2406,12.40277
366,2406,16.008339
367,2406,6.341667
368,2406,4.833333
369,2406,11.04837
370,2406,19.753571
371,2406,36.600014
372,2406,74.675117
373,2406,252.055283
374,2406,497.926147
384,2406,47.793007
391,2406,10.020923
392,2406,23.47768
394,2406,15.567402
403,2406,54.85244
406,2406,5.088389
408,2406,10.604546
409,2406,44.354023
410,2406,79.812424
348,2407,4.250002
349,2407,18.625
350,2407,64.555542
351,2407,102.9002
352,2407,162.261337
353,2407,56.127132
354,2407,162.20369
355,2407,3.258739
358,2407,20.958675
359,2407,11.859594
360,2407,10.774624
361,2407,27.717993
362,2407,3.375731
363,2407,15.018583
364,2407,15.018583
365,2407,15.132753
366,2407,28.970522
367,2407,62.806469
368,2407,47.111034
369,2407,25.736111
370,2407,41.541672
371,2407,123.037086
372,2407,53.413242
373,2407,181.875198
374,2407,470.319397
384,2407,3.661551
393,2407,11.20357
394,2407,5.295927
397,2407,3.03723
398,2407,2.629004
399,2407,3.62482
400,2407,3.07481
401,2407,3.07481
402,2407,2.62482
403,2407,5.79871
404,2407,23.094551
405,2407,22.784216
406,2407,10.410838
407,2407,13.053838
408,2407,63.284546
409,2407,49.546535
410,2407,52.085159
411,2407,63.69677
412,2407,161.118774
413,2407,204.162155
433,2407,52.217773
419,2084,6.335595
407,2085,1.5545
339,2408,1.456571
340,2408,1.35849
348,2408,25.555492
349,2408,23.312021
350,2408,5.922133
351,2408,92.766891
352,2408,34.536812
353,2408,34.483475
354,2408,49.906193
355,2408,71.574852
357,2408,1.670851
358,2408,1.670851
359,2408,1.666667
360,2408,1.666667
361,2408,2.342023
362,2408,2.342023
363,2408,3.508689
364,2408,3.513739
365,2408,4.377166
366,2408,3.559256
367,2408,6.110471
368,2408,9.321492
369,2408,15.106438
370,2408,36.385895
371,2408,38.659046
372,2408,174.509735
373,2408,308.389069
409,2408,6.600273
410,2408,7.097894
411,2408,112.104614
412,2408,101.839821
413,2408,40.067425
339,2409,1.128571
348,2409,2.676629
349,2409,1.720168
350,2409,3.337519
351,2409,4.328335
352,2409,13.318112
353,2409,2.708426
366,2409,2.974949
367,2409,3.308564
368,2409,4.654592
369,2409,4.371731
370,2409,4.393382
371,2409,23.445297
372,2409,429.564514
373,2409,29.90012
412,2409,33.615177
413,2409,10.520483
368,2087,5.590476
369,2087,2.794656
339,2410,1.309478
373,2410,357.051575
412,2410,30.292023
413,2410,10.837114
414,2410,38.516968
373,2411,20.599819
412,2411,26.560097
413,2411,31.116449
414,2411,48.583321
368,2088,7.173708
369,2088,3.666662
370,2088,3.666662
430,2088,191.218994
368,2089,3.682047
371,2089,2.232142
373,2412,19.533215
412,2412,50.431995
413,2412,36.472233
414,2412,45.793808
322,2413,1.35849
323,2413,2.361494
324,2413,2.011618
337,2413,22.653715
349,2413,1.842888
373,2413,5.638264
412,2413,17.856537
413,2413,13.370678
428,2413,2.670903
429,2413,2.963568
430,2413,3.879251
431,2413,3.145849
432,2413,3.145849
433,2413,4.426495
328,2414,10.242435
329,2414,19.281372
330,2414,10.030876
331,2414,38.514992
332,2414,38.720097
333,2414,22.408377
336,2414,167.283768
337,2414,106.026138
373,2414,10.893947
432,2414,1.648705
433,2414,3.438971
337,2415,111.453316
373,2415,10.932396
337,2416,68.386185
373,2416,3.205777
438,2416,34.600349
439,2416,33.2971
337,2417,65.846802
338,2417,3.955113
337,2418,105.857887
338,2418,48.997948
339,2418,3.746689
373,2418,6.825761
412,2418,2.993244
413,2418,5.967481
434,2418,67.781067
337,2419,112.565155
338,2419,57.909416
339,2419,15.436373
373,2419,6.17357
391,2419,33.239609
413,2419,10.760773
441,2419,181.229965
321,2420,246.794296
337,2420,69.51963
338,2420,102.536636
339,2420,29.243935
340,2420,26.868958
373,2420,19.022976
391,2420,54.901894
413,2420,8.002767
440,2420,211.867126
337,2421,160.868103
338,2421,135.70134
339,2421,55.842915
340,2421,16.237406
341,2421,4.893652
342,2421,2.195774
343,2421,3.159483
344,2421,3.125
345,2421,3.125
373,2421,6.747792
374,2421,3.463585
391,2421,17.966951
413,2421,8.462817
440,2421,130.76683
443,2421,109.833908
444,2421,50.728039
320,2422,40.811607
337,2422,257.102509
338,2422,257.281158
339,2422,56.439114
340,2422,25.750669
341,2422,12.300755
342,2422,7.900759
343,2422,5.076921
344,2422,6.576924
345,2422,4.576921
373,2422,7.823999
374,2422,6.033615
412,2422,7.19648
413,2422,9.035628
439,2422,148.154861
440,2422,703.894165
441,2422,270.842194
443,2422,2918.214355
444,2422,295.064941
445,2422,55.243122
462,2422,24.867554
463,2422,18.283226
325,2423,8.565202
337,2423,423.995392
338,2423,26.508272
339,2423,10.400933
340,2423,5.444407
341,2423,4.497039
342,2423,3.664441
373,2423,5.90092
374,2423,6.033615
402,2423,3.125
403,2423,2.4
404,2423,15.285732
405,2423,4.956526
406,2423,1.639639
413,2423,9.140198
320,2424,55.089172
321,2424,35.371086
326,2424,18.19426
327,2424,18.188438
337,2424,8.989449
338,2424,5.68217
339,2424,5.68217
340,2424,6.233397
341,2424,6.72363
342,2424,3.87417
343,2424,2.728006
344,2424,5.548911
345,2424,5.548911
373,2424,3.514123
374,2424,4.549799
400,2424,225.251801
401,2424,114.923058
402,2424,16.626785
403,2424,19.133459
404,2424,9.153843
405,2424,5.576923
412,2424,17.454597
413,2424,6.739387
328,2425,15.504539
329,2425,24.960936
332,2425,28.959091
337,2425,1.593489
373,2425,3.164144
374,2425,3.433073
391,2425,4.322119
400,2425,8.075001
401,2425,4.552632
402,2425,33.214046
403,2425,10.326165
404,2425,9.040284
405,2425,5.678784
412,2425,11.242188
328,2426,146.98497
330,2426,29.127613
331,2426,17.624046
373,2426,2.521491
374,2426,5.223669
401,2426,14.394873
402,2426,11.962809
403,2426,7.722104
467,2426,62.616371
468,2426,50.64658
331,2427,27.743599
337,2427,3.834639
373,2427,2.521491
374,2427,5.186708
402,2427,7.173603
465,2427,66.763718
466,2427,24.867554
467,2427,167.414078
468,2427,4.579006
483,2104,107.098824
484,2104,149.768997
483,2105,218.920837
337,2428,8.640869
338,2428,2.030447
373,2428,5.713231
374,2428,13.52539
398,2428,27.333347
401,2428,7.87113
463,2428,38.669189
467,2428,19.949326
468,2428,4.079006
337,2429,14.170894
338,2429,2.951511
373,2429,35.314926
374,2429,62.037102
409,2429,5.303984
457,2429,257.55127
337,2430,16.860258
338,2430,2.659605
373,2430,34.330334
337,2431,21.844402
338,2431,2.73754
371,2431,1.837837
491,2431,432.897064
492,2431,41.786858
503,2431,94.018814
432,2107,5.12309
483,2107,342.435577
433,2108,256.704163
337,2432,23.909143
338,2432,2.986362
482,2432,44.420753
490,2432,199.618164
491,2432,178.625397
492,2432,32.187149
337,2433,69.705292
338,2433,6.06406
339,2433,3.961177
340,2433,3.226014
341,2433,3.25737
343,2433,3.827042
344,2433,4.122441
345,2433,34.82592
346,2433,102.549942
347,2433,60.165665
348,2433,51.572857
461,2433,155.822418
462,2433,173.008591
463,2433,272.267365
482,2433,252.206482
492,2433,39.567734
419,2109,35.862274
432,2109,85.326675
418,2110,107.451889
419,2110,72.411156
321,2434,154.427277
324,2434,31.844
325,2434,35.371086
326,2434,31.844
327,2434,55.586311
328,2434,14.707218
329,2434,22.193605
332,2434,2.997501
418,2111,285.624176
432,2111,117.862152
415,2112,9.637395
416,2112,18.818096
417,2112,61.380501
418,2112,291.720947
415,2113,13.694628
416,2113,24.150415
417,2113,444.587769
418,2113,96.282242
408,2115,4.238926
390,2118,8.167505
420,2118,40.809509
404,2119,3.404868
416,2119,6.634813
417,2119,3.72679
402,2121,3.109874
399,2122,2.727271
