54,533,38.112839
55,533,16.379498
55,534,170.724228
55,535,111.382423
56,535,603.643433
81,535,43.87532
83,535,21.065596
56,536,289.209778
57,536,1383.548828
58,536,1496.30542
61,536,41.673409
62,536,44.630619
63,536,45.717842
64,536,36.892845
69,536,38.432026
70,536,46.307652
72,536,18.121756
73,536,23.839802
74,536,34.659634
75,536,33.59626
76,536,28.298681
77,536,22.540285
78,536,15.052066
79,536,12.366222
80,536,14.772372
81,536,5.884737
82,536,12.75445
83,536,5.668944
56,537,122.536362
57,537,274.860413
58,537,829.655151
59,537,925.236816
60,537,273.864136
61,537,38.54224
62,537,14.970822
63,537,13.17982
64,537,17.476976
65,537,18.481688
66,537,22.895256
67,537,21.157974
68,537,12.391151
69,537,14.385616
70,537,14.7951
71,537,15.966815
72,537,4.876317
73,537,12.775995
74,537,9.63633
75,537,11.788612
76,537,10.032182
77,537,12.985204
78,537,12.581733
79,537,4.300547
80,537,4.46157
81,537,3.154334
82,537,4.591526
83,537,2.307876
55,538,50.839058
56,538,513.464966
57,538,82.663826
58,538,155.092194
59,538,243.801468
60,538,122.520721
61,538,38.536316
62,538,30.903042
63,538,7.854844
64,538,6.983181
65,538,12.257836
66,538,9.846401
67,538,10.127748
68,538,1.885419
69,538,3.56276
70,538,4.434504
72,538,1.291463
73,538,2.641314
74,538,4.189423
75,538,3.831802
76,538,3.478516
77,538,2.403195
78,538,1.510112
79,538,1.214415
80,538,2.148764
82,538,1.137034
84,538,42.2337
85,538,38.076412
86,538,42.283199
87,538,47.002911
88,538,44.09951
56,539,5.629648
57,539,4.150471
58,539,25.328459
59,539,28.964888
60,539,24.591034
61,539,7.931262
62,539,2.338657
64,539,1.775305
65,539,1.645746
66,539,2.097365
67,539,2.271729
68,539,1.529116
70,539,1.246259
72,539,1.081866
73,539,1.037151
84,539,11.952182
85,539,13.000502
86,539,12.476624
87,539,12.476662
88,539,22.943312
89,539,28.806534
90,539,37.894741
56,540,2.919022
58,540,4.308812
59,540,1.447959
61,540,1.506837
65,540,1.060115
66,540,1.075787
67,540,1.11366
68,540,205.731812
69,540,1.759461
70,540,1.196498
72,540,2.032539
79,540,2.093369
80,540,1.922042
84,540,3.705417
85,540,3.407552
86,540,5.27411
87,540,8.226555
88,540,10.807264
89,540,26.347424
90,540,99.118538
56,541,4.75547
57,541,2.01416
58,541,1.12026
66,541,62.261906
67,541,2905.071289
68,541,206.394196
69,541,1.415141
70,541,78.823219
72,541,1.009164
82,541,1.204637
83,541,1.011167
84,541,71.24308
86,541,1.67186
87,541,2.165419
88,541,2.98158
89,541,10.096528
90,541,36.276169
55,542,12.09716
56,542,3.97996
64,542,1.208988
84,542,1.914459
85,542,2.240925
88,542,2.161155
89,542,6.543386
90,542,32.664131
55,543,17.701406
56,543,3.913785
64,543,5.420654
65,543,3.331817
66,543,5.180053
67,543,2.383107
89,543,1.15095
90,543,18.224052
91,543,70.432854
56,544,2.1998
60,544,1.035078
61,544,1.067675
62,544,1.803082
64,544,3.21374
65,544,4.967601
66,544,2.298148
88,544,1.401999
89,544,2.000574
90,544,1.670482
91,544,1.544225
57,545,1.965845
58,545,1.084501
59,545,2.313179
60,545,3.692022
61,545,4.13728
62,545,2.145613
63,545,3.934918
64,545,6.94487
65,545,6.669608
66,545,5.465335
87,545,1.493893
88,545,4.905483
89,545,6.557269
90,545,12.769929
91,545,9.536016
92,545,16.849642
93,545,21.548325
27,546,6.169905
56,546,3.014556
57,546,2.023937
58,546,18.395613
59,546,7.737565
60,546,11.22617
61,546,8.895309
62,546,3.861084
63,546,14.384076
64,546,4.492848
65,546,1.521615
68,546,1.082919
86,546,1.227368
87,546,3.297666
88,546,7.761447
89,546,39.07045
90,546,59.217911
91,546,110.979767
92,546,75.915924
27,547,2.975645
56,547,10.822854
57,547,17.429127
58,547,16.929604
59,547,20.240057
60,547,19.743839
61,547,33.135475
62,547,71.612411
63,547,38.015324
64,547,17.318075
65,547,2.92401
66,547,1.260954
67,547,2.566012
69,547,4.272889
81,547,1.787842
84,547,1.085546
85,547,1.560069
87,547,4.002347
88,547,28.081444
89,547,83.360207
61,548,24.493134
62,548,136.010971
63,548,167.945328
64,548,76.658615
65,548,16.553366
66,548,9.463727
67,548,4.099106
68,548,9.169231
73,548,1.92782
84,548,2.570286
85,548,4.273842
86,548,4.869971
87,548,22.099186
88,548,30.269703
89,548,109.266785
63,549,211.023834
64,549,8.989629
65,549,18.258923
84,549,26.437908
85,549,26.359882
86,549,28.572712
87,549,149.66922
88,549,143.519577
63,550,303.427338
35,551,99.005898
36,565,2.373232
37,565,9.638475
38,570,235.104919
39,570,161.661102
38,571,183.16037
39,571,40.228031
40,571,76.033356
41,571,24.848553
42,571,44.439819
38,572,156.482666
39,572,75.259743
40,572,9.978218
41,572,13.992162
42,572,30.708021
43,572,35.704514
44,572,46.660141
45,572,5.788867
63,572,4.277815
38,573,11.674017
39,573,52.185318
40,573,41.964695
41,573,6.388052
42,573,14.292667
43,573,19.316608
44,573,22.070576
45,573,4.951443
46,573,8.678134
47,573,4.140782
48,573,1.484197
49,573,3.536099
50,573,3.153759
52,573,3.984126
53,573,5.502387
62,573,2.057217
37,574,24.520317
38,574,17.017397
39,574,14.821439
40,574,13.15116
41,574,3.553282
42,574,6.191296
43,574,7.779158
44,574,6.380781
46,574,3.143264
47,574,3.738779
48,574,1.132266
49,574,2.233308
50,574,1.259709
52,574,1.563778
53,574,1.825242
61,574,1.360523
37,575,10.59476
38,575,6.491068
40,575,3.966687
41,575,4.444259
43,575,2.280179
46,575,1.104637
47,575,1.697104
36,576,24.395956
37,576,9.210543
38,576,5.575537
40,576,1.519109
62,576,9.332997
34,577,370.878174
36,577,15.051865
37,577,3.954548
38,577,1.994789
41,577,2.395432
61,577,3.007586
62,577,7.857396
19,578,50.339508
35,578,263.923096
36,578,100.215141
37,578,7.736231
39,578,1.312458
43,578,1.42658
61,578,2.884159
62,578,6.961547
35,579,236.460815
36,579,75.213623
37,579,11.91656
38,579,5.653933
41,579,1.076276
42,579,187.019501
44,579,52.238094
61,579,3.564901
62,579,7.909663
63,579,9.626506
36,580,213.182129
37,580,31.597528
38,580,2.426932
43,580,4.016666
44,580,1.757576
45,580,2.211869
47,580,1.167166
60,580,79.698792
61,580,11.682614
62,580,7.133955
63,580,12.481495
140,580,32.724262
36,581,339.508484
37,581,105.953217
38,581,5.855163
39,581,1.214061
42,581,1.820864
43,581,1.719038
46,581,1.083216
60,581,1.639857
61,581,9.634132
62,581,7.653655
63,581,15.919882
139,581,20.223043
140,581,18.597843
161,581,21.984407
162,581,21.414021
163,581,36.169891
35,582,1209.423584
36,582,979.643127
37,582,176.771072
38,582,7.667256
60,582,1.231234
61,582,3.905915
62,582,4.169741
63,582,14.503528
64,582,28.491854
131,582,95.974861
132,582,91.652382
137,582,10.673792
138,582,11.753154
139,582,16.739639
140,582,26.398209
161,582,15.066708
35,583,624.656799
36,583,159.178421
37,583,26.749506
38,583,6.089872
39,583,1.324546
40,583,1.961351
61,583,1.379712
62,583,4.318227
63,583,143.314438
64,583,55.488842
65,583,71.451065
66,583,501.421417
131,583,159.936325
132,583,60.412346
133,583,41.614655
134,583,43.925579
135,583,19.351706
136,583,10.241264
137,583,4.087551
138,583,5.54306
139,583,7.086803
140,583,26.266722
35,584,70.215477
36,584,22.081024
37,584,14.318442
38,584,2.492701
39,584,1.488503
40,584,1.751119
44,584,1.117147
47,584,1.020044
48,584,1.143684
49,584,1.749706
50,584,2.051734
62,584,3.713148
63,584,20.216465
64,584,41.625824
65,584,147.989761
131,584,92.916206
132,584,75.185593
133,584,35.819534
134,584,361.678864
135,584,302.846405
136,584,664.697632
137,584,4.383613
138,584,2.707468
139,584,8.929949
140,584,31.121462
141,584,57.066368
35,585,239.98671
36,585,54.520134
37,585,15.490817
38,585,4.332655
39,585,3.276608
42,585,2.287441
43,585,1.413109
44,585,1.661177
45,585,2.697085
46,585,2.509652
47,585,2.502185
48,585,5.858693
49,585,8.785299
50,585,8.974136
51,585,4.522067
52,585,1.193639
57,585,1.005526
58,585,1.03253
59,585,1.03253
61,585,1.92046
62,585,2.862657
63,585,20.406994
64,585,52.629181
65,585,165.638123
107,585,104.963013
131,585,43.985233
132,585,8.502111
133,585,240.977356
134,585,579.409607
135,585,516.881104
136,585,196.541672
137,585,4.813854
138,585,4.440359
139,585,12.84303
140,585,28.669344
36,586,384.989899
37,586,55.861198
38,586,25.93634
39,586,1.765219
40,586,2.101506
41,586,3.406994
42,586,3.98597
43,586,5.220314
44,586,2.909495
45,586,8.149166
46,586,12.806825
47,586,24.60121
48,586,39.864716
49,586,73.225204
50,586,63.371902
51,586,13.770217
55,586,1.413998
56,586,2.865959
57,586,1.873888
58,586,5.665907
59,586,5.412268
60,586,11.356125
61,586,3.80265
62,586,10.012576
63,586,21.991362
64,586,95.285416
65,586,530.458801
106,586,70.020447
107,586,39.795769
130,586,85.429543
131,586,34.306702
132,586,13.310498
133,586,8.180913
134,586,8.236476
135,586,7.429735
136,586,2.825805
137,586,2.709057
138,586,7.791238
139,586,14.272185
140,586,23.433455
35,587,409.302338
36,587,223.280945
37,587,136.84314
38,587,3.509449
39,587,5.493731
40,587,13.255352
41,587,9.55458
42,587,24.433605
43,587,34.51067
44,587,41.370609
45,587,52.547916
46,587,86.82132
47,587,91.766563
48,587,70.98333
56,587,4.557515
57,587,11.236298
58,587,17.534065
59,587,16.638437
60,587,12.668185
61,587,22.206617
62,587,5.047338
63,587,46.565388
64,587,90.518875
106,587,81.735985
107,587,68.277321
130,587,235.480103
131,587,49.564457
132,587,12.543625
133,587,20.2519
134,587,7.182668
135,587,3.904739
136,587,2.063694
137,587,2.843899
138,587,6.11152
139,587,8.189651
140,587,22.510757
141,587,37.55817
35,588,893.693604
36,588,184.761047
37,588,167.265228
38,588,29.63665
39,588,48.877296
40,588,49.573738
41,588,45.893261
42,588,96.423103
43,588,124.370842
57,588,10.567719
58,588,14.010398
59,588,14.83877
60,588,34.180016
61,588,11.404303
62,588,10.970289
63,588,44.583122
64,588,318.996887
130,588,251.828552
131,588,29.472166
134,588,5.199524
135,588,2.403639
136,588,2.23313
137,588,5.946465
138,588,13.925187
139,588,12.299711
140,588,22.705587
35,589,348.075867
36,589,826.050659
37,589,48.488567
38,589,103.236992
39,589,103.957359
60,589,16.498802
61,589,14.683979
62,589,14.005136
63,589,30.380402
64,589,652.857239
108,589,101.151733
133,589,10.974489
134,589,6.821159
135,589,7.249221
136,589,8.549701
137,589,10.592305
138,589,27.230852
139,589,28.612957
140,589,30.520061
141,589,61.035156
35,590,582.679626
36,590,1036.936646
132,590,17.820559
133,590,17.877989
134,590,20.362827
135,590,18.377771
136,590,18.209341
137,590,22.656191
131,591,69.22287
133,591,66.701218
90,603,12.032187
91,603,36.89397
88,604,105.80619
89,604,39.354412
90,604,7.229342
91,604,19.692572
82,605,70.940804
87,605,63.181782
88,605,14.289001
89,605,6.324136
90,605,3.517206
91,605,7.502858
82,606,145.042038
83,606,19.960926
85,606,96.668419
86,606,52.631451
87,606,20.265114
88,606,19.354712
89,606,5.427132
90,606,12.099151
81,607,235.250565
82,607,292.22229
83,607,19.135372
84,607,26.094086
85,607,155.575958
86,607,23.943127
87,607,19.297134
88,607,16.891584
89,607,13.343558
90,607,79.099533
81,608,89.470787
82,608,30.289059
83,608,22.133196
84,608,37.422127
85,608,34.567043
86,608,27.962566
87,608,39.707443
88,608,42.452366
89,608,28.575365
90,608,92.734962
90,609,50.055389
90,610,16.844482
91,610,14.360672
90,611,25.610098
91,611,20.583561
90,612,53.021637
91,612,11.322569
89,613,30.748962
90,613,158.752045
91,613,10.620158
89,614,40.259956
90,614,10.366501
91,614,10.156087
89,615,45.583622
90,615,12.621023
89,616,55.035858
90,616,161.384689
89,617,41.714191
90,617,157.205566
80,618,1197.588013
89,618,27.268913
90,618,13.504079
79,619,119.387886
80,619,448.033386
81,619,94.044891
82,619,193.283981
83,619,266.654144
84,619,163.089203
89,619,27.350527
90,619,4.501861
79,620,145.551117
80,620,322.350769
81,620,11.969595
82,620,72.022446
83,620,72.248093
84,620,3.464349
89,620,24.083094
90,620,5.615383
79,621,142.735657
80,621,344.16217
81,621,9.163015
82,621,3.238384
83,621,3.098574
89,621,11.566897
90,621,7.273633
79,622,64.836502
80,622,17.064991
81,622,6.271802
82,622,1.132418
89,622,9.494633
79,623,78.024582
80,623,7.724163
81,623,1.106439
89,623,10.440501
90,623,8.379008
79,624,30.32588
80,624,17.390858
81,624,11.940161
82,624,1.123886
89,624,17.140585
90,624,10.967012
81,625,19.918144
77,627,46.863392
79,627,108.980316
80,627,32.957008
77,628,1334.597656
78,628,17.284365
79,628,5.922662
80,628,5.624395
81,629,2.015477
82,629,7.812468
83,629,51.175625
78,630,25.303452
79,630,10.389923
80,630,5.673573
81,630,4.688322
82,630,24.477585
78,631,67.073128
81,631,3.206511
82,631,12.432295
85,631,23.926651
87,631,11.037153
88,631,16.632908
89,631,4.854286
78,632,37.745842
79,632,1.030535
89,632,5.637467
78,633,9.828251
91,633,10.383469
78,637,594.649902
79,637,172.651184
80,637,154.270844
81,637,42.475319
82,637,15.707065
83,637,23.698175
84,637,17.146275
91,638,19.117121
92,638,85.455612
93,638,111.997269
94,638,142.003113
138,490,1.131021
138,491,4.95408
