2406,1241,5.512233
2405,1242,13.645589
2406,1242,7.972516
2407,1242,44.729221
2408,1242,125.090019
2405,1243,11.299373
2406,1243,25.21537
2407,1243,80.255119
2491,1243,58.155048
2403,1244,13.454436
2404,1244,22.905674
2405,1244,76.817482
2406,1244,19.642721
2491,1244,102.556137
2403,1245,27.582001
2404,1245,37.050652
2405,1245,22.189602
2495,1245,102.335297
2498,1245,3.03062
2499,1245,2.701046
2402,1246,40.934093
2403,1246,31.012405
2404,1246,30.661055
2499,1246,2.246968
2475,1247,19.561659
2499,1247,1.480601
2487,1248,2.747868
2488,1248,28.810783
2499,1248,5.644195
2487,1249,4.167139
2488,1249,11.378757
2494,1249,2.968378
2476,1250,54.947437
2493,1250,1.335565
2495,1250,117.445862
2493,1251,5.146428
2494,1251,13.64863
2495,1251,69.424393
2495,1252,2.553516
2234,1255,62.468636
2479,1255,15.518312
2480,1255,59.902683
2479,1256,26.145971
2480,1256,52.512005
2477,1257,6.472242
2478,1257,17.795286
2479,1257,7.380843
2480,1257,69.200981
2478,1258,5.009815
2479,1258,61.31311
2480,1258,129.195267
2478,1259,120.192383
2479,1259,59.529938
2480,1259,75.187515
2474,1260,106.812813
2260,1261,28.836662
2395,1262,31.702341
2395,1263,67.366371
2396,1263,79.806961
2394,1264,56.54298
2395,1264,106.356033
2394,1265,174.692703
2258,1266,110.06485
2305,1266,35.610073
2394,1266,62.275501
2257,1267,46.16478
2258,1267,37.73365
2254,1268,5.338013
2291,1268,9.271811
2292,1268,3.726325
2293,1268,7.581568
2395,1268,24.031235
2496,1268,6.719794
2498,1268,4.745001
2254,1269,128.453156
2284,1269,12.291772
2291,1269,6.995124
2293,1269,11.38623
2497,1269,5.342628
2210,1270,38.593575
2292,1270,2.075033
2293,1270,9.865739
2301,1270,71.964745
2315,1270,4.830327
2319,1270,12.074398
2332,1270,43.163078
2255,1271,32.635643
2288,1271,4.819255
2289,1271,4.682726
2290,1271,2.875107
2315,1271,4.446495
2316,1271,7.890262
2247,1272,48.274086
2248,1272,266.968231
2252,1272,36.858624
2253,1272,40.362465
2254,1272,67.787521
2255,1272,26.876749
2256,1272,11.825477
2257,1272,36.611713
2291,1272,8.984769
2293,1272,5.28561
2294,1272,24.853668
2313,1272,18.205299
2246,1273,89.89753
2247,1273,148.137283
2248,1273,71.589432
2252,1273,71.099174
2253,1273,17.113029
2254,1273,53.106514
2257,1273,33.170048
2270,1273,70.127281
2272,1273,98.175171
2281,1273,12.00436
2291,1273,1.732035
2292,1273,5.918216
2293,1273,9.439199
2300,1273,22.403206
2245,1274,1.797886
2248,1274,105.254494
2252,1274,55.667229
2253,1274,22.977741
2254,1274,29.303831
2270,1274,67.857765
2271,1274,32.272297
2272,1274,13.17944
2292,1274,4.508601
2293,1274,11.828279
2294,1274,47.034828
2342,1274,7.716342
2343,1274,11.384498
2344,1274,17.002285
2345,1274,34.29948
2346,1274,9.778882
2399,1274,46.150631
2248,1275,76.863152
2252,1275,26.824993
2253,1275,10.168897
2254,1275,1.591686
2270,1275,60.66032
2271,1275,5.801188
2272,1275,15.567512
2292,1275,7.5662
2293,1275,25.446524
2346,1275,21.391157
2248,1276,12.352681
2254,1276,1.084012
2257,1276,1.04567
2268,1276,56.838097
2269,1276,28.601328
2270,1276,27.703272
2271,1276,8.102595
2285,1276,23.154274
2291,1276,11.98852
2292,1276,14.449609
2247,1277,6.004152
2248,1277,6.545698
2249,1277,7.986012
2250,1277,29.936136
2268,1277,31.097351
2269,1277,11.392118
2270,1277,22.870884
2271,1277,16.236763
2288,1277,20.25242
2290,1277,18.932735
2291,1277,2.557795
2292,1277,33.428215
2248,1278,2.157074
2249,1278,12.654613
2268,1278,210.911209
2269,1278,12.685932
2270,1278,9.746489
2290,1278,13.811218
2291,1278,48.48225
2340,1278,32.483433
2249,1279,1.23537
2258,1279,6.787077
2268,1279,31.68993
2269,1279,33.024788
2270,1279,16.567852
2290,1279,17.050617
2339,1279,22.83375
2340,1279,4.700722
2380,1279,62.69598
2388,1279,40.31945
2249,1280,8.657294
2267,1280,294.174072
2268,1280,49.131851
2269,1280,12.135697
2270,1280,10.659815
2280,1280,1.590618
2341,1280,4.700722
2388,1280,21.51705
2245,1281,7.692289
2246,1281,8.216707
2248,1281,10.316051
2249,1281,6.077505
2258,1281,73.568878
2267,1281,251.244781
2268,1281,16.423809
2269,1281,15.663286
2270,1281,3.874223
2345,1281,22.939793
2346,1281,3.056863
2248,1282,24.99963
2249,1282,13.213301
2250,1282,8.636244
2251,1282,4.956686
2266,1282,14.444187
2267,1282,11.545115
2268,1282,16.304464
2269,1282,23.606251
2270,1282,4.057425
2248,1283,12.899323
2265,1283,47.236919
2266,1283,13.928377
2267,1283,4.483292
2268,1283,4.629418
2269,1283,8.982417
2376,1283,10.65851
2236,1284,3.812393
2245,1284,64.101479
2265,1284,29.393621
2266,1284,10.614047
2267,1284,7.817663
2268,1284,3.850579
2269,1284,6.754932
2283,1284,1.50269
2284,1284,3.778505
2342,1284,10.983312
2343,1284,28.925541
2237,1285,10.413056
2244,1285,9.667844
2245,1285,2.476649
2246,1285,2.925623
2265,1285,80.602776
2266,1285,28.140076
2267,1285,11.996655
2268,1285,10.734015
2269,1285,6.742484
2285,1285,4.484453
2286,1285,12.550916
2287,1285,3.295783
2340,1285,19.000013
2239,1286,12.576477
2240,1286,62.791752
2244,1286,27.75605
2245,1286,1.92527
2246,1286,5.81326
2265,1286,70.660713
2266,1286,13.222288
2267,1286,13.024527
2268,1286,2.688634
2269,1286,5.432569
2378,1286,101.976921
2379,1286,28.501671
2382,1286,32.698017
2385,1286,10.014654
2386,1286,5.388671
2241,1287,19.143545
2242,1287,9.39114
2243,1287,34.566006
2245,1287,3.258797
2246,1287,5.808733
2248,1287,11.722363
2249,1287,2.983681
2264,1287,49.677155
2265,1287,39.233353
2266,1287,11.83934
2267,1287,19.524797
2268,1287,8.738331
2374,1287,3.217762
2380,1287,78.624573
2381,1287,15.634315
2239,1288,41.490097
2243,1288,3.914738
2244,1288,3.544144
2245,1288,4.272779
2246,1288,12.100182
2248,1288,4.499667
2249,1288,18.408691
2265,1288,58.543102
2376,1288,16.902498
2380,1288,19.060165
2381,1288,22.195292
2382,1288,1.76435
2383,1288,2.064349
2384,1288,2.164427
2241,1289,12.613557
2242,1289,2.015865
2243,1289,4.382549
2248,1289,5.968655
2249,1289,8.841829
2377,1289,34.203217
2244,1290,2.945612
2245,1290,2.809437
2247,1290,109.347473
2249,1290,8.663174
2310,1290,33.962784
2311,1290,19.988522
2313,1290,1.42705
2348,1290,4.588781
2381,1290,23.422274
2388,1290,2.786072
2392,1290,10.805378
2242,1291,18.950022
2243,1291,6.852576
2249,1291,5.453637
2310,1291,58.956039
2311,1291,50.690201
2312,1291,45.819706
2313,1291,1.826817
2314,1291,1.075824
2375,1291,71.783516
2383,1291,53.06255
2384,1291,46.090839
2391,1291,8.999701
2392,1291,6.732127
2393,1291,3.843494
2238,1292,42.604744
2239,1292,2.634239
2311,1292,46.534813
2312,1292,65.558853
2313,1292,1.854511
2377,1292,31.548342
2446,1292,1.034487
2241,1293,2.327762
2242,1293,14.147583
2310,1293,51.411938
2311,1293,46.127625
2312,1293,34.227875
2313,1293,1.050436
2337,1293,5.170433
2390,1293,11.942385
2391,1293,12.869281
2392,1293,8.072368
2237,1294,29.073912
2239,1294,2.00663
2240,1294,27.835749
2241,1294,11.124846
2242,1294,34.659111
2243,1294,5.817566
2244,1294,4.003954
2309,1294,66.587761
2310,1294,12.491912
2311,1294,8.993382
2314,1294,2.669846
2234,1295,55.855942
2235,1295,3.416792
2236,1295,13.769628
2237,1295,51.441338
2238,1295,4.293293
2241,1295,2.07801
2242,1295,2.95603
2243,1295,2.64273
2244,1295,2.437003
2262,1295,7.518048
2356,1295,13.082962
2390,1295,5.104203
2391,1295,7.141585
2242,1296,5.934927
2243,1296,7.954369
2244,1296,2.124241
2245,1296,5.86657
2260,1296,3.231215
2261,1296,4.830509
2262,1296,4.58083
2264,1296,7.258519
2265,1296,2.658538
2267,1296,2.516775
2350,1296,70.562782
2355,1296,11.349206
2356,1296,1.766381
2389,1296,2.680312
2390,1296,9.408667
2391,1296,13.203335
2399,1296,16.029591
2234,1297,66.218956
2236,1297,2.774258
2237,1297,1.940757
2238,1297,2.405195
2239,1297,7.586864
2240,1297,10.932281
2242,1297,51.337967
2243,1297,49.680805
2244,1297,1.754926
2245,1297,5.324802
2260,1297,1.503686
2261,1297,7.508525
2265,1297,1.211514
2266,1297,1.328362
2267,1297,2.110515
2307,1297,3.343029
2393,1297,30.072058
2394,1297,47.669586
2233,1298,5.164233
2234,1298,3.073456
2235,1298,1.00048
2236,1298,28.044914
2237,1298,2.241764
2238,1298,2.574948
2239,1298,3.690318
2240,1298,3.999713
2242,1298,2.06395
2243,1298,2.52896
2244,1298,3.286135
2245,1298,6.755852
2260,1298,2.251805
2261,1298,2.478297
2262,1298,10.179797
2266,1298,1.563037
2267,1298,1.169152
2386,1298,1.471449
2392,1298,17.740299
2393,1298,23.60701
2397,1298,5.235624
2398,1298,5.395044
2399,1298,2.669981
2423,1298,7.97377
2233,1299,5.699832
2234,1299,1.133819
2235,1299,2.524122
2236,1299,2.563219
2237,1299,3.341978
2238,1299,1.139735
2239,1299,1.151724
2240,1299,1.211077
2260,1299,2.379515
2262,1299,1.075375
2263,1299,3.63814
2266,1299,1.628328
2374,1299,3.452959
2389,1299,30.119181
2390,1299,43.734894
2391,1299,32.925449
2392,1299,1.725991
2393,1299,4.765432
2226,1300,14.945137
2230,1300,5.581708
2232,1300,31.316509
2233,1300,10.455326
2235,1300,3.550328
2236,1300,3.748866
2237,1300,2.105297
2263,1300,1.749814
2264,1300,1.869521
2265,1300,6.301214
2266,1300,2.376235
2268,1300,6.89428
2389,1300,15.244082
2390,1300,27.494019
2391,1300,22.660854
2392,1300,1.485713
2393,1300,4.6908
2445,1300,2.19451
2448,1300,7.447239
2219,1301,34.42934
2222,1301,25.544209
2223,1301,32.873562
2224,1301,16.283495
2225,1301,12.176878
2226,1301,6.639815
2229,1301,62.912392
2230,1301,12.461024
2232,1301,28.911394
2235,1301,3.615781
2236,1301,1.940098
2262,1301,3.220548
2264,1301,9.517396
2265,1301,2.961941
2266,1301,3.8707
2267,1301,12.293277
2268,1301,16.921854
2276,1301,1.340067
2277,1301,7.956218
2390,1301,32.178131
2217,1302,32.894691
2218,1302,27.248489
2219,1302,106.648628
2222,1302,28.304146
2223,1302,21.663027
2225,1302,8.84565
2226,1302,12.247027
2229,1302,20.561066
2230,1302,3.900511
2231,1302,1.034443
2232,1302,2.603002
2233,1302,2.75315
2234,1302,1.699847
2235,1302,3.120639
2286,1302,2.018413
2448,1302,105.653175
2217,1303,10.456841
2218,1303,13.774863
2222,1303,25.898582
2223,1303,14.070181
2226,1303,1.113084
2227,1303,34.6427
2230,1303,17.97217
2231,1303,10.60835
2232,1303,3.800385
2236,1303,6.490068
2315,1303,7.526818
2316,1303,1.354744
2389,1303,20.904531
2447,1303,19.657232
2448,1303,28.14036
2229,1304,9.458516
2230,1304,3.137712
2231,1304,105.230133
2232,1304,5.693313
2315,1304,9.187647
2316,1304,11.016625
2229,1305,10.576137
2232,1305,11.662968
2233,1305,4.005625
2316,1305,1.360229
2365,1305,1.098735
2392,1305,4.561015
2417,1305,1.133813
2418,1305,3.247796
2229,1306,9.712554
2232,1306,49.056957
2233,1306,37.863258
2240,1306,5.707228
2317,1306,7.863329
2318,1306,1.209378
2417,1306,1.04594
2418,1306,1.662555
2419,1306,3.763677
2224,1307,4.961334
2225,1307,2.124928
2226,1307,1.11072
2229,1307,3.947376
2230,1307,9.972016
2231,1307,2.397525
2232,1307,10.9474
2233,1307,3.446502
2234,1307,2.519768
2417,1307,1.561792
2224,1308,1.172549
2226,1308,4.000392
2227,1308,1.170846
2229,1308,2.550732
2230,1308,2.007347
2370,1308,2.605306
2371,1308,2.954706
2208,1309,19.580969
2227,1309,1.942804
2237,1309,13.139049
2238,1309,2.141055
2370,1309,4.318496
2395,1309,2.018092
2396,1309,3.482365
2232,1310,5.00961
2233,1310,8.197976
2238,1310,1.232775
2245,1310,4.450348
2315,1310,3.264944
2320,1310,6.457264
2335,1310,4.743039
2336,1310,9.085898
2395,1310,4.820256
2396,1310,2.207997
2239,1311,1.921195
2336,1311,1.286156
2395,1311,6.634735
2209,1312,2.729824
2269,1312,1.642416
2395,1312,2.544565
2208,1313,12.100164
2244,1313,1.499396
2269,1313,8.39939
2270,1313,13.721625
2316,1313,4.997108
2368,1313,1.952679
2235,1314,2.743326
2236,1314,1.742042
2237,1314,11.801899
2346,1314,4.552459
2362,1314,1.62378
2380,1314,2.031565
2381,1314,28.58993
2382,1314,2.526444
2226,1315,1.263668
2229,1315,11.309832
2230,1315,9.540629
2231,1315,9.509317
2235,1315,9.281111
2236,1315,10.745054
2327,1315,1.734971
2346,1315,2.740595
2348,1315,4.933961
2360,1315,5.158974
2362,1315,3.379996
2363,1315,1.852016
2383,1315,27.015755
2226,1316,21.709831
2227,1316,10.657366
2228,1316,49.166801
2229,1316,64.455315
2231,1316,106.774193
2232,1316,32.659092
2233,1316,11.121387
2318,1316,1.456221
2346,1316,2.191717
2348,1316,3.41064
2357,1316,28.695522
2363,1316,6.168379
2364,1316,32.215405
2365,1316,2.583466
2367,1316,2.600054
2374,1316,2.735951
2391,1316,8.403811
2392,1316,2.097516
2205,1317,5.056061
2226,1317,201.01738
2227,1317,35.874451
2229,1317,51.295963
2240,1317,3.839936
2246,1317,5.841663
2340,1317,2.612612
2341,1317,3.311066
2342,1317,5.276944
2345,1317,2.750832
2362,1317,1.376342
2366,1317,4.65177
2367,1317,1.796902
2368,1317,4.597394
2369,1317,1.273533
2371,1317,2.662629
2372,1317,2.114137
2375,1317,1.689684
2391,1317,8.54968
2398,1317,3.73597
2340,1318,3.65951
2344,1318,4.33382
2361,1318,3.937065
2369,1318,2.572193
2372,1318,2.762831
2373,1318,3.083838
2374,1318,2.406426
2406,1318,27.20739
2407,1318,31.292263
2408,1318,1.333175
2409,1318,1.331943
2205,1319,22.299212
2206,1319,2.103678
2207,1319,1.401335
2238,1319,6.915788
2326,1319,1.346906
2339,1319,2.676416
2340,1319,2.770633
2341,1319,4.266921
2361,1319,13.257606
2362,1319,1.537168
2363,1319,8.510572
2365,1319,10.911028
2366,1319,5.026932
2205,1320,50.684772
2206,1320,7.480834
2211,1320,646.592773
2236,1320,36.082634
2237,1320,4.087744
2238,1320,8.34109
2240,1320,11.648735
2241,1320,4.525669
2283,1320,2.651205
2286,1320,93.482994
2305,1320,2.28864
2316,1320,3.146466
2361,1320,22.401295
2362,1320,6.861329
2366,1320,5.818787
2367,1320,5.764177
2368,1320,4.182498
2369,1320,6.744004
2373,1320,7.91854
2206,1321,13.729683
2208,1321,1.054965
2211,1321,353.125488
2236,1321,9.412853
2237,1321,11.332864
2247,1321,4.246327
2265,1321,2.763567
2266,1321,1.052663
2335,1321,1.041657
2336,1321,3.188692
2360,1321,3.560769
2366,1321,8.754436
2369,1321,4.215637
2370,1321,19.385408
2371,1321,6.481723
2372,1321,7.702202
2377,1321,6.830199
2379,1321,2.322498
2380,1321,2.551903
2206,1322,12.782981
2208,1322,1.250217
2210,1322,794.667114
2247,1322,15.713543
2265,1322,32.001976
2331,1322,2.363125
2335,1322,1.511243
2342,1322,4.210036
2367,1322,15.524948
2368,1322,3.615134
2369,1322,3.472646
2370,1322,4.578235
2373,1322,3.601888
2376,1322,12.115362
2208,1323,2.396164
2248,1323,31.514339
2329,1323,4.160361
2335,1323,3.098812
2367,1323,15.23238
2368,1323,8.354097
2369,1323,8.102568
2370,1323,4.879703
2371,1323,3.892459
2372,1323,3.082916
2208,1324,16.141747
2211,1324,1281.941162
2234,1324,65.842705
2323,1324,1.188438
2332,1324,1.899179
2333,1324,1.873757
2334,1324,2.373199
2335,1324,3.097707
2368,1324,12.569469
2371,1324,76.832047
2372,1324,19.387705
2377,1324,5.739561
2208,1325,14.008759
2210,1325,837.395325
2231,1325,74.812546
2232,1325,18.067156
2233,1325,16.427355
2234,1325,29.583117
2235,1325,17.919924
2280,1325,306.39978
2327,1325,2.550719
2370,1325,5.351957
2376,1325,4.373623
2378,1325,6.331283
2379,1325,3.349655
2208,1326,2.801766
2209,1326,5.540052
2211,1326,1.682483
2224,1326,66.682335
2225,1326,34.519039
2232,1326,81.794655
2233,1326,26.597883
2234,1326,28.875235
2243,1326,2.494063
2272,1326,26.570105
2278,1326,2.64
2327,1326,5.098246
2379,1326,2.985578
2380,1326,3.217208
2387,1326,6.303531
2388,1326,1.416588
2208,1327,2.172613
2209,1327,2.730716
2211,1327,2.736742
2225,1327,6.849955
2232,1327,93.259491
2233,1327,124.055664
2234,1327,23.944826
2235,1327,27.861195
2240,1327,13.98522
2241,1327,4.839548
2272,1327,6.15272
2278,1327,1.457417
2279,1327,1.927401
2326,1327,2.937418
2327,1327,2.724879
2354,1327,13.702024
2377,1327,5.008475
2378,1327,3.589386
2384,1327,1.714896
2387,1327,4.910843
2388,1327,10.26992
2389,1327,15.939742
2390,1327,1.89881
2391,1327,3.570008
2225,1328,4.80254
2233,1328,281.823914
2234,1328,122.260605
2235,1328,103.823219
2241,1328,8.815583
2376,1328,87.062462
2384,1328,3.213002
2387,1328,1.891724
2397,1328,2.455751
2398,1328,1.003008
2234,1329,678.213989
2241,1329,4.512783
2310,1329,2.691589
2312,1329,1.438336
2313,1329,1.01389
2321,1329,1.758403
2384,1329,1.651041
2388,1329,1.28675
2398,1329,3.083551
2223,1330,2.53148
2243,1330,58.382523
2309,1330,5.308661
2310,1330,5.988127
2325,1330,2.801143
2326,1330,3.032662
2327,1330,4.12699
2330,1330,5.989794
2331,1330,4.004014
2377,1330,13.72053
2385,1330,16.985888
2386,1330,1.860272
2387,1330,1.550565
2388,1330,1.058873
2389,1330,1.339671
2393,1330,6.182775
2394,1330,1.610244
2395,1330,2.710689
2397,1330,4.194614
2398,1330,5.500055
2223,1331,16.38748
2243,1331,17.442833
2310,1331,1.467704
2317,1331,5.632691
2325,1331,4.77913
2377,1331,14.306218
2386,1331,2.571796
2387,1331,3.017826
2388,1331,1.488761
2389,1331,1.153781
2390,1331,1.332198
2392,1331,3.660675
2393,1331,2.258123
2394,1331,2.404611
2395,1331,2.447543
2205,1332,17.381685
2310,1332,23.448677
2311,1332,3.534395
2312,1332,1.003374
2325,1332,3.931022
2376,1332,10.327184
2377,1332,2.61908
2378,1332,2.940425
2383,1332,1.340517
2384,1332,3.4433
2385,1332,2.968732
2386,1332,5.167476
2387,1332,66.531258
2388,1332,5.480753
2389,1332,4.784234
2390,1332,1.956751
2391,1332,2.457794
2400,1332,2.792348
2204,1333,33.219509
2205,1333,35.982517
2217,1333,1.783055
2219,1333,8.150422
2220,1333,18.828709
2240,1333,46.515049
2312,1333,2.027601
2324,1333,4.268847
2325,1333,3.64431
2376,1333,10.883059
2382,1333,2.717631
2384,1333,9.249609
2385,1333,2.59386
2386,1333,7.837304
2387,1333,1.542817
2388,1333,66.648262
2389,1333,5.924567
2390,1333,1.963186
2400,1333,1.739777
2239,1334,8.22627
2240,1334,91.798668
2241,1334,32.46571
2312,1334,1.044671
2323,1334,1.622539
2324,1334,3.618165
2352,1334,48.819462
2376,1334,22.376295
2387,1334,15.047768
2390,1334,3.882564
2239,1335,122.745789
2240,1335,39.75742
2321,1335,3.023195
2322,1335,1.85568
2324,1335,1.605275
2325,1335,4.543388
2326,1335,3.476291
2374,1335,16.808413
2375,1335,26.004084
2376,1335,8.618539
2377,1335,1.543601
2383,1335,1.886853
2410,1335,2.189865
2411,1335,2.251929
2310,1336,37.579582
2374,1336,5.226685
2375,1336,9.91624
2376,1336,24.327641
2377,1336,18.886578
2378,1336,4.501721
2381,1336,3.528482
2382,1336,3.621577
2383,1336,2.255944
2385,1336,3.430854
2386,1336,1.594902
2478,1336,2.219673
2311,1337,2.715109
2312,1337,1.119886
2320,1337,14.783014
2321,1337,6.051277
2322,1337,5.848487
2323,1337,5.872927
2378,1337,24.883318
2379,1337,3.630335
2381,1337,5.07422
2382,1337,3.788738
2383,1337,1.572379
2384,1337,4.557427
2385,1337,1.338055
2310,1338,7.065315
2312,1338,7.480195
2336,1338,370.891113
2381,1338,14.909035
2382,1338,3.356586
2383,1338,7.487118
2384,1338,7.56994
2385,1338,4.036881
2415,1338,1.127042
2416,1338,1.198617
2231,1339,85.211357
2237,1339,38.134956
2238,1339,79.469597
2242,1339,1.328437
2376,1339,56.940559
2379,1339,2.50606
2381,1339,1.657478
2382,1339,3.693422
2383,1339,5.806921
2384,1339,4.173897
2385,1339,5.712425
2386,1339,1.070095
2408,1339,3.438687
2412,1339,2.235915
2413,1339,1.998708
2414,1339,3.275737
2415,1339,2.727095
2416,1339,1.262383
2417,1339,10.86606
2418,1339,5.740269
2481,1339,1.309793
2483,1339,1.159469
2484,1339,12.529934
2237,1340,115.181938
2238,1340,73.237152
2239,1340,48.0075
2240,1340,45.577625
2320,1340,13.885176
2321,1340,6.344622
2322,1340,9.156211
2355,1340,4.104836
2356,1340,12.863514
2368,1340,8.495249
2378,1340,49.596268
2381,1340,6.123879
2382,1340,15.44024
2383,1340,124.449738
2384,1340,40.883266
2385,1340,12.166519
2386,1340,1.109878
2408,1340,3.263004
2412,1340,1.683015
2413,1340,1.428135
2414,1340,10.12077
2415,1340,7.279614
2416,1340,4.48418
2499,1340,29.405098
2229,1341,20.469727
2232,1341,74.799698
2238,1341,22.302319
2239,1341,42.679668
2240,1341,4.53393
2241,1341,18.431898
2242,1341,7.182827
2250,1341,4.377515
2253,1341,8.373899
2320,1341,1.379038
2321,1341,10.902212
2322,1341,12.771385
2324,1341,38.837132
2337,1341,15.671205
2355,1341,28.90876
2385,1341,16.538698
2386,1341,2.344528
2405,1341,1.742318
2407,1341,2.080509
2408,1341,1.995332
2412,1341,2.405033
2413,1341,1.967207
2414,1341,4.140617
2415,1341,95.202263
2416,1341,5.197421
2417,1341,2.845284
2418,1341,3.911305
2483,1341,1.176001
2226,1342,1.108379
2227,1342,1.878786
2228,1342,1.303631
2232,1342,13.602199
2238,1342,104.229919
2239,1342,22.702763
2250,1342,1.293166
2251,1342,3.562673
2252,1342,1.651738
2253,1342,2.666615
2254,1342,9.320044
2297,1342,56.321285
2298,1342,1.099025
2299,1342,1.449749
2319,1342,14.720314
2320,1342,4.134733
2321,1342,8.793801
2337,1342,158.077805
2377,1342,15.348433
2378,1342,5.968129
2379,1342,43.361202
2381,1342,19.255325
2382,1342,1.787202
2383,1342,1.194355
2384,1342,1.3822
2385,1342,2.973694
2386,1342,3.710187
2406,1342,5.387269
2407,1342,1.67892
2412,1342,1.682728
2413,1342,3.013121
2414,1342,5.12764
2415,1342,10.012338
2416,1342,16.701162
2417,1342,6.919666
2418,1342,4.542559
2219,1343,6.076483
2235,1343,24.26926
2237,1343,18.958483
2238,1343,53.17083
2239,1343,23.870279
2241,1343,1.429402
2242,1343,2.458209
2243,1343,7.24868
2244,1343,74.809914
2253,1343,5.871428
2298,1343,9.907794
2319,1343,6.389014
2320,1343,5.816967
2321,1343,5.55465
2322,1343,2.334855
2323,1343,3.001958
2324,1343,2.836252
2337,1343,64.632217
2338,1343,35.619713
2355,1343,8.454107
2375,1343,355.466248
2376,1343,13.675599
2381,1343,17.294828
2382,1343,3.222558
2383,1343,7.453338
2384,1343,4.085498
2385,1343,12.057956
2386,1343,6.08884
2387,1343,1.012729
2412,1343,1.900647
2413,1343,3.096802
2414,1343,4.326302
2415,1343,4.063437
2416,1343,4.704758
2417,1343,3.490941
2418,1343,3.770383
2419,1343,4.069426
2483,1343,1.89866
2484,1343,3.481576
2217,1344,5.969621
2219,1344,10.217044
2226,1344,10.81687
2228,1344,13.824098
2229,1344,16.265734
2231,1344,44.839638
2235,1344,1.322339
2237,1344,11.422398
2238,1344,14.091116
2239,1344,3.137634
2240,1344,29.198616
2241,1344,1.925307
2243,1344,3.93942
2244,1344,2.078325
2245,1344,2.51419
2246,1344,8.826156
2253,1344,6.606846
2302,1344,1.184416
2319,1344,3.598897
2328,1344,2.212746
2336,1344,4.064593
2337,1344,8.902079
2338,1344,13.255276
2339,1344,56.045616
2355,1344,7.084241
2356,1344,44.607075
2376,1344,13.106024
2378,1344,2.313581
2379,1344,3.173249
2380,1344,1.666662
2381,1344,4.646934
2385,1344,13.461175
2386,1344,5.295668
2387,1344,4.942405
2388,1344,3.026244
2389,1344,5.762404
2407,1344,1.029395
2412,1344,1.682195
2413,1344,5.176752
2414,1344,4.304857
2415,1344,2.292594
2416,1344,47.264206
2417,1344,7.765182
2418,1344,2.727507
2227,1345,1.739383
2228,1345,2.454955
2229,1345,7.141388
2235,1345,5.198641
2236,1345,9.347713
2237,1345,5.588115
2240,1345,16.5235
2244,1345,10.687578
2245,1345,1.235182
2246,1345,5.640226
2249,1345,25.446589
2250,1345,2.866964
2252,1345,4.683963
2253,1345,4.833745
2254,1345,8.484706
2255,1345,3.612143
2305,1345,5.775249
2319,1345,3.72142
2322,1345,1.106634
2328,1345,1.656041
2336,1345,6.861639
2337,1345,2.35978
2338,1345,18.410379
2339,1345,9.943937
2355,1345,13.779145
2376,1345,16.0152
2377,1345,16.121883
2378,1345,3.591649
2379,1345,1.224739
2381,1345,2.617932
2382,1345,4.777139
2383,1345,2.89542
2384,1345,2.557334
2385,1345,3.510618
2386,1345,2.344322
2395,1345,1.004616
2412,1345,2.6586
2413,1345,2.427686
2414,1345,1.486838
2415,1345,8.016193
2416,1345,415.269562
2417,1345,28.020449
2418,1345,6.760773
2450,1345,1.079513
2483,1345,1.258939
2484,1345,1.599265
2234,1346,4.708521
2235,1346,3.091696
2236,1346,1.452032
2237,1346,17.253904
2238,1346,2.051523
2240,1346,6.266458
2241,1346,16.814209
2244,1346,5.369973
2245,1346,2.397023
2246,1346,1.816965
2249,1346,1.361097
2251,1346,1.637038
2252,1346,2.19371
2253,1346,2.432903
2254,1346,4.282678
2255,1346,9.523686
2292,1346,1.719762
2299,1346,1.918257
2300,1346,1.066842
2319,1346,2.145375
2320,1346,3.266549
2321,1346,3.541357
2322,1346,1.858777
2323,1346,11.231361
2324,1346,10.920064
2328,1346,4.64115
2337,1346,23.676052
2338,1346,46.14547
2375,1346,18.422623
2376,1346,24.492258
2377,1346,4.7612
2378,1346,4.966602
2379,1346,1.89566
2388,1346,5.918929
2407,1346,2.762187
2409,1346,15.94768
2412,1346,16.459946
2413,1346,1.427519
2414,1346,4.206602
2415,1346,28.586033
2416,1346,65.782669
2457,1346,2.191262
2484,1346,5.128222
2221,1347,39.35944
2237,1347,10.350768
2239,1347,7.615787
2240,1347,15.83608
2241,1347,12.313182
2243,1347,8.293234
2244,1347,5.685334
2245,1347,2.657293
2246,1347,7.795639
2254,1347,5.075793
2255,1347,7.273429
2296,1347,1.243055
2297,1347,2.542601
2298,1347,1.022508
2301,1347,1.041113
2302,1347,1.737096
2319,1347,5.143375
2320,1347,2.388567
2321,1347,2.45981
2322,1347,6.398534
2323,1347,9.57854
2328,1347,1.825152
2337,1347,4.565733
2355,1347,1.992203
2358,1347,27.918467
2359,1347,1.160946
2373,1347,45.201717
2374,1347,13.134892
2375,1347,6.20455
2376,1347,4.699347
2377,1347,5.813076
2378,1347,10.564189
2388,1347,2.208786
2406,1347,1.236896
2413,1347,10.588463
2447,1347,1.162043
2448,1347,1.666391
2449,1347,2.813124
2453,1347,2.088011
2457,1347,1.859609
2220,1348,35.093941
2246,1348,20.264393
2249,1348,14.367763
2252,1348,1.843747
2253,1348,1.93771
2254,1348,5.513383
2255,1348,13.252603
2296,1348,1.5825
2299,1348,1.618899
2311,1348,1.897919
2321,1348,8.4061
2323,1348,12.889855
2324,1348,14.444611
2326,1348,2.828459
2329,1348,5.854293
2374,1348,92.67437
2375,1348,64.466972
2376,1348,33.879913
2377,1348,3.143398
2378,1348,3.775687
2388,1348,2.025121
2393,1348,1.200946
2406,1348,1.048068
2407,1348,1.521868
2408,1348,3.131835
2446,1348,1.268572
2447,1348,1.482074
2448,1348,1.470218
2449,1348,1.48667
2452,1348,1.230994
2453,1348,1.445182
2479,1348,1.593953
2218,1349,57.964325
2219,1349,5.649828
2221,1349,2.60077
2227,1349,88.313843
2300,1349,3.751412
2309,1349,4.800125
2326,1349,1.80947
2327,1349,3.715804
2328,1349,4.374442
2329,1349,1.412152
2374,1349,137.851669
2375,1349,3.986562
2376,1349,23.865551
2377,1349,5.600159
2392,1349,9.15765
2396,1349,2.468302
2397,1349,1.436537
2404,1349,3.486153
2406,1349,1.89469
2414,1349,2.175064
2415,1349,3.925643
2446,1349,9.372714
2447,1349,4.897828
2451,1349,1.748979
2454,1349,2.915021
2459,1349,1.162871
2476,1349,1.069997
2477,1349,1.153115
2479,1349,2.073915
2218,1350,162.519135
2221,1350,13.095036
2240,1350,24.028555
2301,1350,6.436478
2328,1350,1.183299
2329,1350,1.032063
2330,1350,1.936812
2331,1350,4.39119
2374,1350,35.976082
2376,1350,81.207115
2377,1350,3.467264
2391,1350,11.206663
2393,1350,4.641509
2394,1350,1.902089
2395,1350,3.770107
2396,1350,4.470431
2397,1350,3.760036
2403,1350,2.921599
2408,1350,1.509177
2413,1350,4.248907
2414,1350,1.4439
2415,1350,1.975666
2453,1350,1.971932
2454,1350,1.848627
2455,1350,1.057026
2470,1350,1.121465
2473,1350,1.269809
2474,1350,1.467879
2478,1350,1.141307
2480,1350,6.776678
2228,1351,3.407178
2237,1351,106.017632
2239,1351,35.391109
2240,1351,79.444313
2241,1351,3.322809
2242,1351,5.914976
2243,1351,54.184708
2322,1351,3.253949
2323,1351,2.529204
2327,1351,2.19097
2329,1351,2.374752
2330,1351,1.624349
2331,1351,2.817737
2378,1351,1.218641
2394,1351,2.667241
2395,1351,2.801212
2397,1351,1.97777
2402,1351,2.85621
2415,1351,4.489543
2439,1351,1.283558
2440,1351,1.397716
2444,1351,1.396866
2445,1351,1.295387
2446,1351,1.857091
2451,1351,2.864927
2455,1351,1.008151
2225,1352,4.577091
2228,1352,2.216298
2234,1352,100.15712
2237,1352,24.228462
2238,1352,32.787632
2243,1352,9.486969
2247,1352,34.83675
2250,1352,24.482389
2251,1352,28.17881
2261,1352,38.557625
2262,1352,12.105159
2263,1352,5.029029
2274,1352,37.338955
2275,1352,17.335567
2276,1352,17.336622
2280,1352,53.402725
2329,1352,1.523211
2330,1352,1.374213
2332,1352,7.350564
2339,1352,7.503509
2372,1352,98.178276
2378,1352,2.439012
2394,1352,2.807666
2395,1352,1.337073
2437,1352,1.66897
2439,1352,4.513737
2440,1352,2.709587
2441,1352,2.188154
2442,1352,1.774079
2444,1352,2.57006
2445,1352,1.239941
2447,1352,3.861947
2449,1352,1.985915
2450,1352,2.157101
2451,1352,1.271739
2457,1352,3.024477
2458,1352,2.141498
2460,1352,2.340888
2475,1352,1.302243
2476,1352,3.922175
2217,1353,3.523755
2238,1353,2.093516
2245,1353,13.845875
2246,1353,3.003242
2247,1353,76.659035
2248,1353,26.145615
2249,1353,26.749317
2251,1353,90.11908
2254,1353,95.312134
2260,1353,2.626616
2267,1353,3.146159
2268,1353,1.212271
2269,1353,1.286619
2270,1353,1.696319
2271,1353,3.288356
2280,1353,1.872798
2282,1353,2.835029
2283,1353,19.34095
2291,1353,3.907951
2329,1353,6.714964
2330,1353,6.243415
2331,1353,3.237527
2332,1353,1.69627
2333,1353,68.785439
2372,1353,37.45232
2380,1353,3.005609
2390,1353,3.057397
2228,1354,2.917476
2229,1354,3.052217
2244,1354,117.038048
2246,1354,8.516769
2254,1354,11.525234
2255,1354,12.18821
2256,1354,45.454399
2259,1354,4.005108
2260,1354,7.675109
2261,1354,2.266671
2265,1354,1.144234
2269,1354,1.429017
2270,1354,12.532541
2271,1354,2.494813
2272,1354,3.033369
2273,1354,2.031307
2274,1354,1.404622
2275,1354,5.940645
2276,1354,2.560292
2277,1354,2.689503
2278,1354,2.058329
2279,1354,2.115664
2282,1354,1.537157
2288,1354,5.450176
2289,1354,8.325378
2290,1354,8.274392
2291,1354,3.514458
2292,1354,1.163302
2293,1354,1.070681
2294,1354,59.116524
2297,1354,1.328656
2315,1354,3.326839
2316,1354,3.324728
2317,1354,3.326839
2318,1354,3.338415
2244,1355,15.334151
2246,1355,161.519867
2247,1355,27.862913
2248,1355,5.157889
2249,1355,45.223854
2251,1355,6.935587
2252,1355,8.703784
2254,1355,65.411423
2265,1355,2.668564
2267,1355,1.957008
2268,1355,5.890313
2269,1355,8.349207
2272,1355,1.299147
2327,1355,1.046497
2245,1356,5.317512
2246,1356,2.572922
2247,1356,24.388239
2249,1356,11.967893
2250,1356,15.169471
2251,1356,5.912742
2252,1356,18.325113
2253,1356,1.452282
2255,1356,1.714444
2256,1356,49.903625
2259,1356,5.837368
2260,1356,1.996475
2261,1356,4.053811
2263,1356,4.653666
2265,1356,4.100303
2268,1356,4.183854
2293,1356,1.74499
2312,1356,2.594511
2328,1356,4.821589
2329,1356,1.825327
2330,1356,11.561145
2334,1356,40.316677
2335,1356,138.367661
2401,1356,11.486927
2405,1356,11.050457
2248,1357,4.408844
2253,1357,1.227572
2256,1357,95.719429
2259,1357,1.897867
2263,1357,2.727091
2264,1357,1.768432
2266,1357,2.992574
2292,1357,3.883438
2312,1357,1.44287
2328,1357,1.403291
2332,1357,144.07222
2333,1357,27.701717
2334,1357,11.088934
2335,1357,8.407522
2384,1357,1.836677
2389,1357,3.20706
2392,1357,14.456641
2393,1357,4.213521
2394,1357,3.566727
2396,1357,14.418906
2399,1357,12.057865
2400,1357,7.313298
2401,1357,3.948033
2403,1357,1.742642
2404,1357,1.190811
2407,1357,1.677994
2245,1358,8.000753
2246,1358,10.094077
2247,1358,29.315802
2250,1358,31.440834
2251,1358,4.233731
2253,1358,1.029371
2254,1358,64.475746
2255,1358,8.339493
2256,1358,31.892466
2267,1358,1.284847
2277,1358,1.069842
2281,1358,1.355284
2292,1358,1.64045
2316,1358,1.291746
2333,1358,2.973877
2334,1358,9.143204
2374,1358,15.783816
2375,1358,22.685038
2378,1358,2.7039
2379,1358,1.696428
2380,1358,1.352662
2385,1358,11.000075
2394,1358,7.000858
2395,1358,2.040233
2396,1358,4.239554
2403,1358,1.470376
2407,1358,1.251106
2244,1359,9.47543
2245,1359,16.515768
2251,1359,4.624979
2253,1359,9.46001
2255,1359,36.873119
2256,1359,290.250977
2258,1359,75.835693
2260,1359,1.070528
2262,1359,1.666782
2277,1359,1.621752
2281,1359,4.068593
2282,1359,1.955518
2290,1359,1.263389
2291,1359,2.417565
2328,1359,11.046913
2329,1359,11.327085
2330,1359,1.225613
2334,1359,8.587386
2339,1359,392.363739
2370,1359,41.170177
2371,1359,7.679218
2372,1359,4.716431
2374,1359,9.650003
2392,1359,6.013468
2393,1359,1.439719
2394,1359,1.911408
2395,1359,1.880001
2396,1359,1.753342
2399,1359,1.536492
2400,1359,1.063844
2403,1359,1.03521
2406,1359,4.990037
2245,1360,12.64238
2246,1360,9.418638
2247,1360,60.133331
2250,1360,18.188932
2251,1360,6.429574
2252,1360,7.560167
2253,1360,3.141333
2254,1360,30.141815
2255,1360,30.293531
2256,1360,49.341816
2258,1360,84.653419
2259,1360,3.219213
2260,1360,1.958113
2267,1360,1.022729
2268,1360,3.339098
2276,1360,2.096589
2334,1360,21.490629
2335,1360,4.775761
2338,1360,9.502582
2339,1360,8.935919
2374,1360,15.829065
2375,1360,2.327975
2377,1360,11.647372
2381,1360,1.131644
2383,1360,2.758794
2384,1360,19.326181
2388,1360,6.148159
2389,1360,3.725024
2391,1360,6.772764
2392,1360,4.957258
2396,1360,1.45155
2407,1360,1.360857
2245,1361,10.596758
2247,1361,1.667446
2252,1361,3.957773
2254,1361,7.472978
2255,1361,30.568453
2256,1361,59.525478
2258,1361,6.045509
2269,1361,2.436387
2273,1361,1.388276
2279,1361,2.102574
2292,1361,2.103425
2307,1361,4.259826
2308,1361,1.489024
2309,1361,3.048751
2324,1361,1.268475
2331,1361,1.974499
2334,1361,76.69989
2337,1361,11.927648
2338,1361,17.608402
2370,1361,5.291327
2371,1361,6.27065
2372,1361,13.636271
2373,1361,11.48247
2374,1361,10.468361
2375,1361,1.27813
2392,1361,1.644805
2399,1361,1.400994
2256,1362,269.817719
2258,1362,8.922484
2263,1362,1.857618
2265,1362,1.760086
2266,1362,3.611397
2269,1362,4.374443
2279,1362,1.158828
2308,1362,1.05574
2330,1362,2.234752
2331,1362,2.2065
2333,1362,10.762685
2334,1362,21.975531
2337,1362,5.614507
2338,1362,21.203672
2341,1362,6.816775
2372,1362,4.239588
2374,1362,2.627416
2391,1362,7.548315
2392,1362,17.755354
2401,1362,1.959312
2405,1362,1.917563
2263,1363,5.091824
2264,1363,1.435059
2270,1363,4.583022
2271,1363,26.914232
2272,1363,4.425673
2330,1363,1.726201
2331,1363,13.12445
2333,1363,2.779413
2334,1363,4.201421
2336,1363,4.055357
2337,1363,4.468887
2338,1363,17.773397
2341,1363,5.889006
2356,1363,146.685593
2366,1363,17.657125
2386,1363,5.925888
2387,1363,4.035019
2396,1363,1.396333
2450,1363,5.055264
2262,1364,6.833289
2263,1364,9.472695
2264,1364,2.225038
2265,1364,1.816237
2266,1364,1.014716
2267,1364,1.534581
2268,1364,74.801201
2270,1364,5.590543
2271,1364,1.39383
2287,1364,3.391024
2334,1364,3.06786
2337,1364,19.265486
2338,1364,11.522246
2339,1364,25.273127
2340,1364,6.592299
2341,1364,3.914553
2356,1364,189.15564
2357,1364,632.31189
2365,1364,15.554955
2366,1364,10.968219
2370,1364,5.652896
2371,1364,9.540978
2372,1364,11.965953
2373,1364,5.277575
2383,1364,7.732406
2384,1364,6.776584
2385,1364,9.184489
2389,1364,2.148171
2390,1364,3.528713
2397,1364,1.338787
2290,1365,1.893372
2334,1365,2.388111
2337,1365,4.94575
2338,1365,8.101929
2341,1365,3.813162
2342,1365,68.349655
2343,1365,71.345093
2344,1365,101.67765
2346,1365,16.535139
2347,1365,153.204391
2361,1365,30.302898
2364,1365,25.708315
2365,1365,8.473256
2366,1365,3.870082
2367,1365,31.825289
2368,1365,4.602155
2369,1365,5.837979
2370,1365,4.713889
2371,1365,6.311255
2372,1365,2.920261
2377,1365,24.848482
2378,1365,4.096474
2379,1365,12.654067
2388,1365,1.182106
2389,1365,1.678978
2433,1365,48.253548
2435,1365,18.836838
2438,1365,33.576736
2262,1366,2.097496
2264,1366,8.590523
2290,1366,2.692023
2291,1366,3.041099
2292,1366,3.116984
2294,1366,3.114173
2337,1366,10.848234
2338,1366,35.614788
2342,1366,10.13403
2346,1366,27.338562
2372,1366,1.833978
2375,1366,1.429721
2432,1366,2.673665
2433,1366,22.543526
2257,1367,438.091125
2265,1367,2.341505
2268,1367,4.439373
2269,1367,4.890064
2275,1367,4.214944
2279,1367,1.657776
2282,1367,4.968434
2331,1367,1.160815
2337,1367,15.259786
2338,1367,140.277023
2340,1367,314.503143
2345,1367,1.350253
2346,1367,1.218857
2376,1367,4.643833
2264,1368,1.015386
2269,1368,18.214792
2270,1368,1.584003
2271,1368,1.014141
2285,1368,15.641329
2289,1368,3.862266
2344,1368,13.210773
2369,1368,5.171644
2371,1368,3.777985
2372,1368,21.301294
2373,1368,17.226574
2374,1368,8.680012
2375,1368,8.680495
2265,1369,2.240341
2266,1369,3.370041
2267,1369,6.30565
2271,1369,6.995258
2286,1369,4.042356
2287,1369,2.048696
2288,1369,2.856611
2289,1369,2.730077
2259,1370,10.987
2267,1370,14.295822
2274,1370,1.0124
2287,1370,1.176725
2293,1370,8.200655
2300,1370,1.96559
2272,1371,1.631051
2279,1371,1.993512
2286,1371,1.132295
2300,1371,1.51934
2328,1371,1.956685
2338,1371,6.011497
2339,1371,5.193511
2340,1371,4.845366
2341,1371,9.375073
2342,1371,24.861279
2343,1371,24.45846
2344,1371,16.076338
2345,1371,44.144077
2346,1371,14.401197
2351,1371,11.956324
2354,1371,24.618961
2355,1371,23.271456
2357,1371,22.510782
2358,1371,24.761662
2363,1371,9.71128
2259,1372,34.480671
2260,1372,42.545006
2263,1372,13.129953
2264,1372,4.695283
2270,1372,7.425815
2271,1372,16.433479
2272,1372,11.271949
2275,1372,2.09692
2300,1372,1.989773
2301,1372,1.601474
2302,1372,1.568572
2333,1372,14.457628
2334,1372,9.214331
2335,1372,11.851684
2336,1372,26.753115
2337,1372,37.571049
2338,1372,13.362201
2339,1372,13.39645
2340,1372,2.75377
2341,1372,14.949007
2342,1372,4.91676
2343,1372,5.240298
2344,1372,1.324326
2346,1372,53.159622
2353,1372,15.75644
2354,1372,14.261374
2355,1372,274.966949
2356,1372,8.689595
2357,1372,6.344848
2358,1372,3.657023
2361,1372,8.614582
2363,1372,8.840502
2369,1372,5.831648
2370,1372,13.289562
2371,1372,5.357707
2375,1372,61.983936
2381,1372,1.44745
2263,1373,32.215366
2264,1373,2.755596
2268,1373,6.015529
2269,1373,6.768214
2270,1373,5.106429
2271,1373,5.119075
2272,1373,1.548991
2274,1373,4.799657
2275,1373,1.989209
2276,1373,1.354506
2278,1373,1.56574
2335,1373,10.285546
2336,1373,4.989522
2337,1373,3.528616
2338,1373,3.516836
2339,1373,2.720164
2340,1373,1.50314
2341,1373,2.340272
2342,1373,3.956719
2343,1373,2.951201
2346,1373,15.918543
2349,1373,17.402452
2352,1373,12.858722
2354,1373,1.381417
2355,1373,4.695901
2356,1373,10.749981
2357,1373,5.715833
2358,1373,16.65839
2359,1373,7.294146
2360,1373,9.5652
2363,1373,9.562312
2366,1373,4.388799
2367,1373,2.500635
2368,1373,10.354551
2369,1373,3.221101
2371,1373,3.0875
2375,1373,6.592165
2262,1374,8.66058
2263,1374,1.806588
2264,1374,3.928868
2265,1374,12.313672
2266,1374,19.308296
2271,1374,4.864298
2272,1374,1.238436
2274,1374,6.012843
2276,1374,6.449695
2277,1374,3.872042
2278,1374,4.368386
2279,1374,8.541498
2280,1374,6.473683
2281,1374,13.22735
2282,1374,12.036055
2333,1374,1.580149
2337,1374,1.405317
2342,1374,3.417248
2343,1374,8.491707
2344,1374,7.581217
2346,1374,54.639454
2349,1374,153.553711
2350,1374,6.649396
2351,1374,4.190037
2352,1374,9.39941
2354,1374,6.455089
2360,1374,3.227204
2361,1374,1.612575
2363,1374,11.33492
2366,1374,5.27796
2368,1374,4.69986
2370,1374,2.335409
2371,1374,2.847043
2379,1374,1.846854
2263,1375,1.523416
2265,1375,3.87225
2268,1375,2.28924
2269,1375,2.600416
2270,1375,1.498059
2271,1375,1.501153
2272,1375,1.668524
2283,1375,6.888694
2324,1375,5.458673
2339,1375,1.118199
2343,1375,1.81619
2344,1375,7.423963
2346,1375,18.836355
2349,1375,220.8246
2350,1375,4.799096
2351,1375,2.467961
2352,1375,10.987535
2354,1375,5.5542
2361,1375,2.188265
2366,1375,19.473087
2370,1375,1.572039
2379,1375,2.873318
2269,1376,23.760963
2281,1376,9.569664
2324,1376,4.811092
2344,1376,12.430672
2346,1376,15.636943
2352,1376,27.508354
2353,1376,14.366098
2354,1376,40.550983
2356,1376,7.79338
2357,1376,18.67259
2358,1376,8.316493
2359,1376,6.18516
2361,1376,3.251467
2362,1376,6.439669
2363,1376,3.204807
2364,1376,1.031059
2365,1376,1.325983
2366,1376,8.413926
2367,1376,11.418301
2371,1376,2.690279
2372,1376,1.036111
2387,1376,1.940947
