1400,1486,17.549461
1418,1486,5.52031
1419,1486,123.234512
1410,1487,6.344786
1230,2444,105.080017
1231,2444,91.332764
1335,2444,73.727341
1336,2444,73.727341
1337,2444,138.911148
1338,2444,73.727341
1230,2445,90.549095
1231,2445,142.600357
1237,2445,97.949722
1242,2445,4.918998
1243,2445,154.480072
1230,2446,145.472
1238,2447,43.911793
615,2448,16.917543
617,2448,12.735799
618,2448,94.910095
619,2448,29.13744
620,2448,19.779581
621,2448,10.819729
1239,2448,113.823349
1346,2448,40.038197
1348,2448,222.132568
1350,2448,633.096741
1351,2448,849.671082
1352,2448,887.658203
614,2449,118.424271
615,2449,15.478863
616,2449,11.772919
617,2449,46.906418
618,2449,65.583649
619,2449,286.691772
620,2449,278.227295
621,2449,42.876984
1249,2449,63.07951
1250,2449,60.90807
1251,2449,50.543045
1346,2449,73.727341
1347,2449,427.895935
1348,2449,476.532928
1349,2449,73.727341
1350,2449,154.553497
1351,2449,154.689346
1352,2449,1607.018311
1353,2449,333.753052
1354,2449,372.194885
1355,2449,221.370148
1356,2449,295.66861
1357,2449,255.460754
1358,2449,226.119476
1421,1493,56.71035
618,2450,70.68763
619,2450,250.647858
620,2450,383.802002
621,2450,375.254608
622,2450,98.002914
667,2450,510.8974
668,2450,610.822083
675,2450,252.299316
676,2450,175.851822
1339,2450,166.434784
1346,2450,798.735962
1347,2450,196.146088
622,2451,162.687637
623,2451,29.51667
666,2451,9.132683
667,2451,154.548569
673,2451,118.608398
674,2451,112.351494
675,2451,146.949799
676,2451,7.402801
1339,2451,343.956421
1239,1494,1656.991089
1240,1494,1706.742798
1241,1494,2117.64209
1417,1494,11.04412
623,2452,28.041677
624,2452,81.704323
668,2452,32.767975
669,2452,14.000051
673,2452,543.601501
674,2452,301.967896
1387,1495,958.05835
1383,1497,660.923767
619,2453,103.864143
620,2453,11.311337
667,2453,58.671883
668,2453,67.832726
669,2453,87.183449
670,2453,126.245514
671,2453,100.484673
672,2453,55.200348
673,2453,13.538475
620,2454,263.753174
670,2454,526.437927
671,2454,824.868408
672,2454,826.724243
673,2454,1720.818604
674,2454,194.571442
885,2454,240.212372
886,2454,76.24472
887,2454,103.548401
888,2454,63.920055
889,2454,104.471199
890,2454,95.706451
891,2454,82.912338
892,2454,39.396568
893,2454,40.8895
903,2454,570.644348
923,2454,184.599533
924,2454,145.430588
926,2454,13.938655
1232,2454,58.61319
1340,2136,335.274323
1413,1498,40.767849
671,2455,724.331421
672,2455,233.767563
673,2455,89.710655
674,2455,480.867035
675,2455,52.758869
926,2455,223.275803
927,2455,171.741196
1248,2455,111.267731
1251,2455,86.114166
673,2456,253.252151
675,2456,199.792618
1189,2456,8.681704
1190,2456,50.781921
1333,2456,2198.728027
1395,1499,32.128502
1340,2137,304.158508
1340,2457,27.515799
1341,2457,363.761841
1342,2457,244.259903
1343,2457,114.024406
1339,2138,383.492676
1209,2458,7.667333
1340,2458,213.393387
1342,2458,80.122795
1343,2458,79.060295
1367,1501,7408.102051
1232,1502,281.428467
1367,1502,556.380676
567,2139,2716.366943
1339,2139,60.601158
1231,1503,229.451141
1232,1503,151.332932
1232,2460,70.997429
1232,1504,257.902985
833,2461,783.046082
563,2141,930.592285
564,2141,1398.849365
833,2462,1552.186279
908,2462,607.907715
1030,2462,1410.900879
1031,2462,319.701172
1032,2462,251.52739
1033,2462,211.664322
1034,2462,25.884155
1231,1505,182.065155
1232,1505,243.375244
1233,1505,145.33786
562,2142,743.105347
563,2142,392.667267
564,2142,287.785034
565,2142,307.598328
566,2142,229.79451
562,2143,313.734009
909,2463,302.689209
662,2464,52.293663
826,2464,26.650162
826,2465,19.178179
908,2465,3.848715
909,2465,252.279648
1165,2465,29.496452
637,2466,30.42886
641,2466,1.181665
826,2466,2.945276
908,2466,7.36976
909,2466,173.921143
1165,2466,156.344055
1166,2466,243.303543
1346,2466,9.608168
908,2467,7.478219
909,2467,208.384201
1165,2467,36.834976
1166,2467,71.070366
1332,2467,280.013031
1343,2467,13.247142
908,2468,7.050914
921,2468,64.959587
1195,2468,24.360331
1196,2468,24.4517
1332,2468,283.867737
1340,2468,13.111581
1343,2468,23.918596
1344,2468,18.557756
1235,1512,321.991272
1236,1512,364.245819
1237,1512,324.682556
1239,1512,356.694855
1240,1512,430.667114
620,2469,88.83625
908,2469,5.992999
1193,2469,171.524246
1194,2469,118.342323
1195,2469,97.239265
1196,2469,46.399246
1309,2469,44.574429
1310,2469,283.470184
1311,2469,491.625275
1331,2469,228.826675
1234,1513,362.705963
1380,1513,1025.166016
621,2470,3.259259
711,2470,216.705994
826,2470,476.990875
827,2470,178.419373
828,2470,423.669403
829,2470,205.102341
830,2470,63.664005
831,2470,54.313171
832,2470,40.206139
908,2470,38.993824
1311,2470,891.5
1312,2470,1187.102661
1331,2470,289.429932
1332,2470,283.867737
621,2471,1.296296
725,2471,74.52681
726,2471,74.52681
727,2471,23.523729
728,2471,23.523729
826,2471,141.676361
827,2471,117.606041
828,2471,136.116852
829,2471,161.781128
830,2471,276.379791
831,2471,193.91449
832,2471,117.025093
908,2471,43.622925
1302,2471,1740.880981
1311,2471,1415.053345
1312,2471,1007.565186
1331,2471,273.266083
1332,2471,131.738159
1233,1514,440.230469
1025,1515,2247.77124
1233,1515,500.41568
1405,1515,48.929321
1412,1515,17.724022
659,2472,95.528214
908,2472,45.51984
909,2472,58.019745
1010,2472,452.009796
1013,2472,795.38855
1300,2472,81.64048
1310,2472,129.5
1311,2472,611.087097
654,2473,6.12025
658,2473,52.749779
659,2473,73.682877
908,2473,59.116177
909,2473,50.756645
1310,2473,248.50145
1311,2473,2249.622559
1364,2473,205.580154
1233,1516,580.891113
565,2474,43.928211
566,2474,238.009842
654,2474,2.358974
655,2474,3.942235
658,2474,53.754326
659,2474,400.644348
833,2474,62.487865
908,2474,103.220963
909,2474,96.239609
1210,2474,14.10548
1211,2474,13.044617
1310,2474,1126.61145
1364,2474,150.16655
1365,2474,499.864868
635,2475,5.867093
655,2475,1.666666
656,2475,2.3125
658,2475,125.279373
659,2475,145.610611
825,2475,21.859148
879,2475,201.954147
906,2475,299.734619
907,2475,307.261536
909,2475,84.19162
1364,2475,582.0
1365,2475,1260.050903
630,2476,53.896751
631,2476,344.769165
632,2476,85.13089
633,2476,86.447365
634,2476,105.915245
635,2476,101.537392
636,2476,69.614685
640,2476,113.024513
641,2476,112.163246
642,2476,112.041031
654,2476,2.199568
655,2476,1.512822
656,2476,3.931548
658,2476,128.085068
825,2476,16.914621
1338,2476,26.880859
1339,2476,204.602646
1345,2476,1.943823
1346,2476,10.865309
1365,2476,1370.615967
1366,2476,794.303833
654,2477,1.899628
655,2477,3.960738
656,2477,3.356384
657,2477,1.4
658,2477,104.126389
825,2477,1.233668
1338,2477,226.881882
1339,2477,206.220032
1340,2477,393.713562
1341,2477,299.861694
1342,2477,403.483307
1343,2477,403.483307
1344,2477,34.679001
1345,2477,45.717087
1346,2477,47.405994
1347,2477,13.44043
1348,2477,12.703666
1349,2477,12.703666
1354,2477,10.821407
1355,2477,14.033407
1356,2477,14.033407
1357,2477,10.821407
1358,2477,10.821407
1363,1522,1744.520264
655,2478,2.147977
656,2478,3.259027
657,2478,214.767715
658,2478,529.113281
1345,2478,168.063354
1346,2478,169.658188
1347,2478,100.364059
1348,2478,118.952225
1349,2478,118.952225
1350,2478,118.952225
1351,2478,281.775543
1352,2478,295.215973
1357,2478,13.44043
1358,2478,13.44043
1359,2478,19.283407
617,2479,87.990875
656,2479,8.104082
657,2479,229.12027
754,2479,55.618729
657,2480,329.703094
658,2480,1155.143799
823,2480,205.130432
824,2480,249.096069
825,2480,101.394257
828,2480,49.394833
829,2480,50.482964
830,2480,58.390495
831,2480,59.487583
991,2480,300.744568
1016,2480,637.484741
609,2481,3.792332
622,2481,28.090723
657,2481,337.144897
689,2481,26.379435
690,2481,20.090935
825,2481,2099.74292
826,2481,523.84845
827,2481,675.274963
828,2481,278.812683
829,2481,658.596008
830,2481,583.538879
831,2481,685.278809
832,2481,228.999466
922,2481,126.565659
1010,2481,357.716309
1012,2481,522.713013
1076,2481,221.503571
608,2482,39.277531
656,2482,19.375504
689,2482,26.379435
690,2482,299.147339
825,2482,3022.326416
826,2482,2441.354492
827,2482,2392.114502
828,2482,1805.959717
829,2482,1815.570313
830,2482,2554.291992
831,2482,1419.132446
832,2482,590.694519
1365,2482,28.375
675,2483,50.612778
689,2483,26.379435
690,2483,23.590961
705,2483,1.597761
706,2483,1.116279
688,2484,66.836769
689,2484,375.9263
690,2484,20.090935
704,2484,53.133976
705,2484,50.024174
706,2484,1.967211
689,2485,99.870453
690,2485,234.929962
704,2485,76.097725
705,2485,76.097725
706,2485,1.431131
824,2485,91.81781
1082,2485,190.643631
1151,2485,65.37059
1153,2485,1316.211914
1202,2485,299.766266
1203,2485,304.431061
1208,2485,50.721088
1210,2485,40.668106
680,1531,5316.018555
601,2486,61.151001
602,2486,61.151001
689,2486,152.374802
690,2486,102.693069
824,2486,36.883556
825,2486,57.20993
1204,2486,173.521637
1205,2486,248.862717
1206,2486,261.034454
1214,2486,165.012772
1215,2486,85.273865
558,2167,209.48111
600,2487,109.243729
601,2487,69.339615
602,2487,43.130238
689,2487,117.192581
690,2487,93.921524
824,2487,16.333334
1364,2487,142.939255
596,2488,380.670013
597,2488,283.16095
598,2488,297.09613
599,2488,199.500137
600,2488,132.289597
601,2488,34.90321
602,2488,15.038478
689,2488,141.449951
1236,2488,159.61618
1237,2488,127.311111
1338,2488,25.407331
1339,2488,48.652924
1340,2488,19.119425
1341,2488,27.409647
1342,2488,16.58824
1343,2488,16.58824
1344,2488,10.821407
1345,2488,10.821407
1346,2488,16.58824
1347,2488,27.409647
1348,2488,24.854815
1349,2488,10.821407
1350,2488,10.821407
1351,2488,10.821407
1364,2488,1284.775513
595,2489,248.878647
596,2489,181.071426
597,2489,153.813599
598,2489,111.556793
600,2489,3.121226
689,2489,123.818863
996,2489,139.382874
1013,2489,179.328506
1017,2489,531.37207
1236,2489,15.773088
1237,2489,25.691031
1330,2489,19.238569
1341,2489,26.144096
1342,2489,46.182053
1343,2489,47.655582
1344,2489,52.700554
1345,2489,53.447624
1346,2489,58.648151
1347,2489,59.583984
1348,2489,75.857941
1349,2489,65.936745
1350,2489,51.749245
1351,2489,61.014626
1352,2489,29.161434
1353,2489,16.58824
1354,2489,23.688236
1355,2489,17.921402
1356,2489,25.008907
1357,2489,25.008907
1358,2489,25.008907
1359,2489,17.921402
1360,2489,56.248917
1361,2489,83.889832
1364,2489,413.34436
1377,2489,33.454533
1385,2489,1046.193115
1386,2489,1046.193115
1347,1535,82.557899
1349,1535,437.558655
1353,1535,221.107513
595,2490,31.577618
596,2490,14.483428
597,2490,31.069132
598,2490,24.615774
599,2490,8.526872
600,2490,3.558222
601,2490,3.415147
602,2490,3.28653
603,2490,5.324401
690,2490,105.21701
1011,2490,686.867126
1330,2490,19.238569
1352,2490,19.238569
1354,2490,191.342499
1359,2490,117.603004
1361,2490,589.437866
1364,2490,1975.880737
1365,2490,2720.607666
1376,2490,7.099996
1377,2490,65.752426
1354,1536,353.459961
826,2491,86.098297
1330,2491,13.44043
1376,2491,14.1875
702,2492,2.569798
1039,2492,79.982864
1042,2492,169.794861
1330,2492,13.44043
1368,1850,1506.869995
1155,1851,723.812683
1156,1851,796.469666
1157,1851,780.534851
1158,1851,845.435425
1159,1851,845.435425
1160,1851,926.705139
1161,1851,1186.799072
1162,1851,1300.477173
1163,1851,1430.524048
1164,1851,1430.524048
702,2493,8.839802
703,2493,141.148193
704,2493,50.7952
708,2493,50.612778
709,2493,50.612778
710,2493,27.260235
749,2493,28.530636
898,2493,52.685169
950,2493,19.215225
1330,2493,13.44043
701,2494,4.979812
711,2494,50.612778
748,2494,26.089941
749,2494,28.735798
1155,1852,111.854431
1156,1852,327.847229
1157,1852,353.543427
1158,1852,387.476501
1159,1852,404.334473
1160,1852,459.293732
1161,1852,466.426422
1162,1852,461.886383
1163,1852,567.348145
1164,1852,627.211609
1165,1852,653.576965
1166,1852,679.942444
1167,1852,734.294861
1168,1852,825.388184
1169,1852,236.942734
1155,1853,123.137802
1156,1853,27.750004
1157,1853,167.916656
1158,1853,144.941437
1159,1853,140.541443
1160,1853,152.062241
1161,1853,183.678406
1162,1853,186.819794
1163,1853,202.627884
1164,1853,202.627884
1165,1853,295.737122
1166,1853,339.87384
1167,1853,368.275574
1168,1853,162.904556
1169,1853,47.826572
722,2495,1.275849
749,2495,28.444477
1329,2495,125.877029
1155,1854,111.854431
1156,1854,27.750004
1157,1854,20.986111
1158,1854,46.356537
1159,1854,36.642284
1160,1854,44.369621
1161,1854,44.782673
1162,1854,40.543552
1163,1854,52.433357
1164,1854,58.791313
1165,1854,61.763763
1166,1854,64.736214
1167,1854,51.120811
1168,1854,6.733328
749,2496,25.228041
1233,1542,511.620544
1329,2496,26.144096
1155,1855,111.854431
1156,1855,27.750004
1157,1855,20.986111
1158,1855,5.809091
1159,1855,9.149056
1160,1855,7.043988
1161,1855,9.635695
1162,1855,10.603103
1163,1855,11.898955
1164,1855,11.898955
1165,1855,32.861168
1166,1855,18.457144
1167,1855,1.228572
1232,1543,187.503159
1329,2497,12.703666
1183,2498,181.429688
1329,2498,14.033407
1358,2498,76.355194
587,2178,328.264771
588,2178,34.55899
999,1856,3972.415527
1155,1856,51.631401
1156,1856,9.000002
1157,1856,7.375
1158,1856,2.2
1160,1856,7.745989
1161,1856,7.536542
1162,1856,4.614973
1163,1856,5.101248
1164,1856,5.301604
1165,1856,2.545098
855,1857,2836.448486
1155,1857,51.631401
1156,1857,19.875
1157,1857,7.375
1158,1857,4.5
1160,1857,5.767543
1161,1857,2.552632
1162,1857,2.508772
1163,1857,2.254386
1164,1857,1.041667
1088,2499,52.902214
1340,2499,21.253635
1341,2499,21.176353
1342,2499,23.059465
1343,2499,21.130339
1344,2499,17.29262
1345,2499,7.164626
1357,2499,163.501862
1358,2499,190.387665
1359,2499,181.816284
1360,2499,175.499649
570,2181,83.236443
1000,1858,12694.225586
1155,1858,91.111725
1156,1858,19.875
1157,1858,9.75
1158,1858,4.5
1161,1858,111.549995
1162,1858,1.066667
1163,1858,1.2
839,1859,1474.69812
1155,1859,28.222149
1156,1859,32.000023
1157,1859,11.999997
1158,1859,8.0
1012,1548,6640.281738
1000,1860,288.282135
1155,1860,106.04026
1156,1860,7.375
1157,1860,2.2
1323,2182,766.47467
1060,1861,7900.0
1154,1861,50.661224
1155,1861,43.150684
1156,1861,15.682545
1157,1861,17.999998
1323,2183,811.274902
1071,1862,8714.570313
1100,1862,6115.686523
1154,1862,50.661224
1155,1862,23.928535
1156,1862,15.682545
1157,1862,8.200001
1163,1862,217.832779
1025,1550,586.056519
1098,1863,28.222149
1163,1863,98.666397
1323,2184,686.060364
827,1551,6788.858398
828,1551,6788.858398
860,2185,3496.629395
861,2185,4697.22168
1154,1864,50.661224
1155,1864,37.131264
1156,1864,15.682545
1157,1864,14.499997
1165,1864,1.676471
1155,1865,9.000002
1156,1865,9.11111
1157,1865,2.2
1163,1865,2.5
1165,1865,2.416667
1378,1552,37.919178
1379,1552,36.131554
1380,1552,35.704239
1330,1553,14.646561
1378,1553,24.633389
1379,1553,28.581934
860,2186,528.126343
861,2186,1703.684937
862,2186,6715.397949
863,2186,9835.331055
1323,2186,337.335876
1158,1866,4.5
1159,1866,4.5
1160,1866,4.5
1161,1866,4.5
1162,1866,4.5
1163,1866,3.666667
1164,1866,6.5
1165,1866,1.142857
1166,1866,1.5
861,2187,1239.747559
862,2187,1692.45459
863,2187,2930.62915
864,2187,9415.285156
865,2187,8537.537109
1157,1867,13.171431
1158,1867,13.171431
1159,1867,13.171431
1160,1867,13.171431
1161,1867,13.171423
1162,1867,13.171423
1163,1867,21.238089
1164,1867,11.399998
1165,1867,35.0
1166,1867,1.666667
1167,1867,1.666667
1377,1554,75.096245
1378,1554,301.957092
1379,1554,31.511963
858,2188,3.134618
859,2188,89.601906
1360,1555,1307.694702
1377,1555,48.77816
1378,1555,46.98056
1379,1555,23.329536
1040,1868,9683.836914
1156,1868,8.909115
1157,1868,18.609135
1158,1868,18.609135
1159,1868,18.609135
1160,1868,18.609135
1161,1868,18.609135
1162,1868,18.609135
1163,1868,35.51255
1164,1868,30.033352
1165,1868,13.171431
1166,1868,6.571427
1167,1868,6.571427
1168,1868,6.571427
1080,1869,2030.308472
1156,1869,10.3132
1157,1869,24.624371
1158,1869,24.624371
1159,1869,24.624371
1160,1869,24.624371
1161,1869,25.644503
1162,1869,29.871845
1163,1869,29.871845
1164,1869,33.648582
1165,1869,13.3125
1166,1869,13.3125
1167,1869,13.3125
1168,1869,13.3125
1254,1869,687.989441
1255,1869,619.102295
1256,1869,550.215149
1257,1869,550.215149
1258,1869,531.637573
1259,1869,513.059937
1260,1869,499.904968
1261,1869,499.904968
1262,1869,499.904968
857,2189,18.834705
858,2189,34.619831
1322,2189,143.79895
1377,1556,71.60836
1378,1556,693.513
1379,1556,72.85173
1278,1557,11.596655
1285,1557,13.351638
1376,1557,129.153091
1377,1557,367.773621
1378,1557,252.013367
1155,1870,11.925198
1156,1870,11.925198
1157,1870,28.064045
1158,1870,28.064045
1159,1870,28.064045
1160,1870,28.064045
1161,1870,28.064045
1162,1870,28.064045
1163,1870,33.166641
1164,1870,36.700882
1165,1870,11.333332
1166,1870,11.333332
1167,1870,11.333332
1168,1870,11.333332
1169,1870,11.333332
1170,1870,24.792213
1171,1870,22.752258
1255,1870,255.0
1256,1870,254.072693
1257,1870,254.072693
1258,1870,253.145386
1259,1870,254.074234
1260,1870,254.074234
1261,1870,471.496277
1262,1870,471.496277
1263,1870,471.496277
1264,1870,471.496277
1265,1870,402.609131
1266,1870,402.609131
1267,1870,402.609131
1268,1870,402.609131
1163,1871,31.541916
1164,1871,29.625076
1165,1871,17.686031
1166,1871,17.686031
1167,1871,17.686031
1168,1871,17.686031
1169,1871,17.686031
1256,1871,234.998749
1257,1871,276.157959
1258,1871,348.952576
1259,1871,388.489014
1260,1871,526.492188
1261,1871,153.490265
1262,1871,123.470444
1263,1871,71.691185
1264,1871,210.83522
1265,1871,210.83522
1266,1871,331.157898
1267,1871,71.691185
1278,1558,6.463277
1279,1558,4.049572
1282,1558,10.116951
1283,1558,6.158094
1284,1558,2.52355
1286,1558,5.337685
1290,1559,4.919308
1303,1559,2.457208
1255,1872,159.237915
1256,1872,159.237915
1257,1872,170.392471
1258,1872,147.502502
1259,1872,331.630432
1260,1872,299.12735
1261,1872,123.832611
1262,1872,123.832611
1263,1872,262.002747
1264,1872,123.832611
1265,1872,262.002747
1266,1872,578.003174
1267,1872,262.002747
1268,1872,262.002747
967,2193,80.755486
968,2193,13.407338
1292,1560,4.217865
1300,1560,1.056487
1301,1560,1.265104
1302,1560,1.315287
967,2194,72.161575
968,2194,40.642242
969,2194,18.337473
1297,1561,1.107858
1298,1561,1.183839
1299,1561,1.239111
967,2195,73.371635
968,2195,40.642242
969,2195,42.533337
1321,1562,24.641874
1409,1562,8.967159
1410,1562,8.895591
967,2196,73.371635
968,2196,45.255886
969,2196,31.506832
1321,1563,12.687943
683,2197,13154.517578
967,2197,78.703384
968,2197,41.960201
969,2197,35.956524
970,2197,43.0
1359,1565,46.637196
683,2198,22274.398438
968,2198,88.089638
969,2198,52.067722
970,2198,45.099884
968,2199,75.40818
969,2199,90.460205
970,2199,45.099884
1408,1568,39.817024
1409,1568,39.817024
968,2200,73.30439
969,2200,47.685112
968,2201,48.543457
969,2201,18.589355
968,2202,38.165314
969,2202,17.599993
968,2203,42.474098
969,2203,19.599993
968,2204,26.392941
969,2204,73.828827
970,2204,65.352715
971,2204,18.258049
1171,1571,2068.897705
1172,1571,2068.324951
1414,1571,323.980804
1171,1572,2076.598389
1414,1572,53.957603
967,2205,43.130486
968,2205,46.471378
969,2205,45.299236
970,2205,69.917068
1414,1574,39.665802
629,2206,11390.772461
967,2206,75.72451
968,2206,68.407364
969,2206,31.254513
1335,2206,21331.800781
1411,1575,39.02166
1155,1888,1750.629639
1156,1888,1348.516357
1157,1888,73.155884
629,2207,1580.0
1154,1889,989.408813
932,2210,18680.960938
1215,1893,1207.388184
957,2212,32.277695
958,2212,49.552097
959,2212,87.853081
958,2213,78.553024
959,2213,79.188934
554,1894,43.237324
1213,1894,265.339264
1214,1894,378.478699
1215,1894,487.269897
1216,1894,120.183975
1217,1894,120.183975
1229,1894,12733.102539
1280,1582,14.092303
1281,1582,23.88039
1282,1582,25.506477
1283,1582,25.345364
1284,1582,25.048725
1285,1582,25.164886
1286,1582,25.070686
1287,1582,23.265347
1288,1582,23.104271
1289,1582,34.913074
1290,1582,30.142433
1293,1582,37.601665
1294,1582,36.294853
1295,1582,37.210701
1296,1582,31.234074
1297,1582,28.692915
1298,1582,28.387873
1299,1582,21.821957
555,1895,51.989277
556,1895,63.773357
557,1895,48.361595
558,1895,37.0
559,1895,22.0
560,1895,168.0
1221,1895,272.624664
1222,1895,132.402328
1223,1895,132.402328
1224,1895,125.046303
1284,1583,2.533046
1285,1583,5.651786
1286,1583,8.238275
1287,1583,7.891903
1288,1583,11.824703
1289,1583,10.421524
1290,1583,17.710741
1291,1583,19.611664
1292,1583,22.535694
1293,1583,19.309647
1294,1583,18.494581
1295,1583,17.192835
1296,1583,5.247568
1297,1583,2.087481
1298,1583,1.313261
558,1896,165.0
559,1896,50.638405
560,1896,51.0
1227,1896,120.183975
1297,1584,1.264995
1298,1584,1.126353
560,1897,38.999996
1271,1585,51.705353
560,1898,364.5
1041,1586,5390.296387
561,1899,2767.029053
1080,1587,775.50531
1356,2220,433.478973
1345,1901,66.265305
1019,1593,18394.392578
857,1906,59.309402
1356,2226,40.749573
1408,1599,567.463623
1407,1600,126.797874
1408,1600,2.608941
1406,1605,73.509552
1356,2236,111.268448
1357,2236,125.802872
1291,2242,501.452393
849,1929,2327.503418
850,1929,3456.79248
858,1930,3354.53125
861,1930,2846.709473
556,1621,2034.864136
558,1931,68.0
559,1622,2849.692139
556,1932,13.074996
557,1932,30.233339
559,1932,392.75
556,1933,8.970592
557,1933,14.399994
559,1933,158.333389
560,1933,458.608948
560,1934,137.000259
561,1934,249.99852
562,1934,305.166656
563,1934,357.75
564,1934,395.605743
565,1934,395.605743
1045,1626,395.069153
1046,1626,489.6203
1093,1626,970.216675
559,1935,310.557434
560,1935,5.692575
561,1935,3.875
562,1935,4.25
563,1935,140.583588
564,1935,253.915192
565,1935,254.665192
566,1935,358.75
567,1935,357.75
565,1936,3.5
566,1936,1176.400024
567,1936,3.875
566,1937,13.626385
567,1937,14.092301
568,1937,308.0
1239,2258,5315.924316
565,2259,510.496002
571,2259,408.035889
1088,1630,3824.616699
1137,1630,82.127235
1138,1630,79.531906
1139,1630,118.204903
1140,1630,119.68927
1141,1630,1382.790283
597,2261,1231.0
598,2261,1231.0
1028,1631,247.246185
1132,1631,411.598328
1133,1631,157.707687
1134,1631,8.900739
1135,1631,5.229873
1136,1631,7.668839
1137,1631,337.344666
1138,1631,337.574036
1139,1631,76.910606
1140,1631,366.931335
1132,1632,1190.400146
1133,1632,2395.799805
1134,1632,261.623352
1028,1633,993.158875
1132,1633,348.933899
1133,1633,2448.168213
1132,1634,152.900177
1133,1634,67.5
1131,1635,204.200333
585,1636,4114.101563
1030,1636,283.086578
1031,1636,53.519798
1032,1636,1300.154419
1033,1636,1420.574097
1030,1637,1272.697266
1336,1638,1349.626465
1239,1951,59.168289
1240,1951,78.909058
1239,1952,34.449783
1356,2271,43295.0
1049,1642,4810.739746
1239,1953,15.239219
1239,1954,51.238041
1319,1955,971.0
1127,2274,67.996048
1128,2274,75.266418
1129,2274,75.038643
1130,2274,68.586693
1131,2274,68.356735
1322,1956,18.069523
675,1957,19781.378906
1128,2275,66.476509
1130,2275,70.043983
864,1960,5772.691406
1332,1651,2321.511963
844,1962,47795.011719
971,1654,503.78006
1332,1654,2704.078857
970,1655,991.876099
971,1655,652.685669
972,1655,509.383331
973,1655,180.550537
743,2285,11.418172
970,1656,1623.028687
971,1656,1872.270142
972,1656,1154.22644
1260,1968,6.380952
1261,1968,2.583333
758,2287,17.999968
759,2287,17.999968
760,2287,27.142847
761,2287,27.428638
762,2287,27.428638
1096,1658,23715.160156
1260,1969,18.935545
1261,1969,39.567661
749,2288,814.728455
750,2288,1366.88855
751,2288,697.533752
752,2288,997.371338
759,2288,84.883148
760,2288,106.541969
761,2288,64.62912
762,2288,16.352966
763,2288,8.625
1260,1970,28.484789
1261,1970,25.313446
758,2289,391.466675
760,2289,311.395813
764,2289,12.028551
1116,2289,30.45335
1197,2289,92.945663
1260,1971,25.085592
765,2290,16.026653
1194,2290,8349.379883
1195,2290,15046.787109
1197,2290,109.604652
679,1973,310.535034
869,2292,32200.953125
935,1665,18241.916016
1216,1974,233.535675
1217,1974,233.535675
1351,2295,940.690674
1213,1975,105.739479
1216,1975,91.895393
1217,1975,91.895393
1223,1975,6.350863
1210,1976,327.426971
1211,1976,178.672394
1212,1976,72.932907
1214,1976,25.232094
1216,1976,79.499161
1217,1976,79.499161
1222,1976,4.733335
1223,1976,15.880979
568,1977,9538.0
1208,1977,308.677185
1209,1977,178.672394
1210,1977,143.307907
1211,1977,120.375092
1212,1977,77.59996
1214,1977,18.069523
1215,1977,22.752258
1216,1977,43.335594
1217,1977,43.335594
1218,1977,22.752258
1219,1977,22.752258
1220,1977,22.752258
1221,1977,16.977686
1222,1977,18.95326
1223,1977,169.489868
567,1978,835.413025
1206,1978,571.067322
1207,1978,383.022644
1208,1978,213.647736
1209,1978,147.97496
1210,1978,127.84996
1211,1978,86.75
1213,1978,34.143421
1214,1978,34.532383
1215,1978,24.792213
1216,1978,24.792213
1217,1978,342.042206
1218,1978,24.792213
1219,1978,24.792213
1220,1978,24.792213
1221,1978,76.297218
1222,1978,128.564819
1223,1978,167.444534
1206,1979,308.677185
1207,1979,220.907867
1208,1979,100.250092
1209,1979,50.25
1210,1979,36.5
1211,1979,20.583336
1221,1979,205.647705
1222,1979,197.468185
1223,1979,556.596252
1206,1980,326.459015
1207,1980,91.71476
1208,1980,50.000088
1209,1980,45.0
1211,1980,1.444445
1218,1980,1.666667
1219,1980,6.083335
1220,1980,2.666668
1221,1980,165.283524
1222,1980,559.94751
1206,1981,105.739479
1211,1981,3.839998
1212,1981,4.839997
1217,1981,2.666668
1218,1981,5.958329
1219,1981,5.958329
1220,1981,10.450022
1221,1981,6.761898
1222,1981,85.148842
1362,2302,150.25
1363,2302,75.125
1364,2302,84.219849
1365,2302,75.280602
1366,2302,53.499527
1363,2303,7974.056641
1364,2303,3158.521729
1415,2303,10183.760742
1211,1982,4.948713
1212,1982,20.266178
1217,1982,6.761898
1218,1982,12.222196
1219,1982,19.999987
1220,1982,20.855099
1221,1982,16.057081
1212,1983,51.33168
1217,1983,13.227316
1417,2304,326.0
1325,1984,10014.438477
1337,1984,6438.413086
1371,2306,30.720324
1372,2306,61.440647
1373,2306,84.219849
1380,2307,15.250414
1380,2308,41.033215
1106,1681,724.975281
1092,1682,834.000305
1093,1682,1022.571411
1094,1682,49.237926
1095,1682,98.475853
1100,1682,1732.075195
1106,1682,528.945313
1100,2309,1656.246582
1187,2309,304.943054
1380,2310,447.369324
1379,2311,382.436646
1377,2312,342.04776
1378,2312,122.888489
1379,2312,6026.120117
1380,2312,2191.125488
1366,2313,2973.758545
1367,2313,2409.938477
1376,2313,68.20919
1377,2313,1299.727783
1378,2313,1338.517578
1379,2313,1338.517578
1380,2313,1782.028809
1386,2313,1760.280884
1204,2315,144.798935
1247,2315,1513.265625
1255,2315,721.0
1315,1367,1261.53833
1409,1369,262.296387
654,2321,4100.165527
1285,2321,1707.19458
892,2001,13489.65625
1283,2322,1683.77124
1284,2322,1683.77124
1285,2322,1684.697754
655,2323,1989.945801
745,2323,465.916229
748,2323,47.763229
749,2323,34.499886
750,2323,18.499954
1384,2323,142.939255
656,2324,2314.503906
741,2324,160.369385
742,2324,294.328857
745,2324,999.700806
747,2324,858.52417
749,2324,27.876781
753,2324,22.0805
1384,2324,181.269913
748,2325,646.351807
1311,2005,12311.87793
749,2325,275.048767
750,2325,50.429646
751,2325,17.779306
752,2325,13.885622
753,2325,11.835871
754,2325,54.605621
755,2325,6.612897
662,2326,5503.69873
749,2326,125.105042
750,2326,43.123497
751,2326,73.375412
752,2326,124.235519
1198,2326,1914.998535
1199,2326,638.998474
1323,2326,6613.276855
751,2327,288.178497
752,2327,737.811584
753,2327,689.157654
1199,2327,218.132416
1200,2327,2.03958
748,2328,160.909637
749,2328,126.716118
750,2328,519.013245
753,2328,394.911682
1200,2328,39.393894
1201,2328,277.168671
1202,2328,321.511505
1368,2328,184.320938
1427,1705,696.950806
748,2329,174.503723
749,2329,150.865662
759,2329,1145.402588
1200,2329,173.880798
1201,2329,1424.551636
1203,2329,361.251862
1368,2329,709.11145
1315,1383,1490.162476
748,2330,175.739441
1188,2330,7476.757324
1200,2330,150.703369
1368,2330,599.401978
1368,2331,122.75
1369,2331,743.404297
1370,2331,942.682495
866,2010,14.503789
866,2011,85.170204
1321,2332,5.769228
1369,2332,3306.5
1370,2332,1947.161011
865,2012,21939.0
1278,2333,253.344818
1279,2333,246.412628
1280,2333,302.199066
1369,2333,604.185303
1370,2333,9875.611328
1371,2333,9726.910156
864,2013,21939.0
1369,2334,1707.101685
1275,2335,146.586639
1277,2335,336.517151
699,2014,15980.875
1323,1389,4837.79248
1274,2336,1045.094116
654,2337,174.078659
1274,2337,1310.00415
566,2017,6536.64209
567,2017,6537.780273
1338,1392,4840.562012
1269,2018,22.752258
1338,1393,4838.427734
1245,2019,36.409264
1246,2019,24.786879
1269,2019,330.491394
660,2340,1485.060181
661,2340,1740.469971
1245,2020,10.580545
1246,2020,18.238008
1368,2341,5681.582031
1342,1399,4838.412598
1378,1405,525.098938
1378,1406,556.068359
1369,2350,178.941864
1370,2350,585.941895
1378,1407,532.735901
1215,2030,1336.5448
1368,2351,66.899017
1369,2351,1618.080811
574,2353,896.278015
575,2353,933.751709
576,2353,57.0
1347,2353,397.544098
1348,2353,399.100891
1410,1412,152.989807
585,2354,32.999893
1350,2354,109.42942
1351,2354,116.513237
585,2355,32.999893
1373,1413,1445.583008
1373,1414,1420.043823
585,2356,27.470427
586,2356,65.666
676,2356,59.268944
677,2356,83.526985
709,2356,4.000003
677,2357,24.587721
756,2357,812.229065
1378,1737,4544.598145
586,2358,361.73349
756,2358,268.481903
1314,2359,8.269228
1315,2359,122.660355
1318,2359,261.74823
1319,2359,401.580292
1314,2360,27.623035
1315,2360,2.0
1316,2360,15.35555
1317,2360,17.392334
1318,2360,92.107025
1390,1421,704.064575
656,2361,3.333333
1313,2361,5.769228
1318,2361,67.499901
655,2362,60.400158
656,2362,7.000001
1317,2362,224.5
1318,2362,67.499901
1389,1423,41.814941
1422,1423,153.935303
1423,1424,174.663376
655,2363,2.538463
656,2363,33.066666
657,2363,65.40004
658,2363,15.89999
1317,2363,188.469452
1318,2363,336.958374
1345,2363,79.92382
1346,2363,16.532976
655,2364,3.269522
656,2364,128.576004
657,2364,300.405487
658,2364,165.963104
659,2364,2.871796
660,2364,61.400158
1317,2364,259.547272
1318,2364,742.101685
656,2365,325.038177
657,2365,254.68631
658,2365,350.247314
659,2365,203.242538
660,2365,23.60227
661,2365,61.400158
1318,2365,106.602547
1319,2365,97.694153
1361,1428,4.794731
659,2366,375.632935
660,2366,101.136322
661,2366,2.871796
1319,2366,118.554611
1361,1429,31.199291
660,2367,134.372437
661,2367,7.749997
1253,2367,504.5
1254,2367,506.462036
660,2368,42.057747
661,2368,56.555374
1365,1432,29.977951
1350,2370,4.898986
1365,1433,30.938225
1398,1433,7.527304
1398,1434,7.485599
662,2371,18.666668
1258,2371,1464.579224
1349,2371,100.268478
660,2372,57.300896
661,2372,141.069336
662,2372,124.931847
663,2372,103.715508
664,2372,35.146553
667,2372,3.181816
669,2372,10.667953
1257,2372,4594.188477
1314,2373,88.166748
1315,2373,57.166748
1316,2373,44.749924
1317,2373,2.055556
581,2374,29.807816
582,2374,13.044768
584,2375,12.396485
1402,1757,3596.912354
1381,1439,134.777802
1382,1439,117.498383
736,1758,3380.49585
777,2378,838.518311
1393,1441,4.146556
668,2379,73.327766
1074,2379,480.182068
1075,2379,161.871613
1076,2379,384.961639
1077,2379,318.19165
1078,2379,2217.312988
660,2380,54.638351
667,2380,128.04657
668,2380,73.165009
1074,2380,164.871552
1075,2380,617.674133
1076,2380,945.892578
660,2381,54.638351
666,2381,15.999995
667,2381,70.449097
668,2381,104.562302
1074,2381,342.998413
1075,2381,780.539795
660,2382,116.599228
665,2382,171.36087
666,2382,188.576309
667,2382,159.868866
668,2382,249.526489
1154,2382,731.231873
913,1765,8281.292969
664,2383,2666.0
665,2383,88.553177
666,2383,98.563446
667,2383,72.211472
662,2384,7.666668
663,2384,7.666668
664,2384,55.428261
665,2384,152.372406
666,2384,120.207878
667,2384,73.751709
579,2064,4015.357422
1338,2064,38.00267
1403,1447,9.615511
1406,1447,33.242424
662,2385,17.531525
663,2385,29.333626
664,2385,37.943409
665,2385,112.970139
666,2385,123.195808
1165,2385,131.086899
661,2386,38.13308
662,2386,42.601578
663,2386,52.634411
664,2386,22.080753
665,2386,38.45261
666,2386,103.447311
667,2386,100.005066
1338,2065,70.73661
1338,2066,61.37114
661,2387,75.996002
662,2387,25.701153
663,2387,24.7216
664,2387,26.067774
665,2387,41.358601
666,2387,71.833679
667,2387,107.730774
777,2388,459.559448
1001,2388,358.628143
1339,2067,51.476265
1251,2390,31.5173
1252,2390,49.857574
1253,2390,49.759365
685,2391,5418.177246
565,2392,143.435654
1396,1772,10660.0
1389,1455,22.173939
1420,1455,62.111866
1311,2392,99.891663
1312,2392,2.307465
1315,2392,1.502259
1316,2392,16.098118
1317,2392,1277.531128
1337,2392,328.21283
1168,2393,309.29715
1310,2393,14.069649
1311,2393,38.808952
1312,2393,85.834785
1313,2393,64.957535
1314,2393,56.164795
1315,2393,261.40741
1316,2393,158.220413
1405,1457,45.699886
1398,1458,22.052956
1399,1458,38.154243
562,2395,47.337833
563,2395,107.099808
719,2395,34.780056
561,2396,69.75
562,2396,168.331726
563,2396,766.998901
564,2396,241.976563
562,2397,254.102966
563,2397,181.440598
1316,2397,19.6647
1317,2397,19.693827
1318,2397,895.758911
638,2076,30.354107
917,2076,197.613953
918,2076,183.08165
919,2076,178.082367
920,2076,182.805771
921,2076,179.573669
922,2076,189.092926
1190,2398,4.87819
1313,2398,23.968203
902,2399,4024.313477
1312,2399,18.974838
638,2077,44.64679
918,2077,166.75943
919,2077,161.892731
931,2077,262.828278
1401,1462,6.253499
1405,1462,7.533659
1406,1462,46.363682
1413,1462,73.339134
1314,2401,23.9006
1315,2401,33.973728
1316,2401,48.720829
1317,2401,327.308136
996,2080,8777.542969
1295,1782,3685.360352
1296,1782,7902.122559
1298,1783,9522.972656
1256,2402,1260.608154
1311,2402,525.807556
1312,2402,313.374939
1313,2402,415.926788
1101,2403,1463.153076
1188,2403,43.23872
1254,2403,1928.824951
1255,2403,98.784096
1256,2403,1441.252441
1257,2403,559.065674
1258,1465,7231.84668
1404,1465,206.176758
596,2081,1388.708618
907,2082,2432.612549
1101,2404,728.341553
1253,2404,1017.479736
1255,2404,2.234951
1189,2405,281.063293
1190,2405,187.532303
1258,1466,7169.891113
1403,1466,50.883354
1406,1466,6.595095
1410,1466,4.629704
1350,1467,2843.109375
905,2083,3717.612549
908,2083,1515.045654
993,2083,1298.326294
994,2083,1036.311768
995,2083,1456.712036
996,2083,1796.957886
573,2406,3690.648926
574,2406,282.699799
575,2406,272.221619
1190,2406,263.27066
1191,2406,259.257111
1192,2406,195.897415
1193,2406,3.854549
576,2407,663.460388
711,2407,10.070216
1190,2407,1548.46228
1191,2407,829.746704
1192,2407,18.58869
1342,1468,363.2099
993,2084,2874.224609
994,2084,1550.16687
995,2084,949.410461
996,2084,3237.640381
994,2085,2398.60498
995,2085,2367.000732
996,2085,993.594604
1191,2408,965.531433
1191,2409,176.452789
1192,2409,392.240723
1207,2409,64.170738
1209,2409,72.170769
1254,2409,1403.474609
1399,1471,114.251785
1401,1471,414.206818
1402,1471,296.170746
1323,2087,15.250414
1287,2411,54.68713
1322,2088,24.792213
1323,2088,22.752258
1321,2089,8.573492
1322,2089,59.324596
1323,2089,18.069523
1244,2412,509.685211
1245,2412,487.401306
1342,2412,146.02269
1313,1473,2632.495117
1313,1474,2333.981445
1321,2090,8.573492
1322,2090,68.675804
1321,2091,1.642125
1322,2091,76.247238
639,2415,779.339111
967,2415,175.357788
1353,2415,114.490082
1313,1475,2054.088867
854,2092,5.999999
855,2092,5.999999
1322,2092,56.329571
1330,2092,25.232094
861,2093,717.465881
862,2093,3336.388916
1322,2093,47.945633
1163,2417,72.882568
1295,2417,442.860382
1297,2417,306.02417
1298,2417,415.339661
1223,1477,7617.801758
1404,1477,43.347584
1411,1478,56.732922
615,2094,325.190369
861,2094,2237.221191
862,2094,2488.592041
862,2095,1078.651245
1172,1797,15566.503906
1163,2418,1279.455933
1296,2418,254.870972
1297,2418,473.278595
1328,1480,47.721565
1329,1480,10.221563
1397,1480,21.419771
1400,1480,52.9291
1401,1480,30.159658
1410,1480,6.993492
1411,1480,129.96669
1394,1798,11097.34082
928,1799,378.812134
929,1799,233.624252
1397,1481,20.769499
1398,1481,49.873634
1399,1481,48.638348
1400,1481,12.181118
1401,1481,84.429588
1402,1481,51.652447
1410,1481,11.13515
1411,1481,135.456451
1393,1482,106.130798
1395,1482,11.518434
1396,1482,25.132769
1397,1482,70.477722
1398,1482,25.441364
1403,1482,58.685081
1411,1482,29.80319
1412,1482,34.678318
860,2098,91.329193
862,2098,203.055054
927,1800,433.736908
928,1800,1016.772095
1393,1483,18.554947
1394,1483,19.245607
1395,1483,17.049513
1396,1483,24.952356
1397,1483,19.465158
1404,1483,9.553147
1405,1483,3.35501
1410,1483,10.288962
1408,1484,27.186613
1409,1484,47.268475
1418,1484,51.840611
1419,1484,97.858864
572,2101,2910.099609
927,1801,390.558044
928,1801,544.040771
927,1802,406.958649
1358,2424,736.930176
1261,1803,4369.114258
1221,2426,143.323105
750,2427,7.555559
1190,2427,334.312683
629,2105,26.6875
1188,2428,83.888489
629,2106,59.909653
752,2430,37.518974
752,2431,890.874084
753,2431,46.616859
751,2432,583.543335
752,2432,798.63562
753,2432,711.054932
754,2432,286.344971
637,2433,82.80349
638,2433,69.231194
639,2433,74.394714
665,2433,821.83374
666,2433,528.663147
677,2433,455.872314
678,2433,295.039124
679,2433,243.876587
1256,2433,14.902811
631,2434,814.379272
632,2434,583.819092
633,2434,344.334351
634,2434,512.500122
635,2434,603.857056
636,2434,46.172642
637,2434,299.092133
638,2434,53.924603
639,2434,80.567589
640,2434,77.366638
655,2434,127.966965
656,2434,116.813721
657,2434,113.819916
658,2434,173.508392
659,2434,207.899734
660,2434,301.114899
661,2434,286.678711
662,2434,412.064117
663,2434,276.820038
664,2434,438.916199
665,2434,435.099121
666,2434,448.660828
667,2434,1072.27832
668,2434,386.193695
669,2434,1155.304199
670,2434,630.620056
671,2434,873.354492
672,2434,971.68042
673,2434,397.893646
674,2434,423.958435
675,2434,491.985779
676,2434,626.449707
677,2434,466.562561
678,2434,440.464264
679,2434,349.061157
680,2434,220.109894
682,2434,59.793358
683,2434,160.079987
1196,2434,43.83886
1339,2112,41.033215
1340,2112,83.157715
657,2435,86.700989
658,2435,85.59182
664,2435,399.875671
668,2435,324.139709
673,2435,369.540161
1094,2435,104.285858
1095,2435,204.547195
1195,2435,23.56101
1094,2436,373.641296
867,2438,582.855713
868,2438,218.997864
1105,2438,2172.775879
867,2439,181.0
868,2439,49.416496
933,2439,5.719175
940,2439,221.983032
1127,2439,2177.027832
1150,2439,266.021576
1218,2439,1.151512
1254,2440,41.556961
1241,2441,30.59749
753,2117,17.0
1196,2442,66.508049
1401,1485,33.628071
1402,1485,24.549082
1418,1485,52.31361
1419,1485,145.597427
1420,1485,224.574219
1421,1485,103.499214
1422,1485,99.703247
