1762,1237,17.595783
1764,1237,2.709246
1741,1238,4.552763
1742,1238,61.062702
1743,1238,70.848434
1741,1239,1.060079
1742,1239,25.188789
1743,1239,1.295454
1741,1240,1.060079
1742,1240,25.188789
1763,1240,5.802733
1764,1240,1.295454
1742,1241,26.419205
1743,1241,46.5476
1741,1242,1.060079
1742,1242,9.290359
1743,1242,3.828483
1741,1243,2.661726
1742,1243,2.143556
1763,1243,1.295454
1761,1247,1.431374
1762,1247,1.431374
1757,1248,1.295454
1757,1249,1.295454
1761,1249,1.295454
1762,1249,1.295454
1758,1250,1.295454
1759,1250,25.724598
1762,1250,1.431374
1747,1251,7.821204
1757,1251,1.113636
1759,1251,1.113636
1761,1251,4.923077
1762,1251,5.243716
1764,1251,1.431374
1747,1252,1.851784
1761,1252,1.434275
1763,1252,1.295454
1764,1252,1.295454
1747,1253,1.851362
1755,1253,1.116875
1760,1253,1.295454
1755,1254,82.368301
1757,1254,1.113636
1755,1255,3.636723
1757,1255,1.113636
1763,1255,1.295454
1755,1256,1.106148
1756,1256,2.829997
1757,1256,1.113636
1760,1256,1.295454
1762,1256,1.295454
1755,1257,1.427955
1762,1258,1.431374
1763,1258,1.295454
1762,1259,1.295454
1763,1259,1.295454
1974,1259,17.394407
1756,1260,1.50367
1770,1260,3.214807
1768,1261,4.92789
1770,1261,4.191482
1771,1262,5.626468
1772,1262,5.626468
1819,1263,18.575047
1825,1263,5.798826
1971,1263,21.558678
1974,1263,23.090029
1975,1263,27.70311
1976,1263,37.714241
1977,1263,3.043008
1754,1264,3.413754
1819,1264,5.697698
1823,1264,7.562845
1824,1264,5.83004
1976,1264,16.819193
2010,1264,119.778252
1754,1265,8.308321
1763,1265,1.295454
1767,1265,3.514098
1768,1265,2.295149
1769,1265,2.602456
1770,1265,4.094735
1771,1265,16.521723
1819,1265,6.182781
1822,1265,7.81236
1824,1265,7.156567
1825,1265,4.589489
1826,1265,5.22529
1755,1266,1.168736
1758,1266,5.120934
1761,1266,1.295454
1763,1266,1.295454
1771,1266,15.081036
1772,1266,4.461634
1819,1266,5.590475
1821,1266,3.286957
1822,1266,7.795455
1823,1266,7.154705
1973,1266,4.111313
1974,1266,3.614635
1982,1266,3.393707
1985,1266,5.566874
1761,1267,1.295454
1770,1267,2.883281
1817,1267,7.634995
1818,1267,5.590475
1819,1267,8.43101
1820,1267,7.478439
1821,1267,10.684907
1822,1267,12.121212
1823,1267,12.987125
1830,1267,2978.802734
1971,1267,34.841339
1972,1267,38.281658
1760,1268,1.113636
1761,1268,2.165818
1763,1268,1.295454
1767,1268,10.228413
1821,1268,5.96925
1824,1268,4.116062
1825,1268,3.707893
1831,1268,21.692017
1832,1268,93.968399
1755,1269,10.385062
1759,1269,2.128295
1760,1269,89.710434
1780,1269,3.821989
1781,1269,77.571762
1782,1269,83.427986
1797,1269,13.161222
1798,1269,12.149696
1817,1269,10.033882
1818,1269,8.43101
1819,1269,5.461674
1820,1269,5.96925
1822,1269,3.756493
1823,1269,1.113636
1824,1269,5.485577
1825,1269,7.733014
1830,1269,51.324547
1831,1269,58.850124
1832,1269,25.285149
1833,1269,86.161507
1834,1269,82.28241
1759,1270,1.679149
1760,1270,7.020269
1761,1270,19.725874
1770,1270,1.295454
1780,1270,63.097191
1818,1270,7.13572
1819,1270,26.981699
1820,1270,9.136364
1822,1270,3.756493
1830,1270,76.419724
1831,1270,45.946259
1834,1270,67.975006
1835,1270,41.702827
1836,1270,37.756508
1759,1271,8.718481
1761,1271,2.883281
1769,1271,7.909806
1776,1271,15.304681
1777,1271,7.956302
1778,1271,8.72015
1779,1271,5.308995
1780,1271,9.044641
1806,1271,24.312449
1807,1271,25.650154
1808,1271,10.553432
1811,1271,41.873405
1818,1271,13.69964
1819,1271,19.30146
1820,1271,9.234765
1821,1271,21.396523
1822,1271,10.729429
1762,1272,8.930567
1763,1272,11.294901
1769,1272,2.332373
1770,1272,1.295454
1771,1272,1.295454
1776,1272,8.340925
1795,1272,3.676019
1796,1272,19.902042
1799,1272,20.65811
1804,1272,10.034117
1805,1272,9.875525
1806,1272,11.810205
1807,1272,11.806317
1808,1272,30.743797
1809,1272,85.942162
1810,1272,36.392406
1813,1272,32.271587
1814,1272,15.578306
1817,1272,59.235489
1818,1272,158.902649
1819,1272,108.809006
1820,1272,12.270833
1821,1272,16.704546
1822,1272,50.344307
1823,1272,18.556669
1824,1272,2.497153
1755,1273,4.966365
1756,1273,5.146088
1757,1273,5.146088
1759,1273,4.112819
1762,1273,3.11593
1781,1273,4.191482
1809,1273,110.581261
1810,1273,95.598969
1811,1273,38.032673
1814,1273,60.579353
1818,1273,17.86356
1819,1273,2.328956
1820,1273,9.075557
1821,1273,7.39101
1822,1273,27.346569
1824,1273,18.556669
1825,1273,11.289701
1829,1273,7.491284
1747,1274,1.284592
1748,1274,9.537056
1749,1274,3.818178
1780,1274,9.219977
1781,1274,44.906029
1795,1274,10.125516
1796,1274,6.076123
1797,1274,27.624207
1798,1274,18.616364
1809,1274,17.077682
1819,1274,8.913162
1820,1274,2.78483
1824,1274,19.874836
1825,1274,63.221897
1830,1274,13.322109
1831,1274,5.59995
1748,1275,5.101732
1795,1275,8.804531
1796,1275,8.426044
1797,1275,5.736941
1809,1275,6.810484
1819,1275,9.042562
1820,1275,2.388886
1824,1275,16.338074
1825,1275,36.784
1853,1275,106.928093
1747,1276,1.078195
1748,1276,3.840256
1757,1276,3.34232
1760,1276,3.331593
1761,1276,6.654128
1809,1276,47.669807
1820,1276,252.471985
1821,1276,8.913162
1822,1276,54.256805
1855,1276,26.910103
1856,1276,134.781754
1747,1277,5.35555
1752,1277,3.818178
1753,1277,3.331593
1754,1277,3.830359
1756,1277,3.818178
1758,1277,3.830359
1809,1277,79.716583
1810,1277,94.169945
1818,1277,15.7202
1822,1277,8.913162
1829,1277,25.94573
1830,1277,4.800189
1858,1277,19.024914
1859,1277,4.410105
1752,1278,3.331593
1822,1278,3.30131
1830,1278,25.94573
1831,1278,8.311374
1832,1278,8.552892
1848,1278,11.504291
1861,1278,4.936865
1862,1278,29.323675
1751,1279,3.343773
1752,1279,4.049197
1756,1279,3.818178
1836,1279,1.118747
1856,1279,2.900825
1857,1279,5.968311
1858,1279,8.507226
1861,1279,12.402332
1747,1280,4.463496
1756,1280,3.557108
1830,1280,6.358395
1858,1280,11.513827
1860,1280,9.878717
1861,1280,41.44833
1865,1280,6.559492
1752,1281,3.828906
1830,1281,45.82309
1831,1281,29.123278
1832,1281,56.889954
1833,1281,6.059272
1836,1281,1.235271
1855,1281,7.259157
1865,1281,5.393231
1866,1281,54.293617
1748,1282,2.511019
1752,1282,3.34232
1754,1282,3.331593
1759,1282,3.830359
1761,1282,3.519307
1832,1282,29.123278
1833,1282,30.529499
1834,1282,6.539628
1866,1282,25.015419
1867,1282,34.194313
1868,1282,35.744808
1889,1282,22.478191
1748,1283,2.511019
1751,1283,3.34232
1754,1283,3.840256
1834,1283,30.103582
1838,1283,6.113085
1839,1283,2.28485
1885,1283,5.313455
1889,1283,49.890797
1891,1283,2.137676
1894,1283,1.322116
1748,1284,2.511019
1751,1284,3.830359
1752,1284,3.818178
1754,1284,3.834753
1836,1284,1.65634
1837,1284,6.059272
1838,1284,7.979171
1839,1284,13.259625
1887,1284,3.175521
1888,1284,5.313455
1748,1285,3.675854
1752,1285,3.987409
1753,1285,3.849307
1833,1285,28.797852
1834,1285,31.724819
1835,1285,28.642515
1837,1285,47.698105
1838,1285,20.453632
1841,1285,8.499905
1842,1285,1.48718
1852,1285,6.213952
1748,1286,4.448467
1750,1286,3.830359
1751,1286,3.65603
1841,1286,8.839527
1842,1286,1.600002
1889,1286,19.933226
1927,1286,3.916175
1748,1287,3.679926
1755,1287,3.331593
1836,1287,7.137021
1838,1287,8.5442
1839,1287,8.204577
1851,1287,2.254027
1856,1287,8.309765
1889,1287,49.763302
1928,1287,12.280115
1932,1287,3.820539
1933,1287,2.646066
1935,1287,2.578435
1936,1287,85.651215
1960,1287,7.299094
1963,1287,31.046738
1755,1288,3.839946
1759,1288,3.343773
1832,1288,51.291218
1834,1288,6.238355
1836,1288,24.996464
1837,1288,28.029825
1838,1288,29.110895
1839,1288,29.466042
1840,1288,20.129532
1850,1288,12.488091
1851,1288,2.389374
1887,1288,4.770306
1931,1288,9.449062
1934,1288,2.619914
1951,1288,21.79987
1952,1288,54.944782
1953,1288,241.316956
1954,1288,104.888451
1955,1288,134.82605
1956,1288,147.49762
1957,1288,65.699211
1960,1288,96.273422
1961,1288,43.620171
1963,1288,23.025618
1966,1288,51.04155
1754,1289,9.96049
1840,1289,29.188652
1851,1289,6.523805
1852,1289,2.221831
1854,1289,3.904919
1856,1289,11.174237
1861,1289,6.213952
1887,1289,3.087718
1936,1289,558.996704
1949,1289,5.156901
1960,1289,213.048874
1961,1289,236.562042
1963,1289,161.915741
1996,1289,1.125692
2013,1289,266.997894
2016,1289,9.96276
2017,1289,3.470585
1751,1290,4.978422
1752,1290,10.292492
1753,1290,4.009487
1754,1290,3.65603
1838,1290,28.448568
1839,1290,20.453632
1842,1290,20.129532
1855,1290,2.335866
1856,1290,8.343625
1858,1290,6.213952
1949,1290,27.517866
1965,1290,246.525436
1995,1290,3.339114
2014,1290,2.327581
2016,1290,28.200558
1742,1291,5.491173
1751,1291,1.432971
1752,1291,11.098579
1753,1291,3.531969
1835,1291,108.303864
1836,1291,101.210678
1837,1291,23.135906
1838,1291,26.220057
1839,1291,30.863251
1856,1291,3.525428
1936,1291,236.063904
1949,1291,504.046234
1950,1291,114.231102
1965,1291,91.001678
1998,1291,95.469894
1751,1292,3.99195
1832,1292,271.282745
1833,1292,205.907257
1834,1292,14.997397
1835,1292,8.461662
1836,1292,11.874552
1837,1292,8.767077
1838,1292,16.547958
1839,1292,64.861626
1840,1292,5.846157
1846,1292,67.644234
1856,1292,5.313455
1910,1292,6.853958
1949,1292,20.141697
1950,1292,266.162476
1997,1292,242.490036
1998,1292,128.390961
1999,1292,93.087952
1751,1293,4.764308
1839,1293,965.651978
1840,1293,727.703674
1841,1293,42.495361
1846,1293,29.977503
1856,1293,8.552873
1890,1293,13.976978
1949,1293,129.441879
1950,1293,454.333099
1966,1293,165.085754
1967,1293,147.157745
1997,1293,218.918762
1998,1293,216.369812
1999,1293,45.638084
1787,1294,8.408831
1841,1294,39.705902
1846,1294,8.643731
1849,1294,29.435448
1966,1294,236.562897
1967,1294,105.881821
1994,1294,11.124673
1999,1294,3.427751
2000,1294,1.504845
2010,1294,218.917145
1751,1295,4.51019
1846,1295,6.26547
1849,1295,26.869167
1850,1295,57.038754
1851,1295,155.100983
1852,1295,53.886166
1853,1295,41.101357
1855,1295,1.978723
1858,1295,7.452745
1859,1295,5.824362
1860,1295,7.654946
1894,1295,54.147301
1967,1295,118.922089
1968,1295,397.84494
1970,1295,42.604733
1994,1295,113.247643
1999,1295,3.120246
1841,1296,43.546162
1842,1296,18.412878
1849,1296,172.962662
1850,1296,47.27578
1851,1296,260.935577
1852,1296,147.565475
1855,1296,16.949213
1865,1296,20.316896
1931,1296,3.820539
1933,1296,27.615627
1967,1296,148.63504
1998,1296,54.599567
1999,1296,30.875107
1751,1297,1.457368
1810,1297,12.412803
1814,1297,3.526313
1841,1297,69.589706
1842,1297,38.166004
1844,1297,43.06078
1847,1297,4.865804
1849,1297,104.478554
1850,1297,79.690491
1855,1297,17.487185
1856,1297,7.598232
1857,1297,3.525428
1858,1297,3.525428
1864,1297,3.525428
1865,1297,61.23822
1866,1297,49.682518
1925,1297,220.361526
1926,1297,2.902425
1929,1297,15.722859
1930,1297,3.820539
1931,1297,2.0153
1932,1297,26.51086
1933,1297,28.120285
1934,1297,31.983868
1992,1297,44.39679
1993,1297,287.52002
1999,1297,47.084106
1751,1298,4.78896
1752,1298,4.324791
1804,1298,6.739273
1841,1298,149.654785
1842,1298,15.600271
1855,1298,14.110465
1856,1298,9.037137
1857,1298,6.190471
1858,1298,4.724139
1859,1298,20.316896
1864,1298,2.854364
1926,1298,8.284074
1927,1298,20.258759
1928,1298,22.492281
1929,1298,25.997513
1930,1298,11.575443
1931,1298,8.123605
1932,1298,13.492094
1933,1298,118.993912
1807,1299,9.280186
1841,1299,18.578506
1842,1299,24.898029
1855,1299,16.363497
1856,1299,6.190471
1857,1299,6.190471
1858,1299,10.416663
1860,1299,14.979771
1926,1299,26.66
1927,1299,26.177818
1928,1299,27.558208
1929,1299,30.38324
1930,1299,34.124718
1932,1299,9.446642
1933,1299,30.131123
1841,1300,6.788706
1842,1300,9.809521
1843,1300,35.666679
1847,1300,1.073949
1853,1300,1.010204
1855,1300,4.947442
1860,1300,5.313455
1978,1300,315.425293
1807,1301,11.445408
1812,1301,6.788706
1837,1301,9.080996
1838,1301,8.665773
1841,1301,4.552256
1842,1301,7.416671
1843,1301,40.461231
1844,1301,42.307575
1845,1301,19.144226
1846,1301,21.666315
1847,1301,13.528584
1855,1301,9.585133
1927,1301,13.901322
1978,1301,127.865265
1979,1301,343.307861
1839,1302,6.571858
1840,1302,7.351206
1841,1302,45.944294
1842,1302,77.259537
1843,1302,56.983517
1844,1302,42.639332
1845,1302,40.184082
1846,1302,46.873238
1847,1302,11.205701
1855,1302,6.46411
1856,1302,2.125289
1857,1302,1.978723
1858,1302,5.313455
1860,1302,3.525428
1861,1302,8.122265
1862,1302,5.313455
1925,1302,8.751896
1926,1302,14.84006
1978,1302,55.24416
1979,1302,83.067955
1980,1302,201.642654
1754,1303,10.196447
1795,1303,23.982954
1841,1303,64.984688
1842,1303,68.83181
1843,1303,26.220057
1844,1303,25.04528
1845,1303,36.546669
1846,1303,130.037598
1847,1303,10.534627
1858,1303,3.087718
1861,1303,3.087718
1862,1303,6.190471
1863,1303,55.845135
1865,1303,55.845135
1926,1303,8.887626
1978,1303,21.131748
1979,1303,56.581699
1980,1303,388.627411
1754,1304,5.152407
1756,1304,3.572623
1788,1304,25.478201
1791,1304,9.527447
1792,1304,322.892456
1862,1304,8.122265
1863,1304,10.421199
1864,1304,7.654946
1979,1304,316.973694
1757,1305,6.863451
1788,1305,9.878211
1791,1305,50.032154
1934,1305,30.839512
1788,1306,12.61274
1790,1306,36.746208
1793,1306,20.053205
1854,1306,2.854364
1860,1306,3.525428
1861,1306,6.147887
1862,1306,3.525428
1863,1306,4.888846
1864,1306,4.770306
1865,1306,4.770306
1967,1306,53.290051
1970,1306,63.679497
1759,1307,3.652232
1788,1307,43.38295
1791,1307,149.583481
1792,1307,163.135269
1793,1307,11.555423
1865,1307,5.313455
1866,1307,8.122265
1954,1307,73.669029
1957,1307,16.10655
1958,1307,24.073324
1965,1307,161.08342
1966,1307,87.189674
1967,1307,46.190262
1968,1307,54.60704
1969,1307,87.864883
1970,1307,58.329632
1752,1308,21.564314
1753,1308,12.251209
1754,1308,15.705976
1755,1308,22.218597
1759,1308,3.687989
1793,1308,26.99403
1822,1308,687.362793
1823,1308,112.119774
1831,1308,291.618835
1832,1308,294.26178
1835,1308,146.707718
1924,1308,34.442062
1957,1308,9.164082
1958,1308,3.028159
1959,1308,2.385127
1960,1308,3.424342
1961,1308,4.016076
1962,1308,4.516077
1963,1308,4.859826
1964,1308,27.934566
1965,1308,34.830433
1966,1308,24.499105
1967,1308,30.700144
1968,1308,14.993891
1969,1308,24.987217
1970,1308,56.953323
1756,1309,29.407372
1759,1309,4.193805
1906,1309,42.958035
1912,1309,97.146988
1913,1309,89.997589
1917,1309,95.62822
1918,1309,48.662083
1924,1309,231.243607
1925,1309,3.351631
1926,1309,24.748798
1927,1309,22.871151
1928,1309,30.131123
1933,1309,41.2761
1958,1309,14.310019
1959,1309,9.164082
1960,1309,6.991698
1961,1309,4.355392
1962,1309,3.375878
1963,1309,3.388936
1964,1309,2.563562
1965,1309,2.851058
1966,1309,9.582026
1967,1309,122.493294
1968,1309,159.036621
1969,1309,379.996674
1970,1309,56.127209
1758,1310,19.120115
1759,1310,4.372497
1845,1310,5.485062
1856,1310,1.271374
1857,1310,8.351049
1858,1310,5.954141
1907,1310,30.889055
1908,1310,58.821671
1910,1310,23.442694
1912,1310,577.908813
1913,1310,7.281473
1914,1310,14.273803
1915,1310,1.857142
1916,1310,1.857142
1917,1310,2.233333
1918,1310,22.755281
1923,1310,60.200855
1924,1310,9.51719
1926,1310,21.392891
1927,1310,25.81241
1928,1310,23.137213
1929,1310,23.176968
1930,1310,26.126974
1931,1310,49.846451
1932,1310,31.519501
1933,1310,19.87866
1934,1310,19.04409
1935,1310,17.695532
1949,1310,209.733734
2008,1310,76.749519
1757,1311,8.861679
1758,1311,26.795906
1759,1311,4.621996
1785,1311,274.757874
1845,1311,10.590869
1846,1311,1.219349
1856,1311,5.443591
1858,1311,6.389005
1861,1311,10.976629
1877,1311,17.638577
1931,1311,11.933266
1948,1311,142.83812
1949,1311,29.886219
1950,1311,34.247257
1968,1311,40.488033
2009,1311,49.897617
2010,1311,81.656662
2011,1311,101.509178
1753,1312,23.413322
1754,1312,3.926963
1755,1312,4.386123
1758,1312,4.862504
1759,1312,4.279861
1785,1312,757.108521
1787,1312,31.443567
1856,1312,2.010393
1877,1312,20.06414
1948,1312,143.629166
1949,1312,13.848595
1950,1312,29.57935
1968,1312,4.43561
1756,1313,4.729059
1759,1313,4.712865
1783,1313,75.835182
1784,1313,223.213272
1856,1313,2.237219
1861,1313,3.331593
1876,1313,15.952766
1877,1313,17.137823
1947,1313,69.162453
1948,1313,29.035017
1949,1313,64.126503
1950,1313,22.407206
1968,1313,10.050323
1783,1314,34.589001
1784,1314,22.057339
1785,1314,164.183578
1854,1314,1.123387
1856,1314,2.237219
1859,1314,1.07555
1877,1314,24.447353
1922,1314,1.857142
1923,1314,1.741934
1926,1314,4.466664
1927,1314,4.677415
1946,1314,44.596451
1947,1314,143.210602
1948,1314,55.269024
1949,1314,25.629835
1951,1314,24.400606
1952,1314,40.637001
1751,1315,32.882496
1856,1315,1.163127
1857,1315,1.255061
1859,1315,1.07555
1918,1315,245.937714
1920,1315,4.690484
1924,1315,5.848802
1947,1315,173.778305
1948,1315,9.941929
1949,1315,60.203205
1950,1315,3.408265
1951,1315,30.726257
1952,1315,16.550064
1953,1315,11.556986
1961,1315,123.709892
1962,1315,86.034309
1964,1315,54.591457
1965,1315,87.512527
1967,1315,102.256927
1968,1315,148.858734
1975,1315,38.811947
1978,1315,1.022727
1751,1316,4.841142
1752,1316,4.850465
1754,1316,3.994306
1755,1316,4.628514
1756,1316,1.505168
1856,1316,2.245143
1857,1316,4.609916
1859,1316,2.194832
1860,1316,1.5
1870,1316,7.055389
1910,1316,24.279194
1912,1316,24.279194
1913,1316,72.929985
1914,1316,27.693695
1915,1316,63.356003
1916,1316,112.067307
1917,1316,84.102844
1918,1316,10.77843
1920,1316,2.578435
1921,1316,16.73201
1923,1316,4.347571
1925,1316,2.578435
1926,1316,18.647261
1928,1316,23.159855
1947,1316,29.751308
1948,1316,71.891342
1949,1316,2.259608
1950,1316,4.928572
1952,1316,1.782766
1953,1316,6.20026
1954,1316,11.565936
1955,1316,6.177645
1956,1316,9.538972
1957,1316,12.440119
1958,1316,9.552875
1959,1316,22.086134
1960,1316,47.087559
1961,1316,25.105789
1962,1316,41.878609
1963,1316,25.47517
1964,1316,18.171543
1965,1316,24.702738
1966,1316,33.910172
1967,1316,9.550943
1968,1316,100.612503
1969,1316,133.637955
1976,1316,1.492065
1978,1316,1.069768
1979,1316,4.535074
1981,1316,2.377462
1982,1316,6.376358
1997,1316,25.324469
1845,1317,94.958778
1856,1317,2.042587
1857,1317,2.479766
1859,1317,8.970284
1906,1317,49.794876
1910,1317,15.307516
1911,1317,30.11586
1912,1317,15.307516
1914,1317,3.276586
1915,1317,3.006528
1916,1317,3.276586
1917,1317,3.006528
1918,1317,1.741934
1920,1317,1.741934
1922,1317,1.857142
1923,1317,1.242104
1924,1317,2.578435
1925,1317,1.242104
1926,1317,18.587572
1927,1317,5.708768
1928,1317,22.245884
1929,1317,26.439705
1930,1317,28.113949
1931,1317,19.775566
1932,1317,23.095333
1933,1317,19.97047
1946,1317,42.026897
1947,1317,41.678947
1948,1317,19.046101
1949,1317,2.2
1950,1317,1.615384
1952,1317,1.999999
1953,1317,1.129032
1954,1317,2.882353
1955,1317,1.129032
1956,1317,1.921569
1957,1317,3.622641
1958,1317,2.882353
1959,1317,37.139915
1960,1317,16.758797
1961,1317,20.245768
1962,1317,30.145895
1963,1317,21.568859
1964,1317,15.19397
1965,1317,13.589149
1966,1317,17.228052
1967,1317,5.690476
1968,1317,23.561293
1969,1317,257.49353
1984,1317,4.350702
1985,1317,6.376358
1753,1318,4.32262
1845,1318,117.457039
1929,1318,7.416671
1932,1318,10.960061
1934,1318,22.113663
1935,1318,24.24684
1936,1318,22.113663
1937,1318,20.317131
1947,1318,8.252645
1948,1318,13.075266
1958,1318,3.553519
1959,1318,562.170288
1960,1318,564.420288
1961,1318,465.079712
1962,1318,61.328831
1963,1318,48.39724
1964,1318,1.3
1968,1318,1.022727
1969,1318,3.043008
1937,1319,35.134609
1946,1319,3.912245
1947,1319,7.229613
1948,1319,1.857142
1949,1319,3.343792
1957,1319,2.253519
1958,1319,8.423098
1964,1319,1.615384
1762,1320,5.955528
1927,1320,24.190195
1932,1320,687.99231
1946,1320,35.563072
1947,1320,18.441513
1949,1320,2.309772
1997,1320,22.973951
1949,1321,3.484309
1761,1322,4.795294
1766,1322,10.404387
1767,1322,42.960709
1859,1322,2.395134
1860,1322,8.910036
1861,1322,8.222613
1862,1322,3.309512
1863,1322,3.309512
1864,1322,19.836498
1997,1322,23.893272
1761,1323,4.501449
1766,1323,65.748833
1859,1323,2.080017
1860,1323,2.885065
1861,1323,4.516404
1862,1323,3.636819
1863,1323,3.92076
1864,1323,8.893436
1865,1323,7.866357
1866,1323,18.111124
1904,1323,28.977825
1946,1323,11.60426
1947,1323,10.115402
1948,1323,1.226974
1949,1323,4.112681
2011,1323,4.92718
2012,1323,6.460269
2013,1323,2.82385
2014,1323,66.882133
1754,1324,4.437298
1760,1324,3.691013
1761,1324,4.021758
1765,1324,110.346207
1766,1324,91.188354
1850,1324,1.010204
1859,1324,2.568359
1860,1324,2.197552
1861,1324,2.007717
1862,1324,5.734295
1863,1324,4.913399
1864,1324,16.89687
1865,1324,25.354275
1866,1324,3.087718
1888,1324,13.911114
1925,1324,5.848802
1932,1324,5.982589
1934,1324,12.189286
1935,1324,12.023685
1936,1324,39.774136
1937,1324,48.077671
1946,1324,9.61942
1947,1324,9.524365
1949,1324,11.557106
1953,1324,5.259514
1956,1324,1.79826
1965,1324,26.513338
1966,1324,3.958193
1967,1324,1.399101
1969,1324,3.31413
1970,1324,3.172511
1972,1324,1.785613
1973,1324,1.679543
1975,1324,3.420363
1976,1324,4.94828
1977,1324,4.872288
1978,1324,7.08675
1986,1324,7.465583
1988,1324,11.537039
1760,1325,8.789401
1761,1325,4.763287
1762,1325,220.406967
1764,1325,32.007271
1765,1325,52.782829
1766,1325,65.748833
1859,1325,2.568359
1862,1325,1.264441
1863,1325,1.113145
1883,1325,49.254375
1884,1325,39.615555
1885,1325,34.776989
1886,1325,34.776989
1924,1325,1.177238
1925,1325,2.619955
1927,1325,1.757357
1928,1325,1.272223
1932,1325,20.88172
1933,1325,7.500373
1934,1325,9.333332
1935,1325,8.090904
1936,1325,16.507679
1937,1325,44.205273
1946,1325,8.822093
1947,1325,6.961297
1953,1325,19.554359
1954,1325,11.93586
1955,1325,8.369095
1956,1325,11.886992
1965,1325,107.579277
1966,1325,1.584148
1967,1325,9.205423
1968,1325,2.305692
1969,1325,1.67205
1970,1325,2.095361
1971,1325,1.932276
1972,1325,2.354657
1973,1325,1.613484
1974,1325,1.707134
1975,1325,1.826474
1976,1325,2.294362
1977,1325,2.325001
1978,1325,4.70535
1979,1325,4.777557
1986,1325,4.593003
1987,1325,7.638613
1988,1325,7.918348
1760,1326,5.100445
1761,1326,14.722528
1762,1326,47.076958
1767,1326,42.960709
1821,1326,122.769371
1822,1326,100.862892
1823,1326,97.018074
1824,1326,124.051704
1883,1326,1.010204
1909,1326,10.802599
1911,1326,10.802599
1912,1326,10.802599
1914,1326,10.802599
1915,1326,8.731729
1936,1326,16.966751
1937,1326,27.868706
1946,1326,1.581766
1947,1326,9.205984
1953,1326,1.3
1954,1326,17.736233
1955,1326,32.255005
1956,1326,17.736233
1965,1326,123.551178
1969,1326,2.361111
1970,1326,3.785618
1971,1326,1.799959
1972,1326,2.196222
1973,1326,1.597377
1974,1326,2.821222
1975,1326,1.301736
1977,1326,1.34563
1978,1326,4.747456
1979,1326,7.534602
1984,1326,3.228063
1986,1326,3.769039
1987,1326,2.009778
1990,1326,1.2198
1995,1326,7.570945
2004,1326,17.907427
2010,1326,10.42635
2011,1326,8.64483
1820,1327,117.436981
1821,1327,119.591949
1822,1327,160.098267
1823,1327,126.689713
1824,1327,158.835648
1825,1327,96.978966
1843,1327,105.497734
1844,1327,59.402241
1905,1327,28.425812
1907,1327,12.00654
1912,1327,3.588652
1913,1327,10.802599
1914,1327,8.518193
1916,1327,1.242104
1936,1327,13.48135
1937,1327,32.97406
1953,1327,1.615384
1954,1327,32.255005
1965,1327,26.506538
1966,1327,1.462905
1970,1327,4.269199
1971,1327,2.56652
1972,1327,2.361111
1977,1327,1.863636
1978,1327,4.493358
1979,1327,5.463955
1843,1328,63.109688
1844,1328,70.819504
1905,1328,1.741934
1931,1328,11.805016
1932,1328,11.805016
1933,1328,5.848802
1934,1328,5.848802
1935,1328,11.805016
1937,1328,38.683514
1978,1328,4.561646
1979,1328,5.254074
2004,1328,90.261841
2005,1328,7.605334
2006,1328,29.582724
1821,1329,228.649414
1822,1329,300.682495
1823,1329,232.817322
1824,1329,201.548782
1825,1329,230.372833
1843,1329,102.725319
1928,1329,5.848802
1929,1329,5.848802
1930,1329,5.848802
1934,1329,5.848802
1937,1329,50.648678
1977,1329,1.287011
1978,1329,1.710898
1979,1329,5.042027
1991,1329,1.538996
1992,1329,1.413438
2004,1329,5.425765
2005,1329,17.810915
2006,1329,9.160674
1824,1330,228.464539
1826,1330,954.93219
1834,1330,1180.232422
1835,1330,650.340881
1842,1330,708.227539
1843,1330,127.575722
1844,1330,32.860001
1845,1330,19.640661
1905,1330,6.843645
1915,1330,10.470078
1934,1330,5.848802
1937,1330,49.611263
1977,1330,2.710999
1978,1330,1.613035
1992,1330,1.243214
1993,1330,1.064559
1994,1330,1.064559
1995,1330,1.064559
1996,1330,2.489222
2004,1330,5.18026
2005,1330,12.515627
2006,1330,36.094051
2010,1330,8.76581
2011,1330,36.00576
2012,1330,4.756543
2013,1330,47.357334
1824,1331,48.258526
1826,1331,236.457932
1827,1331,546.88562
1842,1331,466.229034
1843,1331,34.361614
1844,1331,69.825874
1845,1331,5.791619
1934,1331,6.447823
1937,1331,48.799625
1953,1331,2.253519
1965,1331,94.175804
1966,1331,9.753341
1967,1331,8.368222
1978,1331,2.564976
1979,1331,4.338051
2003,1331,3.936864
2004,1331,4.106336
2006,1331,1.834016
2010,1331,12.802692
2011,1331,7.828263
2012,1331,30.51202
2013,1331,24.058483
2014,1331,83.377853
2015,1331,18.393616
2016,1331,173.961777
1845,1332,83.743217
1853,1332,20.352776
1937,1332,46.982113
1947,1332,11.33698
1949,1332,1.808216
1950,1332,12.407963
1953,1332,12.349273
1954,1332,2.253519
1976,1332,15.434713
1978,1332,2.931797
1979,1332,6.112521
1983,1332,2.128956
1984,1332,3.694721
1985,1332,3.041762
1987,1332,2.9863
2006,1332,1.395098
2007,1332,2.011397
2010,1332,17.189611
2011,1332,2.275312
2012,1332,1.252815
2013,1332,3.298128
2014,1332,3.251786
2015,1332,2.892242
2017,1332,20.221413
1916,1333,10.470078
1917,1333,10.470078
1937,1333,40.67815
1946,1333,2.253519
1947,1333,11.239467
1954,1333,406.438782
1971,1333,14.271546
1973,1333,10.22739
1974,1333,12.545469
1976,1333,122.786903
1977,1333,30.432892
1978,1333,4.237943
1979,1333,4.751653
1983,1333,1.88811
1984,1333,7.308402
1985,1333,2.696602
1986,1333,9.629351
1994,1333,5.769058
2005,1333,1.104612
2007,1333,7.847898
1853,1334,3.448181
1917,1334,10.470078
1932,1334,1.068966
1937,1334,15.55902
1938,1334,24.936003
1972,1334,490.372253
1973,1334,18.965197
1974,1334,88.270531
1977,1334,58.809822
1978,1334,6.015354
1979,1334,4.952172
1983,1334,3.774892
1991,1334,1.303155
1992,1334,1.350903
1993,1334,1.023223
1994,1334,1.359288
1995,1334,1.554097
1996,1334,5.948098
1997,1334,4.141744
2007,1334,2.062369
1752,1335,7.134352
1753,1335,4.599874
1754,1335,10.664497
1755,1335,8.803717
1758,1335,8.190121
1852,1335,18.186623
1853,1335,4.210412
1932,1335,1.808216
1934,1335,11.239467
1935,1335,2.253519
1936,1335,4.045452
1937,1335,9.919346
1938,1335,22.910774
1974,1335,80.375374
1976,1335,107.943192
1977,1335,23.177366
1978,1335,8.763889
1979,1335,10.939431
1986,1335,15.269544
1987,1335,8.379607
1988,1335,8.398938
1989,1335,8.464496
2002,1335,3.560646
2003,1335,1.75806
2007,1335,1.149832
1752,1336,11.692161
1753,1336,12.767532
1754,1336,8.747423
1755,1336,33.396626
1853,1336,7.76849
1905,1336,12.38738
1906,1336,12.38738
1907,1336,12.38738
1908,1336,14.965815
1909,1336,27.405968
1910,1336,10.295706
1947,1336,16.19784
1974,1336,67.235069
1976,1336,41.88179
1977,1336,62.855644
1978,1336,31.605181
1979,1336,16.435957
2002,1336,2.93935
1752,1337,13.242654
1754,1337,3.218688
1755,1337,8.542026
1852,1337,1.759566
1853,1337,3.513263
1906,1337,1.503613
1907,1337,2.873202
1908,1337,2.176345
1909,1337,10.361008
1910,1337,2.578435
1947,1337,23.221525
1977,1337,70.19014
1978,1337,74.520592
1979,1337,15.237548
2010,1337,8.945579
2011,1337,7.312447
2012,1337,19.8853
2013,1337,14.46848
2014,1337,6.86441
2015,1337,12.893731
2016,1337,32.049904
1751,1338,14.754782
1755,1338,5.334237
1824,1338,32.730927
1853,1338,6.141069
1854,1338,6.814867
1905,1338,2.368965
1910,1338,11.817671
1911,1338,5.452035
1912,1338,7.256799
1913,1338,2.578435
1914,1338,1.242104
1978,1338,56.790058
1979,1338,19.380547
2002,1338,3.63745
2004,1338,2.700993
2008,1338,3.935134
2009,1338,5.224288
2010,1338,5.482725
2011,1338,1.721529
2012,1338,1.293337
2013,1338,2.760032
2014,1338,18.814156
2015,1338,9.638671
2016,1338,10.296976
1753,1339,4.456288
1754,1339,6.166419
1755,1339,46.961575
1756,1339,5.410949
1757,1339,6.312418
1822,1339,387.274292
1823,1339,89.08242
1836,1339,68.004318
1837,1339,179.175919
1838,1339,115.555779
1839,1339,213.570694
1840,1339,120.883133
1841,1339,20.98521
1842,1339,32.833576
1843,1339,63.888912
1844,1339,17.655647
1855,1339,1.147167
1904,1339,1.889514
1910,1339,3.651073
1911,1339,4.6236
1912,1339,4.6236
1913,1339,3.651073
1914,1339,2.451073
1983,1339,3.197434
1984,1339,2.647557
1985,1339,6.812268
1991,1339,1.346904
2009,1339,4.543421
2011,1339,4.020977
2012,1339,1.010766
2013,1339,1.458204
2014,1339,1.697284
2015,1339,62.129082
2016,1339,12.819284
1751,1340,15.077536
1753,1340,8.869223
1754,1340,2.36518
1757,1340,14.715326
1833,1340,403.557098
1834,1340,353.862793
1835,1340,215.392792
1836,1340,164.230011
1837,1340,236.835281
1838,1340,238.611374
1839,1340,72.289528
1840,1340,218.691483
1841,1340,166.220001
1842,1340,90.165489
1843,1340,17.554485
1855,1340,1.744033
1904,1340,1.340912
1905,1340,5.197368
1909,1340,19.662563
1910,1340,19.662563
1911,1340,19.662563
1912,1340,19.662563
1913,1340,19.662563
1914,1340,18.04718
1915,1340,2.253519
1916,1340,2.253519
1945,1340,12.349273
1985,1340,51.634766
1986,1340,61.138
1987,1340,58.399292
1988,1340,12.556279
1989,1340,4.435262
2002,1340,35.524796
2003,1340,27.67304
2009,1340,1.656419
2012,1340,2.586847
1749,1341,4.738364
1752,1341,29.264622
1904,1341,25.398369
1905,1341,23.16379
1934,1341,2.056056
1935,1341,3.48336
1936,1341,13.649336
1937,1341,1655.805786
1977,1341,157.882721
1995,1341,22.996996
1996,1341,19.537107
1997,1341,19.7131
1998,1341,6.191317
2002,1341,5.846145
2003,1341,15.096117
1905,1342,23.310366
1935,1342,1.960857
1936,1342,187.082977
1937,1342,1646.563843
2002,1342,6.804581
2003,1342,8.789685
2004,1342,19.970739
1905,1343,67.898544
1925,1343,11.239467
1935,1343,11.882323
1936,1343,161.515137
1987,1343,2.173895
1988,1343,3.106106
2001,1343,6.040586
2002,1343,4.509461
2003,1343,6.438402
2004,1343,24.543619
1988,1344,70.394516
1989,1344,4.268377
1993,1344,2.30869
1996,1344,8.137053
1997,1344,2.616312
1998,1344,1.055015
2001,1344,6.639407
2002,1344,4.586045
2003,1344,8.974553
2004,1344,13.959201
1989,1345,1.413971
1995,1345,2.242173
1996,1345,4.849385
1997,1345,1.153692
2001,1345,6.639407
2002,1345,4.615139
2013,1345,6.955234
2014,1345,5.157321
2015,1345,5.975494
2018,1345,97.352478
1751,1346,37.705475
1991,1346,5.828695
1993,1346,9.379148
1994,1346,7.998496
2001,1346,6.639407
2002,1346,7.160495
2009,1346,107.072014
2010,1346,80.513229
2011,1346,9.190268
2012,1346,3.618673
2013,1346,9.039165
2014,1346,23.903454
2015,1346,4.468132
2016,1346,5.637613
2017,1346,54.30896
2018,1346,14.560294
2021,1346,26.757902
1751,1347,40.429504
1753,1347,6.538301
1756,1347,3.35159
1758,1347,29.26368
1759,1347,12.069401
1920,1347,1.615384
1921,1347,1.615384
1922,1347,13.047683
1923,1347,13.964657
1991,1347,11.382945
1993,1347,12.457983
1994,1347,7.998496
2001,1347,4.43818
2002,1347,40.709297
2007,1347,75.26329
2008,1347,19.781334
2009,1347,120.139946
2010,1347,11.624973
2011,1347,11.145252
2015,1347,24.357954
1751,1348,55.465702
1753,1348,6.558751
1756,1348,4.006153
1758,1348,25.168684
1759,1348,11.720678
1760,1348,60.739304
1909,1348,4.78267
1912,1348,1.428122
1913,1348,2.155139
1993,1348,9.376678
1994,1348,3.706952
1997,1348,1.40506
1998,1348,1.174279
2002,1348,6.213316
2007,1348,118.499229
2008,1348,97.922638
2009,1348,60.527866
2010,1348,103.379478
2011,1348,43.528271
1751,1349,35.999496
1753,1349,7.560368
1756,1349,3.35159
1760,1349,16.847511
1761,1349,123.421532
1803,1349,12.228439
1915,1349,12.349273
1934,1349,14.964659
1935,1349,19.774529
1993,1349,23.367163
1994,1349,3.631297
1995,1349,1.492065
1996,1349,1.353536
1997,1349,1.551876
2002,1349,21.221786
1753,1350,9.903482
1758,1350,13.231228
1760,1350,12.007217
1804,1350,7.805587
1805,1350,174.562775
1806,1350,194.149307
1807,1350,62.660591
1808,1350,108.515457
1809,1350,360.163971
1810,1350,472.820831
1811,1350,267.063049
1812,1350,315.309357
1814,1350,306.463654
1815,1350,291.693146
1816,1350,1516.962524
1817,1350,1166.92627
1914,1350,13.019526
1984,1350,183.107407
1985,1350,241.944077
1992,1350,1.417486
1993,1350,44.086502
1994,1350,9.417179
1995,1350,1.823003
1996,1350,10.668522
1997,1350,4.695184
2002,1350,63.542767
1752,1351,8.220724
1753,1351,4.244981
1755,1351,23.052784
1805,1351,16.848736
1806,1351,246.987396
1807,1351,63.89085
1808,1351,66.532501
1809,1351,535.305664
1810,1351,296.851471
1811,1351,232.837418
1812,1351,304.78595
1813,1351,307.027283
1814,1351,766.312256
1815,1351,158.670074
1816,1351,1487.941162
1817,1351,1238.977417
1818,1351,506.343079
1833,1351,210.879349
1992,1351,1.025703
1994,1351,88.230911
1995,1351,2.141996
1996,1351,8.267156
1997,1351,8.709191
1751,1352,10.771963
1755,1352,6.186171
1789,1352,9.297569
1793,1352,93.128738
1805,1352,8.519388
1806,1352,8.539039
1807,1352,9.739199
1808,1352,18.413429
1809,1352,18.073948
1810,1352,30.139217
1811,1352,78.395363
1812,1352,92.861389
1813,1352,135.324493
1814,1352,201.172913
1815,1352,180.6297
1816,1352,169.682571
1817,1352,153.432755
1818,1352,212.966751
1819,1352,135.882202
1820,1352,399.38443
1821,1352,203.195236
1833,1352,77.112152
1834,1352,58.053844
1835,1352,21.173218
1836,1352,22.981941
1837,1352,220.151276
1874,1352,11.04663
1912,1352,1.010204
1916,1352,12.349273
1993,1352,42.734539
1755,1353,6.738666
1805,1353,42.114433
1810,1353,3.003376
1811,1353,4.262784
1812,1353,12.244966
1813,1353,3.775284
1814,1353,22.108803
1815,1353,18.014719
1816,1353,28.407946
1817,1353,103.520096
1818,1353,43.968925
1819,1353,51.280434
1820,1353,25.368853
1821,1353,27.873035
1822,1353,128.653458
1824,1353,60.474274
1826,1353,44.790798
1828,1353,192.252533
1829,1353,59.284065
1830,1353,40.926247
1831,1353,48.209579
1832,1353,37.964645
1833,1353,23.343433
1834,1353,13.927485
1835,1353,26.214924
1836,1353,71.488487
1837,1353,70.862556
1838,1353,330.848846
1839,1353,94.88858
1840,1353,142.403702
1841,1353,273.715302
1860,1353,8.737924
1864,1353,38.690559
1865,1353,46.615913
1866,1353,21.260296
1874,1353,67.772278
1875,1353,102.839828
1911,1353,2.397721
1912,1353,139.514572
1766,1354,24.009596
1805,1354,41.212509
1806,1354,12.49577
1812,1354,2.372295
1814,1354,2.354678
1816,1354,2.215812
1817,1354,8.03357
1818,1354,6.845951
1819,1354,5.623525
1820,1354,11.551054
1821,1354,11.924974
1822,1354,13.03826
1823,1354,19.280033
1824,1354,19.280033
1825,1354,45.448975
1826,1354,42.772911
1827,1354,29.316896
1828,1354,31.435167
1829,1354,28.374514
1830,1354,15.052701
1831,1354,18.539818
1832,1354,25.322985
1833,1354,8.368087
1834,1354,10.279592
1835,1354,34.373291
1836,1354,206.933105
1837,1354,26.223524
1838,1354,97.242332
1839,1354,104.707924
1840,1354,197.848633
1864,1354,90.307693
1865,1354,34.456219
1866,1354,24.592525
1875,1354,63.151306
1876,1354,32.260376
1877,1354,42.478848
1878,1354,19.991714
1879,1354,15.750696
1880,1354,15.750696
1881,1354,15.750696
1882,1354,21.790201
1989,1354,8.379651
1993,1354,7.550043
1994,1354,8.385591
1996,1354,15.116961
1766,1355,12.244063
1805,1355,59.572304
1806,1355,14.83219
1807,1355,9.494041
1810,1355,1.5625
1811,1355,1.5625
1818,1355,1.056835
1822,1355,2.347888
1823,1355,11.711506
1824,1355,7.1824
1825,1355,13.262171
1826,1355,13.706615
1827,1355,11.367556
1828,1355,14.911622
1829,1355,15.149189
1830,1355,14.265126
1831,1355,12.018614
1832,1355,11.874129
1835,1355,3.803483
1836,1355,3.373672
1837,1355,11.580786
1838,1355,10.727261
1839,1355,22.018688
1840,1355,74.978622
1841,1355,152.644012
1842,1355,215.034897
1861,1355,118.545639
1865,1355,41.526798
1866,1355,11.598194
1996,1355,160.321457
1789,1356,48.40686
1790,1356,29.314672
1791,1356,4.246661
1792,1356,3.97916
1793,1356,9.360823
1805,1356,71.095497
1806,1356,11.161322
1807,1356,6.512083
1818,1356,1.444444
1823,1356,1.523477
1824,1356,1.523477
1825,1356,1.742716
1826,1356,1.929174
1827,1356,1.029073
1828,1356,1.029073
1829,1356,1.112406
1830,1356,1.057432
1835,1356,1.190476
1838,1356,1.872436
1839,1356,30.846275
1840,1356,206.601974
1841,1356,261.52774
1842,1356,12.240519
1861,1356,10.990709
1862,1356,6.118952
1864,1356,4.030742
1990,1356,19.88736
1992,1356,100.175583
1766,1357,18.142288
1788,1357,8.820543
1805,1357,42.94957
1806,1357,14.178839
1816,1357,2.107103
1817,1357,2.1875
1833,1357,2.1875
1837,1357,1.554754
1838,1357,1.779459
1839,1357,3.440055
1840,1357,15.103
1841,1357,5.927614
1842,1357,24.0704
1987,1357,13.130474
1789,1358,37.605434
1792,1358,13.382221
1805,1358,56.005775
1806,1358,7.602104
1807,1358,1.051051
1818,1358,2.330357
1823,1358,1.662658
1824,1358,1.662658
1825,1358,2.1875
1826,1358,1.5
1834,1358,1.656286
1835,1358,2.1875
1838,1358,1.181278
1839,1358,5.014131
1840,1358,2.831747
1841,1358,27.659437
1842,1358,53.673096
1749,1359,2.549193
1793,1359,13.382221
1804,1359,13.97418
1805,1359,11.627444
1806,1359,3.841666
1818,1359,149.090912
1819,1359,1.662658
1820,1359,1.725158
1821,1359,2.25
1822,1359,2.1875
1823,1359,2.258929
1829,1359,1.653324
1830,1359,2.31881
1831,1359,2.216799
1833,1359,1.885551
1836,1359,1.885551
1839,1359,1.133333
1840,1359,3.34777
1841,1359,13.711485
1842,1359,36.702465
1871,1359,2.451399
1989,1359,1.384439
1991,1359,54.136719
1749,1360,8.511688
1792,1360,29.364128
1793,1360,10.544758
1804,1360,14.019672
1805,1360,11.099894
1806,1360,3.841666
1826,1360,1.612923
1827,1360,2.278409
1828,1360,2.258929
1835,1360,1.997251
1836,1360,2.355263
1839,1360,1.625608
1840,1360,6.142025
1841,1360,20.166397
1842,1360,14.911209
1871,1360,2.521431
1872,1360,8.719423
1878,1360,10.46339
1879,1360,28.717058
1880,1360,29.040878
1804,1361,50.137955
1805,1361,15.996252
1806,1361,7.790839
1839,1361,1.375608
1840,1361,6.828166
1841,1361,9.60264
1842,1361,84.438385
1879,1361,2.681889
1803,1362,10.271122
1804,1362,18.714008
1805,1362,13.202209
1806,1362,5.004648
1840,1362,3.882253
1841,1362,19.231508
1842,1362,32.580284
1803,1363,15.275006
1804,1363,31.856407
1805,1363,3.693772
1806,1363,1.257398
1840,1363,6.560747
1841,1363,4.492804
1842,1363,146.01387
1914,1363,12.349273
1923,1363,11.239467
1928,1363,12.349273
1933,1363,16.149225
1757,1364,4.273341
1803,1364,15.082807
1804,1364,18.026958
1805,1364,7.738716
1840,1364,3.782779
1841,1364,33.634876
1842,1364,135.016495
1931,1364,12.854851
1932,1364,9.061233
1953,1364,28.981388
1985,1364,5.537757
1991,1364,26.325603
1759,1365,15.318179
1760,1365,43.745575
1803,1365,12.541824
1804,1365,13.343615
1805,1365,1.54386
1840,1365,4.527062
1841,1365,16.880556
1842,1365,226.178925
1931,1365,5.959968
1932,1365,17.590033
1952,1365,22.322056
1953,1365,84.61911
1987,1365,1.409985
1988,1365,2.190214
1989,1365,1.840581
1990,1365,1.918071
1761,1366,4.832491
1803,1366,13.899817
1804,1366,3.391352
1805,1366,5.074416
1809,1366,2.1875
1836,1366,1.076923
1840,1366,11.750208
1841,1366,17.683643
1842,1366,186.911362
1931,1366,2.896376
1932,1366,16.149225
1950,1366,17.207602
1951,1366,16.433552
1952,1366,40.804493
1953,1366,167.1082
1995,1366,45.123894
1803,1367,13.869828
1804,1367,3.391352
1805,1367,5.074416
1838,1367,2.242275
1839,1367,3.607354
1840,1367,16.124859
1841,1367,18.464027
1842,1367,186.194855
1930,1367,6.556446
1931,1367,15.785758
1932,1367,39.127796
1945,1367,191.53653
1949,1367,3.798453
1950,1367,21.49288
1951,1367,51.155216
1952,1367,449.773376
1953,1367,51.316029
1995,1367,25.065552
2001,1367,2.312689
2003,1367,1.490712
2004,1367,2.090933
1769,1368,60.088078
1770,1368,156.543228
1771,1368,89.503883
1803,1368,328.95166
1804,1368,5.440782
1805,1368,5.074416
1807,1368,1.073904
1808,1368,4.582786
1817,1368,1.686968
1818,1368,1.615987
1822,1368,5.915446
1823,1368,1.66516
1824,1368,42.085838
1838,1368,2.466667
1839,1368,7.471001
1840,1368,18.052713
1841,1368,82.58477
1842,1368,133.234222
1930,1368,3.684349
1931,1368,9.061233
1944,1368,2.253519
1945,1368,2.253519
1946,1368,38.62096
1947,1368,694.634888
1948,1368,3.559223
1949,1368,2.548453
1950,1368,20.49288
1951,1368,240.802658
1995,1368,9.498131
2001,1368,1.766138
1771,1369,38.490868
1772,1369,93.999237
1773,1369,71.360168
1774,1369,75.990974
1775,1369,120.985481
1803,1369,559.043762
1804,1369,12.678597
1808,1369,1.035354
1812,1369,5.007872
1813,1369,3.376908
1814,1369,3.165139
1815,1369,19.773115
1816,1369,8.029679
1817,1369,3.242004
1818,1369,4.52417
1819,1369,40.179756
1820,1369,96.728409
1821,1369,101.000595
1822,1369,120.9711
1823,1369,39.302055
1824,1369,39.055565
1825,1369,45.265663
1826,1369,19.876301
1835,1369,2.1875
1836,1369,2.1875
1839,1369,10.110766
1840,1369,58.625977
1841,1369,120.599632
1842,1369,533.910828
1930,1369,4.827238
1931,1369,23.98027
1938,1369,17.259031
1946,1369,3.264921
1948,1369,1.333333
1949,1369,8.798452
1950,1369,25.481255
1951,1369,61.83667
1995,1369,58.655422
2001,1369,2.235116
1774,1370,19.671146
1775,1370,73.356621
1776,1370,77.476883
1777,1370,111.641754
1803,1370,227.075684
1804,1370,41.485123
1805,1370,6.828281
1806,1370,1.211497
1807,1370,5.433914
1808,1370,6.638234
1809,1370,1.951304
1810,1370,3.55562
1811,1370,1.888954
1812,1370,34.690617
1813,1370,13.58037
1814,1370,48.004002
1815,1370,91.36647
1816,1370,20.637806
1817,1370,41.131844
1818,1370,39.679985
1819,1370,84.846825
1820,1370,54.609928
1821,1370,32.945766
1822,1370,62.596821
1823,1370,11.601639
1824,1370,6.416738
1827,1370,134.006073
1828,1370,102.633018
1830,1370,1.336263
1839,1370,12.59236
1840,1370,18.464027
1841,1370,91.738724
1842,1370,171.905487
1929,1370,1.808216
1930,1370,2.325991
1936,1370,15.862149
1937,1370,11.239467
1938,1370,2.056624
1949,1370,4.111112
1950,1370,7.793084
1951,1370,35.757038
1952,1370,74.658699
1953,1370,38.419472
1954,1370,35.637085
1995,1370,92.742279
1775,1371,20.580572
1776,1371,29.473755
1777,1371,43.339878
1778,1371,39.772453
1779,1371,143.157486
1780,1371,85.424019
1781,1371,331.182678
1782,1371,477.654938
1803,1371,260.989868
1804,1371,156.828995
1805,1371,2.565428
1806,1371,2.973445
1807,1371,15.526279
1808,1371,16.958979
1809,1371,5.230825
1810,1371,12.295557
1811,1371,11.868284
1812,1371,181.013611
1813,1371,47.381905
1814,1371,64.64415
1815,1371,201.107086
1816,1371,198.292206
1817,1371,106.56337
1824,1371,15.688098
1825,1371,8.785529
1826,1371,6.357699
1827,1371,27.181034
1828,1371,42.264099
1829,1371,242.25708
1830,1371,70.508827
1832,1371,3.214684
1840,1371,31.733988
1841,1371,84.655746
1929,1371,2.253519
1936,1371,1.808216
1949,1371,4.562386
1950,1371,4.32435
1951,1371,10.190749
1952,1371,31.734711
1953,1371,25.11043
1954,1371,43.905079
1976,1371,19.58605
1977,1371,16.179214
1978,1371,4.79778
1979,1371,4.805617
1980,1371,4.472372
1981,1371,4.354434
1982,1371,3.925879
1983,1371,11.35935
1984,1371,6.191345
1985,1371,1.272657
1986,1371,1.23065
1994,1371,43.577637
2001,1371,9.846697
2002,1371,1.808654
2003,1371,1.700008
1779,1372,37.163589
1782,1372,65.997078
1785,1372,64.351448
1786,1372,106.283974
1803,1372,140.809341
1804,1372,47.81152
1805,1372,6.940235
1806,1372,13.697092
1807,1372,39.057804
1808,1372,31.738413
1809,1372,12.173145
1810,1372,16.242331
1811,1372,20.213449
1827,1372,39.769321
1831,1372,3.465197
1832,1372,1.95731
1833,1372,4.445032
1834,1372,1.025917
1839,1372,1.076923
1840,1372,1.801166
1841,1372,153.432907
1920,1372,1.724554
1944,1372,1.320867
1948,1372,1.887614
1949,1372,4.777459
1950,1372,3.277807
1951,1372,21.253611
1952,1372,26.200615
1966,1372,49.877506
1969,1372,19.108082
1975,1372,22.61245
1976,1372,36.048168
1977,1372,36.048168
1978,1372,35.872986
1979,1372,28.181246
1980,1372,26.656439
1981,1372,100.458008
1982,1372,11.754782
1983,1372,10.363977
1984,1372,6.980182
1985,1372,11.326595
1986,1372,17.453415
1987,1372,14.609546
1988,1372,9.91588
1989,1372,12.104515
1990,1372,14.591631
1991,1372,13.82236
1992,1372,24.708765
1993,1372,21.522388
1994,1372,34.366398
2001,1372,16.233349
2002,1372,8.70491
2003,1372,49.604485
2004,1372,53.18993
2005,1372,10.967435
1786,1373,46.294456
1803,1373,40.91
1805,1373,9.829939
1807,1373,61.665352
1808,1373,52.042431
1809,1373,5.965903
1810,1373,64.13707
1832,1373,54.193016
1833,1373,1.716145
1834,1373,15.388769
1835,1373,7.912117
1840,1373,6.657645
1841,1373,4.7649
1842,1373,186.282196
1920,1373,2.238408
1921,1373,8.263867
1944,1373,1.320867
1948,1373,1.860792
1949,1373,8.908873
1950,1373,4.590565
1951,1373,4.706759
1952,1373,21.867344
1983,1373,5.646651
1984,1373,12.276502
1985,1373,34.990604
1986,1373,24.237036
1987,1373,31.280136
1988,1373,183.35228
1989,1373,173.48082
1990,1373,173.968658
1991,1373,153.322388
1993,1373,29.596466
2001,1373,2.740477
2002,1373,41.86837
2003,1373,72.624519
2004,1373,27.107107
2005,1373,8.00146
1807,1374,20.762819
1808,1374,25.783834
1810,1374,20.15131
1831,1374,18.300694
1834,1374,48.079403
1835,1374,26.466827
1839,1374,1.930674
1840,1374,16.952456
1841,1374,11.359768
1842,1374,18.47438
1918,1374,2.044445
1921,1374,1.829466
1928,1374,9.545661
1948,1374,4.312043
1949,1374,5.683827
1950,1374,5.921624
1951,1374,13.87151
2001,1374,2.659604
2002,1374,102.202644
1831,1375,376.910614
1834,1375,202.432556
1836,1375,6.949737
1837,1375,8.375663
1838,1375,3.17531
1840,1375,2.730838
1841,1375,4.61725
1842,1375,4.438151
1928,1375,18.756599
1947,1375,1.813024
1948,1375,7.360667
1950,1375,12.10957
1954,1375,5.310462
1955,1375,5.368876
1956,1375,18.675333
2001,1375,22.222216
1913,1376,2.020407
1928,1376,28.989946
1947,1376,1.926821
1948,1376,5.637946
2001,1376,127.259468
2002,1376,3.81827
2004,1376,8.539937
