1728,1169,20.658154
1727,1170,266.018768
1728,1170,76.59127
1729,1170,61.097931
1673,1171,734.56134
1726,1171,348.622742
1727,1171,71.29464
1728,1171,73.050148
1729,1171,80.986938
1730,1171,74.268539
1660,1172,1.240561
1661,1172,368.576782
1661,1174,416.963745
1661,1175,769.411011
1644,1177,167.216736
1674,1178,5.791663
1660,1179,1.951052
1615,1180,58.424709
1674,1180,1.324999
1615,1181,1.426679
1649,1181,13.208361
1661,1181,16.780712
1674,1181,1.262414
1615,1182,13.99466
1649,1182,13.208361
1672,1182,62.876949
1674,1182,6.147827
1672,1183,62.876949
1674,1183,6.85688
1660,1184,9.157898
1661,1184,8.749994
1672,1184,211.311493
1674,1184,1.065217
1661,1185,8.749994
1672,1185,263.186493
1672,1186,229.182053
1713,1186,1.96407
1714,1186,3.419432
1672,1187,532.80719
1658,1188,1.753388
1659,1188,2.350675
1660,1188,11.884604
1661,1188,213.391693
1672,1188,495.50412
1687,1188,248.875366
1660,1189,51.217949
1661,1189,76.489906
1672,1189,194.384109
1728,1189,14.362089
1729,1189,25.158783
1660,1190,53.333359
1661,1190,191.348053
1672,1190,194.384109
1729,1190,25.658783
1659,1191,8.279703
1672,1191,194.384109
1684,1191,7.144605
1725,1191,25.201241
1672,1192,232.300491
1725,1192,72.416748
1726,1192,66.489334
1659,1193,1.107316
1671,1193,491.249725
1672,1193,713.065613
1683,1193,34.763195
1712,1193,4.056637
1726,1193,18.673887
1633,1194,503.776062
1661,1194,1316.27478
1671,1194,345.666016
1672,1194,563.10553
1682,1194,26.972404
1683,1194,102.092033
1712,1194,1.307693
1713,1194,2.074073
1725,1194,124.592209
1634,1195,206.591919
1635,1195,28.027357
1638,1195,1.071428
1640,1195,26.429213
1641,1195,2.483323
1683,1195,362.50882
1634,1196,175.81015
1635,1196,172.580215
1636,1196,15.150687
1637,1196,1.91241
1639,1196,4.234567
1640,1196,27.429213
1641,1196,2.483323
1674,1196,1.106148
1711,1196,140.891068
1634,1197,85.456284
1635,1197,111.921669
1636,1197,201.986404
1637,1197,2.754475
1638,1197,1.139286
1639,1197,19.00946
1640,1197,50.160496
1641,1197,96.104881
1634,1198,77.854286
1635,1198,145.348557
1636,1198,5.402908
1637,1198,3.233179
1638,1198,2.139807
1639,1198,37.603954
1640,1198,93.728226
1641,1198,262.282623
1674,1198,1.106148
1634,1199,4.519463
1635,1199,4.29428
1638,1199,3.617839
1639,1199,26.181568
1640,1199,307.988708
1641,1199,200.377991
1674,1199,1.464035
1634,1200,1.087912
1638,1200,1.220238
1639,1200,13.714764
1640,1200,193.119659
1641,1200,679.112244
1673,1200,1.634617
1635,1201,6.410569
1638,1201,1.19246
1639,1201,20.321445
1640,1201,124.639145
1641,1201,240.302872
1672,1201,120.607803
1638,1202,1.511798
1639,1202,13.91301
1640,1202,222.511932
1641,1202,336.157532
1642,1202,371.455139
1659,1202,1.271374
1671,1202,874.620667
1672,1202,915.848083
1711,1202,2.536662
1634,1203,247.971603
1635,1203,22.244516
1638,1203,3.994841
1639,1203,19.212557
1640,1203,126.865509
1641,1203,57.531689
1642,1203,32.830334
1636,1204,25.484936
1637,1204,139.75177
1638,1204,6.445238
1639,1204,6.497371
1640,1204,10.398263
1641,1204,4.085334
1726,1204,165.77536
1635,1205,9.63181
1636,1205,4.528219
1637,1205,4.943016
1638,1205,3.184767
1639,1205,4.243285
1640,1205,4.646172
1641,1205,6.808778
1658,1205,4.402249
1638,1206,5.495167
1639,1206,9.612914
1640,1206,3.906691
1641,1206,6.584753
1642,1206,13.971129
1658,1206,220.022766
1726,1206,362.722656
1638,1207,3.924373
1639,1207,19.311934
1640,1207,6.026245
1641,1207,7.290044
1658,1207,3.516838
1659,1207,51.149681
1638,1208,6.591431
1639,1208,4.457919
1640,1208,11.255303
1658,1208,24.651211
1659,1208,18.094219
1638,1209,4.13791
1639,1209,4.088379
1640,1209,11.710191
1641,1209,10.550112
1636,1210,2.546156
1637,1210,2.697602
1638,1210,6.56511
1639,1210,24.842705
1640,1210,44.806698
1641,1210,30.548904
1658,1210,23.832716
1685,1210,787.155945
1636,1211,2.565855
1637,1211,7.227587
1638,1211,4.357371
1639,1211,96.856438
1636,1212,11.591206
1637,1212,8.82762
1683,1212,10.455967
1726,1216,13.720743
1726,1217,33.19725
1726,1218,23.796066
1681,1219,15.460307
1688,1219,10.433854
1726,1219,42.692184
1681,1220,11.25153
1687,1220,3.428535
1725,1220,150.474564
1726,1220,117.494957
1683,1221,3.027578
1684,1221,2.49042
1686,1221,2.830994
1687,1221,5.004056
1688,1221,248.496185
1693,1221,12.641193
1725,1221,42.660114
1726,1221,136.854965
1727,1221,31.839651
1691,1222,1.186845
1705,1222,5.199975
1726,1222,64.641815
1727,1222,309.055847
1680,1228,2.0258
1681,1228,4.660616
1666,1229,2.11902
1679,1229,1.943673
1683,1229,2.929786
1684,1229,7.992885
1685,1229,16.484066
1686,1229,1.891891
1687,1229,2.806262
1688,1229,8.065606
1691,1229,1.147793
1692,1229,1.106148
1699,1229,5.14748
1700,1229,5.14748
1701,1229,8.681557
1652,1230,1.573317
1653,1230,218.724472
1679,1230,2.03556
1680,1230,1.891891
1681,1230,2.946062
1683,1230,10.487037
1684,1230,2.497795
1685,1230,23.21314
1686,1230,29.991552
1687,1230,1.567837
1688,1230,1.090744
1692,1230,3.524219
1700,1230,165.716599
1702,1230,4.4424
1703,1230,4.4424
1705,1230,3.991506
1707,1230,4.43046
1708,1230,3.630391
1684,1231,38.577072
1685,1231,42.747585
1697,1231,2.805772
1703,1231,1.268408
1708,1231,8.94447
1653,1232,1.297019
1654,1232,45.4478
1658,1232,334.378571
1679,1232,6.123998
1706,1232,5.137834
1707,1232,1.413416
1659,1233,23.187981
1679,1233,5.998265
1688,1233,6.023589
1700,1233,2.083395
1703,1233,1.106148
1704,1233,2.215127
1705,1233,2.112936
1706,1233,4.297346
1707,1233,5.81742
1710,1233,1.837928
1711,1233,8.981827
1719,1233,1.902502
1722,1233,46.313133
1672,1234,304.357788
1678,1234,6.33783
1679,1234,7.641624
1687,1234,6.225992
1688,1234,2.618657
1696,1234,2.223658
1697,1234,2.799217
1704,1234,2.083395
1705,1234,1.9109
1706,1234,6.582055
1711,1234,2.757207
1719,1234,2.735129
1625,1235,17.8253
1654,1235,1.069657
1666,1235,179.877304
1675,1235,27.471043
1677,1235,6.123998
1683,1235,4.409081
1684,1235,14.498668
1685,1235,5.133164
1686,1235,2.695454
1687,1235,2.8223
1704,1235,1.806229
1706,1235,4.504701
1714,1235,5.080551
1715,1235,3.90332
1716,1235,3.770698
1717,1235,20.907997
1719,1235,7.089254
1720,1235,1.666668
1625,1236,14.885344
1659,1236,2.033265
1660,1236,4.416132
1674,1236,147.991776
1675,1236,9.765634
1677,1236,6.109235
1680,1236,7.317312
1682,1236,7.579567
1683,1236,3.461544
1684,1236,1.446829
1690,1236,2.799217
1716,1236,20.358435
1717,1236,47.59565
1718,1236,41.762203
1625,1237,101.322075
1660,1237,18.5427
1674,1237,60.794968
1675,1237,9.887003
1677,1237,10.55669
1678,1237,20.525198
1679,1237,6.893147
1680,1237,7.769576
1682,1237,7.579567
1683,1237,2.181302
1716,1237,44.619377
1625,1238,6.727183
1628,1238,42.623608
1660,1238,46.063385
1665,1238,25.055916
1666,1238,17.084616
1667,1238,49.171043
1674,1238,96.318199
1676,1238,27.575788
1677,1238,5.707708
1678,1238,2.6347
1681,1238,7.579567
1685,1238,3.784136
1690,1238,2.519329
1625,1239,6.727183
1627,1239,26.816055
1630,1239,26.767733
1653,1239,1.02925
1654,1239,1.297019
1671,1239,23.178238
1672,1239,46.781712
1673,1239,12.604361
1674,1239,33.172569
1681,1239,2.555155
1684,1239,2.869501
1685,1239,2.805122
1715,1239,2.598732
1722,1239,5.01704
1625,1240,7.743135
1627,1240,36.208988
1630,1240,25.79731
1666,1240,4.942057
1667,1240,11.299669
1678,1240,2.644837
1682,1240,2.555155
1683,1240,2.304821
1719,1240,14.260952
1625,1241,7.743135
1627,1241,30.370358
1631,1241,13.322571
1671,1241,2.095027
1673,1241,2.07581
1675,1241,2.545046
1678,1241,2.744852
1682,1241,2.101138
1692,1241,1.980582
1703,1241,2.080205
1714,1241,1.806229
1717,1241,2.272751
1718,1241,2.204526
1719,1241,1.150919
1625,1242,6.420362
1630,1242,2.384263
1631,1242,3.282979
1676,1242,2.545046
1684,1242,2.545046
1706,1242,2.228638
1709,1242,2.308028
1711,1242,2.501941
1712,1242,2.798898
1627,1243,33.277962
1630,1243,3.817963
1659,1243,2.25275
1660,1243,1.713385
1666,1243,5.928956
1673,1243,2.241037
1681,1243,2.530162
1706,1243,1.449186
1625,1244,14.624144
1630,1244,8.389555
1658,1244,1.36465
1659,1244,3.180755
1671,1244,29.728195
1672,1244,10.875866
1676,1244,2.081373
1682,1244,2.311748
1684,1244,2.545046
1703,1244,1.26235
1707,1244,2.315319
1723,1244,39.668224
1625,1245,40.050404
1626,1245,41.402584
1628,1245,12.849659
1673,1245,2.897511
1675,1245,1.605042
1676,1245,1.610099
1681,1245,2.530162
1693,1245,2.09648
1707,1245,2.329413
1719,1245,5.249537
1625,1246,25.03146
1626,1246,11.458136
1627,1246,23.872023
1628,1246,79.534943
1672,1246,2.203718
1673,1246,2.459692
1675,1246,3.474811
1694,1246,2.143845
1710,1246,2.419444
1711,1246,2.413568
1719,1246,2.424858
1723,1246,21.670822
1625,1247,21.957441
1626,1247,47.068592
1627,1247,101.259315
1672,1247,2.715111
1673,1247,19.564566
1677,1247,2.036166
1684,1247,8.405906
1686,1247,2.284245
1693,1247,2.01561
1694,1247,2.218537
1703,1247,2.114181
1718,1247,2.289145
1671,1248,3.038899
1673,1248,2.828313
1687,1248,2.339154
1690,1248,2.024284
1702,1248,1.553092
1703,1248,21.537022
1717,1248,2.114181
1723,1248,3.091331
1687,1249,2.217516
1689,1249,3.771788
1690,1249,2.51837
1705,1249,4.838879
1706,1249,2.174989
1709,1249,9.351389
1717,1249,2.415417
1684,1250,1.056434
1685,1250,1.043208
1686,1250,2.611819
1687,1250,2.916166
1693,1250,2.125954
1703,1250,1.995604
1667,1251,1.436507
1674,1251,28.85401
1711,1251,2.099969
1676,1252,1.506074
1681,1252,3.175683
1691,1252,7.786831
1711,1252,25.728733
1719,1252,1.920726
1721,1252,1.960539
1665,1253,1.17363
1688,1253,1.043208
1689,1253,1.985909
1692,1253,2.489815
1694,1253,2.080205
1696,1253,2.155225
1697,1253,21.941072
1698,1253,23.038799
1699,1253,11.182158
1711,1253,7.960958
1716,1253,1.242368
1717,1253,2.521656
1718,1253,2.195478
1720,1253,1.306721
1672,1254,2.754756
1689,1254,2.255411
1696,1254,2.485875
1697,1254,6.804219
1712,1254,21.941072
1713,1254,2.864652
1718,1254,2.119958
1672,1255,1.998364
1697,1255,18.238461
1701,1255,5.090789
1702,1255,9.441272
1712,1255,13.465131
1716,1255,4.196456
1717,1255,2.125765
1718,1255,1.825384
1667,1256,2.528118
1668,1256,2.698977
1669,1256,2.039608
1671,1256,2.077927
1696,1256,4.541586
1699,1256,8.837351
1706,1256,8.252509
1717,1256,2.364064
1718,1256,1.495882
1722,1256,16.853559
1723,1256,444.208252
1682,1257,1.985909
1687,1257,2.660945
1696,1257,32.444828
1697,1257,4.00316
1698,1257,6.642595
1717,1257,1.504203
1722,1257,13.200039
1723,1257,22.741518
1675,1258,4.89816
1683,1258,2.416835
1686,1258,2.543592
1688,1258,3.045307
1692,1258,8.40688
1693,1258,10.153215
1695,1258,2.909631
1696,1258,7.47291
1715,1258,6.97068
1719,1258,1.284673
1723,1258,30.968147
1633,1259,20.1399
1679,1259,6.690329
1696,1259,23.514973
1718,1259,1.207299
1719,1259,1.095428
1720,1259,1.1442
1723,1259,20.400145
1724,1259,13.384152
1632,1260,21.692032
1633,1260,17.12693
1634,1260,152.331131
1635,1260,28.870554
1665,1260,1.806602
1674,1260,2.912378
1675,1260,3.471931
1689,1260,2.221367
1696,1260,11.402366
1712,1260,9.961282
1713,1260,10.599257
1714,1260,7.058132
1716,1260,1.614273
1723,1260,24.575245
1634,1261,9.195466
1635,1261,4.192446
1679,1261,9.455397
1682,1261,1.046583
1690,1261,2.094257
1691,1261,2.17012
1692,1261,7.102827
1695,1261,8.408334
1698,1261,7.785966
1714,1261,8.725762
1717,1261,6.817367
1719,1261,8.061391
1720,1261,8.506491
1722,1261,2.447511
1626,1262,83.954483
1635,1262,2.711348
1688,1262,2.29118
1689,1262,2.125954
1690,1262,2.104308
1692,1262,3.653807
1635,1263,4.179442
1683,1263,1.078322
1684,1263,1.115552
1685,1263,3.323736
1690,1263,1.120947
1695,1263,9.654659
1696,1263,7.058132
1714,1263,12.317449
1678,1264,3.109247
1679,1264,3.007617
1682,1264,1.154231
1683,1264,1.313229
1684,1264,1.45821
1694,1264,3.319241
1695,1264,2.362794
1696,1264,1.169256
1699,1264,1.097014
1720,1264,3.27925
1721,1264,2.106378
1722,1264,2.271339
1684,1265,1.771307
1687,1265,1.576335
1688,1265,1.060506
1689,1265,3.444867
1690,1265,1.128225
1691,1265,1.118328
1692,1265,3.779211
1695,1265,2.29118
1720,1265,7.738624
1689,1266,1.995604
1693,1266,5.048882
1682,1267,1.056434
1684,1267,2.015325
1688,1267,3.49049
1689,1267,1.849481
1692,1267,1.128225
1693,1267,2.385382
1695,1267,3.715161
1722,1267,1.109956
1723,1267,1.16279
1724,1267,1.191472
1680,1268,6.589452
1688,1268,1.537814
1695,1268,3.708991
1715,1268,35.294811
1719,1268,7.113707
1669,1269,3.501941
1692,1269,2.699513
1704,1269,2.155296
1716,1269,17.033371
1718,1269,1.047967
1728,1269,1.589628
1670,1270,3.41629
1689,1270,1.959801
1690,1270,1.482856
1691,1270,1.488925
1692,1270,5.66445
1704,1270,2.217272
1714,1270,26.461203
1716,1270,8.041181
1719,1270,1.186019
1675,1271,1.723723
1689,1271,2.726311
1692,1271,11.598157
1693,1271,2.33235
1694,1271,19.773663
1715,1271,7.96363
1716,1271,10.566614
1720,1271,2.165962
1723,1271,1.470219
1690,1272,2.660432
1691,1272,21.350437
1715,1272,34.249355
1716,1272,28.171883
1720,1272,1.263823
1723,1272,1.05986
1729,1272,1.277257
1681,1273,1.09477
1691,1273,12.025726
1713,1273,25.229647
1714,1273,14.977542
1715,1273,24.730553
1716,1273,3.123292
1718,1273,1.331027
1720,1273,1.354946
1721,1273,1.04996
1729,1273,8.122068
1677,1274,1.150479
1678,1274,1.137521
1692,1274,18.993795
1713,1274,17.179295
1714,1274,19.90943
1716,1274,2.995584
1719,1274,2.833632
1722,1274,1.202551
1729,1274,5.721445
1686,1275,2.586395
1692,1275,17.803389
1693,1275,8.996254
1715,1275,1.056188
1717,1275,1.044004
1718,1275,5.559897
1719,1275,3.014127
1723,1275,1.311835
1729,1275,5.070945
1659,1276,5.732838
1668,1276,3.527849
1671,1276,2.033522
1687,1276,2.108105
1714,1276,18.274261
1717,1276,15.653654
1718,1276,3.342891
1719,1276,4.846713
1729,1276,3.016201
1687,1277,2.732545
1690,1277,15.449831
1714,1277,19.21242
1719,1277,1.054277
1729,1277,10.846121
1663,1278,1.260809
1666,1278,1.395176
1689,1278,4.289378
1714,1278,17.709991
1718,1278,1.208779
1720,1278,3.684215
1729,1278,11.412498
1660,1279,1.395176
1662,1279,1.260809
1663,1279,1.39164
1665,1279,1.254725
1687,1279,1.343525
1690,1279,1.383758
1691,1279,14.902952
1693,1279,13.575101
1694,1279,19.638248
1695,1279,14.373428
1698,1279,14.262027
1714,1279,16.393694
1715,1279,9.15738
1718,1279,1.056883
1729,1279,12.491331
1693,1280,1.200817
1694,1280,13.332803
1699,1280,19.887007
1711,1280,14.2658
1712,1280,13.117935
1714,1280,21.383234
1715,1280,2.975922
1721,1280,1.202551
1729,1280,11.92212
1656,1281,1.472153
1690,1281,1.471948
1692,1281,2.110158
1694,1281,2.57885
1699,1281,13.242242
1713,1281,15.304773
1714,1281,25.368372
1718,1281,1.056188
1729,1281,5.226297
1689,1282,1.306838
1695,1282,13.485696
1711,1282,17.85148
1712,1282,15.457167
1713,1282,21.710447
1714,1282,3.754182
1718,1282,3.049001
1724,1282,1.05485
1690,1283,1.32155
1691,1283,2.269563
1692,1283,3.496777
1700,1283,12.885612
1711,1283,55.357903
1714,1283,8.831211
1718,1283,3.049001
1719,1283,2.259531
1720,1283,2.044775
1690,1284,1.356293
1692,1284,2.414646
1698,1284,112.702042
1700,1284,14.164935
1712,1284,4.099148
1713,1284,8.813013
1714,1284,1.168501
1718,1284,2.789124
1657,1285,1.602622
1685,1285,1.346396
1692,1285,3.10973
1693,1285,3.44834
1695,1285,2.202359
1696,1285,3.048639
1698,1285,8.03449
1699,1285,12.143136
1703,1285,3.496019
1658,1286,5.712817
1691,1286,1.49822
1693,1286,2.414646
1696,1286,2.588748
1698,1286,1.200817
1699,1286,13.252069
1700,1286,14.96082
1722,1286,2.407004
1687,1287,1.363385
1691,1287,1.168292
1693,1287,1.175036
1694,1287,1.718808
1700,1287,14.760281
1712,1287,10.465882
1713,1287,2.636904
1718,1287,1.195314
1719,1287,1.200817
1721,1287,1.190281
1722,1287,1.169954
1694,1288,1.808098
1695,1288,2.762357
1698,1288,1.034108
1709,1288,2.166687
1710,1288,1.857748
1712,1288,9.003523
1713,1288,2.947188
1672,1289,1.335289
1693,1289,1.014943
1706,1289,5.896156
1716,1289,1.195314
1717,1289,1.06648
1718,1289,1.036256
1696,1290,1.422226
1706,1290,26.269918
1707,1290,1.477678
1708,1290,2.748396
1709,1290,2.596292
1712,1290,2.562128
1696,1291,1.426429
1705,1291,15.309115
1706,1291,5.61407
1707,1291,1.363385
1715,1291,1.043418
1716,1291,1.06648
1717,1291,1.018058
1718,1291,1.016605
1686,1292,1.168292
1696,1292,1.320052
1697,1292,2.268606
1698,1292,5.225005
1700,1292,2.128404
1688,1294,1.134976
1690,1294,1.112932
1702,1294,2.482811
1703,1294,2.614381
1644,1295,1.806749
1645,1295,16.113363
1644,1296,8.894341
1647,1296,143.165894
1646,1297,219.457458
1648,1297,1.191189
1683,1297,1.230169
1712,1297,1.195314
1642,1301,74.238892
1652,1301,192.730209
1634,1302,1.671293
1647,1302,107.85247
1648,1302,65.589905
1634,1303,1.651499
1724,1303,8.722876
1634,1304,2.231417
1633,1306,2.520344
1664,1306,33.539444
1712,1306,1.212214
1633,1307,5.914968
1684,1307,7.431014
1685,1307,7.431879
1635,1308,4.872487
1687,1308,5.608853
1633,1309,4.854928
1634,1309,4.854928
1635,1309,4.729511
1636,1309,3.010209
1637,1309,29.808413
1638,1309,62.176937
1640,1309,248.749466
1642,1309,138.384476
1643,1309,102.056793
1707,1309,8.976927
1708,1309,8.976927
1709,1309,9.048355
1710,1309,8.976927
1711,1309,8.976927
1712,1309,9.104849
1713,1309,8.615227
1714,1309,8.971424
1715,1309,9.509291
1716,1309,4.555506
1717,1309,4.550002
1718,1309,4.226509
1719,1309,4.209934
1720,1309,4.209678
1721,1309,6.275064
1722,1309,4.216218
1635,1310,2.403627
1638,1310,42.988026
1690,1010,1243.975342
1633,1311,7.498435
1634,1311,2.222555
1635,1311,1.624967
1640,1311,40.586029
1643,1311,165.871048
1660,1311,2.709852
1675,1311,20.442722
1717,1311,8.421011
1637,1312,1.506818
1638,1312,1.586428
1640,1312,54.064072
1656,1312,14.461184
1657,1312,15.639314
1659,1312,15.212808
1665,1312,35.555851
1666,1312,2.573075
1720,1312,4.062525
1721,1312,4.052628
1722,1312,4.052628
1723,1312,4.051174
1724,1312,7.110874
1637,1313,4.862038
1644,1313,103.923752
1659,1313,3.315185
1672,1313,19.815298
1674,1313,3.254135
1675,1313,3.319153
1676,1313,2.613164
1678,1314,1.83406
1679,1314,3.528094
1680,1314,20.572243
1681,1314,14.465504
1682,1314,20.455418
1641,1315,106.455963
1649,1315,129.104065
1679,1315,1.845973
1680,1315,15.365399
1634,1316,1.714874
1639,1316,54.739357
1640,1316,6.139795
1641,1316,428.680054
1643,1316,171.700348
1649,1316,872.804871
1656,1316,14.803238
1658,1316,60.760777
1635,1317,5.449806
1636,1317,2.103164
1637,1317,351.72525
1638,1317,66.142303
1644,1317,104.446068
1649,1317,469.630127
1657,1317,1.988445
1658,1317,2.227967
1682,1317,1.887864
1683,1317,3.316535
1719,1317,4.271276
1636,1318,17.374655
1637,1318,23.616488
1644,1318,86.01786
1657,1318,32.299629
1719,1318,9.802181
1720,1318,3.331593
1641,1319,441.789978
1648,1319,86.286751
1678,1319,2.808059
1718,1319,1.436531
1719,1319,1.63113
1641,1320,30.553904
1642,1320,182.330124
1643,1320,193.576523
1687,1320,1.903636
1717,1320,1.295337
1641,1321,21.334089
1643,1321,188.067093
1644,1321,73.498611
1645,1321,67.535805
1655,1321,95.095749
1688,1321,14.239988
1689,1321,14.462959
1690,1321,2.391748
1691,1321,2.640875
1692,1321,3.532828
1641,1322,342.439911
1693,1322,3.51075
1697,1322,15.446284
1698,1322,47.556271
1715,1322,2.609414
1640,1323,6.730736
1641,1323,190.198792
1642,1323,69.633881
1646,1323,77.150246
1693,1323,2.676403
1694,1323,3.469126
1643,1324,130.577591
1645,1324,162.692657
1646,1324,89.704071
1654,1324,89.894005
1655,1324,10.906189
1646,1325,243.912338
1692,1325,1.83406
1693,1325,2.879275
1694,1325,3.467673
1628,1047,369.66864
1691,1052,664.945618
1726,1056,162.066574
1727,1056,182.625137
1728,1056,67.887421
1729,1056,50.422436
1730,1056,23.827675
1729,1057,81.333878
1730,1057,55.290684
1647,1074,1915.458374
1721,1081,465.877747
1721,1082,64.136612
1722,1082,81.046425
1723,1082,36.69463
1724,1082,32.534515
1725,1082,22.225735
1726,1082,22.225735
1727,1082,38.547356
1728,1082,17.557083
1721,1083,49.574615
1722,1083,55.329296
1723,1083,37.882145
1724,1083,49.121666
1725,1083,24.456997
1726,1083,25.473976
1727,1083,24.956989
1684,1084,377.629242
1685,1084,211.500092
1721,1084,53.803333
1722,1084,36.097569
1723,1084,14.335114
1724,1084,26.783646
1725,1084,6.550585
1726,1084,6.550585
1727,1084,111.914063
1721,1085,27.689743
1722,1085,13.318211
1723,1085,8.007408
1724,1085,1.440172
1725,1085,2.138838
1726,1085,101.320808
1727,1085,56.339314
1721,1086,19.13916
1722,1086,12.69993
1723,1086,7.150483
1724,1086,1.104271
1725,1086,16.95822
1726,1086,48.953499
1721,1087,23.520115
1722,1087,34.435547
1723,1087,4.399999
1724,1087,6.354775
1725,1087,16.95822
1726,1087,16.40484
1721,1088,24.3071
1722,1088,11.105474
1723,1088,9.764851
1724,1088,5.868658
1725,1088,27.958158
1726,1088,17.35928
1720,1089,34.314812
1721,1089,23.584511
1722,1089,19.008245
1723,1089,3.815414
1724,1089,5.868658
1725,1089,10.100553
1726,1089,17.35928
1720,1090,44.517765
1721,1090,23.157349
1722,1090,7.885439
1723,1090,2.822491
1724,1090,8.654648
1725,1090,9.476754
1726,1090,15.348303
1719,1091,47.05954
1720,1091,66.585037
1721,1091,23.177746
1722,1091,1.887838
1723,1091,1.104271
1724,1091,6.796975
1725,1091,9.175978
1726,1091,12.592278
1719,1092,44.540737
1720,1092,22.879541
1721,1092,15.194538
1722,1092,3.78188
1724,1092,2.621753
1725,1092,9.349978
1726,1092,12.263436
1719,1093,44.36998
1720,1093,22.879541
1721,1093,8.411647
1722,1093,4.21768
1724,1093,2.621753
1725,1093,13.498131
1726,1093,12.263436
1719,1094,68.394089
1720,1094,22.403078
1721,1094,10.224544
1722,1094,1.104271
1724,1094,2.621753
1725,1094,13.498131
1726,1094,12.263436
1719,1095,55.600002
1720,1095,22.403078
1721,1095,10.224544
1722,1095,1.827491
1726,1095,6.092933
1727,1095,18.388485
1728,1095,18.646526
1719,1096,41.349747
1720,1096,14.748702
1721,1096,6.624375
1724,1096,2.2
1725,1096,3.621753
1726,1096,15.339581
1727,1096,22.763481
1719,1097,29.219957
1720,1097,14.748702
1721,1097,2.866658
1725,1097,3.914284
1726,1097,9.917552
1727,1097,15.348303
1719,1098,25.798374
1720,1098,12.85369
1721,1098,3.103418
1724,1098,1.194019
1725,1098,8.323674
1726,1098,32.23296
1727,1098,33.457928
1718,1099,39.055004
1719,1099,25.798374
1720,1099,11.362751
1721,1099,3.103418
1724,1099,2.1
1725,1099,9.36237
1726,1099,21.814438
1727,1099,25.183857
1718,1100,36.95639
1719,1100,31.397673
1720,1100,10.747086
1721,1100,3.103418
1724,1100,1.1
1725,1100,7.506102
1726,1100,35.383034
1727,1100,47.04171
1718,1101,40.755886
1719,1101,21.971756
1720,1101,15.54967
1721,1101,1.442841
1723,1101,1.2
1724,1101,1.1
1725,1101,18.817663
1726,1101,32.999279
1718,1102,21.153522
1719,1102,16.246885
1720,1102,7.709131
1721,1102,1.081255
1724,1102,5.943287
1725,1102,26.958405
1726,1102,48.089851
1718,1103,22.363178
1719,1103,16.246885
1720,1103,7.709131
1723,1103,2.455613
1724,1103,4.094616
1725,1103,18.388485
1726,1103,17.587265
1718,1104,31.070427
1719,1104,16.171936
1720,1104,6.25365
1723,1104,4.099999
1724,1104,9.799248
1725,1104,15.434772
1718,1105,29.06646
1719,1105,9.298965
1720,1105,2.682222
1723,1105,1.1
1724,1105,6.092933
1725,1105,15.434772
1726,1105,21.890074
1718,1106,17.971823
1719,1106,8.798965
1720,1106,2.682222
1723,1106,2.621753
1724,1106,8.314411
1725,1106,12.263436
1682,1107,98.172813
1718,1107,20.884727
1719,1107,8.696678
1720,1107,2.734143
1723,1107,2.621753
1724,1107,8.314411
1725,1107,12.263436
1718,1108,20.884727
1719,1108,9.160686
1720,1108,4.623482
1723,1108,2.621753
1724,1108,8.314411
1725,1108,12.263436
1718,1109,20.884727
1719,1109,8.752078
1720,1109,4.623482
1723,1109,1.1
1724,1109,6.092933
1725,1109,15.348514
1726,1109,21.211973
1718,1110,7.848443
1719,1110,8.696678
1720,1110,2.958406
1724,1110,3.914284
1725,1110,9.099977
1726,1110,20.659332
1718,1111,7.848443
1719,1111,8.696678
1720,1111,2.958406
1724,1111,2.621753
1725,1111,8.314411
1726,1111,19.748384
1727,1111,17.294359
1718,1112,8.11218
1719,1112,5.950824
1720,1112,2.958406
1725,1112,6.208004
1726,1112,23.573158
1727,1112,20.466316
1718,1113,3.515032
1719,1113,4.153574
1725,1113,3.914284
1726,1113,23.573158
1727,1113,15.407904
1717,1114,22.171038
1718,1114,8.696678
1719,1114,2.682222
1725,1114,2.904761
1726,1114,8.799248
1727,1114,17.594347
1716,1115,30.959711
1717,1115,17.633276
1718,1115,10.313618
1719,1115,1.435955
1725,1115,2.904761
1726,1115,8.799248
1727,1115,17.5583
1716,1116,30.959711
1717,1116,17.633276
1718,1116,10.313618
1719,1116,1.200734
1725,1116,2.904761
1726,1116,8.799248
1727,1116,17.5583
1717,1117,3.890965
1718,1117,6.468188
1719,1117,1.200734
1725,1117,2.1
1726,1117,8.799248
1727,1117,19.351686
1717,1118,3.890965
1718,1118,3.898902
1725,1118,1.1
1726,1118,8.799248
1727,1118,15.348514
1702,1119,105.204681
1717,1119,3.890965
1718,1119,3.898902
1728,1119,8.672606
1729,1119,64.254997
1730,1119,201.843628
1716,1120,22.019955
1717,1120,3.890965
1718,1120,3.898902
1727,1120,1.1
1728,1120,10.684193
1729,1120,65.309898
1716,1121,22.019955
1717,1121,3.890965
1718,1121,4.56809
1727,1121,3.555557
1728,1121,7.850012
1729,1121,16.34837
1716,1122,22.019955
1717,1122,3.890965
1718,1122,4.56809
1727,1122,5.38095
1728,1122,15.798798
1729,1122,22.237276
1717,1123,8.166653
1718,1123,5.56809
1726,1123,1.1
1727,1123,7.09293
1728,1123,13.397948
1729,1123,91.434807
1770,1123,21.447128
1717,1124,20.366638
1727,1124,6.684202
1728,1124,13.992079
1770,1124,9.269332
1728,1125,16.588207
1688,1127,63.696671
1689,1127,30.610563
1693,1127,3.768199
1686,1128,68.669464
1687,1128,45.099709
1688,1128,20.547468
1689,1128,17.69869
1690,1128,14.918354
1683,1129,152.414337
1684,1129,93.038963
1685,1129,45.802711
1686,1129,30.771605
1687,1129,19.880161
1688,1129,9.404438
1689,1129,12.869559
1691,1129,11.984645
1682,1130,145.043472
1683,1130,83.793381
1684,1130,33.310181
1685,1130,20.910749
1686,1130,12.437674
1687,1130,10.537675
1688,1130,10.505573
1689,1130,6.12788
1690,1130,27.822479
1691,1130,10.111601
1696,1130,7.182431
1697,1130,287.723877
1681,1131,77.728615
1682,1131,48.412697
1683,1131,18.301796
1684,1131,13.308975
1685,1131,7.14231
1686,1131,2.964705
1687,1131,2.964705
1688,1131,2.75911
1689,1131,5.750049
1690,1131,4.750049
1691,1131,5.162431
1695,1131,57.313431
1696,1131,40.179943
1680,1132,330.440704
1681,1132,23.769808
1682,1132,5.979986
1684,1132,1.021978
1694,1132,19.332628
1695,1132,27.258621
1696,1132,221.17009
1680,1133,54.167332
1681,1133,5.312365
1682,1133,2.309173
1684,1133,2.72306
1690,1133,2.0
1691,1133,13.523807
1692,1133,16.140472
1693,1133,5.000002
1694,1133,11.800001
1695,1133,13.820104
1696,1133,8.813019
1679,1134,279.865326
1680,1134,372.48938
1681,1134,25.111105
1682,1134,7.742742
1683,1134,2.634279
1684,1134,7.383648
1685,1134,1.02069
1686,1134,1.241379
1689,1134,6.199998
1690,1134,6.647123
1691,1134,5.647965
1692,1134,16.945948
1693,1134,11.983348
1694,1134,12.412513
1695,1134,5.596469
1696,1134,6.65863
1679,1135,500.459961
1680,1135,443.137817
1682,1135,3.02248
1683,1135,25.732605
1684,1135,8.509335
1689,1135,1.958102
1690,1135,2.962723
1691,1135,1.942034
1692,1135,16.369898
1693,1135,7.836098
1694,1135,10.730043
1695,1135,14.80031
1696,1135,8.914817
1685,1136,4.79167
1686,1136,3.463541
1687,1136,4.151876
1689,1136,3.946756
1690,1136,3.24789
1691,1136,2.759456
1692,1136,1.853154
1693,1136,6.435227
1694,1136,3.71547
1695,1136,1.295366
1696,1136,12.885475
1697,1136,13.361182
1691,1137,4.469566
1692,1137,3.381375
1693,1137,5.34676
1769,1147,2.657143
1770,1147,8.566849
1726,1150,2.253945
1726,1151,6.620451
1639,1152,224.598328
1641,1152,125.171989
1700,1152,51.373459
1714,1152,23.070042
1726,1152,6.620451
1643,1153,70.611107
1699,1153,50.862236
1700,1153,4.719884
1714,1153,148.201202
1718,1153,49.080566
1719,1153,6.597988
1720,1153,7.902469
1721,1153,286.885406
1726,1153,4.106794
1644,1154,66.476166
1699,1154,1.971467
1718,1154,20.282854
1719,1154,29.345774
1720,1154,232.28566
1721,1154,187.551926
1725,1154,14.690788
1726,1154,30.560978
1699,1155,128.996948
1726,1155,62.201679
1727,1155,28.434134
1661,1156,93.030075
1662,1156,1790.625
1726,1156,35.902828
1727,1156,21.014931
1726,1157,33.217537
1726,1158,24.62071
1727,1158,28.520655
1727,1159,106.717072
1636,1165,63.599995
1640,1165,31.799984
1644,1165,82.022072
