1736,1495,108.220741
1736,1496,131.898254
1783,1499,270.325256
1736,1500,339.480743
1736,1501,185.492401
1736,1511,594.24054
1757,1533,45.090439
1758,1533,88.504456
1758,1534,38.902145
1758,1535,145.5
1759,1535,49.515709
1759,1536,21.817574
1759,1537,17.182426
1781,1606,24.973248
1782,1609,61.504425
1923,1377,1.722222
1924,1377,1.777778
1928,1377,1.933216
1929,1377,10.574162
1948,1377,6.027332
1979,1377,1.215817
1980,1377,1.289902
1981,1377,1.684161
1982,1377,4.461941
2001,1377,69.571556
2101,1377,1.792162
2273,1377,6.747366
2274,1377,4.692501
2275,1377,18.136391
2276,1377,2.998152
2281,1377,3.99557
2282,1377,2.938293
2286,1377,5.740757
2344,1377,42.328506
2346,1377,15.116678
2349,1377,11.216805
2351,1377,4.061093
2352,1377,8.812276
2353,1377,1.886765
2354,1377,11.941829
2355,1377,9.792933
2358,1377,1.178323
2359,1377,1.619526
2360,1377,22.401928
2361,1377,10.303987
2366,1377,2.299027
2368,1377,19.43442
2369,1377,5.798684
2371,1377,3.386504
2373,1377,1.534396
2376,1377,1.284301
2384,1377,4.648166
2387,1377,2.194275
2389,1377,1.731663
2390,1377,1.343436
1923,1378,1.558823
1946,1378,3.424946
1947,1378,4.387746
1948,1378,4.562929
1949,1378,4.562929
1950,1378,5.195769
1951,1378,5.100133
1952,1378,4.949275
1953,1378,5.691275
1955,1378,4.527767
1956,1378,4.564914
1957,1378,4.37526
1958,1378,9.679
1959,1378,27.543873
1960,1378,14.099638
1961,1378,13.114756
1962,1378,9.999643
1963,1378,20.852579
1964,1378,12.278236
1965,1378,13.102746
1966,1378,1.356878
1967,1378,5.292157
1979,1378,9.623996
1980,1378,1.764929
1981,1378,26.560667
1982,1378,8.080538
2159,1378,46.101021
2176,1378,3.609754
2177,1378,8.446417
2275,1378,33.138271
2276,1378,4.197387
2281,1378,3.622812
2283,1378,1.024327
2284,1378,2.027545
2285,1378,1.507123
2286,1378,1.534043
2287,1378,2.093301
2288,1378,1.144844
2327,1378,2.942163
2330,1378,2.567836
2337,1378,1.450349
2342,1378,1.01688
2343,1378,1.478994
2344,1378,2.60893
2346,1378,14.317894
2349,1378,4.39733
2350,1378,13.126184
2354,1378,2.525064
2356,1378,3.728448
2357,1378,2.546678
2358,1378,4.169242
2359,1378,5.701334
2369,1378,2.459445
2371,1378,1.93425
2384,1378,2.034608
2390,1378,1.343341
1944,1379,2.941927
1946,1379,22.301146
1947,1379,24.748659
1948,1379,44.646935
1949,1379,46.105576
1950,1379,46.34985
1951,1379,25.225491
1952,1379,13.980237
1966,1379,27.057062
1967,1379,4.098552
1968,1379,21.515825
1969,1379,4.149754
1970,1379,1.707623
1979,1379,3.291956
1980,1379,2.294733
1981,1379,2.543555
1982,1379,4.711317
2176,1379,8.530843
2177,1379,2.156807
2275,1379,17.90197
2276,1379,18.273529
2277,1379,1.708816
2281,1379,18.552446
2321,1379,10.715889
2324,1379,1.000523
2329,1379,1.96618
2331,1379,1.488508
2339,1379,9.610679
2340,1379,5.964475
2342,1379,2.139254
2343,1379,1.447811
2344,1379,2.140108
2346,1379,12.308605
2349,1379,5.817328
2350,1379,1.116587
2351,1379,2.0129
2353,1379,3.752563
2354,1379,2.115882
2357,1379,2.647633
2358,1379,9.766513
2360,1379,6.480954
2465,1379,25.899923
1933,1380,7.761407
1947,1380,45.873016
1952,1380,1.205659
1953,1380,1.000278
1954,1380,1.205592
1955,1380,1.083995
1962,1380,86.12886
1963,1380,28.300436
1964,1380,1.193922
1965,1380,26.802242
1966,1380,60.201019
1967,1380,64.751961
1968,1380,68.738564
1969,1380,1.67622
1970,1380,2.595351
1971,1380,5.629696
1972,1380,1.949143
1973,1380,2.864761
1974,1380,11.898663
2072,1380,43.610443
2176,1380,2.074659
2177,1380,24.975424
2277,1380,1.500431
2281,1380,1.083167
2306,1380,1.232763
2322,1380,3.906799
2326,1380,7.799111
2329,1380,6.758827
2340,1380,2.741693
2342,1380,3.72549
2344,1380,2.140108
2346,1380,19.747599
2349,1380,29.200066
2350,1380,1.218171
2351,1380,3.915334
2356,1380,1.434812
2363,1380,1.460154
2367,1380,1.5054
2465,1380,60.380653
1922,1381,7.102431
1933,1381,23.500717
1934,1381,7.93659
1971,1381,36.055233
1972,1381,28.428337
1973,1381,60.451252
1974,1381,28.315653
1975,1381,34.513439
1976,1381,23.331886
1977,1381,11.944906
1978,1381,9.289803
1979,1381,16.065008
1981,1381,11.528537
1982,1381,27.967434
2176,1381,65.240814
2277,1381,9.254743
2278,1381,9.04864
2279,1381,4.184053
2280,1381,2.955703
2281,1381,1.668386
2329,1381,7.519524
2331,1381,2.699704
2337,1381,5.381427
2340,1381,16.259388
2343,1381,1.118192
2346,1381,7.929536
2349,1381,1.352645
2356,1381,1.332792
2358,1381,3.861307
2363,1381,1.96222
2372,1381,3.057774
1934,1382,28.082754
1936,1382,22.81741
1975,1382,109.09433
1976,1382,106.782829
1977,1382,65.936356
1978,1382,59.079308
1979,1382,47.858536
1980,1382,21.013643
1981,1382,18.737038
1982,1382,14.027982
1983,1382,11.543341
1984,1382,10.751727
1985,1382,4.70453
1986,1382,5.602349
1987,1382,5.650458
1988,1382,6.900978
2175,1382,20.338642
2334,1382,1.079214
2343,1382,1.796734
2345,1382,7.428898
2369,1382,1.64844
2472,1382,2.489658
1934,1383,25.352337
1947,1383,12.005171
1962,1383,6.864662
1963,1383,6.864662
1965,1383,101.307312
1979,1383,45.80365
1980,1383,25.220774
1981,1383,20.312626
1982,1383,18.780161
1983,1383,26.629036
1984,1383,22.05155
1985,1383,15.883721
1986,1383,26.578789
1987,1383,16.221912
1988,1383,16.190166
1989,1383,37.025856
1990,1383,33.021248
1991,1383,35.892803
1992,1383,33.036724
1993,1383,18.183083
2321,1383,3.581581
2335,1383,3.032404
2337,1383,6.141332
2342,1383,2.962349
2343,1383,2.909172
2350,1383,2.23991
2356,1383,2.270961
2358,1383,1.225816
2372,1383,1.885764
2465,1383,16.625715
2466,1383,24.487585
2467,1383,59.470772
2472,1383,2.878983
1945,1384,9.545661
1947,1384,4.30045
1952,1384,1.195876
1965,1384,101.307312
1993,1384,24.852333
2177,1384,6.734711
2327,1384,1.203879
2330,1384,1.022992
2331,1384,9.329264
2332,1384,4.381853
2333,1384,2.518375
2338,1384,5.545089
2340,1384,2.359933
2344,1384,16.45298
2346,1384,6.235158
2351,1384,9.229382
2352,1384,10.370181
2353,1384,1.038291
2356,1384,10.621561
2357,1384,3.212851
2358,1384,3.876522
2359,1384,6.05809
2452,1384,4.869386
2465,1384,4.044183
2466,1384,75.924568
2467,1384,38.754673
2473,1384,1.098783
1945,1385,37.128498
1946,1385,14.184975
1947,1385,3.645725
1993,1385,54.8652
1994,1385,16.04685
2281,1385,7.110749
2310,1385,2.379632
2311,1385,1.677733
2313,1385,1.575419
2314,1385,13.858965
2319,1385,1.678596
2320,1385,1.073425
2321,1385,3.330628
2327,1385,5.038637
2328,1385,2.276791
2329,1385,1.11691
2333,1385,1.179034
2334,1385,10.023623
2335,1385,2.635631
2336,1385,3.083996
2346,1385,6.316352
2349,1385,2.067636
2352,1385,1.738456
2353,1385,1.145196
2357,1385,2.550967
2358,1385,1.551349
2374,1385,1.740721
2466,1385,9.215546
2471,1385,1.102936
2473,1385,2.358908
1949,1386,46.816216
1950,1386,45.652325
1952,1386,1.01338
1953,1386,46.53968
1993,1386,44.797562
1994,1386,12.190915
2176,1386,1.24832
2275,1386,5.898481
2276,1386,1.023157
2277,1386,1.057665
2319,1386,1.152511
2326,1386,1.616821
2329,1386,3.480255
2332,1386,1.902275
2335,1386,1.766847
2336,1386,1.636373
2337,1386,1.6747
2349,1386,22.195429
2351,1386,1.555238
2466,1386,21.884481
2467,1386,16.440142
1765,1387,12.954014
1970,1387,188.708115
1971,1387,224.358185
1972,1387,132.14209
1973,1387,151.511627
1974,1387,123.145325
1975,1387,136.250916
1976,1387,49.055992
1977,1387,45.32679
1978,1387,22.593582
1979,1387,21.055809
1980,1387,17.688286
1981,1387,17.688286
1982,1387,18.969557
1983,1387,12.874133
1993,1387,89.682632
1994,1387,6.165025
2271,1387,32.393372
2272,1387,12.094602
2274,1387,75.020447
2280,1387,43.41375
2310,1387,2.880865
2320,1387,2.343553
2327,1387,4.720285
2342,1387,6.121427
2343,1387,4.254429
2345,1387,2.879528
2349,1387,11.131774
2359,1387,2.035078
2363,1387,2.492155
2466,1387,6.504836
2467,1387,4.200688
1765,1388,4.183616
1766,1388,24.141249
1767,1388,316.36441
1769,1388,31.782898
1910,1388,1.010204
1976,1388,58.56419
1981,1388,31.397818
1982,1388,15.640306
1983,1388,9.204788
1987,1388,18.002293
1988,1388,62.606331
1989,1388,15.72806
1990,1388,5.81321
1991,1388,19.239586
1992,1388,2.778677
1993,1388,1.261354
1994,1388,10.613369
2004,1388,74.426682
2344,1388,1.796234
2345,1388,2.349974
2349,1388,6.565601
2362,1388,3.454683
2466,1388,4.434444
2472,1388,10.713573
1760,1389,129.418381
1762,1389,24.839334
1763,1389,10.141076
1764,1389,79.93158
1765,1389,45.579029
1766,1389,23.396732
1767,1389,15.125773
1768,1389,18.883999
1769,1389,23.72011
1770,1389,29.4674
1772,1389,114.482956
1989,1389,50.46349
1990,1389,24.32056
1991,1389,67.33754
1992,1389,61.8027
1993,1389,38.573025
1994,1389,8.559093
1995,1389,33.928299
2181,1389,3.284297
2288,1389,9.586919
2289,1389,1.784141
2349,1389,9.066213
2350,1389,1.423276
2466,1389,6.604645
1760,1390,38.038921
1761,1390,4.599428
1762,1390,10.650504
1763,1390,8.078972
1764,1390,4.411747
1765,1390,149.746277
1766,1390,10.861579
1767,1390,8.941792
1768,1390,14.520926
1769,1390,17.460974
1770,1390,16.737709
1771,1390,45.118996
1772,1390,37.412334
1773,1390,56.11467
2181,1390,75.03904
2281,1390,19.915371
2344,1390,2.162902
2349,1390,3.748925
2352,1390,5.818506
2466,1390,58.393448
1761,1391,7.960509
1762,1391,6.844519
1763,1391,6.924606
1764,1391,6.435693
1765,1391,7.450919
1766,1391,3.474891
1767,1391,3.561941
1768,1391,15.019106
1769,1391,8.390966
1770,1391,6.857172
1771,1391,18.04632
1772,1391,11.945629
1773,1391,52.98563
1774,1391,126.445961
1775,1391,122.81208
1776,1391,64.765892
2181,1391,4.70468
2287,1391,3.440769
2310,1391,1.893947
2352,1391,5.985995
2354,1391,2.673787
2356,1391,1.359125
2465,1391,2.346902
2466,1391,7.008112
2473,1391,1.027632
1761,1392,4.828301
1768,1392,1.534722
1769,1392,2.164449
1770,1392,3.949365
1771,1392,3.787018
1772,1392,6.390153
1773,1392,23.096699
1774,1392,22.709646
1775,1392,78.152252
1776,1392,43.987667
1777,1392,282.164948
2071,1392,1.088057
2169,1392,1.02646
2170,1392,1.038365
2171,1392,1.02646
2281,1392,8.388951
2310,1392,1.682739
2349,1392,1.41615
2350,1392,17.65823
2353,1392,3.186499
2354,1392,6.421574
2355,1392,3.696529
2356,1392,2.785471
2360,1392,1.792756
2361,1392,1.221113
2465,1392,3.0166
2466,1392,18.475073
2472,1392,1.179779
1759,1393,126.633118
1760,1393,19.044464
1762,1393,1.061765
1763,1393,1.143472
1764,1393,1.143472
1766,1393,2.076677
1770,1393,1.660985
1771,1393,2.761146
1772,1393,1.025504
1773,1393,3.896866
1774,1393,4.981258
1775,1393,7.868189
1776,1393,24.277605
1777,1393,24.233969
1778,1393,20.510096
1779,1393,15.714495
1780,1393,33.747784
1946,1393,36.529667
1947,1393,28.946552
1948,1393,7.454206
1949,1393,2.019114
1961,1393,51.811058
1962,1393,51.361519
1965,1393,5.943988
1966,1393,31.715672
2069,1393,1.406914
2177,1393,14.646334
2281,1393,7.402435
2307,1393,4.490898
2308,1393,1.341709
2341,1393,12.187824
2349,1393,9.462502
2350,1393,13.691621
2356,1393,10.676456
2357,1393,3.784685
2362,1393,1.916315
2466,1393,2.550775
1758,1394,107.363739
1764,1394,3.696394
1765,1394,1.771318
1766,1394,4.891286
1767,1394,7.674421
1768,1394,3.108845
1769,1394,4.217502
1770,1394,1.061765
1771,1394,1.06886
1772,1394,1.1339
1773,1394,1.502241
1774,1394,1.218069
1775,1394,2.941607
1776,1394,3.930899
1777,1394,3.550193
1778,1394,6.616931
1779,1394,16.587061
1780,1394,11.332361
1781,1394,7.168384
1915,1394,8.11386
1948,1394,8.995727
1949,1394,30.942642
1965,1394,66.748787
1979,1394,20.862535
1987,1394,48.65049
1988,1394,26.135941
1989,1394,24.441936
1990,1394,17.858095
2175,1394,3.295155
2281,1394,19.821079
2303,1394,2.311215
2354,1394,5.458688
2355,1394,1.886454
2358,1394,5.674176
2359,1394,2.754263
2363,1394,1.886942
2367,1394,1.177822
2472,1394,1.231968
1769,1395,12.058893
1770,1395,4.845908
1771,1395,3.633561
1772,1395,19.045397
1773,1395,1.822268
1774,1395,2.621348
1775,1395,6.75489
1777,1395,2.535532
1779,1395,2.102282
1780,1395,2.69206
1781,1395,2.703366
1913,1395,14.375716
1915,1395,9.545661
1916,1395,8.575023
1949,1395,44.350361
1950,1395,28.508717
1987,1395,14.027608
1988,1395,28.806534
1989,1395,22.714643
1990,1395,17.744492
1992,1395,11.068017
1993,1395,27.666906
1994,1395,3.360165
1995,1395,14.718863
2068,1395,1.596093
2176,1395,5.559351
2177,1395,15.493018
2265,1395,22.858212
2281,1395,6.467282
2283,1395,17.712341
2284,1395,2.626082
2353,1395,6.741338
2358,1395,2.726487
2359,1395,2.029453
2360,1395,1.376904
2361,1395,1.34058
2363,1395,11.66037
2364,1395,1.338225
2365,1395,4.12122
2472,1395,4.843143
1772,1396,11.621052
1774,1396,8.064844
1775,1396,15.303809
1776,1396,9.32955
1778,1396,9.872528
1779,1396,9.390556
1780,1396,2.67197
1781,1396,9.79203
1782,1396,46.899139
1783,1396,50.78756
1990,1396,12.552824
2068,1396,1.21487
2174,1396,5.057382
2175,1396,7.207237
2176,1396,5.305459
2178,1396,8.350423
2283,1396,109.121872
2284,1396,1.715024
2300,1396,6.276951
2306,1396,4.874252
2314,1396,2.510075
2357,1396,18.722776
2358,1396,19.290466
2359,1396,25.189783
2360,1396,24.998573
2361,1396,1.439139
2363,1396,3.314872
2364,1396,1.009942
2365,1396,1.786098
2366,1396,2.784861
2367,1396,1.889452
2472,1396,1.585626
2473,1396,1.741018
1777,1397,42.861919
1778,1397,14.235932
1779,1397,13.294042
1780,1397,226.594284
1781,1397,16.081743
1782,1397,3.269296
1783,1397,62.039593
2173,1397,7.020699
2174,1397,7.420275
2290,1397,2.9837
2300,1397,4.03725
2305,1397,2.224929
2315,1397,9.566393
2360,1397,7.741633
2363,1397,5.380277
2365,1397,10.247671
2366,1397,18.190746
2472,1397,8.227729
2473,1397,1.206663
1738,1398,5.088423
1739,1398,3.040073
1744,1398,68.995148
1777,1398,104.274765
1778,1398,19.33366
1779,1398,16.639036
1780,1398,19.43417
1781,1398,59.633411
1782,1398,27.566109
1783,1398,16.326214
1784,1398,8.760494
2121,1398,1.39838
2291,1398,3.508979
2302,1398,1.894701
2358,1398,1.318765
2360,1398,10.348217
2361,1398,3.037647
2363,1398,1.147812
2366,1398,10.038938
2414,1398,70.750793
2419,1398,7.048811
1738,1399,3.733052
1739,1399,14.899922
1740,1399,17.368372
1778,1399,46.285713
1779,1399,50.327045
1780,1399,34.075798
1782,1399,41.875294
1783,1399,30.572365
1784,1399,101.579941
2084,1399,1.436339
2105,1399,1.558581
2106,1399,1.878525
2144,1399,4.963549
2157,1399,9.841709
2301,1399,50.033592
2305,1399,26.775009
2306,1399,18.66206
2350,1399,7.409942
2362,1399,3.249835
2364,1399,3.138268
2414,1399,79.86647
2415,1399,51.400642
2416,1399,25.915199
2417,1399,27.872618
2418,1399,10.641567
2419,1399,14.277405
2420,1399,11.522797
2421,1399,10.864382
2423,1399,21.403191
2424,1399,18.095341
2428,1399,42.247242
2430,1399,23.182348
2494,1399,11.737656
2495,1399,8.837033
2496,1399,22.635635
1738,1400,3.733052
1740,1400,23.12015
1778,1400,30.14135
1779,1400,42.069984
1781,1400,183.116486
1782,1400,36.024323
1783,1400,30.961472
1784,1400,176.067352
1785,1400,184.756363
2068,1400,112.534363
2069,1400,44.480011
2071,1400,40.143467
2082,1400,4.757652
2086,1400,1.208892
2105,1400,1.346035
2108,1400,1.40811
2135,1400,2.034945
2136,1400,2.762645
2139,1400,2.103595
2140,1400,1.028518
2143,1400,1.00793
2146,1400,1.448447
2148,1400,6.464194
2150,1400,1.034837
2152,1400,1.16689
2155,1400,3.036539
2157,1400,4.39834
2306,1400,14.159101
2347,1400,4.922867
2394,1400,2.052391
2423,1400,41.45348
2464,1400,400.139069
2473,1400,4.865075
1738,1401,5.232319
1783,1401,173.220108
1738,1402,3.617647
1738,1403,3.385426
1737,1404,4.080289
1738,1404,3.016101
1737,1405,4.080289
1738,1405,34.307274
1737,1406,35.806179
1739,1406,31.124817
1740,1428,65.700699
1739,1429,75.138031
1740,1429,66.414902
1741,1429,1.777991
1739,1430,167.967133
1740,1430,2.903286
1741,1430,1.777991
1739,1431,94.399879
1740,1431,3.420795
1741,1431,1.962858
1774,1431,3.957787
1740,1432,1.38737
1770,1432,1.355933
1771,1432,1.355933
1773,1432,2.583561
1741,1434,291.934753
1773,1437,2.027777
1777,1441,38.885201
1772,1442,1.853946
1773,1443,19.666668
1774,1443,18.74999
1783,1443,75.981651
1784,1443,119.248077
1784,1444,55.110081
1784,1445,13.75364
1784,1446,15.077952
1784,1447,49.784184
1785,1447,470.378418
1783,1448,5.145767
1785,1448,183.675583
1785,1449,232.209534
1784,1450,1.899999
1785,1450,187.83075
1768,1451,2.522726
1769,1451,1.924509
1785,1451,129.469452
1786,1452,513.982361
1740,1454,14.116959
1740,1455,82.332687
1785,1456,170.504822
1739,1457,34.382778
1786,1457,19.063843
1739,1458,9.532459
1739,1459,10.254615
1748,1460,57.775227
1749,1460,323.600739
1750,1460,145.544479
1751,1460,173.061493
1752,1460,183.34668
1753,1460,153.719772
1755,1460,153.606552
1748,1461,36.308121
1749,1461,79.463875
1750,1461,109.840271
1751,1461,188.686905
1752,1461,177.896149
1753,1461,178.615067
1754,1461,62.436363
1755,1461,68.525902
1756,1461,565.564453
1757,1461,529.616089
1758,1461,386.795837
1759,1461,101.422012
1747,1462,135.441925
1748,1462,123.971924
1749,1462,47.294533
1750,1462,106.874268
1751,1462,59.194172
1752,1462,50.346287
1753,1462,31.245049
1754,1462,18.527571
1755,1462,101.609612
1756,1462,299.957855
1757,1462,209.050903
1758,1462,103.079132
1747,1463,3.108112
1748,1463,51.261574
1749,1463,51.370815
1750,1463,14.05509
1751,1463,5.418651
1752,1463,16.575584
1753,1463,17.369911
1754,1463,40.648087
1755,1463,66.476707
1756,1463,175.496216
1757,1463,65.39418
1758,1463,20.101273
1747,1464,4.02223
1748,1464,6.333337
1749,1464,22.006001
1750,1464,1.996755
1751,1464,5.666667
1752,1464,5.833333
1753,1464,2.117575
1754,1464,4.699092
1755,1464,16.288406
1756,1464,21.723207
1757,1464,16.697533
1739,1465,54.253029
1740,1465,19.210117
1748,1465,16.404167
1749,1465,5.242857
1750,1465,2.317575
1752,1465,8.5
1753,1465,5.5
1754,1465,1.416667
1755,1465,4.598207
1756,1465,6.221154
1757,1465,17.436275
1740,1466,14.238617
1747,1466,9.566241
1748,1466,15.945374
1749,1466,13.593625
1750,1466,8.875
1751,1466,2.233333
1753,1466,3.333333
1754,1466,1.416667
1755,1466,2.625
1756,1466,5.163409
1757,1466,18.732019
1747,1467,22.171581
1748,1467,6.665033
1749,1467,9.83636
1750,1467,7.474998
1751,1467,2.933333
1752,1467,7.333333
1753,1467,1.625
1754,1467,1.622459
1755,1467,5.931314
1756,1467,5.033212
1757,1467,42.905609
1747,1468,20.617767
1748,1468,13.380185
1749,1468,9.30467
1750,1468,4.875
1751,1468,2.066667
1752,1468,6.825
1753,1468,2.0
1754,1468,6.625
1755,1468,13.875
1756,1468,23.940153
1747,1469,63.770988
1748,1469,13.440604
1749,1469,33.506081
1750,1469,16.653276
1751,1469,4.432425
1752,1469,5.705563
1753,1469,14.869176
1754,1469,14.056957
1755,1469,14.163943
1756,1469,18.241137
1747,1470,38.371258
1748,1470,88.497528
1749,1470,497.349762
1750,1470,86.39167
1751,1470,17.275377
1752,1470,15.320385
1753,1470,46.126976
1754,1470,34.822624
1755,1470,43.134418
1756,1470,17.736504
1765,1470,8.232557
1766,1470,4.62097
1747,1471,38.788578
1748,1471,176.664703
1749,1471,291.058044
1750,1471,568.007263
1751,1471,50.458839
1752,1471,130.221664
1753,1471,136.787704
1754,1471,55.212791
1755,1471,64.770432
1756,1471,46.895821
1749,1472,207.949677
1750,1472,80.594971
1751,1472,84.630745
1752,1472,135.46785
1753,1472,138.281021
1754,1472,171.320175
1755,1472,171.896851
1756,1472,153.407288
1757,1472,158.144455
1750,1473,263.726196
1751,1473,250.347961
1752,1473,159.89743
1753,1473,200.395508
1757,1473,146.358673
1750,1474,460.901215
1751,1474,275.386292
1748,1485,129.442841
