2470,2173,14.767927
2402,2174,173.101761
2406,2174,14.749454
2407,2174,17.461578
2463,2174,12.371001
2481,2174,14.307194
2482,2174,16.407448
2483,2174,34.579288
2475,2175,40.631851
2482,2175,31.306515
2402,2180,3.227654
2389,2184,139.813583
2390,2184,107.938644
2391,2184,90.25341
2392,2184,150.182144
2393,2184,156.583221
2404,2184,32.898651
2393,2185,26.815388
2400,2185,257.051361
2401,2185,680.129822
2402,2185,195.57106
2410,2185,727.374207
2413,2185,244.755524
2417,2185,500.24469
2420,2185,130.149231
2430,2185,144.691879
2431,2185,133.935043
2432,2185,161.910477
2433,2185,159.410034
2437,2185,129.047684
2391,2186,71.066772
2392,2186,26.815388
2400,2186,131.834656
2401,2186,209.141937
2402,2186,34.447887
2410,2186,8.148461
2411,2186,38.080444
2412,2186,85.654144
2413,2186,87.375404
2414,2186,15.294883
2415,2186,65.642036
2417,2186,3.399997
2418,2186,17.208591
2419,2186,6.861172
2421,2186,5.54198
2424,2186,10.893074
2430,2186,23.249125
2431,2186,53.36327
2432,2186,34.518364
2433,2186,23.273003
2434,2186,28.118649
2438,2186,24.374069
2439,2186,10.793831
2441,2186,16.28059
2444,2186,38.016453
2381,2187,88.917519
2382,2187,26.253504
2391,2187,73.508057
2392,2187,27.526299
2400,2187,23.787638
2410,2187,1.380238
2411,2187,1.380238
2412,2187,1.380238
2413,2187,1.239033
2414,2187,1.365091
2415,2187,1.365091
2418,2187,2.3754
2422,2187,2.247793
2423,2187,17.109587
2424,2187,8.756928
2425,2187,12.741798
2430,2187,1.368931
2431,2187,2.186478
2438,2187,10.818226
2439,2187,16.732924
2381,2188,63.95224
2382,2188,42.176456
2423,2188,9.393833
2424,2188,12.04314
2425,2188,3.124163
2370,2189,11.506104
2382,2189,23.56374
2423,2189,5.181525
2424,2189,2.652255
2454,2189,77.002266
2381,2190,22.830349
2382,2190,11.053616
2383,2190,8.877558
2388,2190,185.089447
2390,2190,184.024521
2391,2190,171.98555
2392,2190,158.320847
2393,2190,167.796555
2394,2190,138.491287
2395,2190,98.146004
2423,2190,4.214576
2424,2190,2.413736
2382,2191,11.018348
2383,2191,4.646411
2384,2191,4.646411
2400,2191,1.010309
2423,2191,4.21328
2424,2191,2.413736
2437,2191,9.357219
2438,2191,19.067366
2399,2192,1.955441
2400,2192,1.420488
2423,2192,5.110384
2424,2192,2.667402
2399,2193,1.786415
2400,2193,1.413222
2423,2193,3.390989
2424,2193,2.826319
2400,2194,1.278996
2417,2194,1.77527
2418,2194,1.909209
2421,2194,2.084822
2423,2194,1.995676
2424,2194,2.113854
2430,2194,1.151251
2400,2195,2.724136
2415,2195,1.970071
2416,2195,2.762115
2417,2195,1.751806
2418,2195,2.488222
2419,2195,2.990839
2420,2195,3.030802
2422,2195,1.368931
2431,2195,1.159557
2436,2195,10.766356
2437,2195,9.265296
2440,2195,33.466618
2389,2196,23.494919
2421,2196,1.368931
2436,2196,6.481772
2437,2196,9.247263
2440,2196,26.180096
2443,2196,27.956154
2372,2197,24.168394
2373,2197,55.903381
2374,2197,32.848118
2389,2197,99.249908
2390,2197,100.0
2403,2197,1.159557
2437,2197,10.970135
2438,2197,9.247263
2440,2197,17.240465
2441,2197,26.180096
2442,2197,24.596817
2443,2197,8.40323
2444,2197,47.87077
2372,2198,27.898031
2373,2198,45.343452
2374,2198,22.188013
2375,2198,47.543514
2376,2198,35.901215
2377,2198,55.781403
2378,2198,9.896091
2442,2198,15.356522
2375,2199,13.342119
2376,2199,14.254353
2377,2199,23.948296
2378,2199,15.863596
2379,2199,11.441103
2385,2199,23.767847
2379,2200,15.781786
2380,2200,23.623207
2385,2200,5.159708
2389,2200,18.016581
2390,2200,4.0
2410,2200,12.441771
2411,2200,1.088236
2412,2200,1.088236
2380,2201,5.045895
2381,2201,5.345085
2389,2201,22.741594
2397,2201,1.010309
2411,2201,1.751806
2412,2201,1.239033
2380,2202,10.063497
2381,2202,3.872944
2411,2202,1.526862
2412,2202,1.223886
2374,2203,3.611113
2375,2203,3.611113
2376,2203,3.611113
2377,2203,6.452384
2378,2203,3.611113
2381,2203,5.134017
2410,2203,4.217946
2411,2203,1.078881
2412,2203,1.208739
2430,2203,37.731544
2374,2204,13.177251
2375,2204,6.045918
2376,2204,5.25
2377,2204,5.25
2382,2204,3.872944
2383,2204,5.134017
2412,2204,2.558118
2413,2204,5.598184
2416,2204,8.802067
2417,2204,16.742794
2418,2204,5.867572
2419,2204,8.668128
2421,2204,1.640717
2422,2204,1.364477
2430,2204,41.648518
2374,2205,3.225523
2377,2205,1.875
2414,2205,72.334938
2419,2205,22.258261
2420,2205,9.522845
2421,2205,1.14441
2422,2205,1.223886
2423,2205,1.506296
2424,2205,1.365091
2431,2205,63.728134
2432,2205,51.982929
2387,2206,50.631496
2424,2206,16.477345
2432,2206,8.622278
2452,2206,9.57293
2453,2206,17.826105
2371,2207,7.091271
2372,2207,15.937346
2373,2207,6.451046
2374,2207,8.387024
2375,2207,9.309338
2376,2207,17.038044
2377,2207,13.426932
2378,2207,10.95423
2379,2207,6.836636
2380,2207,6.836636
2381,2207,4.660305
2382,2207,10.328288
2383,2207,39.47797
2387,2207,57.40094
2388,2207,48.084629
2397,2207,9.0
2398,2207,25.475014
2399,2207,29.977291
2424,2207,40.66745
2435,2207,25.479319
2443,2207,23.801006
2444,2207,15.356522
2452,2207,11.238504
2453,2207,9.044484
2372,2208,19.58
2373,2208,2.469602
2374,2208,2.469602
2375,2208,6.98276
2376,2208,7.778678
2377,2208,7.778678
2378,2208,6.98276
2379,2208,2.469602
2380,2208,2.469602
2381,2208,2.469602
2382,2208,1.739601
2387,2208,44.689842
2388,2208,16.688736
2389,2208,86.399826
2390,2208,9.095758
2399,2208,135.15625
2400,2208,23.919554
2401,2208,36.373009
2442,2208,15.421732
2443,2208,38.613194
2452,2208,8.700607
2453,2208,9.408192
2454,2208,23.559702
2372,2209,4.25
2373,2209,1.325758
2374,2209,2.156927
2375,2209,2.156927
2376,2209,2.948593
2377,2209,2.948593
2378,2209,2.948593
2379,2209,2.156927
2380,2209,2.156927
2381,2209,1.163328
2388,2209,10.727292
2382,2210,56.279369
2383,2210,10.743292
2388,2210,6.225015
2383,2211,10.743292
2387,2211,82.012451
2388,2211,13.804066
2371,2212,5.345085
2387,2212,105.123138
2456,2212,48.480392
2456,2213,54.916573
2388,2214,9.947346
2438,2214,33.492645
2439,2214,33.451389
2440,2214,25.561613
2441,2214,42.332474
2456,2214,39.116272
2389,2215,4.217946
2402,2215,5.7294
2427,2215,13.875784
2439,2215,22.581459
2440,2215,15.360651
2441,2215,11.03934
2442,2215,24.874252
2443,2215,30.051159
2456,2215,61.869865
2388,2216,9.947346
2427,2216,36.72657
2428,2216,12.410266
2445,2216,15.356522
2446,2216,44.974438
2447,2216,106.922974
2456,2216,39.116272
2457,2216,23.230278
2447,2217,433.321808
2448,2217,9.408192
2456,2217,23.801006
2457,2217,17.953976
2382,2218,5.7294
2430,2218,4.09616
2447,2218,134.543121
2456,2218,16.847713
2381,2219,4.217946
2447,2219,130.301666
2456,2219,8.40323
2369,2220,714.629028
2370,2220,69.39061
2371,2220,61.162399
2372,2220,61.162399
2447,2220,28.463913
2405,2221,5.7294
2447,2221,59.952522
2406,2222,5.7294
2415,2222,32.636154
2447,2222,59.54343
2415,2223,27.674807
2415,2224,18.859873
2403,2225,8.081469
2404,2225,10.727292
2447,2225,15.676746
2403,2226,60.367836
2447,2226,102.076576
2400,2227,156.731949
2447,2227,9.82556
2395,2228,26.852055
2396,2228,2.275045
2399,2228,18.117138
2400,2228,16.874634
2447,2228,9.82556
2367,2229,6.357984
2369,2229,8.884918
2400,2229,17.276154
2416,2229,9.261433
2447,2229,16.456692
2367,2230,1.991613
2412,2230,50.821468
2447,2230,8.074666
2367,2231,84.122978
2368,2231,56.389927
2396,2231,9.353066
2412,2231,14.800819
2447,2231,4.217946
2367,2232,615.256287
2412,2232,76.548294
2367,2233,123.486061
2405,2233,44.181938
2416,2233,4.250377
2417,2233,7.946169
2430,2233,6.303557
2367,2234,126.630096
2399,2234,41.362717
2400,2234,5.607131
2401,2235,16.514648
2427,2236,5.298509
2428,2236,6.89535
2366,2240,394.36734
2440,2240,2.863609
2441,2240,2.242635
2366,2241,394.353394
2444,2241,13.25182
2445,2241,11.431313
2446,2241,18.572039
2447,2241,13.398337
2366,2242,558.766174
2431,2242,19.672813
2448,2242,10.442961
2410,2243,35.016575
2418,2243,40.783127
2422,2243,2.087308
2423,2243,9.197474
2424,2243,11.668593
2430,2243,3.775242
2431,2243,940.246155
2432,2243,8.225711
2448,2243,14.539121
2410,2244,10.521503
2417,2244,15.939021
2418,2244,16.440599
2422,2244,16.503662
2423,2244,11.668593
2425,2244,7.706297
2432,2244,66.392159
2448,2244,48.34771
2410,2245,65.089645
2411,2245,6.462662
2417,2245,36.30862
2418,2245,9.134321
2423,2245,10.064204
2426,2245,10.145038
2427,2245,3.683794
2432,2245,8.220527
2448,2245,16.656759
2411,2246,23.406544
2417,2246,34.928326
2418,2246,7.559254
2420,2246,11.661046
2428,2246,48.14064
2436,2246,10.937835
2437,2246,8.339816
2438,2246,7.62902
2439,2246,7.305626
2447,2246,2.61952
2448,2246,6.495696
2449,2246,6.481051
2460,2246,21.281239
2412,2247,17.452972
2413,2247,7.369409
2414,2247,7.185691
2415,2247,3.340681
2416,2247,6.176893
2417,2247,65.837982
2460,2247,20.841028
2411,2248,71.110641
2412,2248,2.750988
2413,2248,2.750988
2414,2248,6.685836
2415,2248,14.43927
2416,2248,22.153345
2460,2248,23.774412
2460,2249,94.738762
2472,2249,50.583336
2473,2249,92.548714
2378,2251,1.893853
2377,2252,3.706425
2378,2252,2.201445
2376,2253,3.394289
2377,2253,3.062899
2378,2253,3.066659
2420,2253,31.773216
2421,2253,23.2239
2422,2253,13.509682
2423,2253,16.274801
2424,2253,13.899528
2425,2253,43.199112
2434,2253,821.714661
2413,2254,18.815868
2411,2265,699.860107
2450,2265,9.252024
2451,2265,9.941692
2452,2265,17.090904
2450,2266,69.96077
2451,2266,116.027359
2464,2266,524.734131
2472,2266,973.419678
2472,2267,342.623566
2459,2268,619.330566
2460,2268,515.693054
2459,2269,530.181335
2473,2269,1.54515
2474,2269,13.628366
2473,2270,14.379083
2473,2271,14.026474
2460,2272,381.780762
2473,2272,19.8347
2474,2272,2.896958
2473,2273,19.492743
2474,2273,2.455715
2452,2274,43.151749
2473,2274,3.466702
2474,2274,2.734628
2393,2275,87.256004
2452,2275,35.853127
2473,2275,3.451261
2474,2275,2.734628
2393,2276,70.138153
2452,2276,45.62587
2473,2276,3.449121
2474,2276,2.455715
