1942,2124,1.88489
1944,2124,5.437206
1945,2124,6.656869
1946,2124,12.888721
1979,2124,8.771358
1980,2124,3.194813
2004,2124,10.530793
1935,2125,5.650007
1936,2125,5.650007
1937,2125,6.902898
1938,2125,2.506788
1953,2125,1.605755
1979,2125,23.138138
1980,2125,4.104143
2003,2125,8.0483
1953,2126,1.172163
1979,2126,11.094162
1980,2126,1.582748
2003,2126,10.386131
1947,2127,2.064645
1948,2127,8.834211
1949,2127,24.788521
1950,2127,10.321354
1951,2127,10.058373
1952,2127,1.780382
1956,2127,7.123804
1957,2127,6.54083
1958,2127,12.125052
1959,2127,26.914268
1978,2127,23.207186
1979,2127,5.883542
2003,2127,9.750001
1947,2128,1.801873
1948,2128,6.411209
1949,2128,8.519043
1950,2128,8.55516
1956,2128,1.53758
1957,2128,4.987497
1958,2128,10.57044
1959,2128,25.564426
1978,2128,31.98876
1979,2128,3.310596
1958,2129,3.213089
1959,2129,9.320986
1961,2129,27.785955
1962,2129,13.145554
1963,2129,2.513068
1964,2129,2.051792
1965,2129,6.044667
1966,2129,6.044667
1978,2129,23.79884
1979,2129,4.168659
1958,2130,4.683313
1959,2130,14.921697
1961,2130,23.307781
1962,2130,7.024039
1963,2130,4.31133
1964,2130,2.413123
1965,2130,2.413123
1966,2130,1.629832
1967,2130,1.742993
1968,2130,22.259888
1969,2130,2.168054
1978,2130,23.79884
1979,2130,4.311213
1958,2131,9.206352
1959,2131,16.630276
1962,2131,21.519848
1963,2131,14.014627
1964,2131,10.959363
1965,2131,6.989465
1967,2131,14.198513
1968,2131,12.373934
1978,2131,23.79884
1979,2131,4.104143
1978,2132,23.849407
1979,2132,4.104143
1950,2133,11.203455
1951,2133,275.778809
1952,2133,50.364235
1953,2133,60.595154
1978,2133,24.556786
1979,2133,4.139857
1948,2134,17.662502
1949,2134,14.00173
1950,2134,4.149531
1951,2134,3.077652
1952,2134,17.6
1956,2134,1.629832
1957,2134,1.948263
1978,2134,23.899632
1979,2134,4.139857
1948,2135,27.208788
1949,2135,16.023287
1950,2135,5.033669
1951,2135,2.671167
1952,2135,2.976191
1978,2135,27.982964
1979,2135,4.168428
1937,2136,6.5
1938,2136,4.009804
1947,2136,16.311489
1948,2136,21.443676
1949,2136,13.544114
1950,2136,4.016346
1951,2136,1.244318
1952,2136,5.583333
1978,2136,28.040035
1979,2136,4.774882
1947,2137,19.245949
1948,2137,4.638656
1951,2137,2.295635
1952,2137,1.18219
1953,2137,1.296826
1969,2137,2.517608
1978,2137,14.182595
1979,2137,4.874882
1991,2137,6.045906
1992,2137,5.756433
1935,2138,62.303833
1943,2138,9.365577
1944,2138,11.802838
1948,2138,4.166667
1949,2138,1.5
1950,2138,3.883876
1951,2138,6.591405
1952,2138,12.598561
1953,2138,10.262042
1954,2138,5.271631
1969,2138,1.591094
1971,2138,1.356374
1978,2138,14.072017
1979,2138,4.874882
1980,2138,1.430627
1989,2138,6.374211
1990,2138,16.068197
1991,2138,18.632141
1992,2138,16.791063
1942,2139,3.083333
1944,2139,6.839998
1949,2139,16.490036
1950,2139,29.671965
1951,2139,36.790123
1952,2139,50.288368
1953,2139,42.727779
1954,2139,46.426971
1955,2139,23.048115
1971,2139,1.504856
1978,2139,19.437946
1979,2139,7.805834
1980,2139,10.04192
1981,2139,17.995176
1982,2139,24.888071
1983,2139,24.244305
1984,2139,32.763107
1985,2139,36.480148
1986,2139,12.644545
1987,2139,72.997833
1988,2139,8.297722
1935,2140,3.083333
1943,2140,4.166667
1944,2140,3.599577
1947,2140,44.378815
1948,2140,51.36306
1949,2140,157.462982
1950,2140,141.759964
1951,2140,132.504562
1952,2140,193.458176
1953,2140,172.70871
1954,2140,199.861862
1955,2140,45.629112
1956,2140,1.071429
1963,2140,5.773513
1964,2140,3.144694
1971,2140,1.504856
1978,2140,19.602551
1979,2140,8.409867
1980,2140,11.189686
1981,2140,52.531132
1982,2140,149.214279
1983,2140,57.171719
1984,2140,61.373962
1985,2140,236.589355
1986,2140,111.788536
1988,2140,31.643583
1940,2141,23.267735
1941,2141,2.473685
1955,2141,114.600037
1956,2141,13.220055
1962,2141,11.681007
1963,2141,162.158737
1965,2141,4.04135
1966,2141,1.406178
1967,2141,1.964245
1970,2141,1.25347
1971,2141,1.575336
1978,2141,26.713303
1979,2141,16.831718
1980,2141,10.649176
1981,2141,103.6632
1982,2141,152.775284
1942,2142,4.105019
1955,2142,107.624557
1956,2142,72.795708
1957,2142,5.098829
1968,2142,2.595308
1969,2142,2.57654
1970,2142,12.577481
1977,2142,31.766596
1978,2142,28.586117
1979,2142,19.171673
1980,2142,11.445768
1981,2142,76.441254
1982,2142,139.446045
1941,2143,22.94492
1942,2143,13.787135
1943,2143,3.764708
1977,2143,45.092361
1978,2143,35.203381
1979,2143,18.359432
1980,2143,7.340976
1981,2143,16.99885
1942,2144,24.949451
1943,2144,14.226035
1944,2144,12.915786
1945,2144,11.613624
1946,2144,8.877408
1950,2144,3.208335
1958,2144,11.904657
1962,2144,2.530276
1964,2144,6.609055
1972,2144,1.003235
1977,2144,2.641482
1978,2144,1.937324
1979,2144,7.049899
1980,2144,6.703501
1981,2144,14.456891
1982,2144,16.676004
1964,2145,6.633493
1977,2145,28.313572
1978,2145,3.265429
1979,2145,6.246388
1980,2145,4.476171
1981,2145,10.589806
1982,2145,18.435699
1983,2145,16.213276
1985,2145,25.756369
1986,2145,62.478508
1987,2145,50.263577
1988,2145,56.986176
1944,2146,10.006419
1945,2146,9.336859
1946,2146,7.4679
1947,2146,4.096481
1951,2146,4.096481
1957,2146,11.215082
1958,2146,3.884173
1959,2146,2.224759
1960,2146,4.114495
1961,2146,3.668792
1964,2146,102.012894
1977,2146,25.986797
1978,2146,15.774191
1979,2146,5.459178
1980,2146,3.936028
1981,2146,6.126182
1982,2146,10.428596
1983,2146,13.295221
1984,2146,16.809036
1985,2146,15.93092
1986,2146,23.597942
1987,2146,23.729052
1988,2146,47.164421
1989,2146,21.611425
1990,2146,34.769104
2004,2146,9.556141
1948,2147,4.746483
1949,2147,6.026301
1950,2147,6.026301
1951,2147,8.293905
1952,2147,3.013151
1956,2147,8.138161
1958,2147,14.646372
1959,2147,9.337048
1960,2147,5.887723
1961,2147,22.593903
1970,2147,1.568489
1977,2147,7.652549
1978,2147,9.212427
1979,2147,8.56908
1980,2147,12.810699
1981,2147,10.653625
1982,2147,6.082078
1983,2147,8.154959
1984,2147,8.669268
1985,2147,11.249905
1986,2147,15.156011
1987,2147,13.309204
1988,2147,17.282555
1989,2147,12.575109
1990,2147,57.786087
1991,2147,29.953545
1992,2147,31.731638
2001,2147,27.735863
1958,2148,55.075878
1959,2148,13.18507
1960,2148,26.259022
1961,2148,2.931077
1977,2148,18.934143
1978,2148,22.452423
1979,2148,56.760262
1980,2148,166.351105
1982,2148,84.742989
1983,2148,86.991333
1958,2149,659.678467
1959,2149,183.967239
1960,2149,5.634336
1961,2149,2.841828
1966,2149,2.02703
1970,2149,2.352734
1982,2149,341.463562
1959,2150,1365.146362
1965,2150,61.8302
1966,2150,4.589536
1967,2150,2.036198
1969,2150,5.378222
1971,2150,113.443802
1965,2151,28.958191
1966,2151,49.410618
1965,2152,644.754883
1951,2159,96.855385
1955,2159,76.440918
1959,2159,170.175919
1960,2159,20.968685
1963,2159,96.480103
1964,2159,211.179382
1965,2159,163.004333
1966,2159,96.480103
1967,2159,110.92794
1971,2159,81.347397
1948,2160,74.027878
1950,2160,74.027878
1951,2160,202.338318
1955,2160,76.165253
1962,2160,154.300705
1963,2160,12.615115
1964,2160,2.965313
1965,2160,28.811184
1949,2161,74.027878
1951,2161,96.880051
1955,2161,91.996895
1958,2161,74.493416
1962,2161,74.615967
1963,2161,18.255133
1971,2161,186.552811
1972,2161,155.125122
1973,2161,154.681091
1974,2161,153.859467
1975,2161,33.602524
1950,2162,96.667953
1951,2162,160.544601
1952,2162,151.564209
1953,2162,75.897148
1954,2162,91.996895
1956,2162,20.833185
1963,2162,32.640686
1971,2162,181.25618
1972,2162,65.980141
1950,2163,231.261383
1951,2163,141.935059
1952,2163,131.514084
1953,2163,166.300644
1954,2163,96.880051
1956,2163,23.317913
1959,2163,20.014275
1961,2163,20.509968
1934,2164,108.367996
1935,2164,74.027878
1943,2164,133.715149
1944,2164,112.858208
1945,2164,74.35215
1956,2164,76.165253
1959,2164,22.771236
1971,2164,2.049561
1952,2165,74.207603
1953,2165,74.258118
1954,2165,76.076874
1955,2165,75.897148
1956,2165,242.925766
1958,2165,20.968685
1959,2165,13.839766
1971,2165,1.913056
1936,2166,180.896408
1941,2166,158.237473
1942,2166,125.865768
1952,2166,74.258118
1955,2166,28.811184
1971,2166,1.989122
1979,2166,865.667725
1981,2166,5.264606
1982,2166,1.215382
1952,2167,74.207603
1954,2167,24.164865
1955,2167,14.863325
1971,2167,1.913056
1937,2168,75.897148
1938,2168,74.027878
1940,2168,116.804161
1942,2168,180.896408
1943,2168,116.945152
1944,2168,74.185837
1945,2168,74.185837
1952,2168,76.029129
1953,2168,23.317913
1958,2168,10.24661
1971,2168,1.857142
1975,2168,13.420894
1978,2168,79.988647
1979,2168,107.973923
1980,2168,114.092728
1982,2168,69.728989
1983,2168,16.853788
1999,2168,38.800503
2000,2168,92.624329
2001,2168,74.144531
1940,2169,74.185837
1950,2169,232.400055
1951,2169,68.271133
1952,2169,12.881519
1955,2169,10.765761
1962,2169,4.013437
1971,2169,1.913056
1975,2169,5.165835
1977,2169,131.693802
1978,2169,127.629288
1979,2169,74.795692
1980,2169,1.073718
1988,2169,4.423075
1989,2169,4.629632
1999,2169,22.65534
2000,2169,19.04199
2001,2169,46.12405
2002,2169,18.32431
2003,2169,44.440018
2004,2169,38.517799
2005,2169,190.168915
1937,2170,142.215424
1938,2170,92.975273
1939,2170,74.027878
1940,2170,103.197914
1942,2170,91.996895
1945,2170,76.076874
1946,2170,96.855385
1951,2170,154.306259
1952,2170,12.448714
1971,2170,2.15191
1980,2170,1.215382
1985,2170,1.073718
1988,2170,2.064743
1999,2170,4.370127
2000,2170,13.668659
2001,2170,17.884226
2002,2170,4.987861
2003,2170,7.452648
2004,2170,18.333208
2005,2170,177.718658
1938,2171,98.030655
1939,2171,162.420761
1940,2171,96.480103
1942,2171,103.329895
1943,2171,103.197914
1944,2171,75.897148
1945,2171,108.367996
1946,2171,109.875008
1949,2171,96.880051
1950,2171,273.521973
1951,2171,118.35257
1952,2171,10.617405
1974,2171,20.014275
1999,2171,4.381523
2000,2171,5.200269
2001,2171,5.097424
2002,2171,3.868863
2003,2171,5.1119
2004,2171,8.449389
1932,2172,11.648862
1934,2172,13.124702
1935,2172,12.479713
1938,2172,27.46719
1942,2172,114.034279
1943,2172,37.653008
1944,2172,174.263626
1945,2172,26.476341
1949,2172,103.233536
1952,2172,10.765761
1958,2172,2.22433
1971,2172,289.118744
1998,2172,14.689415
1999,2172,4.39292
2000,2172,2.691823
2001,2172,2.405085
2002,2172,1.455355
2003,2172,2.869403
2004,2172,8.793722
2005,2172,17.086269
1932,2173,10.739906
1938,2173,27.158489
1946,2173,20.509968
1947,2173,65.476059
1948,2173,102.556885
1949,2173,69.587997
1952,2173,3.508059
1953,2173,3.508059
1956,2173,2.28828
1957,2173,3.090498
1962,2173,6.201164
1971,2173,200.358704
1972,2173,1.215382
1977,2173,13.224846
1978,2173,16.226534
1998,2173,27.762589
1999,2173,4.312865
2000,2173,2.477552
2003,2173,3.809658
1932,2174,14.229776
1935,2174,19.404898
1936,2174,11.648862
1937,2174,18.253635
1942,2174,154.129974
1945,2174,63.778263
1956,2174,2.378596
1971,2174,2.146616
1979,2174,11.557079
2002,2174,3.741683
1932,2175,33.634674
1936,2175,13.476501
2001,2175,22.414158
2002,2175,11.414617
2003,2175,8.148318
1936,2176,15.385967
1937,2176,11.263918
1938,2176,14.116995
1942,2176,61.117973
1943,2176,59.309269
1944,2176,68.994896
1956,2176,2.029865
1958,2176,2.146616
2001,2176,26.897238
2002,2176,9.285834
1938,2177,11.32071
1941,2177,58.177494
1942,2177,23.848051
1955,2177,2.378596
1962,2177,4.828492
1963,2177,2.240201
1964,2177,3.366395
1968,2177,4.631087
1970,2177,15.920193
1999,2177,70.905403
2000,2177,152.471252
2001,2177,18.546972
2002,2177,12.639739
2003,2177,4.303602
1941,2178,19.187977
1942,2178,14.296718
1949,2178,2.029865
1950,2178,2.509654
1951,2178,2.350553
1952,2178,2.15191
1964,2178,2.146616
1965,2178,5.968164
1966,2178,6.430577
1967,2178,29.78508
1968,2178,2.22433
1970,2178,26.941057
1998,2178,145.357117
1999,2178,75.339592
2000,2178,66.07473
2001,2178,10.345745
2002,2178,7.563799
2003,2178,4.39285
1939,2179,19.342266
1942,2179,19.358864
1949,2179,2.950291
1953,2179,2.066716
1954,2179,2.049561
1962,2179,2.378596
1970,2179,48.866196
1971,2179,6.26386
1998,2179,306.433594
1999,2179,357.387482
2000,2179,12.440527
2001,2179,5.475961
2002,2179,4.714914
2003,2179,5.272111
1942,2180,19.187977
1946,2180,3.208901
1947,2180,6.446675
1955,2180,2.350553
1956,2180,3.301893
1962,2180,3.92047
1971,2180,3.014496
1998,2180,305.183899
1999,2180,218.123398
2000,2180,37.636059
2001,2180,16.025181
2002,2180,6.359277
2003,2180,18.497311
1942,2181,4.86668
1949,2181,3.792128
1955,2181,4.193608
1957,2181,6.08947
1958,2181,4.479556
1971,2181,132.384003
1974,2181,1.073718
1998,2181,167.627365
1999,2181,189.326263
2000,2181,31.109924
2001,2181,11.751361
2002,2181,8.84406
2003,2181,5.409036
1938,2182,11.902559
1939,2182,19.187977
1942,2182,4.88341
1949,2182,2.279414
1951,2182,3.301893
1952,2182,3.41558
1953,2182,2.15191
1955,2182,2.029865
1958,2182,2.950291
1967,2182,3.351273
1971,2182,196.559906
1972,2182,138.93306
1998,2182,147.101761
1999,2182,185.969986
2000,2182,35.788933
2001,2182,12.166982
2002,2182,8.296995
2003,2182,4.12333
1935,2183,25.512329
1936,2183,22.86105
1937,2183,29.673847
1938,2183,14.116995
1942,2183,4.827923
1948,2183,1.942907
1949,2183,2.279414
1951,2183,3.301893
1963,2183,65.33223
1964,2183,14.243211
1965,2183,4.476472
1966,2183,3.55584
1967,2183,12.680939
1971,2183,195.373795
1972,2183,95.144432
1997,2183,136.250107
1998,2183,250.057449
1999,2183,193.079117
2000,2183,21.265764
2001,2183,13.158044
2002,2183,14.079405
2003,2183,7.864496
2004,2183,5.062104
1934,2184,34.934288
1935,2184,22.86105
1936,2184,22.714975
1937,2184,46.563011
1938,2184,17.98455
1942,2184,14.546946
1949,2184,2.02703
1954,2184,4.193608
1955,2184,6.909827
1956,2184,2.509654
1957,2184,3.005749
1958,2184,2.22433
1971,2184,226.1642
1972,2184,10.516394
1973,2184,11.145248
1996,2184,470.454285
1997,2184,176.468857
1998,2184,27.707331
1999,2184,11.305288
2000,2184,5.495586
2001,2184,24.078281
2002,2184,8.866144
2003,2184,10.46394
2004,2184,10.683323
1942,2185,11.803477
1947,2185,1.942907
1949,2185,2.062325
1951,2185,3.273183
1954,2185,3.45541
1958,2185,3.472198
1971,2185,5.478591
1972,2185,139.124939
1973,2185,118.967522
1974,2185,37.521858
1998,2185,7.849441
1999,2185,27.055321
2000,2185,49.788857
2001,2185,29.855658
2002,2185,32.77457
2003,2185,36.354435
2004,2185,18.731768
1942,2186,9.985451
1943,2186,12.317602
1944,2186,4.554578
1951,2186,2.482673
1952,2186,6.500733
1953,2186,7.959354
1954,2186,3.20349
1962,2186,9.147839
1966,2186,87.840744
1967,2186,147.394501
1971,2186,1.215382
1999,2186,17.614283
2000,2186,130.791046
2001,2186,41.737221
2002,2186,80.207619
2003,2186,281.143311
2004,2186,24.286644
2005,2186,24.349289
1943,2187,9.985451
1944,2187,14.546946
1948,2187,3.013151
1949,2187,2.700836
1952,2187,6.55776
1953,2187,3.085505
1955,2187,3.450874
1956,2187,3.337187
1957,2187,2.079412
1958,2187,4.193608
1962,2187,3.351273
1966,2187,35.329578
1967,2187,44.020416
1999,2187,108.589493
2000,2187,281.111938
2001,2187,199.741119
2002,2187,163.314499
2003,2187,103.410545
2004,2187,46.59631
2006,2187,340.032593
1943,2188,12.622862
1944,2188,4.423064
1945,2188,3.152109
1946,2188,4.772551
1947,2188,6.02634
1948,2188,1.994465
1949,2188,2.597799
1951,2188,5.108875
1952,2188,2.763714
1953,2188,2.371082
1957,2188,2.614652
1958,2188,3.45541
1962,2188,2.902973
1966,2188,28.324816
1967,2188,66.756523
1971,2188,4.003216
1984,2188,1.525623
1985,2188,5.302666
1938,2189,30.409828
1939,2189,13.779367
1940,2189,12.340858
1944,2189,1.029851
1945,2189,1.903439
1947,2189,1.903439
1955,2189,2.819232
1956,2189,2.380404
1957,2189,3.950459
1958,2189,3.910191
1966,2189,11.882772
1967,2189,3.351273
1971,2189,83.463524
1943,2190,5.857688
1949,2190,3.614192
1953,2190,2.679274
1955,2190,3.796489
1956,2190,3.168647
1957,2190,13.406836
1962,2190,4.477247
1963,2190,3.308942
1964,2190,31.034428
1965,2190,39.794857
1989,2190,1.112934
1947,2191,2.536436
1948,2191,3.128427
1955,2191,3.317949
1956,2191,7.040655
1957,2191,3.26331
1958,2191,5.290909
1973,2191,27.576744
1951,2192,3.005589
1952,2192,3.937482
1955,2192,2.598877
1956,2192,21.028112
1957,2192,132.192184
1958,2192,2.197917
1972,2192,205.310974
1959,2193,2.611588
1961,2193,4.009472
1983,2193,1.021332
2024,2193,197.74649
1944,2194,5.783805
1945,2194,6.092624
1946,2194,4.088224
1948,2194,5.46294
2026,2194,106.216553
1963,2195,2.22433
1964,2195,3.41558
1955,2196,3.921431
1956,2196,3.20349
1957,2196,3.45541
1958,2196,3.910191
1962,2196,3.910191
1963,2196,37.385853
1964,2196,82.560471
1965,2196,66.756523
1966,2196,66.601273
2021,2196,2.458218
1957,2197,8.107225
1958,2197,132.192184
1962,2197,130.11203
1963,2197,130.262894
2021,2197,2.959835
1953,2198,2.470596
1964,2198,47.196163
1965,2198,81.406693
1934,2199,5.566098
1935,2199,4.293024
1953,2199,2.279414
1959,2199,2.167487
1945,2200,3.296781
1946,2200,3.125585
1947,2200,1.813332
1948,2200,1.994465
1949,2200,3.093151
1950,2200,3.211607
1951,2200,2.470596
1957,2200,3.910191
1945,2201,2.144267
1946,2201,5.536283
1947,2201,8.382063
1948,2201,8.382063
1949,2201,8.382063
1950,2201,3.257539
1951,2201,3.257539
1953,2201,4.775849
1934,2202,5.151933
1935,2202,5.883456
1936,2202,4.94771
1953,2202,2.428887
1954,2202,2.411393
1947,2203,16.668951
1948,2203,16.668951
1953,2203,3.037761
1954,2203,4.769485
1960,2203,37.04903
1961,2203,156.559113
1970,2205,2.837897
1946,2208,4.822062
1935,2209,15.294003
1946,2209,4.929716
1950,2209,4.526234
1943,2210,10.716051
1944,2210,5.341652
1945,2210,3.281837
1946,2210,13.01767
1949,2210,5.545705
1969,2210,52.514996
1943,2211,5.376588
1944,2211,6.495727
1945,2211,6.254452
1946,2211,5.368842
1969,2211,34.261017
1942,2212,6.196398
1943,2212,3.46182
1944,2212,4.47971
1945,2212,318.582153
1954,2212,7.46026
1956,2212,4.384048
1942,2213,6.9247
1952,2213,2.719888
2027,2213,4.530491
1942,2214,2.921039
1950,2214,3.163453
1961,2214,27.61972
2024,2214,11.865685
1942,2215,3.354641
1948,2215,5.102299
1960,2215,101.103371
1961,2215,123.944336
1978,2215,31.932156
1942,2216,2.130026
1944,2216,3.710941
1945,2216,3.795285
1946,2216,3.30556
1947,2216,5.985563
1948,2216,2.719888
1942,2217,7.092525
1943,2217,2.130026
1944,2217,2.464611
1945,2217,7.827587
1946,2217,8.004835
1947,2217,2.719888
1943,2218,13.025811
1944,2218,6.82236
1945,2218,20.359835
1978,1899,32.02623
1943,2219,3.580243
1944,2219,6.19669
1978,1900,27.585283
2022,2221,5.022291
1961,1901,126.272903
1979,1901,28.421112
1959,1902,1.740655
1979,1902,28.725527
1980,1902,13.118818
1942,2222,6.368299
1946,2222,15.163473
1947,2222,2.945991
1982,2222,56.693283
1983,2222,53.14534
1987,2222,4.169954
1988,2222,1.987314
1940,2223,3.975727
1983,2223,6.225052
2023,2223,42.926624
2024,2223,38.52689
1979,1903,35.751274
1980,1903,13.224169
1981,1903,5.266401
1933,2224,26.404869
1939,2224,10.981152
1940,2224,2.152076
1942,2224,3.305848
1943,2224,1.699557
1944,2224,2.13486
1979,1904,32.781853
1980,1904,14.204519
1981,1904,5.266401
1982,1904,1.484475
1933,2225,17.388021
1934,2225,26.848906
1935,2225,8.037646
1936,2225,2.617761
1937,2225,6.510678
1939,2225,13.95728
1974,2225,54.311668
1975,2225,64.666977
1979,1905,30.6744
1980,1905,15.831553
1981,1905,5.266401
1982,1905,1.514413
1979,1906,29.155558
1980,1906,14.034622
1981,1906,6.921903
1982,1906,1.26267
1933,2226,21.653053
1934,2226,57.499722
1935,2226,74.158203
1936,2226,133.311569
1937,2226,58.148472
1938,2226,153.943375
1979,1907,214.69342
1980,1907,12.734837
1981,1907,7.098372
1982,1907,2.571951
1979,1908,230.194885
1980,1908,48.725605
1981,1908,8.380813
1982,1908,1.498934
1983,1908,1.024526
1979,1909,34.644455
1980,1909,51.265072
1981,1909,11.273448
1982,1909,2.212497
1983,1909,1.154762
1985,1909,2.052632
2000,2228,13.900169
2024,2228,81.112854
1979,1910,26.297501
1980,1910,47.533653
1981,1910,8.883749
1982,1910,1.306626
1983,1910,1.017007
1999,2229,3.277154
2000,2229,4.03613
1979,1911,34.740524
1980,1911,51.807899
1981,1911,10.114902
1982,1911,1.850975
1999,2230,3.636976
2000,2230,2.075792
1979,1912,35.79781
1980,1912,70.462723
1981,1912,10.742034
1982,1912,2.331758
1983,1912,1.271252
1930,2231,14.405894
1996,2231,97.897682
1998,2231,4.663408
1999,2231,2.723045
2000,2231,2.345492
2001,2231,2.214545
2002,2231,8.739345
1979,1913,221.857849
1980,1913,102.30439
1981,1913,14.596122
1982,1913,3.578812
1983,1913,2.866385
1997,1913,1.216914
1998,1913,1.262369
1979,1914,348.90741
1980,1914,141.53006
1981,1914,38.01643
1982,1914,34.50124
1983,1914,13.995445
1984,1914,5.920069
1985,1914,5.858304
1986,1914,4.245088
1987,1914,3.224322
1988,1914,2.319372
1989,1914,2.495421
1990,1914,2.267061
1991,1914,2.225124
1992,1914,1.496922
1993,1914,1.995311
1994,1914,1.201141
1930,2232,187.423538
1943,2232,2.338595
1971,2232,96.369156
1995,2232,45.040459
1996,2232,20.590847
1997,2232,47.038513
1998,2232,1.842245
1999,2232,5.954493
2000,2232,1.623406
2001,2232,1.691948
2002,2232,3.42356
2003,2232,22.148975
2004,2232,65.272011
1947,1915,436.921204
1979,1915,247.754242
1980,1915,95.137367
1981,1915,41.871586
1982,1915,99.756966
1983,1915,44.751781
1984,1915,44.076515
1985,1915,25.555075
1986,1915,22.819389
1987,1915,14.038527
1988,1915,23.423628
1989,1915,13.761407
1990,1915,13.234098
1991,1915,13.248919
1992,1915,7.708989
1993,1915,6.063395
1994,1915,5.602084
1995,1915,3.421241
1996,1915,2.032686
1997,1915,2.321322
1998,1915,2.576301
1999,1915,1.53081
2000,1915,2.931297
2001,1915,1.444821
2002,1915,1.097683
2003,1915,3.399916
2004,1915,3.146333
1930,2233,3.623362
1971,2233,72.152847
1993,2233,39.722862
1994,2233,44.667484
1995,2233,22.901089
1996,2233,33.290493
1997,2233,20.597141
1998,2233,110.786453
2001,2233,1.54894
2002,2233,15.830123
2003,2233,40.766724
2004,2233,56.571331
1930,2234,4.014027
1941,2234,1.008302
1942,2234,1.326351
1971,2234,80.570503
1992,2234,50.28857
1993,2234,53.955269
1994,2234,51.73838
1995,2234,33.117081
1996,2234,20.772455
1997,2234,111.194603
2000,2234,4.361187
2001,2234,14.288316
2002,2234,19.872908
2003,2234,296.236237
2004,2234,81.545425
1983,1916,280.357697
1984,1916,81.252007
1985,1916,78.3386
1986,1916,80.846519
1987,1916,67.505455
1988,1916,57.418037
1989,1916,56.185715
1990,1916,63.548473
1991,1916,61.303589
1992,1916,66.737473
1993,1916,45.736576
1994,1916,26.312696
1995,1916,19.653778
1996,1916,24.311247
1997,1916,8.623633
1998,1916,11.912745
1999,1916,36.459415
2000,1916,6.434889
2001,1916,16.318645
2002,1916,7.108306
2003,1916,16.782408
2004,1916,11.470655
2005,1916,12.089849
2006,1916,2.3471
1932,2235,9.346285
1971,2235,7.58997
1990,2235,94.462646
1991,2235,50.033283
1992,2235,72.334
1993,2235,53.676945
1994,2235,61.596214
1995,2235,193.215927
1996,2235,9.421871
2000,2235,4.587107
2001,2235,23.542925
2002,2235,68.64949
2003,2235,146.220871
1987,1917,118.727341
1988,1917,146.443085
1990,1917,201.741928
1992,1917,217.941025
1993,1917,196.675446
1994,1917,201.291534
1995,1917,121.625122
1996,1917,93.378899
1997,1917,90.510712
1998,1917,73.753784
1999,1917,42.304199
2000,1917,94.997856
2001,1917,61.870838
2002,1917,53.07378
2003,1917,33.136562
2004,1917,31.632141
2005,1917,45.795544
2006,1917,20.056299
2007,1917,1.493008
2008,1917,2.436045
1932,2236,30.076328
1933,2236,87.868294
1934,2236,133.419022
1935,2236,18.457483
1936,2236,10.311007
1971,2236,5.996686
1989,2236,257.015808
1990,2236,126.952003
1991,2236,97.097214
1992,2236,53.697948
1993,2236,50.737312
1994,2236,110.975548
1995,2236,1.470191
1999,2236,2.166667
2000,2236,7.555401
2001,2236,22.77062
2002,2236,63.17268
2003,2236,121.345711
2005,2236,1392.205078
1994,1918,338.441284
1995,1918,342.894257
1997,1918,254.448929
1998,1918,312.278381
1999,1918,268.644226
2000,1918,244.960327
2001,1918,214.387085
2002,1918,184.784164
2003,1918,239.62262
2004,1918,210.610016
2005,1918,196.579163
2006,1918,98.11953
2007,1918,3.936958
2008,1918,11.265265
2009,1918,6.872111
1932,2237,90.775314
1933,2237,559.533813
1934,2237,322.1492
1935,2237,333.228577
1971,2237,5.958868
1989,2237,28.808447
1990,2237,2.57767
1991,2237,1.932583
1998,2237,2.453221
1999,2237,1.511111
2001,2237,84.121124
2002,2237,167.620422
2003,2237,275.98645
1999,1919,357.993439
2000,1919,526.59137
2003,1919,666.860962
2004,1919,333.89917
2005,1919,657.372742
2006,1919,216.212067
2007,1919,47.254734
2008,1919,79.750793
2009,1919,75.961243
2010,1919,48.869904
2011,1919,24.205368
1952,2238,1.967391
1955,2238,2.453776
1966,2238,3.391616
1969,2238,37.329655
1970,2238,58.511833
1971,2238,2.110992
1988,2238,9.6185
1989,2238,24.308352
1990,2238,20.331888
1991,2238,1.980565
1992,2238,3.565518
1993,2238,1.573161
1995,2238,1.444444
1996,2238,1.827381
1999,2238,3.158279
2000,2238,4.642515
2001,2238,7.223484
2002,2238,356.082092
2003,2238,479.233459
2007,1920,72.504333
2008,1920,104.09507
2009,1920,73.947784
2010,1920,77.638412
2011,1920,45.494255
2012,1920,23.362204
1943,2239,1.482356
1945,2239,1.015515
1946,2239,5.045712
1950,2239,3.098951
1951,2239,2.042398
1952,2239,2.176229
1966,2239,3.228188
1969,2239,18.576204
1970,2239,11.534189
1971,2239,2.62036
1977,2239,1.342655
1978,2239,7.209496
1979,2239,36.79726
1980,2239,28.290257
1989,2239,5.64728
1990,2239,5.671014
1991,2239,12.464421
1992,2239,3.534222
1993,2239,3.952381
1994,2239,1.118968
1995,2239,1.007717
1997,2239,4.828764
1998,2239,6.800124
1999,2239,18.44417
2000,2239,18.708855
2001,2239,34.308308
2002,2239,46.611366
1941,2240,1.135417
1951,2240,1.336431
1953,2240,1.102603
1960,2240,2.258725
1961,2240,1.315678
1969,2240,6.891446
1970,2240,9.046139
1971,2240,2.866685
1977,2240,1.27385
1990,2240,10.675708
1991,2240,16.617764
1992,2240,5.163094
1993,2240,2.805403
1994,2240,4.134191
1995,2240,2.434421
1996,2240,5.463591
1997,2240,13.183966
1998,2240,21.45615
1999,2240,26.190607
2000,2240,35.202515
2001,2240,49.293465
1962,2241,1.315678
1969,2241,38.837631
1970,2241,9.840126
1978,2241,6.369489
1982,2241,6.127647
1991,2241,14.78954
1992,2241,10.701352
1993,2241,4.249292
1994,2241,13.522116
1995,2241,4.222325
1996,2241,27.014532
1997,2241,79.905205
1998,2241,83.281364
2000,2241,105.4963
1959,2242,2.258725
1960,2242,2.54077
1961,2242,1.188406
1969,2242,5.950582
1970,2242,10.474729
1977,2242,1.828045
1982,2242,6.761047
1993,2242,10.027864
1994,2242,11.538437
1995,2242,7.390928
1996,2242,23.074385
1997,2242,155.509567
1929,2243,2.868367
1934,2243,2.104934
1977,2243,3.404408
1929,2244,2.551279
1933,2244,1.190187
1934,2244,2.048716
1950,2244,3.009388
1971,2244,3.149312
1977,2244,3.746805
1978,2244,8.444722
1979,2244,5.781307
1980,2244,7.209926
1981,2244,4.903943
1982,2244,5.839338
1983,2244,5.179576
1985,2244,10.916427
1987,2244,9.697426
1988,2244,9.20682
1929,2245,4.138779
1933,2245,1.45182
1958,2245,1.055672
1971,2245,3.149312
1977,2245,2.818457
1978,2245,14.095177
1979,2245,6.526809
1980,2245,28.972717
1982,2245,161.681747
1987,2245,406.810455
1988,2245,146.075516
1964,2246,1.120341
1971,2246,4.167498
1970,2247,39.631371
1971,2247,3.254871
1960,2248,1.742025
1968,2248,26.935192
1969,2248,40.852112
1970,2248,11.538233
1971,2248,9.064882
1990,2248,30.475883
1991,2248,3.932577
1964,2249,1.362165
1971,2249,19.742199
1972,2249,7.534427
1990,2249,171.53331
1991,2249,17.53735
1930,2250,12.235711
1931,2250,6.404556
1953,2250,1.283373
1955,2250,1.526695
1962,2250,1.166667
1964,2250,2.096871
1976,2250,3.020257
1977,2250,3.107738
1978,2250,4.021018
1979,2250,4.63585
1980,2250,4.097185
1981,2250,6.003969
1982,2250,7.353968
1991,2250,12.259977
1932,2251,93.24128
1933,2251,70.494324
1934,2251,91.565834
1963,2251,1.643038
1964,2251,3.745296
1965,2251,4.2485
1974,2251,12.822044
1975,2251,1.275846
1991,2251,177.110718
1963,2252,2.03278
1964,2252,3.244485
1971,2252,4.288651
1930,2253,31.339972
1931,2253,21.189068
1932,2253,14.409456
1933,2253,16.415615
1934,2253,17.601143
1935,2253,27.739853
1936,2253,63.352177
1963,2253,4.165302
1964,2253,3.244485
1967,2253,4.854306
1968,2253,3.004292
1969,2253,2.723109
1956,2254,6.509398
1963,2254,2.465302
1964,2254,3.244485
1968,2254,2.495998
1969,2254,2.723109
1962,2255,1.124604
1963,2255,3.702613
1964,2255,3.244485
1967,2255,1.012623
1968,2255,1.790891
1969,2255,5.011561
1930,2256,23.938431
1931,2256,8.3319
1932,2256,6.775504
1933,2256,7.310108
1934,2256,5.426323
1960,2256,1.558219
1961,2256,1.166271
1962,2256,5.556567
1964,2256,3.244485
1968,2256,2.007626
1969,2256,5.011561
1930,2257,12.730846
1931,2257,21.656553
1932,2257,18.973242
1933,2257,27.284462
1958,2257,1.583282
1964,2257,3.244485
1967,2257,1.438852
1968,2257,2.007626
1969,2257,5.011561
1930,2258,18.42646
1931,2258,26.465729
1932,2258,64.878456
1957,2258,1.402699
1958,2258,1.459051
1960,2258,1.613095
1961,2258,1.613095
1962,2258,3.441214
1964,2258,4.672595
1967,2258,17.774811
1968,2258,2.292277
1928,2259,116.983444
1929,2259,9.985998
1930,2259,11.183495
1931,2259,154.070114
1957,2259,11.818888
1958,2259,5.668774
1960,2259,14.045599
1961,2259,15.379122
1962,2259,2.618409
1964,2259,4.672595
1967,2259,3.84049
1968,2259,9.141234
1930,2260,56.426186
1931,2260,26.951248
1957,2260,3.635018
1964,2260,4.85156
1928,2261,5.143305
1929,2261,52.79134
1931,2261,43.167717
1957,2261,3.936287
1958,2261,10.100101
1964,2261,4.672595
1928,2262,2.280418
1954,2262,4.197791
1955,2262,7.044681
1956,2262,2.864457
1957,2262,17.255228
1958,2262,11.079102
1964,2262,4.584534
1965,2262,6.218487
1966,2262,4.672595
1974,2262,18.251316
1928,2263,1.626891
1955,2263,1.07546
1957,2263,7.894344
1958,2263,8.251461
1928,2264,2.069768
1939,2264,12.671471
1957,2264,1.610064
1958,2264,7.602585
1953,2265,1.163636
1957,2265,2.867753
1929,2266,130.506866
1930,2266,3.441632
1939,2266,2.135415
1940,2266,4.108928
1957,2266,2.03278
1958,2266,31.264769
1960,2266,1.163636
1934,2267,9.567034
1935,2267,4.102825
1936,2267,4.102825
1937,2267,2.521429
1932,2269,5.272564
1933,2269,2.403018
1934,2269,5.204471
1930,2270,16.124559
1931,2270,7.043438
1932,2270,4.745302
1938,2270,40.427013
1939,2270,123.730682
1941,2270,2.135415
1974,1950,34.69873
1981,1950,10.833343
1974,1951,9.388069
1975,1951,7.003709
1982,1951,269.47229
1983,1951,138.174393
1974,1952,12.968218
1980,1952,172.893158
1983,1952,372.108856
2009,1952,1.827585
1929,2271,92.435699
1930,2271,80.388184
1935,2271,5.797576
1938,2271,14.394232
1939,2271,2.273505
1940,2271,5.53898
1941,2271,5.272564
1942,2271,129.979675
1943,2271,24.634905
1944,2271,23.471268
1945,2271,23.867962
1981,1953,19.458786
1935,2272,5.797576
1938,2272,3.061381
1939,2272,2.431424
1940,2272,7.22001
1941,2272,1.073353
1943,2272,45.258511
1945,2272,12.74452
1946,2272,4.050437
1947,2272,4.050437
2010,1954,1.138462
1939,2273,2.762382
1941,2273,1.00487
1943,2273,1.797994
1957,2273,17.550636
1958,2273,49.928753
1959,2273,61.814762
1960,2273,62.937439
1961,2273,93.197044
1962,2273,125.163597
2009,1955,2.129631
1933,2274,9.962729
1934,2274,6.133617
1944,2274,1.347781
2009,1956,1.827585
2009,1957,1.019231
1933,2275,26.543201
1936,2275,1.791271
1939,2275,1.832449
1941,2275,1.066959
1946,2275,5.154673
1948,1958,2692.553223
1933,2276,27.022642
1941,2276,2.700371
1946,2276,4.247428
1933,2277,3.482175
1935,2277,1.072375
1946,2277,3.697428
1950,2277,10.984781
1933,2278,5.505199
1934,2278,1.342748
1937,2278,1.134477
1938,2278,1.134477
1939,2278,1.134477
1946,2278,3.614003
2008,1960,1.827585
2009,1960,1.019231
1977,1961,11.522728
2007,1961,412.626709
2008,1961,112.322998
2009,1961,25.659822
2010,1961,9.444364
1933,2279,4.745302
1934,2279,4.915668
1935,2279,1.342748
1936,2279,1.342748
1946,2279,3.616259
2008,1962,283.871246
2009,1962,87.589478
2010,1962,20.455748
1934,2280,6.657005
1936,2280,1.704175
1946,2280,3.616259
1949,2280,2.788578
1932,2281,5.505199
1934,2281,10.440662
1936,2281,3.169076
1946,2281,4.982938
1949,2281,1.025327
1951,2281,124.115799
1934,2282,6.275509
1936,2282,2.786115
1949,2282,22.125439
1951,2282,1.115345
1936,2283,2.786115
1949,2283,49.513367
1951,2283,1.646489
1952,2283,2.86125
1957,2283,3.906532
1958,2283,5.150092
1959,2283,7.618504
1960,2283,8.075479
1961,2283,7.788302
1962,2283,7.631379
1963,2283,5.201972
1964,2283,12.070085
1965,2283,7.543225
1966,2283,27.207306
1934,2284,6.275509
1936,2284,2.786115
1937,2284,1.598228
1943,2284,1.148384
1944,2284,1.097085
1951,2284,2.488556
1952,2284,3.973515
1967,2284,53.211529
1931,2285,2.884742
1932,2285,4.073241
1933,2285,5.351742
1934,2285,3.588013
1936,2285,3.169076
1937,2285,1.785855
1950,2285,1.488104
1951,2285,3.529883
1972,2285,8.378144
1973,2285,35.32098
1975,2285,24.384914
1935,2286,3.127898
1936,2286,1.330194
1940,2286,1.140316
1950,2286,7.404161
1951,2286,6.801382
1952,2286,10.419332
1972,2286,1.495541
1973,2286,10.660762
1974,2286,71.256783
1975,2286,26.116882
1978,2286,1.192481
1930,2287,4.707221
1940,2287,1.860338
1941,2287,1.03977
1942,2287,1.057585
1945,2287,1.417401
1946,2287,2.656675
1967,2287,16.277637
1968,2287,15.52927
1972,2287,1.595692
1973,2287,7.762934
1974,2287,11.826475
1975,2287,24.717056
1978,2287,5.970121
1939,2288,2.482157
1940,2288,1.734976
1941,2288,1.179788
1942,2288,1.475282
1943,2288,2.660005
1944,2288,2.538688
1945,2288,1.593055
1946,2288,1.993875
1957,2288,21.876925
1958,2288,4.488063
1959,2288,1.784381
1963,2288,5.888551
1964,2288,5.511117
1972,2288,1.760908
1978,2288,3.920916
1957,2289,21.144516
1958,2289,25.666039
1959,2289,3.433177
1960,2289,3.544572
1961,2289,2.309389
1962,2289,1.359057
1963,2289,1.452653
1964,2289,8.6955
1965,2289,6.47687
1966,2289,10.518141
1978,2289,3.233404
1957,2290,39.777092
1958,2290,26.99177
1959,2290,17.36013
1965,2290,1.702591
1973,2290,4.284212
1974,2290,20.275007
1978,2290,10.762024
1932,2291,7.22434
1933,2291,1.79735
1936,2291,1.44679
1937,2291,1.44679
1938,2291,5.889437
1946,2291,1.075058
1947,2291,1.319806
1948,2291,1.316654
1949,2291,1.775168
1950,2291,3.39199
1957,2291,27.983395
1958,2291,23.260445
1973,2291,3.085741
1974,2291,26.141832
1975,2291,46.008118
1978,2291,1.695193
1979,2291,1.907715
1929,2292,136.06749
1930,2292,210.442276
1931,2292,27.612637
1932,2292,2.269657
1941,2292,3.116821
1942,2292,4.948842
1943,2292,5.611132
1944,2292,4.862796
1945,2292,8.410907
1946,2292,10.223546
1947,2292,8.519156
1948,2292,7.426951
1949,2292,16.170713
1950,2292,19.549898
1951,2292,11.269992
1952,2292,7.378276
1953,2292,6.891766
1954,2292,10.96527
1955,2292,29.354856
1957,2292,35.242252
1958,2292,1.648677
1972,2292,2.746856
1973,2292,16.564007
1978,2292,10.938315
1930,2293,41.365982
1931,2293,21.334484
1932,2293,5.88719
1939,2293,1.264466
1940,2293,10.919106
1941,2293,29.14913
1942,2293,170.516129
1943,2293,29.605696
1944,2293,30.537485
1945,2293,50.686665
1946,2293,240.556427
1947,2293,93.514481
1948,2293,93.26989
1949,2293,60.341343
1950,2293,30.166759
1951,2293,32.567024
1953,2293,33.543552
1957,2293,43.879963
1958,2293,61.189644
1959,2293,70.704346
1961,2293,27.206089
1962,2293,2.257224
1930,2294,88.416351
1931,2294,38.946991
1932,2294,1.166489
1935,2294,3.059283
1936,2294,5.322657
1937,2294,10.744576
1938,2294,28.737652
1939,2294,33.095749
1940,2294,65.80484
1957,2294,55.381088
1961,2294,66.552559
1962,2294,22.146765
1930,2295,79.561157
1931,2295,44.879848
1932,2295,62.05196
1934,2295,1.298347
1935,2295,18.283232
1936,2295,10.456454
1938,2295,11.819083
1941,2295,3.230726
1948,2295,12.717947
1961,2295,153.571838
1962,2295,52.167828
1963,2295,47.67495
1930,2296,108.096092
1931,2296,33.878387
1933,2296,10.351189
1934,2296,2.174772
1935,2296,9.232668
1936,2296,9.668837
1940,2296,3.484667
1941,2296,1.761851
1942,2296,5.056419
1944,2296,7.925789
1948,2296,49.254055
1962,2296,39.867451
1930,2297,151.340851
1936,2297,67.817268
1940,2297,2.961573
1941,2297,1.241857
1942,2297,10.33573
1944,2297,13.747931
1948,2297,19.426117
1980,2297,10.937661
1940,2298,2.327529
1941,2298,6.101185
1942,2298,7.916727
1944,2298,11.683613
1979,2298,14.740973
1941,2299,17.091755
1942,2299,11.802397
1979,2299,12.946962
1942,2300,8.778951
1944,2300,7.823084
1945,2300,13.337892
1946,2300,14.421985
1947,2300,16.184345
1995,1980,5.0
1942,2301,5.31956
1945,2301,63.115208
1976,2301,11.476902
1980,1981,191.913071
1993,1981,5.0
1994,1981,18.181862
1995,1981,10.833343
1996,1981,3.842107
2013,1981,4.130435
1941,2302,278.21701
1950,2302,8.437882
1975,2302,30.877583
1976,2302,1.624171
1950,2303,12.543003
1961,1982,113.753845
1976,1982,85.117493
1977,1982,47.210426
1978,1982,16.766674
1979,1982,26.766674
1980,1982,76.551559
1981,1982,205.064728
1982,1982,237.715576
1983,1982,14.53334
1984,1982,21.208344
1985,1982,29.302692
1993,1982,10.25
1994,1982,10.25
1995,1982,3.842107
1996,1982,3.363636
1961,1983,75.457657
1977,1983,30.279703
1978,1983,40.478771
1979,1983,8.286551
1980,1983,45.530308
1981,1983,30.375425
1982,1983,65.583351
1983,1983,25.333351
1984,1983,25.333351
1993,1983,3.363636
1994,1983,1.7
1996,1983,2.25
1975,1984,75.884277
1977,1984,87.084885
1978,1984,12.031155
1979,1984,5.301136
1980,1984,2.583333
1982,1984,16.321712
1983,1984,8.621714
1984,1984,8.270832
2012,1984,1.45
2013,1984,2.974359
1975,1985,75.354271
1976,1985,47.446709
1977,1985,240.233719
1978,1985,42.658264
1979,1985,8.352484
1980,1985,1.715278
1983,1985,2.208333
2012,1985,1.933871
2013,1985,5.948718
1975,1986,143.066635
1976,1986,55.075817
1977,1986,72.888474
1978,1986,31.914484
1979,1986,11.289075
1980,1986,3.359011
2012,1986,1.933871
2013,1986,5.948718
1938,2308,9.059596
1940,2308,15.36279
1976,1987,44.263538
1977,1987,74.963913
1978,1987,43.898903
1979,1987,8.349403
1980,1987,4.429275
2011,1987,1.517857
2012,1987,4.614305
2013,1987,6.583062
1931,2309,7.134268
1935,2309,16.82303
1936,2309,7.492345
1938,2309,2.54376
1939,2309,8.250494
1942,2309,7.032476
1958,2309,2.130431
1941,1988,87.25
1975,1988,136.145798
1976,1988,111.1483
1977,1988,20.2082
1978,1988,3.839511
1979,1988,4.085583
1980,1988,1.176294
1982,1988,1.368998
1983,1988,50.5
1984,1988,3.0
2006,1988,1.03125
2012,1988,6.203867
2013,1988,6.778277
1933,2310,5.107951
1936,2310,5.196238
1939,2310,6.381198
1942,2310,3.861799
1972,2310,17.462341
1978,2310,23.503639
1941,1989,95.571983
1958,1989,14.671412
1976,1989,75.970825
1977,1989,15.353432
1978,1989,8.835082
1979,1989,3.836189
1980,1989,4.183979
1981,1989,4.98004
1983,1989,4.3809
1984,1989,1.197917
2010,1989,1.763223
2011,1989,4.552679
2012,1989,5.903353
1940,1990,87.25
1958,1990,16.777885
1959,1990,14.949188
1976,1990,54.226841
1977,1990,54.341446
1978,1990,17.815033
1979,1990,3.709626
1980,1990,3.722203
1981,1990,2.030218
1982,1990,1.204546
1983,1990,2.564103
1984,1990,1.333333
2008,1990,1.25
2010,1990,1.662756
2011,1990,8.938015
2012,1990,8.831136
2013,1990,37.585678
1935,2311,9.636628
1936,2311,7.24281
1939,2311,2.211905
1940,2311,3.480041
1941,2311,3.689931
1942,2311,4.661081
1943,2311,3.491483
1944,2311,11.648989
1930,2312,4.112251
1934,2312,3.735605
1935,2312,8.174004
1936,2312,66.316788
1937,2312,8.205967
1938,2312,9.547745
1940,2312,1.997213
1941,2312,41.088955
1942,2312,138.986984
1943,2312,139.759155
1944,2312,42.182587
1952,2312,48.065865
1939,1991,34.583389
1956,1991,11.145809
1957,1991,9.777761
1958,1991,10.244617
1963,1991,15.019356
1976,1991,262.327576
1977,1991,127.646896
1978,1991,41.367844
1979,1991,7.805342
1980,1991,4.25423
1981,1991,5.244269
1982,1991,2.95101
1983,1991,2.410256
2009,1991,6.375
2010,1991,2.991307
2011,1991,14.308708
2012,1991,22.831358
1933,2313,36.728203
1935,2313,36.660709
1939,2313,15.569017
1940,2313,23.011951
1941,2313,130.168686
1942,2313,149.287613
1946,2313,9.871489
1969,2313,13.936981
1956,1992,5.171427
1957,1992,5.060602
1958,1992,8.376392
1976,1992,87.152756
1977,1992,113.828392
1978,1992,19.998344
1979,1992,8.237148
1980,1992,4.578231
1981,1992,1.892943
1982,1992,1.938183
2010,1992,15.127722
2011,1992,102.574356
1939,2314,114.59668
1940,2314,133.04213
1941,2314,24.94326
1944,2314,116.42234
1945,2314,25.831247
1946,2314,11.426724
1968,2314,19.403187
1970,2314,14.859976
1956,1993,11.145809
1957,1993,5.155923
1958,1993,2.418852
1962,1993,33.936779
1976,1993,88.098175
1977,1993,86.49472
1978,1993,26.125986
1979,1993,10.993037
1980,1993,10.16154
1981,1993,3.451934
1995,1993,2.246013
2003,1993,1.179619
2006,1993,1.082617
2010,1993,23.072247
2011,1993,101.388733
1938,2315,7.24487
1941,2315,34.719395
1944,2315,74.705208
1945,2315,26.0315
1946,2315,48.144382
1947,2315,241.574066
1948,2315,60.201408
1949,2315,91.263947
1950,2315,70.882256
1962,2315,30.15844
1966,2315,37.663155
1956,1994,7.216958
1957,1994,3.269656
1958,1994,3.498087
1962,1994,30.174051
1963,1994,44.617115
1977,1994,67.080238
1978,1994,105.611519
1979,1994,68.264412
1980,1994,11.965026
1981,1994,2.26195
1992,1994,5.171081
1993,1994,3.857436
1994,1994,1.549557
1995,1994,2.315297
1996,1994,2.381395
1997,1994,1.620028
1998,1994,1.45074
1999,1994,3.208318
2000,1994,4.410398
2001,1994,2.838249
2002,1994,5.61709
2003,1994,3.679175
2004,1994,4.259808
2005,1994,2.237423
2006,1994,1.337631
2007,1994,4.541761
2008,1994,3.0441
2009,1994,2.00001
2011,1994,285.405182
1939,2316,18.718058
1940,2316,92.210983
1941,2316,29.373705
1943,2316,30.638811
1944,2316,4.52848
1945,2316,45.370632
1966,2316,11.125585
1956,1995,7.95479
1957,1995,1.139443
1958,1995,1.14824
1959,1995,1.14824
1960,1995,1.14824
1961,1995,10.833421
1962,1995,41.595898
1963,1995,39.360012
1977,1995,88.26416
1978,1995,47.664921
1979,1995,99.735451
1980,1995,43.289825
1981,1995,1.793748
1982,1995,1.012156
1983,1995,9.141192
1984,1995,1.233441
1985,1995,1.205344
1986,1995,1.644489
1987,1995,2.081048
1988,1995,1.644737
1989,1995,1.575155
1992,1995,16.707714
1993,1995,14.123452
1994,1995,9.88133
1995,1995,15.09691
1996,1995,9.82543
1997,1995,10.98138
1998,1995,8.651419
1999,1995,15.053859
2000,1995,16.754635
2001,1995,13.491812
2002,1995,22.021532
2003,1995,14.204548
2004,1995,14.682205
2005,1995,12.862351
2006,1995,17.90567
2007,1995,23.344778
2008,1995,12.448783
2009,1995,4.420821
1933,2317,13.356158
1937,2317,11.403683
1941,2317,19.069426
1946,2317,9.982264
1947,2317,24.967886
1949,2317,57.273067
1950,2317,105.567162
1951,2317,10.073876
1974,2317,19.467134
1975,2317,1.260064
1962,1996,16.366423
1963,1996,51.149025
1964,1996,41.685722
1965,1996,36.533764
1978,1996,172.530228
1979,1996,123.199036
1980,1996,46.422916
1982,1996,6.269544
1983,1996,9.042909
1984,1996,5.74156
1985,1996,5.74156
1986,1996,7.436379
1987,1996,8.789977
1988,1996,9.329896
1989,1996,8.968807
1990,1996,1.327319
1995,1996,18.127571
1996,1996,18.165253
1997,1996,19.063726
2008,1996,52.535526
2009,1996,31.718077
1991,1997,9.430928
1934,2318,14.329758
1936,2318,121.487816
1938,2318,19.037369
1939,2318,11.73586
1943,2318,208.953384
1952,2318,5.259477
1953,2318,10.832288
1954,2318,10.174066
1955,2318,4.542931
1958,2318,9.367475
1959,2318,35.265686
1960,2318,15.049788
1974,2318,3.3524
1975,2318,1.479805
1937,2319,1.156132
1938,2319,240.600754
1939,2319,27.27953
1940,2319,8.768375
1941,2319,25.387905
1943,2319,17.86418
1944,2319,2.515048
1956,2319,6.124474
1957,2319,11.962155
1958,2319,17.711868
1959,2319,7.614702
1960,2319,7.915094
1936,2320,30.614759
1937,2320,18.050877
1939,2320,46.176792
1944,2320,19.897833
1947,2320,5.044954
1954,2320,3.231624
1955,2320,3.832275
1956,2320,3.805325
1957,2320,32.828796
1959,2320,2.758958
1960,2320,12.368793
1937,2321,49.17403
1944,2321,4.967158
1950,2321,1.751523
1956,2321,2.409522
1960,2321,13.859865
1962,2321,3.570977
1969,2321,1.787364
1940,2007,95.571983
1938,2008,234.145203
1939,2008,106.717789
1938,2009,234.27887
1939,2009,106.717789
1938,2025,25.558241
1939,2025,54.064854
1940,2025,29.902777
1942,2026,30.232065
1943,2026,39.212585
1944,2026,47.071327
1945,2026,30.428535
1946,2026,19.142864
1962,2039,4.676592
1963,2039,4.759221
1984,2039,8.286649
1985,2039,1.035212
1955,2040,5.703341
1956,2040,16.888519
1958,2040,16.610382
1959,2040,11.263027
1960,2040,12.034504
1961,2040,21.683407
1965,2040,82.368744
1957,2046,11.524366
1959,2046,16.086678
1981,2046,1.359146
1982,2046,1.359146
1983,2046,1.48314
1984,2046,1.114685
1985,2046,1.095544
1961,2049,78.613029
1981,2049,91.290489
1961,2050,111.840355
1980,2050,5.624004
1981,2050,1.307148
1986,2050,33.973469
1987,2050,7.322818
1988,2050,21.315495
1989,2050,1.324795
1980,2051,1.281843
1981,2051,1.035834
1987,2051,6.625177
1988,2051,1.849571
1978,2052,4.962103
1979,2052,10.518666
1980,2052,28.576582
1989,2052,2.763471
1978,2053,10.609377
1980,2053,67.231125
1980,2054,76.448227
1981,2054,180.65712
2007,2054,1.151742
2009,2054,1.43186
2012,2054,1.167794
1977,2055,8.562468
1978,2055,12.710253
1979,2055,27.453018
1980,2055,16.762697
2011,2055,2.735141
2003,2057,1.453395
1983,2059,2.030687
1984,2059,2.239713
1986,2059,5.035246
1990,2059,2.124673
1991,2059,1.216768
1992,2059,1.231117
1997,2059,2.271734
1998,2059,5.411825
1999,2059,5.708309
2000,2059,1.247278
2001,2059,1.816918
1998,2060,26.524094
1999,2060,27.332748
2001,2060,4.311077
2002,2060,3.264007
1936,2074,6.949853
1937,2074,3.606006
1938,2074,3.606006
1959,2074,56.396225
1960,2074,21.752821
1961,2074,28.269222
1936,2075,14.566517
1937,2075,5.257123
1938,2075,1.870934
1939,2075,3.3576
1936,2076,14.811253
1937,2076,7.160509
1938,2076,3.319151
1961,2076,1.120195
1936,2077,14.829185
1937,2077,7.160509
1938,2077,4.338631
1935,2078,12.155006
1936,2078,19.28443
1937,2078,5.465308
1938,2078,5.364148
1939,2078,22.082211
1935,2079,20.068901
1936,2079,17.271465
1937,2079,7.887156
1938,2079,6.005375
1939,2079,36.239403
1935,2080,24.214869
1936,2080,16.910889
1937,2080,9.479083
1938,2080,10.605956
1935,2081,44.215599
1936,2081,35.39455
1937,2081,18.966585
1938,2081,11.854753
1935,2082,37.161102
1936,2082,41.588894
1937,2082,18.891909
1957,2082,5.611274
1935,2083,37.161102
1936,2083,46.673363
1935,2084,84.133461
1936,2084,77.106499
1937,2084,41.123428
1935,2085,50.052731
1936,2085,50.023685
1937,2085,32.934364
1935,2086,75.788925
1936,2086,55.384197
1937,2086,35.283524
1938,2086,24.035999
1934,2087,31.174868
1935,2087,14.044075
1936,2087,11.760281
1937,2087,19.735395
1938,2087,31.471893
1939,2087,37.814938
1940,2087,292.647827
1935,2088,12.413708
1936,2088,41.21249
1937,2088,50.989864
1938,2088,54.938065
1939,2088,93.051964
1935,2089,355.887299
1936,2089,234.350433
1937,2089,122.047867
1938,2089,213.161469
1939,2089,269.203461
1940,2089,262.465149
1941,2089,225.52063
1935,2090,711.076416
1936,2090,377.863007
1937,2090,223.328949
1938,2090,204.111206
1992,2091,2.689946
1993,2091,1.855932
1994,2091,2.240429
1995,2091,2.635044
1985,2092,1.268958
1991,2092,2.079176
1997,2092,1.362748
1936,2093,46.528881
1937,2093,70.44561
1938,2093,10.535981
1939,2093,11.570624
1940,2093,5.47369
1942,2093,9.469323
1943,2093,7.587574
1986,2093,2.583842
1987,2093,3.818295
1936,2094,28.336441
1937,2094,30.387825
1938,2094,19.795717
1939,2094,10.859685
1940,2094,2.331722
1941,2094,29.68495
1942,2094,11.579163
1943,2094,2.752788
1989,2096,2.272678
1991,2097,1.700502
1935,2098,13.443309
1934,2099,61.318413
1935,2099,7.690799
1937,2099,76.611542
1934,2100,63.276279
1937,2100,4.385032
1938,2100,61.616951
1941,2100,46.906868
1942,2100,48.526024
1971,2101,3.393631
1982,2101,49.045631
1983,2101,2.040088
1985,2102,1.051853
1988,2102,1.520274
1984,2103,1.051853
1989,2103,1.130448
1992,2105,16.29463
1989,2106,1.051853
1988,2107,1.051853
1984,2108,1.051853
1939,2109,95.391525
1940,2109,163.138474
1944,2109,371.361481
1951,2109,8.676531
1941,2110,139.008789
1942,2110,146.705536
1943,2110,110.034508
1944,2110,28.690817
1952,2110,142.216644
1993,2111,2.327898
1996,2114,1.950215
2000,2114,1.82715
1936,2115,9.616383
1937,2115,8.511219
1938,2115,7.114091
1939,2115,44.414139
1940,2115,73.489586
1941,2115,71.611786
1996,2115,1.198718
2000,2115,3.991295
2001,2115,3.791194
2002,2115,2.621871
2003,2115,2.41968
2006,2115,3.953063
1935,2116,10.887847
1936,2116,3.019349
1937,2116,3.183547
1938,2116,3.335363
1939,2116,21.037804
1940,2116,26.877712
1941,2116,29.635876
1942,2116,33.121624
1943,2116,75.335571
1944,2116,68.491234
1945,2116,85.888939
1998,2116,1.117724
2002,2116,1.971919
2003,2116,1.984927
2006,2116,1.191655
1934,2117,29.501123
2006,2117,3.189641
2007,2117,6.80704
1969,2118,4.501643
1979,2118,2.722615
1996,2118,1.29601
1998,2118,1.131821
2006,2118,7.586943
2007,2118,15.046161
1939,2119,6.01066
1940,2119,2.111653
1941,2119,34.731033
1979,2119,10.124523
1980,2119,6.860891
1981,2119,2.035714
1992,2119,4.559965
1993,2119,6.440033
1994,2119,6.373361
1995,2119,11.307199
1996,2119,28.153522
1997,2119,40.302177
1998,2119,13.63135
1999,2119,11.074173
2000,2119,6.313546
2001,2119,4.052546
2002,2119,3.818709
2003,2119,3.95113
2005,2119,1.0625
2006,2119,8.024036
2007,2119,15.651095
1979,2120,21.665209
1980,2120,12.62954
1992,2120,7.51323
1993,2120,17.288857
1994,2120,21.159456
1995,2120,29.329473
1996,2120,24.8402
1997,2120,60.681931
1998,2120,32.299934
1999,2120,37.42466
2000,2120,81.469452
2001,2120,44.312599
2002,2120,4.859797
2003,2120,3.461266
2006,2120,15.362169
1962,2121,9.929031
1979,2121,17.205439
1980,2121,5.778868
1992,2121,5.756433
1993,2121,5.756433
1995,2121,7.008751
2000,2121,12.04341
2001,2121,88.050102
2002,2121,17.989063
2003,2121,5.253876
2005,2121,7.196633
2006,2121,17.346096
1979,2122,17.205439
1980,2122,8.039319
2003,2122,6.766843
2004,2122,1.792184
2005,2122,11.603855
2006,2122,17.235172
1943,2123,23.908697
1944,2123,27.510942
1945,2123,449.76532
1946,2123,188.268066
1947,2123,198.216599
1979,2123,8.79993
1980,2123,1.582748
2003,2123,1.83051
2004,2123,9.870605
2005,2123,12.248288
