1538,210,7.262821
1607,210,12.276466
1608,210,15.521301
1612,210,8.065649
1608,211,76.830521
1609,211,99.780594
1612,211,13.064013
1613,211,24.030107
1494,212,2.466775
1585,212,11.738701
1612,212,3.429674
1613,212,57.116455
1649,212,3.747876
1651,212,100.435905
1583,213,40.937466
1585,213,9.863816
1587,213,8.283659
1588,213,8.08612
1589,213,13.344193
1590,213,7.017151
1591,213,6.587732
1592,213,10.726204
1612,213,36.20076
1613,213,36.897724
1649,213,12.161096
1650,213,11.081449
1651,213,67.404816
1654,213,23.600653
1655,213,10.186417
1664,213,84.323982
1665,213,55.438549
1667,213,91.378227
1587,214,10.122861
1588,214,10.7777
1589,214,4.695296
1590,214,4.12873
1591,214,2.454614
1592,214,15.983631
1593,214,24.549728
1594,214,9.665343
1595,214,8.504751
1596,214,39.383427
1597,214,34.212982
1598,214,58.402134
1599,214,28.771
1600,214,6.289404
1601,214,48.002651
1613,214,8.224347
1614,214,2.867826
1617,214,96.499146
1618,214,166.464905
1619,214,139.753418
1620,214,24.353474
1621,214,90.61705
1622,214,25.557671
1623,214,28.013649
1624,214,46.953522
1625,214,85.524734
1626,214,64.582558
1627,214,124.711784
1628,214,124.923729
1629,214,227.863022
1630,214,301.845245
1631,214,592.369141
1632,214,209.107208
1651,214,53.714546
1655,214,28.330463
1664,214,82.267487
1665,214,39.674534
1666,214,44.708214
1667,214,65.165817
1668,214,188.088196
1684,214,82.139381
1712,214,134.001541
1584,215,2.923284
1587,215,12.194453
1588,215,8.894538
1589,215,11.350237
1590,215,12.146827
1591,215,21.027538
1592,215,35.113121
1593,215,54.059914
1594,215,15.344143
1595,215,12.061456
1596,215,19.553667
1597,215,8.482568
1598,215,6.225891
1599,215,6.272367
1600,215,18.368345
1601,215,42.806618
1612,215,4.456937
1613,215,1.248805
1614,215,12.188252
1617,215,20.604319
1618,215,10.348039
1619,215,19.876204
1620,215,30.343498
1621,215,24.131277
1622,215,11.056703
1623,215,37.738968
1624,215,28.60622
1625,215,38.626026
1626,215,57.491089
1627,215,44.499538
1628,215,40.914692
1629,215,75.916565
1630,215,43.447823
1631,215,126.481369
1632,215,75.170425
1633,215,58.109688
1664,215,35.805901
1665,215,20.018219
1666,215,10.733811
1667,215,15.969473
1668,215,28.978613
1669,215,92.374306
1683,215,85.805656
1684,215,42.438126
1685,215,105.274239
1712,215,210.552261
1584,216,2.416063
1587,216,24.160797
1588,216,16.110172
1589,216,12.670072
1590,216,11.111234
1591,216,15.3184
1592,216,24.658493
1593,216,21.976515
1594,216,14.12957
1595,216,14.021975
1596,216,10.3464
1597,216,10.185987
1598,216,9.895223
1599,216,14.599524
1600,216,20.626804
1601,216,51.283268
1612,216,2.643152
1614,216,1.226722
1617,216,22.935898
1618,216,24.423155
1619,216,15.94627
1620,216,10.152491
1621,216,5.876296
1622,216,3.856975
1623,216,2.343804
1624,216,3.538455
1625,216,9.395678
1626,216,10.008732
1627,216,18.78229
1629,216,31.17725
1630,216,28.332457
1631,216,40.297924
1632,216,32.748001
1633,216,52.446114
1634,216,72.11821
1664,216,22.016026
1665,216,10.0637
1666,216,23.815763
1667,216,5.265326
1668,216,14.469141
1669,216,34.872856
1670,216,100.824867
1674,216,150.347443
1676,216,43.140064
1677,216,63.476341
1678,216,21.407776
1679,216,51.806087
1684,216,17.134428
1685,216,16.662828
1596,217,9.569205
1597,217,11.095355
1598,217,18.33886
1612,217,2.292106
1614,217,4.436333
1663,217,31.189964
1664,217,27.100838
1665,217,9.811299
1666,217,28.001053
1668,217,28.556442
1669,217,26.36034
1670,217,89.646484
1671,217,142.429001
1672,217,18.834229
1673,217,67.341225
1674,217,57.511692
1675,217,35.117878
1676,217,20.539068
1677,217,1.12693
1678,217,2.985904
1679,217,5.420481
1680,217,18.419203
1681,217,13.835261
1683,217,23.619566
1684,217,56.653168
1685,217,32.714058
1605,218,1.793015
1606,218,5.836535
1607,218,1.927666
1608,218,3.920434
1609,218,2.527685
1610,218,6.093714
1611,218,3.108979
1612,218,1.777867
1613,218,3.590879
1614,218,9.142467
1664,218,55.184372
1665,218,49.448982
1666,218,65.240448
1668,218,16.76277
1670,218,80.486
1671,218,32.871868
1672,218,3.587066
1673,218,10.198664
1674,218,6.533243
1675,218,6.304902
1677,218,5.475798
1678,218,1.577408
1679,218,1.705695
1680,218,5.125641
1684,218,51.028236
1687,218,103.926102
1604,219,2.873156
1605,219,3.534231
1606,219,1.258846
1607,219,2.177769
1608,219,2.030231
1614,219,3.296833
1635,219,6.890428
1636,219,10.352678
1662,219,73.332581
1672,219,3.162414
1673,219,2.518251
1674,219,2.543914
1675,219,4.608425
1676,219,2.803766
1677,219,2.051832
1679,219,2.231598
1680,219,3.644862
1681,219,4.796155
1757,219,8.491576
1758,219,8.768694
1585,220,2.47794
1601,220,2.064823
1602,220,1.486019
1607,220,1.137565
1635,220,4.048142
1636,220,1.914384
1672,220,3.93483
1673,220,5.50972
1674,220,2.975074
1675,220,4.020565
1676,220,5.057609
1677,220,8.662841
1678,220,3.148897
1679,220,2.0168
1680,220,1.600421
1681,220,2.579179
1756,220,15.066525
1757,220,4.033856
1758,220,4.162333
1603,221,1.942292
1604,221,1.914075
1635,221,3.54837
1751,221,4.749766
1752,221,3.554303
1754,221,2.90159
1755,221,2.538813
1756,221,12.403105
1757,221,7.833241
1758,221,9.503309
1607,222,6.605437
1616,222,1.303744
1652,222,28.523411
1653,222,10.152792
1654,222,24.76519
1655,222,44.467751
1656,222,35.357174
1749,222,3.587016
1750,222,1.223124
1752,222,2.187322
1756,222,4.876932
1603,223,1.728144
1604,223,9.242164
1605,223,15.642949
1653,223,16.989504
1654,223,7.218872
1655,223,27.642149
1744,223,12.95634
1748,223,4.173204
1749,223,2.090448
1753,223,1.818596
1602,224,48.157429
1603,224,15.326398
1604,224,16.098848
1605,224,43.553032
1652,224,32.237442
1653,224,7.870752
1654,224,12.429058
1655,224,13.362312
1748,224,3.811133
1749,224,2.393905
1756,224,1.09183
1759,224,4.901335
1586,225,3.003943
1587,225,1.194621
1605,225,39.587677
1625,225,7.536077
1626,225,4.86903
1630,225,12.857409
1631,225,11.647845
1632,225,6.232939
1633,225,9.498456
1634,225,27.903913
1635,225,44.018513
1653,225,40.927807
1654,225,10.950034
1655,225,34.243046
1656,225,29.635529
1697,225,213.782211
1748,225,6.758958
1749,225,2.759934
1753,225,1.290386
1757,225,1.405934
1758,225,1.33953
1759,225,2.428626
1580,226,31.195646
1582,226,41.643002
1583,226,64.505371
1586,226,5.596318
1597,226,53.07412
1598,226,47.370384
1621,226,61.921616
1622,226,47.476284
1630,226,9.63533
1631,226,4.669241
1632,226,3.361331
1633,226,3.170932
1634,226,8.641464
1635,226,4.663647
1653,226,53.476791
1654,226,53.473145
1655,226,62.435066
1696,226,427.296906
1697,226,163.337936
1698,226,172.974808
1581,227,58.71365
1582,227,56.291702
1583,227,70.534286
1584,227,41.460655
1587,227,1.279296
1594,227,17.784636
1595,227,34.817184
1596,227,18.936031
1597,227,28.58791
1598,227,33.437992
1599,227,302.961273
1605,227,123.16642
1606,227,213.666626
1607,227,15.673564
1608,227,22.786398
1618,227,3.353465
1619,227,15.332775
1620,227,14.905714
1621,227,15.482968
1631,227,20.789963
1632,227,12.512487
1633,227,10.715385
1634,227,4.507946
1653,227,90.563049
1654,227,20.566351
1655,227,12.433588
1696,227,193.112518
1697,227,136.89386
1582,228,234.376816
1583,228,295.813751
1584,228,292.008636
1585,228,4.815768
1586,228,2.487847
1587,228,3.037739
1589,228,11.586694
1590,228,8.711457
1591,228,5.564683
1592,228,2.199514
1593,228,7.094681
1594,228,4.236903
1595,228,105.293205
1596,228,79.471413
1597,228,341.710968
1598,228,171.222412
1599,228,235.703857
1605,228,165.50827
1606,228,60.083374
1607,228,28.644476
1608,228,32.714939
1631,228,50.206085
1632,228,23.51421
1633,228,18.780775
1634,228,6.03042
1635,228,1.808355
1653,228,54.914223
1654,228,6.293551
1655,228,10.114419
1656,228,10.602594
1696,228,157.479889
1583,229,392.041443
1586,229,10.595248
1587,229,9.866631
1588,229,9.104691
1589,229,25.865614
1590,229,44.990688
1591,229,26.695526
1592,229,65.997452
1597,229,418.799713
1598,229,414.821777
1607,229,32.730686
1633,229,32.316605
1634,229,15.768185
1635,229,11.561324
1652,229,211.874176
1653,229,52.866768
1654,229,18.611019
1655,229,13.439792
1696,229,142.742889
1697,229,30.270407
1698,229,165.443481
1586,230,22.162067
1587,230,33.802811
1588,230,25.398773
1589,230,50.191662
1590,230,78.589661
1591,230,71.730972
1592,230,135.962433
1607,230,47.737236
1653,230,52.755043
1654,230,13.638818
1696,230,59.457699
1697,230,10.041228
1698,230,184.070435
1635,231,57.766773
1636,231,95.925133
1653,231,49.522209
1654,231,18.893894
1655,231,3.399329
1697,231,133.58075
1698,231,56.2827
1605,232,101.456551
1606,232,53.732784
1607,232,24.752596
1634,232,49.280491
1635,232,36.236492
1636,232,30.772974
1637,232,38.857193
1653,232,79.720894
1654,232,20.787256
1655,232,8.322438
1656,232,13.074602
1696,232,30.524504
1697,232,13.440383
1633,233,245.851288
1634,233,119.364342
1635,233,16.279997
1636,233,16.299818
1637,233,8.7906
1653,233,102.015411
1654,233,38.303589
1655,233,10.936634
1656,233,16.052607
1695,233,78.088058
1696,233,16.17654
1697,233,34.603115
1698,233,82.039619
1500,234,47.699306
1501,234,56.497139
1502,234,63.962826
1503,234,60.031635
1504,234,63.835239
1505,234,18.691542
1506,234,43.078968
1507,234,28.179394
1508,234,25.312445
1509,234,18.018986
1510,234,12.157778
1511,234,6.145936
1654,234,69.530533
1655,234,7.4608
1696,234,20.967171
1697,234,11.593998
1698,234,51.810894
1699,234,80.012337
1493,235,6.518064
1494,235,2.091474
1500,235,84.677628
1505,235,42.630913
1506,235,123.803398
1507,235,82.355858
1508,235,77.620476
1509,235,71.406387
1510,235,42.712891
1511,235,14.019388
1596,235,43.406105
1597,235,168.313675
1598,235,20.871361
1636,235,25.85903
1637,235,36.971111
1654,235,19.776083
1655,235,4.694365
1656,235,15.066292
1697,235,19.915495
1698,235,25.443388
1699,235,84.541885
1492,236,11.933491
1493,236,5.306081
1494,236,3.602199
1511,236,13.756931
1512,236,1.555206
1654,236,1.241162
1655,236,7.415722
1656,236,15.309651
1696,236,7.433758
1697,236,13.718858
1698,236,46.47274
1726,236,5.500565
1733,236,30.380415
1741,236,165.144852
1493,237,3.622061
1511,237,15.819235
1512,237,4.639462
1655,237,4.527059
1696,237,8.087518
1697,237,4.484675
1698,237,16.685324
1734,237,31.33135
1735,237,55.455002
1736,237,42.663174
1740,237,57.222591
1743,237,13.07847
1753,237,76.217171
1754,237,45.21146
1755,237,23.393274
1492,238,3.722652
1493,238,7.328969
1494,238,4.301087
1512,238,12.375774
1513,238,3.396644
1590,238,30.462841
1698,238,163.798065
1734,238,12.64165
1735,238,3.134443
1739,238,1.047031
1740,238,2.212098
1741,238,1.512434
1742,238,1.332281
1743,238,5.120941
1746,238,8.083952
1751,238,76.409012
1752,238,59.678356
1753,238,79.001801
1754,238,84.474289
1755,238,31.904795
1756,238,21.238998
1757,238,9.364446
1512,239,13.470093
1513,239,3.101341
1573,239,16.018599
1574,239,15.719232
1575,239,32.982742
1583,239,50.200851
1584,239,14.819457
1586,239,8.112612
1587,239,2.987232
1657,239,216.490173
1658,239,47.250954
1659,239,67.439819
1660,239,80.957504
1697,239,391.456238
1744,239,5.223482
1750,239,72.406868
1751,239,58.959824
1752,239,74.718544
1753,239,29.684008
1754,239,35.471451
1755,239,29.471933
1756,239,3.986814
1757,239,10.049148
1520,240,2.479157
1522,240,8.804111
1523,240,3.087438
1527,240,1.654288
1529,240,1.312861
1530,240,30.658632
1531,240,29.503494
1532,240,27.820065
1571,240,21.309439
1572,240,32.691151
1573,240,24.116316
1574,240,14.529313
1575,240,34.747684
1576,240,44.420315
1583,240,4.358366
1584,240,10.674856
1585,240,3.754412
1586,240,16.206083
1587,240,25.237106
1590,240,20.04501
1596,240,146.383133
1597,240,40.59967
1598,240,28.583773
1599,240,27.897625
1600,240,18.077562
1633,240,19.071272
1634,240,1.060009
1659,240,25.103621
1660,240,46.212059
1661,240,51.931625
1662,240,60.722504
1663,240,96.574425
1664,240,203.059174
1685,240,318.873535
1686,240,391.12674
1687,240,250.247162
1688,240,131.065155
1689,240,111.075699
1690,240,114.334633
1696,240,193.089752
1697,240,186.383026
1713,240,30.966793
1714,240,9.214119
1715,240,3.251961
1716,240,1.827152
1717,240,2.189802
1718,240,3.988933
1719,240,6.275137
1720,240,4.809543
1721,240,2.504611
1722,240,2.336035
1723,240,3.745913
1744,240,7.377647
1750,240,59.288029
1752,240,38.898491
1753,240,33.33437
1754,240,17.535961
1755,240,29.030575
1756,240,5.023097
1757,240,8.697556
1512,241,28.477707
1513,241,6.830061
1514,241,1.328991
1575,241,167.413925
1576,241,167.126785
1583,241,37.518368
1584,241,6.87179
1585,241,6.017224
1586,241,8.305184
1587,241,30.555473
1598,241,35.38599
1603,241,99.436081
1606,241,18.201351
1607,241,20.370039
1608,241,68.163696
1634,241,8.339563
1663,241,17.061272
1664,241,60.187107
1665,241,97.044685
1666,241,105.283752
1667,241,37.718685
1668,241,51.026783
1669,241,43.790665
1684,241,79.045425
1685,241,39.269581
1686,241,48.411423
1687,241,56.368977
1688,241,32.138073
1689,241,77.542397
1690,241,98.144516
1691,241,47.679176
1692,241,34.36459
1693,241,29.842152
1694,241,38.879883
1695,241,30.70767
1696,241,23.884472
1697,241,112.339508
1698,241,129.918823
1713,241,4.072946
1714,241,3.599606
1715,241,4.413128
1716,241,1.989304
1721,241,1.089653
1722,241,1.089653
1723,241,5.036891
1724,241,6.106937
1725,241,5.299705
1726,241,8.09725
1727,241,4.174332
1744,241,2.175993
1752,241,20.781113
1753,241,20.450359
1754,241,14.81071
1755,241,19.005856
1756,241,5.673915
1757,241,8.173997
1513,242,11.922144
1575,242,159.708374
1583,242,21.692085
1584,242,2.29618
1585,242,2.553338
1586,242,10.384048
1587,242,15.745445
1685,242,42.345333
1686,242,32.856018
1687,242,50.87701
1688,242,41.968678
1689,242,35.015663
1690,242,24.169279
1691,242,88.636978
1692,242,15.937217
1693,242,22.096672
1694,242,19.057302
1695,242,138.595886
1696,242,76.257622
1697,242,159.286301
1698,242,209.285873
1713,242,334.986908
1727,242,3.807836
1744,242,1.224138
1751,242,18.132805
1752,242,19.618233
1753,242,25.934256
1754,242,6.596328
1755,242,16.943977
1756,242,1.617302
1757,242,6.859528
1513,243,6.004793
1514,243,1.098639
1574,243,5.168552
1583,243,36.722134
1584,243,12.78179
1585,243,9.345756
1586,243,29.268465
1689,243,32.336136
1690,243,21.46269
1691,243,28.161518
1692,243,59.184898
1694,243,238.788361
1695,243,233.920929
1696,243,147.181229
1697,243,318.390289
1698,243,380.579742
1747,243,1.567634
1752,243,80.35598
1753,243,100.634819
1754,243,8.362462
1755,243,19.369265
1756,243,2.87282
1757,243,6.44611
1514,244,9.349561
1572,244,13.135002
1573,244,10.134058
1584,244,15.721832
1714,244,1.13004
1749,244,76.12146
1750,244,48.26553
1751,244,58.705578
1752,244,9.185751
1753,244,4.985364
1754,244,27.992302
1755,244,20.18334
1756,244,1.325618
1757,244,6.322152
1572,245,74.795822
1573,245,4.292181
1574,245,22.175049
1575,245,19.877636
1739,245,1.501027
1749,245,113.24868
1750,245,20.709871
1751,245,18.637589
1752,245,9.149165
1753,245,5.635207
1754,245,10.710286
1755,245,1.81268
1756,245,6.378039
1757,245,10.762224
1758,245,23.420416
1573,246,11.21621
1574,246,22.781096
1575,246,11.781508
1750,246,22.05682
1751,246,10.913853
1752,246,12.157946
1753,246,9.172375
1754,246,2.952972
1756,246,1.843083
1757,246,9.254419
1758,246,22.897621
1520,247,11.554638
1521,247,35.624512
1524,247,15.535856
1525,247,24.966389
1526,247,15.805151
1527,247,6.034386
1528,247,8.197637
1529,247,5.482422
1530,247,58.199421
1531,247,64.828255
1573,247,12.80896
1574,247,15.119756
1575,247,13.301901
1715,247,1.152381
1751,247,9.323647
1752,247,9.797139
1753,247,2.376808
1754,247,4.686118
1758,247,22.738224
1520,248,6.086471
1522,248,2.635062
1523,248,3.435881
1525,248,10.963949
1526,248,7.217493
1527,248,5.645621
1528,248,36.300472
1529,248,24.560204
1573,248,19.077345
1574,248,20.801291
1575,248,23.932699
1576,248,39.909122
1752,248,9.593889
1753,248,1.308593
1758,248,2.705421
1521,249,2.639416
1522,249,3.257019
1523,249,4.518401
1573,249,14.866025
1574,249,17.789288
1575,249,12.97643
1576,249,43.879944
1512,250,2.450617
1573,250,31.459949
1574,250,20.220457
1508,251,10.964903
1509,251,3.405239
1510,251,6.040543
1572,251,25.405254
1573,251,17.687534
1574,251,32.657089
1718,251,12.962037
1720,251,30.246504
1721,251,31.926489
1736,251,44.768108
1737,251,19.465981
1739,251,339.750671
1494,252,108.576355
1495,252,72.887123
1503,252,11.583889
1507,252,43.003391
1508,252,36.657459
1572,252,13.101304
1573,252,41.034775
1714,252,49.185589
1717,252,36.794491
1718,252,36.110798
1719,252,22.08604
1720,252,9.704072
1721,252,2.133258
1722,252,1.862624
1723,252,2.085013
1724,252,2.157875
1725,252,2.828513
1726,252,3.252318
1727,252,4.399119
1572,253,14.205404
1573,253,22.571301
1719,253,17.259428
1720,253,1.59251
1727,253,3.096141
1571,254,8.650091
1572,254,11.028558
1570,255,3.881564
1571,255,21.9177
1570,256,3.855567
1571,256,16.13686
1573,256,18.297464
1571,257,9.50408
1514,258,4.978458
1712,258,142.369675
1713,258,17.342785
1714,258,5.835905
1715,258,44.266876
1505,259,12.616248
1506,259,1.018285
1508,259,1.00736
1509,259,2.689126
1510,259,13.589912
1511,259,6.066031
1512,259,5.331707
1513,259,8.461936
1514,259,12.717941
1714,259,16.192514
1715,259,36.393547
1504,260,1.051664
1505,260,1.002217
1506,260,25.768269
1507,260,13.035662
1508,260,6.220532
1509,260,10.741808
1689,260,1.093854
1714,260,87.245781
1715,260,83.725273
1716,260,250.14447
1720,260,28.170984
1721,260,36.095726
1722,260,11.206339
1723,260,4.879324
1724,260,2.41274
1725,260,2.245791
1726,260,2.284221
1727,260,3.330548
1720,261,36.8372
1721,261,6.436232
1722,261,2.865503
1723,261,3.660763
1724,261,1.280662
1725,261,1.114589
1726,261,1.233152
1727,261,3.33851
1720,262,9.975866
1721,262,7.65582
1722,262,3.961351
1726,262,2.772989
1727,262,6.275434
1688,263,19.15139
1691,263,10.698351
1695,263,44.970158
1720,263,9.028348
1721,263,5.811595
1722,263,3.008971
1726,263,1.37762
1727,263,6.311161
1667,264,78.773651
1668,264,38.864773
1669,264,32.792542
1670,264,13.087023
1671,264,14.568446
1676,264,7.372165
1681,264,4.78589
1682,264,5.667816
1683,264,7.448383
1684,264,6.515317
1688,264,4.148823
1689,264,4.313868
1690,264,7.523745
1691,264,15.158574
1695,264,116.37822
1696,264,129.616394
1697,264,224.509186
1720,264,18.426889
1721,264,6.48668
1722,264,5.151494
1726,264,1.017832
1727,264,3.575801
1661,265,208.297058
1662,265,133.442993
1663,265,86.666634
1664,265,58.076893
1667,265,71.70919
1668,265,21.036989
1669,265,13.383243
1670,265,9.635453
1671,265,8.643951
1675,265,66.344414
1681,265,4.113857
1682,265,2.836235
1683,265,3.792325
1684,265,3.7484
1688,265,2.151711
1689,265,2.246293
1690,265,3.751037
1691,265,6.004507
1692,265,13.180358
1695,265,5.268638
1696,265,39.96434
1697,265,67.315262
1698,265,107.144218
1720,265,21.698278
1721,265,9.211639
1722,265,5.310455
1726,265,2.424982
1727,265,5.288247
1605,266,195.136459
1608,266,42.721527
1609,266,33.171467
1610,266,37.947136
1611,266,66.865463
1613,266,25.760998
1614,266,53.557938
1626,266,13.67525
1660,266,21.325771
1661,266,8.255786
1662,266,348.984192
1663,266,44.422695
1664,266,17.926535
1667,266,16.793997
1668,266,8.505888
1669,266,2.328516
1670,266,7.280641
1671,266,2.923638
1680,266,5.876189
1681,266,2.499802
1682,266,3.123606
1683,266,2.125031
1684,266,2.47085
1688,266,3.347011
1689,266,1.043432
1690,266,2.969594
1691,266,3.471473
1692,266,8.343666
1695,266,1.385745
1697,266,35.997131
1698,266,78.692719
1720,266,12.097157
1721,266,4.325458
1722,266,2.139441
1726,266,1.674748
1727,266,5.645837
1612,267,167.828766
1657,267,510.767944
1658,267,550.822205
1659,267,2.946256
1660,267,6.240448
1661,267,8.493199
1662,267,2.963415
1663,267,270.487762
1664,267,248.003235
1666,267,3.78912
1667,267,6.940443
1668,267,3.29517
1669,267,2.293027
1670,267,160.45108
1671,267,201.645416
1672,267,103.797119
1673,267,14.905862
1679,267,2.283824
1682,267,3.280555
1683,267,3.500373
1684,267,112.10891
1685,267,106.206055
1686,267,1.453691
1687,267,1.206231
1688,267,2.071847
1689,267,1.997666
1690,267,37.971348
1691,267,145.656555
1692,267,82.988335
1693,267,5.321367
1694,267,5.065805
1695,267,15.776835
1696,267,22.398323
1697,267,98.208771
1720,267,33.366566
1721,267,7.561125
1722,267,5.152179
1726,267,2.125688
1727,267,13.375997
1593,268,89.130196
1659,268,59.56842
1660,268,3.468666
1661,268,3.550834
1666,268,6.995224
1667,268,3.216283
1668,268,2.808562
1673,268,14.920578
1674,268,7.977436
1677,268,1.113898
1678,268,10.809106
1681,268,4.610672
1682,268,172.624817
1683,268,139.983917
1684,268,177.034103
1685,268,232.62558
1686,268,3.540208
1688,268,1.491617
1689,268,6.902729
1690,268,194.143356
1691,268,128.797638
1692,268,250.197769
1693,268,370.97757
1694,268,10.822606
1695,268,22.154312
1696,268,41.900883
1697,268,597.723877
1698,268,456.809814
1720,268,9.642567
1721,268,3.822584
1725,268,3.623187
1726,268,9.640172
1727,268,10.593687
1531,269,84.01902
1568,269,19.58239
1569,269,42.487259
1570,269,11.179914
1674,269,15.401592
1675,269,14.230347
1678,269,26.044502
1679,269,57.113899
1690,269,388.830048
1691,269,270.895905
1692,269,455.83078
1693,269,525.148804
1694,269,843.903809
1720,269,11.162384
1721,269,1.181034
1722,269,1.416249
1723,269,1.090166
1726,269,1.561656
1727,269,11.976986
1531,270,31.15103
1532,270,23.721037
1720,270,43.620041
1721,270,16.894384
1727,270,8.179825
1514,271,25.580557
1518,271,66.085098
1519,271,39.577698
1520,271,53.430725
1521,271,59.010345
1522,271,58.513134
1523,271,57.508915
1524,271,47.579956
1531,271,63.318745
1532,271,65.56823
1533,271,101.776741
1720,271,30.718094
1721,271,2.068912
1727,271,2.18816
1524,272,66.376091
1608,277,43.343105
1634,277,11.354155
1635,277,2.706786
1489,278,12.952793
1513,278,8.150511
1634,278,4.845518
1635,278,1.323758
1512,279,13.632748
1513,279,10.562398
1520,279,5.414492
1521,279,32.359604
1522,279,6.974615
1523,279,2.117659
1524,279,10.891473
1634,279,10.943081
1635,279,2.241197
1490,280,2.906295
1491,280,12.160281
1520,280,6.040266
1521,280,16.162651
1524,280,3.586176
1531,280,37.911556
1532,280,88.756256
1634,280,14.790864
1635,280,3.278458
1490,281,4.907148
1491,281,8.206421
1495,281,19.203735
1521,281,5.614074
1522,281,2.150469
1523,281,2.951769
1524,281,11.352245
1525,281,7.911164
1526,281,1.348065
1527,281,1.724534
1531,281,151.95665
1532,281,58.026066
1629,281,7.754402
1634,281,17.794163
1635,281,12.024946
1490,282,3.830781
1491,282,5.461129
1494,282,12.90088
1495,282,4.967896
1520,282,6.942824
1521,282,1.438383
1522,282,3.233922
1523,282,2.417371
1526,282,1.039739
1527,282,25.643589
1634,282,20.134596
1635,282,4.615727
1490,283,3.02154
1491,283,5.816488
1494,283,12.061986
1495,283,6.570761
1521,283,3.304842
1522,283,4.453608
1527,283,16.566927
1491,284,4.801973
1494,284,10.825829
1495,284,1.894854
1501,284,1.541001
1502,284,4.717379
1504,284,2.76188
1507,284,3.828774
1508,284,3.569059
1509,284,11.463675
1520,284,2.064873
1521,284,7.48623
1522,284,3.108423
1731,284,22.073872
1491,285,4.878438
1494,285,17.483145
1495,285,2.591181
1501,285,2.371446
1502,285,1.971792
1504,285,1.082959
1505,285,1.490647
1506,285,2.346259
1507,285,1.685729
1510,285,3.878418
1512,285,3.702763
1513,285,1.983778
1514,285,3.514079
1515,285,15.700194
1516,285,5.01177
1520,285,2.655968
1521,285,3.417935
1522,285,9.01986
1492,286,4.054699
1494,286,9.321567
1495,286,5.525443
1500,286,15.309881
1501,286,4.73658
1502,286,1.264809
1505,286,7.868023
1506,286,1.016755
1507,286,2.761639
1515,286,1.800784
1517,286,14.384952
1518,286,16.496731
1520,286,6.327044
1521,286,46.036945
1522,286,23.226633
1492,287,7.860241
1493,287,7.565096
1494,287,9.321614
1495,287,3.157949
1500,287,11.685627
1501,287,5.73077
1503,287,2.627261
1504,287,5.10005
1505,287,4.050498
1515,287,1.214805
1517,287,13.638
1518,287,15.157835
1519,287,32.863327
1520,287,2.49257
1521,287,3.599868
1522,287,6.252285
1532,287,243.009003
1617,287,4.212391
1631,287,1.890612
1632,287,3.862742
1500,288,10.6226
1501,288,3.304296
1502,288,1.262111
1504,288,1.275239
1507,288,7.138587
1515,288,1.669634
1516,288,3.244855
1517,288,1.78189
1518,288,2.279983
1519,288,1.768066
1522,288,6.624341
1531,288,437.862183
1618,288,1.514591
1619,288,6.147678
1620,288,3.39836
1744,288,26.353666
1745,288,12.750949
1756,288,43.592873
1502,289,3.623948
1505,289,1.354329
1506,289,1.258265
1507,289,2.474942
1522,289,22.805191
1611,289,10.880238
1735,289,11.933931
1736,289,10.698957
1737,289,9.832985
1738,289,7.904609
1500,290,3.595779
1611,290,5.897618
1721,290,427.638611
1722,290,43.823589
1723,290,33.222157
1724,290,29.998276
1725,290,27.53326
1726,290,29.881622
1727,290,36.228981
1728,290,37.936462
1729,290,32.791569
1730,290,64.509232
1735,290,1.156794
1736,290,3.701432
1737,290,4.040206
1738,290,4.756047
1503,291,1.576096
1505,291,23.982748
1506,291,2.9917
1622,291,21.863754
1721,291,105.144844
1722,291,19.335037
1723,291,15.180091
1724,291,12.313778
1725,291,12.456789
1726,291,12.382872
1727,291,16.83807
1728,291,14.528861
1729,291,33.155014
1730,291,60.94503
1625,292,6.939408
1721,292,18.681828
1722,292,17.109375
1723,292,11.105116
1724,292,8.874987
1725,292,8.397226
1726,292,10.296165
1727,292,18.521547
1728,292,13.438234
1729,292,24.780521
1492,293,63.583027
1493,293,42.258793
1494,293,86.851868
1495,293,96.652
1496,293,66.277298
1497,293,46.726353
1498,293,47.766201
1499,293,29.534777
1500,293,25.877045
1501,293,13.735881
1502,293,2.662807
1503,293,2.595085
1504,293,5.418922
1505,293,3.328751
1506,293,31.907541
1615,293,4.560781
1678,293,6.695876
1679,293,16.633141
1697,293,434.620056
1698,293,185.316254
1720,293,18.260044
1721,293,21.04446
1659,294,9.013784
1672,294,1.957808
1676,294,5.44724
1677,294,3.403037
1678,294,2.669581
1679,294,1.351374
1680,294,2.801761
1681,294,20.172981
1682,294,36.128174
1683,294,39.716057
1684,294,43.579166
1686,294,46.816887
1689,294,61.011913
1697,294,465.887299
1698,294,623.070374
1720,294,4.355675
1721,294,4.079888
1727,294,1.768887
1728,294,6.029089
1729,294,19.885588
1655,295,48.38092
1656,295,47.921722
1657,295,44.182129
1658,295,70.371109
1659,295,74.879227
1660,295,67.885506
1661,295,70.579811
1662,295,58.219204
1663,295,136.670349
1664,295,106.254417
1665,295,114.92701
1666,295,33.263958
1667,295,49.111702
1668,295,6.790293
1669,295,7.905188
1670,295,4.057931
1672,295,8.321332
1673,295,9.913535
1674,295,6.143698
1675,295,11.681246
1676,295,11.621607
1677,295,5.16853
1678,295,5.786427
1679,295,6.513684
1680,295,3.067297
1681,295,7.804059
1682,295,7.698215
1683,295,7.24124
1684,295,8.76729
1685,295,10.144423
1686,295,42.021927
1687,295,21.940874
1688,295,24.93074
1689,295,22.114239
1690,295,67.385506
1691,295,27.721289
1692,295,34.468094
1720,295,10.114195
1721,295,7.812231
1722,295,2.590046
1727,295,1.601421
1728,295,8.266876
1729,295,20.885769
1663,296,173.550781
1664,296,165.646255
1665,296,106.667274
1666,296,43.93224
1667,296,30.83033
1668,296,20.650669
1669,296,10.739033
1670,296,19.077324
1680,296,8.537819
1681,296,29.310371
1682,296,17.417505
1683,296,20.309731
1684,296,25.878286
1685,296,58.333817
1720,296,8.325438
1722,296,70.674553
1727,296,1.923205
1728,296,7.85885
1729,296,22.965118
1620,297,86.396515
1720,297,29.688263
1722,297,4.400606
1727,297,1.669338
1728,297,7.939914
1729,297,21.640802
1632,298,17.773735
1633,298,3.049098
1720,298,15.989954
1722,298,8.376074
1727,298,2.144003
1728,298,9.091139
1729,298,31.283215
1492,299,6.993916
1653,299,46.09988
1720,299,10.035662
1721,299,28.166559
1727,299,2.112222
1728,299,10.086763
1729,299,27.540863
1492,300,6.018267
1630,300,5.19003
1638,300,424.049103
1652,300,15.169455
1697,300,7.304668
1720,300,6.100816
1721,300,34.507782
1727,300,2.125868
1728,300,9.757377
1729,300,28.023289
1510,301,19.11817
1630,301,4.312825
1720,301,6.678501
1721,301,34.464977
1727,301,1.954106
1728,301,9.693384
1729,301,24.059853
1510,302,33.427052
1621,302,2.986372
1625,302,41.918587
1629,302,43.321899
1630,302,65.241806
1631,302,30.735638
1652,302,40.749737
1680,302,2.393943
1720,302,5.851418
1721,302,9.041427
1727,302,1.949031
1728,302,9.614416
1729,302,22.722425
1500,303,13.968582
1501,303,6.145272
1502,303,16.774696
1510,303,2.116073
1624,303,26.594664
1625,303,18.163284
1626,303,152.691269
1652,303,13.105475
1680,303,2.419867
1694,303,1.255725
1720,303,4.623933
1727,303,1.944625
1728,303,9.421696
1729,303,21.57955
1500,304,34.323318
1501,304,4.996282
1502,304,7.734726
1503,304,10.606935
1504,304,5.947992
1505,304,38.23764
1510,304,2.611036
1625,304,27.545872
1652,304,17.681496
1694,304,1.048386
1697,304,2.280287
1698,304,9.807022
1720,304,7.225599
1727,304,1.899583
1728,304,9.18503
1729,304,22.657284
1627,305,59.546104
1628,305,10.900613
1629,305,16.22168
1630,305,1.800371
1652,305,16.088173
1690,305,1.724412
1692,305,2.044185
1697,305,3.071887
1727,305,3.209013
1728,305,11.183673
1729,305,33.642567
1732,305,4.205126
1628,306,68.670433
1629,306,72.608894
1630,306,26.170349
1652,306,14.073463
1695,306,1.057982
1697,306,1.096885
1721,306,37.958637
1722,306,14.227199
1723,306,3.856811
1727,306,4.775096
1728,306,11.150192
1729,306,31.079092
1652,307,8.312701
1690,307,2.283603
1692,307,1.86195
1697,307,2.792006
1721,307,37.23904
1722,307,27.766178
1723,307,26.21262
1727,307,4.172261
1728,307,11.043373
1729,307,37.099731
1652,308,7.425712
1695,308,3.115429
1721,308,34.715382
1722,308,20.10078
1723,308,29.739622
1724,308,11.5
1726,308,2.022178
1727,308,4.857201
1728,308,11.226775
1729,308,54.254791
1652,309,9.02956
1690,309,6.353045
1692,309,1.760277
1695,309,1.048386
1697,309,3.478571
1721,309,34.820812
1722,309,16.833458
1723,309,29.362074
1726,309,1.47286
1727,309,6.65172
1728,309,16.408251
1729,309,67.224937
1733,309,5.190543
1695,310,1.346632
1697,310,4.255363
1721,310,35.245815
1722,310,16.285524
1723,310,14.94923
1724,310,291.138885
1725,310,1.336738
1726,310,1.069011
1727,310,4.345402
1728,310,10.190408
1729,310,47.934761
1733,310,8.306571
1652,311,23.772446
1690,311,2.621497
1692,311,3.95357
1696,311,2.161608
1697,311,4.138429
1721,311,47.089973
1722,311,23.062653
1723,311,14.011347
1726,311,1.56981
1727,311,6.46367
1728,311,14.934496
1729,311,66.087212
1488,312,3.594013
1489,312,5.729853
1490,312,9.434862
1493,312,2.390554
1583,312,6.839488
1584,312,6.237129
1652,312,14.688871
1653,312,19.313038
1694,312,6.158189
1696,312,10.692898
1697,312,5.962919
1721,312,32.886284
1722,312,49.475716
1723,312,17.005409
1725,312,1.757085
1726,312,1.864844
1727,312,9.537802
1728,312,14.689788
1729,312,58.901386
1489,313,2.808775
1490,313,2.505252
1491,313,6.114449
1652,313,14.499066
1694,313,27.799767
1695,313,106.061935
1696,313,3.188849
1697,313,4.422523
1721,313,32.886284
1722,313,50.654648
1723,313,19.576475
1725,313,1.795681
1726,313,1.779327
1727,313,7.378135
1728,313,15.272492
1729,313,45.628746
1489,314,2.542501
1490,314,6.361425
1491,314,18.365313
1493,314,2.277062
1696,314,23.66032
1697,314,17.949257
1722,314,57.450958
1723,314,15.175846
1726,314,1.774182
1727,314,5.63452
1728,314,15.215712
1492,315,3.488101
1493,315,4.052489
1652,315,2.790861
1653,315,9.40624
1696,315,97.273003
1697,315,23.126154
1722,315,67.730202
1723,315,14.880324
1726,315,3.513347
1727,315,5.919005
1728,315,40.729118
1729,315,61.51326
1489,316,6.397347
1653,316,2.223456
1678,316,11.319797
1679,316,13.210538
1680,316,14.917492
1681,316,12.369757
1696,316,47.497185
1697,316,34.922318
1698,316,14.83552
1722,316,50.117111
1723,316,26.977978
1726,316,1.688223
1727,316,8.70035
1728,316,39.691341
1729,316,75.354752
1493,0,3.526577
1494,0,4.294567
1495,0,28.766373
1545,0,1.777694
1594,0,2.211195
1725,0,147.552719
1726,0,242.215149
1727,0,46.063148
1728,0,24.38072
1729,0,24.083004
1730,0,31.000978
1731,0,46.2024
1734,0,19.367178
1735,0,20.666494
1736,0,13.093768
1738,0,25.396265
1739,0,8.511471
1742,0,3.903323
1743,0,42.37722
1748,0,1.187838
1761,0,1.952865
1763,0,3.776227
1764,0,9.323991
1765,0,2.499114
1766,0,6.052627
1767,0,10.223282
1771,0,13.401556
1772,0,1.285154
1773,0,59.241493
1491,1,2.637975
1492,1,12.113285
1543,1,25.998537
1544,1,3.286944
1545,1,1.754492
1585,1,40.807819
1586,1,8.826824
1594,1,1.980075
1595,1,2.036438
1729,1,33.177284
1730,1,27.627592
1731,1,16.860466
1732,1,42.580841
1733,1,16.457096
1734,1,21.190468
1735,1,39.515148
1736,1,23.13912
1737,1,16.273907
1738,1,27.779415
1739,1,24.438677
1748,1,1.342926
1756,1,8.50561
1757,1,1.034118
1758,1,1.387902
1759,1,3.095129
1760,1,2.000801
1771,1,16.474213
1653,317,17.332966
1666,317,18.348467
1668,317,33.508949
1671,317,42.455349
1672,317,3.569361
1677,317,8.3933
1696,317,109.112732
1722,317,50.052299
1723,317,21.924889
1726,317,1.802881
1727,317,5.76788
1728,317,19.60412
1729,317,54.575218
1491,2,2.637975
1492,2,12.17867
1506,2,19.912691
1543,2,2.841324
1544,2,1.051218
1545,2,2.378434
1585,2,44.793316
1594,2,2.824276
1595,2,6.188879
1596,2,1.83694
1738,2,13.012092
1739,2,4.744168
1741,2,11.419886
1742,2,3.936255
1743,2,1.798278
1744,2,11.560467
1745,2,39.800179
1756,2,3.923323
1757,2,3.084043
1758,2,2.607252
1762,2,10.606244
1763,2,5.515851
1764,2,17.607883
1765,2,6.994791
1766,2,5.511727
1653,318,13.430813
1692,318,75.254944
1693,318,76.081261
1694,318,112.070374
1695,318,80.411743
1696,318,53.765911
1722,318,53.657684
1723,318,22.018148
1726,318,1.551804
1727,318,10.384844
1728,318,26.2724
1729,318,94.297485
1489,3,2.527837
1490,3,7.583345
1491,3,34.549809
1541,3,71.910576
1542,3,4.220678
1585,3,59.534592
1594,3,3.145052
1595,3,2.518607
1596,3,2.691589
1741,3,2.86029
1742,3,4.528869
1743,3,3.285955
1744,3,36.643654
1746,3,2.910872
1747,3,1.977842
1748,3,3.638318
1749,3,8.391825
1753,3,54.549419
1756,3,4.736878
1757,3,2.974229
1763,3,1.028142
1764,3,4.992616
1765,3,5.532974
1766,3,11.10737
1492,319,76.277275
1493,319,22.290804
1651,319,21.957973
1691,319,10.103447
1692,319,3.284892
1693,319,12.6807
1694,319,33.498802
1695,319,55.956142
1722,319,31.066933
1723,319,7.918351
1726,319,2.274358
1727,319,11.525045
1728,319,33.61401
1487,320,26.916161
1491,320,2.880259
1492,320,11.697758
1493,320,10.277551
1494,320,2.598504
1636,320,23.548052
1651,320,26.690891
1652,320,38.108322
1691,320,7.763612
1692,320,1.685673
1693,320,3.786669
1695,320,5.929358
1722,320,14.783837
1723,320,3.190729
1726,320,1.782007
1727,320,13.895485
1728,320,36.503326
1729,320,101.555229
1490,4,1.615369
1491,4,15.338469
1535,4,16.897137
1536,4,1.096299
1540,4,10.188788
1541,4,4.91855
1542,4,2.413359
1545,4,1.42375
1594,4,3.447757
1595,4,3.347065
1596,4,4.947073
1597,4,3.10888
1609,4,6.337385
1746,4,1.677108
1749,4,1.360258
1750,4,3.65663
1751,4,3.69616
1752,4,3.003324
1753,4,16.355694
1756,4,7.495509
1762,4,15.412644
1764,4,2.072746
1765,4,1.848606
1489,5,1.060043
1490,5,13.065699
1491,5,13.661205
1536,5,7.267676
1537,5,13.511895
1539,5,27.764105
1540,5,5.311171
1541,5,1.270466
1542,5,2.213625
1544,5,1.589059
1545,5,4.007603
1594,5,7.463734
1595,5,2.622693
1596,5,11.027241
1597,5,4.052382
1598,5,3.925932
1599,5,4.523695
1600,5,2.589579
1601,5,6.061824
1602,5,10.340315
1603,5,4.142294
1604,5,3.383919
1605,5,6.106697
1606,5,3.392533
1607,5,6.350397
1608,5,6.279783
1745,5,1.94196
1746,5,1.233809
1750,5,3.877312
1751,5,5.951034
1752,5,13.96164
1753,5,21.000652
1756,5,3.181387
1757,5,1.749862
1765,5,4.999563
1488,321,11.112913
1489,321,1.402811
1491,321,1.851874
1492,321,5.983481
1497,321,1.409707
1635,321,13.713231
1636,321,16.850595
1637,321,30.916349
1691,321,35.91787
1696,321,2.231542
1722,321,15.921485
1723,321,3.350821
1726,321,1.966377
1727,321,11.588952
1728,321,52.821812
1729,321,145.140228
1489,322,4.062627
1490,322,4.010574
1491,322,1.676691
1492,322,4.093946
1623,322,97.795258
1624,322,65.697861
1635,322,38.491196
1636,322,33.322308
1637,322,55.552059
1638,322,46.299397
1722,322,16.248318
1723,322,4.687729
1726,322,1.81122
1727,322,15.065662
1728,322,49.460674
1488,6,1.119407
1489,6,1.157453
1490,6,2.417476
1491,6,24.942444
1492,6,34.568588
1536,6,9.108217
1537,6,3.532847
1539,6,14.619761
1540,6,4.925735
1541,6,1.208457
1542,6,2.510252
1545,6,3.749624
1546,6,4.522847
1573,6,51.787136
1574,6,47.390526
1575,6,28.071877
1576,6,30.575783
1577,6,44.942799
1578,6,32.207607
1579,6,78.55542
1593,6,4.830829
1594,6,6.227464
1596,6,1.522263
1597,6,2.617245
1600,6,3.395041
1601,6,3.380249
1602,6,3.348673
1603,6,6.118814
1613,6,2.639705
1614,6,4.929276
1622,6,5.053059
1623,6,5.618649
1624,6,3.752018
1680,6,5.915764
1681,6,51.326786
1682,6,14.783929
1763,6,1.114252
1489,7,6.305484
1490,7,45.3004
1491,7,48.760872
1534,7,12.580639
1535,7,13.222332
1536,7,6.749698
1537,7,1.004887
1540,7,10.174532
1541,7,1.730046
1542,7,5.550928
1543,7,2.781793
1560,7,62.230026
1572,7,22.718023
1573,7,19.339188
1574,7,20.289974
1575,7,25.709044
1576,7,27.196001
1577,7,42.821819
1578,7,33.963699
1579,7,44.14476
1580,7,39.979916
1581,7,27.678776
1594,7,11.491075
1595,7,1.091732
1596,7,2.272569
1597,7,9.330688
1613,7,4.418185
1614,7,10.732382
1680,7,1.390078
1681,7,1.71648
1682,7,15.493188
1683,7,3.254102
1684,7,12.880673
1685,7,21.177729
1686,7,12.79177
1764,7,1.815172
1765,7,1.474143
1766,7,19.81246
1623,323,183.119263
1624,323,100.92746
1625,323,16.901455
1626,323,110.515366
1627,323,130.02742
1628,323,99.918076
1629,323,85.517059
1630,323,19.954556
1631,323,42.293648
1632,323,88.120422
1633,323,81.755539
1634,323,3.851464
1635,323,6.879424
1636,323,36.653976
1637,323,35.844086
1638,323,32.152237
1722,323,44.861984
1723,323,24.433096
1726,323,4.915775
1727,323,19.122105
1728,323,78.741653
1729,323,266.043365
1489,8,4.478324
1490,8,22.718655
1491,8,31.916077
1536,8,10.509804
1537,8,3.898
1540,8,16.922527
1541,8,4.427268
1552,8,25.992216
1554,8,19.522621
1555,8,34.443134
1556,8,35.994205
1559,8,418.141479
1560,8,13.794383
1563,8,23.545418
1572,8,9.235143
1573,8,5.031818
1574,8,6.786314
1575,8,8.894489
1576,8,8.631142
1593,8,6.75521
1594,8,7.481867
1595,8,1.740216
1596,8,6.174446
1613,8,3.87902
1614,8,2.947007
1656,8,1.635992
1657,8,5.698621
1683,8,82.310783
1691,8,5.518164
1692,8,14.093722
1765,8,2.146868
1766,8,9.680708
1623,324,164.83725
1624,324,17.768517
1625,324,9.50232
1626,324,7.933625
1627,324,13.240492
1628,324,6.992993
1629,324,7.951035
1630,324,6.404248
1631,324,10.516396
1632,324,5.376969
1634,324,2.719972
1635,324,14.841446
1636,324,3.433682
1637,324,11.189601
1638,324,13.394876
1722,324,48.861801
1723,324,26.118017
1726,324,3.08016
1727,324,30.914959
1728,324,99.608696
1489,9,2.82434
1490,9,26.196606
1491,9,29.51825
1534,9,28.400185
1535,9,10.506268
1537,9,7.033334
1538,9,2.921023
1542,9,3.819468
1544,9,8.126019
1593,9,2.446171
1594,9,4.576201
1595,9,2.32506
1596,9,2.330754
1600,9,10.533179
1601,9,12.264459
1602,9,4.262047
1613,9,8.307835
1614,9,4.609401
1630,9,2.374238
1653,9,5.483454
1654,9,4.717055
1655,9,2.356434
1657,9,19.251728
1658,9,80.295433
1659,9,99.376892
1660,9,93.560547
1691,9,3.399051
1692,9,16.594862
1724,9,31.532579
1725,9,18.028585
1726,9,52.435257
1748,9,1.933879
1766,9,10.551819
1488,10,1.69621
1489,10,3.734872
1490,10,5.873819
1491,10,52.719494
1533,10,28.307547
1537,10,13.70391
1538,10,7.089874
1539,10,4.702794
1540,10,3.768824
1541,10,3.382696
1542,10,2.35947
1544,10,2.411548
1593,10,2.806204
1594,10,9.335207
1595,10,2.600949
1596,10,9.008466
1600,10,1.666664
1601,10,3.333609
1602,10,6.661644
1613,10,6.883122
1614,10,3.057467
1630,10,2.278258
1631,10,2.816403
1658,10,4.758157
1659,10,5.59046
1660,10,5.501966
1691,10,8.086684
1692,10,6.730124
1728,10,24.573273
1729,10,25.330669
1730,10,24.725269
1731,10,34.685028
1732,10,36.571251
1733,10,10.320687
1734,10,16.521364
1735,10,11.556252
1736,10,7.057089
1737,10,10.702655
1738,10,2.042438
1739,10,3.611742
1740,10,7.365649
1741,10,3.874171
1742,10,21.656448
1743,10,28.808739
1748,10,2.942123
1749,10,3.884563
1770,10,14.384581
1623,325,26.671007
1624,325,7.940858
1625,325,5.430889
1626,325,8.879578
1627,325,5.004757
1628,325,13.841285
1629,325,4.319041
1630,325,2.169456
1631,325,1.179928
1635,325,4.525563
1636,325,8.618291
1637,325,12.142439
1638,325,16.517551
1639,325,21.766312
1652,325,1.337412
1693,325,24.976261
1722,325,35.921024
1723,325,24.842556
1726,325,2.783089
1727,325,23.536304
1728,325,99.011482
1738,325,267.092621
1623,326,24.003674
1624,326,6.537004
1625,326,4.348989
1626,326,4.537678
1627,326,3.817622
1628,326,2.726055
1629,326,1.932457
1634,326,3.30158
1635,326,5.719947
1636,326,7.662349
1637,326,12.961708
1638,326,67.356552
1639,326,46.741047
1640,326,24.225643
1693,326,3.204454
1722,326,33.512825
1723,326,13.908453
1726,326,2.850925
1727,326,18.732262
1728,326,68.276375
1487,11,1.353639
1489,11,2.415486
1490,11,5.43341
1491,11,21.531534
1492,11,23.053347
1533,11,4.008951
1536,11,13.702372
1537,11,5.488871
1538,11,1.710482
1540,11,2.435758
1541,11,1.038528
1593,11,2.496341
1595,11,1.088378
1596,11,4.767912
1600,11,1.564845
1601,11,1.197078
1602,11,18.979984
1603,11,5.498194
1604,11,11.997227
1605,11,7.260644
1606,11,4.88958
1607,11,6.654921
1613,11,8.990317
1614,11,9.642338
1622,11,1.797772
1623,11,2.181052
1630,11,2.18506
1631,11,2.910302
1632,11,3.805522
1633,11,3.90247
1634,11,8.79211
1692,11,6.730124
1730,11,15.100019
1731,11,9.709372
1732,11,20.257858
1733,11,22.148254
1734,11,11.993932
1735,11,10.402916
1736,11,20.531654
1737,11,4.275351
1738,11,3.484812
1739,11,6.109577
1740,11,9.400711
1741,11,1.640126
1742,11,6.56067
1743,11,7.713601
1744,11,8.249398
1745,11,2.337802
1748,11,1.575076
1749,11,13.119544
1623,327,22.083876
1624,327,9.726227
1625,327,4.854172
1626,327,12.598387
1627,327,7.036074
1628,327,8.479
1634,327,2.526714
1635,327,4.77079
1636,327,8.430916
1637,327,23.43833
1638,327,40.57888
1639,327,77.099091
1640,327,51.996475
1722,327,32.075386
1723,327,13.00012
1724,327,21.891619
1726,327,3.068831
1727,327,16.16785
1728,327,77.422119
1490,12,4.342804
1491,12,20.961941
1523,12,2.097364
1529,12,19.685104
1530,12,22.812149
1531,12,2.80991
1532,12,2.917433
1533,12,2.86364
1534,12,30.432064
1535,12,12.463092
1536,12,3.857214
1540,12,4.981421
1541,12,5.080145
1543,12,1.487395
1544,12,5.399733
1553,12,2.007998
1554,12,5.946756
1595,12,1.601467
1596,12,6.258131
1599,12,3.753407
1600,12,3.143503
1601,12,1.868783
1602,12,9.831723
1603,12,14.281859
1604,12,6.869765
1605,12,1.042091
1606,12,1.25696
1607,12,11.030306
1608,12,8.791634
1613,12,10.969332
1614,12,3.174972
1617,12,2.62041
1623,12,1.385528
1624,12,3.634377
1662,12,18.857031
1744,12,28.869242
1745,12,182.969299
1749,12,6.948046
1639,328,38.914577
1640,328,39.864681
1693,328,1.576836
1695,328,2.70463
1722,328,28.348385
1723,328,10.682815
1724,328,7.476042
1726,328,3.388936
1727,328,17.870722
1728,328,73.061256
1621,329,9.667401
1622,329,2.310448
1623,329,1.450035
1624,329,1.883873
1625,329,2.111126
1626,329,2.422761
1627,329,3.075912
1628,329,4.058596
1629,329,4.058596
1630,329,4.319588
1631,329,1.9767
1639,329,13.22934
1640,329,21.108601
1641,329,33.931133
1651,329,16.294638
1693,329,4.563356
1695,329,2.078154
1722,329,28.332676
1723,329,10.39822
1724,329,5.73426
1726,329,1.890792
1727,329,15.397112
1728,329,48.023125
1486,13,1.909916
1487,13,1.180212
1521,13,4.886719
1529,13,5.420166
1530,13,5.91925
1543,13,9.571793
1544,13,3.356886
1553,13,2.641133
1554,13,8.992229
1579,13,6.328195
1594,13,1.11255
1595,13,2.271969
1596,13,8.496511
1599,13,3.847964
1600,13,1.252454
1601,13,1.186721
1602,13,1.176537
1603,13,6.3719
1604,13,8.000305
1606,13,1.384291
1607,13,1.718823
1608,13,4.28416
1622,13,1.180406
1743,13,21.124592
1744,13,24.805462
1745,13,58.132633
1748,13,3.174037
1749,13,18.762407
1485,14,4.232255
1538,14,5.118794
1539,14,5.942717
1540,14,8.563171
1543,14,8.376305
1544,14,3.180329
1553,14,3.222675
1554,14,5.370914
1577,14,2.120687
1578,14,5.861116
1579,14,9.345255
1583,14,125.951065
1595,14,2.589052
1596,14,5.995647
1599,14,2.062457
1600,14,1.537352
1601,14,2.928893
1602,14,1.354188
1607,14,1.641946
1608,14,2.505505
1622,14,1.721608
1747,14,3.130591
1748,14,6.672534
1621,330,5.850761
1622,330,1.09842
1623,330,4.196404
1625,330,3.244816
1626,330,3.279547
1627,330,5.178203
1628,330,2.949319
1629,330,2.823419
1630,330,18.362482
1631,330,5.400731
1639,330,69.864258
1640,330,28.05051
1641,330,11.337513
1651,330,8.919226
1652,330,1.131657
1693,330,2.719465
1694,330,1.652204
1695,330,1.220225
1722,330,27.523926
1723,330,10.986742
1724,330,5.73426
1725,330,2.647664
1726,330,5.950572
1727,330,12.415895
1728,330,29.145735
1729,330,100.236458
1640,331,38.939445
1641,331,22.957045
1693,331,2.010559
1695,331,2.150339
1722,331,29.058201
1723,331,12.483787
1724,331,11.086493
1725,331,2.350904
1726,331,2.389473
1727,331,7.174532
1728,331,25.277481
1729,331,74.3554
1540,15,5.84045
1543,15,8.364426
1544,15,1.780983
1595,15,2.075403
1596,15,12.057272
1599,15,3.548381
1600,15,3.351197
1601,15,1.981587
1606,15,1.661627
1607,15,1.977268
1608,15,4.664246
1622,15,1.374164
1643,15,24.064011
1644,15,36.405209
1645,15,16.290524
1654,15,45.325195
1655,15,42.967026
1659,15,138.52359
1748,15,85.642952
1543,16,10.321361
1544,16,2.448075
1595,16,37.280987
1596,16,11.17808
1599,16,3.712641
1600,16,1.555842
1601,16,3.656228
1602,16,1.232929
1603,16,1.444501
1605,16,1.64312
1606,16,1.262253
1607,16,1.944508
1608,16,2.992225
1622,16,1.56435
1623,16,1.843104
1641,16,233.971512
1642,16,18.820316
1643,16,19.015266
1644,16,17.978426
1645,16,7.910576
1646,16,31.721584
1647,16,8.850693
1651,16,9.028953
1654,16,7.865695
1655,16,17.496845
1656,16,30.73616
1667,16,4.889059
1747,16,87.758354
1748,16,77.037537
1768,16,7.324639
1769,16,1.524426
1770,16,9.989429
1538,17,7.038915
1539,17,6.56273
1540,17,6.08573
1543,17,5.640452
1544,17,5.881964
1583,17,66.416786
1584,17,128.57077
1594,17,3.345992
1595,17,12.913136
1599,17,4.71872
1600,17,5.530214
1601,17,6.630322
1602,17,2.405738
1603,17,2.411792
1608,17,1.622328
1609,17,3.205678
1613,17,4.735653
1641,17,33.665981
1642,17,32.066139
1643,17,5.354876
1644,17,24.026775
1645,17,5.063885
1646,17,6.68934
1667,17,5.715766
1747,17,8.194373
1748,17,32.353966
1529,332,2.272618
1640,332,11.704044
1641,332,14.124086
1693,332,1.536174
1695,332,1.148403
1722,332,28.984497
1723,332,12.496083
1724,332,10.00597
1725,332,5.999789
1726,332,1.660282
1727,332,2.235652
1728,332,9.092306
1729,332,21.328814
1730,332,110.67794
1536,18,26.48764
1537,18,7.030187
1538,18,5.523702
1539,18,2.893598
1540,18,2.386034
1541,18,3.941947
1543,18,11.840218
1544,18,25.90202
1551,18,54.345985
1555,18,86.328491
1556,18,51.932171
1557,18,59.316444
1558,18,68.000595
1559,18,143.976044
1560,18,170.286209
1561,18,155.527298
1562,18,210.832718
1567,18,42.367046
1568,18,59.71558
1570,18,48.804737
1571,18,69.354042
1572,18,54.053745
1583,18,130.577271
1594,18,1.695916
1595,18,4.624196
1599,18,4.51175
1600,18,4.84603
1601,18,3.684866
1602,18,2.696136
1603,18,1.534977
1606,18,1.150977
1608,18,1.278058
1609,18,3.046573
1612,18,6.778506
1641,18,2.419113
1642,18,1.589048
1643,18,8.426262
1644,18,9.60107
1645,18,5.316592
1667,18,7.718421
1748,18,6.877528
1623,333,120.427917
1651,333,3.480391
1693,333,1.59643
1694,333,1.318245
1695,333,1.002606
1723,333,22.550938
1724,333,9.748182
1725,333,3.713471
1726,333,2.012524
1727,333,1.680192
1728,333,6.71729
1729,333,2.462087
1730,333,1.668771
1731,333,9.927382
1732,333,12.093777
1733,333,20.691984
1734,333,102.150208
1543,19,17.322714
1544,19,4.320584
1550,19,120.900032
1551,19,32.009144
1556,19,38.578487
1557,19,41.608746
1558,19,33.294762
1559,19,64.110146
1560,19,36.562462
1561,19,46.084255
1562,19,368.284821
1567,19,107.059258
1568,19,24.578638
1569,19,17.662428
1570,19,17.803543
1571,19,7.821004
1572,19,9.206777
1573,19,10.408746
1574,19,13.070143
1575,19,21.373579
1576,19,12.902585
1577,19,20.487375
1578,19,56.34705
1579,19,52.370377
1583,19,85.398796
1594,19,1.974411
1595,19,5.662426
1599,19,9.129861
1600,19,3.093561
1601,19,2.375602
1602,19,1.326766
1607,19,1.105234
1608,19,2.324219
1609,19,2.821408
1612,19,7.928806
1613,19,12.218913
1641,19,2.690816
1642,19,1.351318
1644,19,3.016768
1645,19,1.982245
1667,19,12.937134
1748,19,5.014768
1766,19,2.097229
1619,334,7.319888
1622,334,49.321106
1623,334,184.546585
1624,334,177.164047
1635,334,70.004547
1653,334,2.365974
1655,334,13.587918
1693,334,1.533586
1695,334,1.050225
1723,334,21.918041
1724,334,13.608097
1725,334,5.599031
1726,334,1.652036
1727,334,1.82564
1731,334,1.80227
1732,334,3.575384
1733,334,14.97248
1734,334,48.727932
1735,334,210.919785
1619,335,22.220161
1621,335,38.275524
1622,335,28.752544
1623,335,19.844543
1624,335,26.994799
1625,335,111.626991
1628,335,35.213055
1635,335,10.463273
1652,335,12.045058
1654,335,10.813026
1655,335,8.897356
1659,335,9.538746
1693,335,2.204676
1694,335,3.679838
1723,335,26.450096
1724,335,12.973934
1725,335,6.667139
1726,335,1.985982
1732,335,3.234182
1733,335,5.747005
1734,335,10.687349
1543,20,38.156116
1550,20,123.473404
1569,20,66.171585
1594,20,1.262321
1600,20,1.842694
1601,20,2.608666
1602,20,1.449601
1604,20,3.082459
1606,20,1.553132
1607,20,2.361597
1608,20,7.066311
1612,20,3.225419
1613,20,4.005236
1641,20,2.560202
1667,20,4.852971
1668,20,6.900538
1766,20,7.368682
1600,21,2.687262
1601,21,1.125208
1603,21,1.020505
1606,21,1.293671
1607,21,2.594573
1612,21,5.342864
1613,21,2.164867
1652,21,77.704079
1653,21,64.566452
1654,21,57.71814
1667,21,11.305418
1668,21,4.695301
1766,21,7.000257
1526,336,3.255942
1621,336,22.433733
1636,336,95.413475
1653,336,6.700164
1654,336,7.784443
1655,336,7.657915
1659,336,38.00956
1660,336,46.216885
1661,336,35.09877
1665,336,30.833706
1693,336,25.014133
1694,336,2.656605
1695,336,2.276443
1723,336,43.48716
1724,336,13.972244
1725,336,14.97877
1726,336,9.16749
1727,336,23.348772
1728,336,52.376511
1615,337,2.236214
1616,337,26.474613
1652,337,58.729858
1654,337,19.331684
1655,337,18.01063
1661,337,36.839882
1665,337,23.568645
1666,337,20.775885
1667,337,25.459629
1668,337,28.676939
1669,337,18.43417
1670,337,59.013821
1671,337,22.790352
1672,337,34.871517
1673,337,29.655525
1674,337,39.049713
1675,337,41.793236
1676,337,17.544653
1677,337,29.894718
1678,337,14.662845
1693,337,39.88562
1694,337,27.349459
1723,337,33.52977
1724,337,12.579082
1725,337,21.560898
1726,337,27.449116
1727,337,10.800604
1749,337,4.9306
1653,338,25.504244
1654,338,130.131149
1655,338,153.886276
1657,338,253.323593
1658,338,71.121857
1659,338,61.711704
1660,338,59.654922
1661,338,34.357124
1662,338,17.358797
1663,338,20.705097
1664,338,19.00955
1665,338,23.350279
1666,338,20.209885
1667,338,22.348373
1668,338,13.905862
1669,338,16.343977
1670,338,15.044184
1671,338,32.913002
1672,338,55.361938
1673,338,25.412825
1674,338,75.980141
1675,338,60.183044
1676,338,15.540273
1677,338,41.96059
1680,338,181.215027
1693,338,22.469875
1694,338,16.100315
1695,338,22.453228
1723,338,33.951588
1724,338,27.084435
1725,338,24.087528
1726,338,43.008659
1727,338,19.613373
1744,338,54.652676
1745,338,4.174323
1746,338,6.896414
1747,338,1.510688
1748,338,2.516515
1537,22,7.311765
1538,22,7.241857
1539,22,5.985934
1540,22,3.050045
1541,22,3.059972
1601,22,1.974673
1602,22,1.22893
1604,22,1.373234
1606,22,2.067071
1607,22,2.014145
1608,22,6.901933
1612,22,8.871717
1613,22,2.088723
1614,22,10.879997
1651,22,34.91301
1653,22,24.311653
1654,22,54.996513
1655,22,51.629391
1656,22,26.54381
1728,22,37.827641
1741,22,40.335365
1748,22,12.948462
1749,22,30.184929
1750,22,16.459639
1751,22,22.047035
1752,22,28.45623
1753,22,6.728662
1754,22,3.771802
1755,22,4.079339
1756,22,1.525001
1757,22,1.657577
1758,22,2.127387
1759,22,3.470558
1760,22,6.891447
1761,22,8.705836
1762,22,3.179917
1763,22,6.731117
1764,22,7.626423
1765,22,15.348413
1768,22,1.598228
1653,339,35.209644
1656,339,112.250999
1658,339,338.319458
1659,339,322.970825
1660,339,101.534492
1661,339,85.321465
1662,339,72.497833
1663,339,96.785011
1664,339,56.479
1665,339,67.389801
1667,339,77.833488
1668,339,96.378532
1669,339,82.652802
1670,339,112.966583
1671,339,93.757797
1672,339,94.121872
1673,339,53.447544
1675,339,221.826187
1676,339,54.681351
1677,339,40.726746
1678,339,45.604527
1692,339,8.328009
1693,339,11.405987
1694,339,8.629473
1695,339,9.844173
1723,339,30.025049
1724,339,22.672731
1725,339,24.082119
1726,339,17.282539
1727,339,9.816747
1728,339,12.197068
1730,339,40.85928
1744,339,128.789734
1745,339,45.982567
1746,339,23.370323
1747,339,15.530624
1748,339,1.55665
1530,23,14.025805
1531,23,22.195656
1532,23,22.679634
1533,23,22.903955
1534,23,5.39
1535,23,4.931889
1536,23,4.370591
1537,23,3.691135
1538,23,2.168679
1539,23,1.607653
1593,23,2.744901
1602,23,4.712436
1603,23,1.230633
1606,23,1.319897
1607,23,2.919605
1608,23,7.45249
1613,23,20.592072
1653,23,4.024616
1654,23,25.007996
1655,23,14.414146
1656,23,23.491535
1669,23,38.219288
1728,23,5.803442
1740,23,14.942986
1741,23,108.667137
1749,23,13.753073
1769,23,5.186575
1770,23,3.10724
1771,23,6.932135
1725,340,30.132626
1726,340,42.187889
1728,340,14.350156
1745,340,47.918846
1746,340,29.354895
1747,340,6.948374
1748,340,6.459001
1749,340,6.762748
1541,24,5.224398
1602,24,1.43862
1603,24,2.468532
1604,24,3.308542
1605,24,1.740866
1606,24,3.677499
1607,24,4.083709
1608,24,7.099339
1614,24,7.692584
1615,24,15.144532
1616,24,17.808924
1617,24,11.140504
1618,24,2.485216
1655,24,1.229291
1656,24,5.792612
1657,24,9.628592
1739,24,25.232571
1740,24,17.252865
1741,24,60.928291
1602,25,2.815277
1603,25,2.710891
1604,25,4.341815
1620,25,8.924245
1690,25,5.178783
1739,25,26.700743
1740,25,19.349564
1622,341,2.073645
1636,341,7.143501
1694,341,1.322251
1725,341,36.738537
1726,341,58.486633
1728,341,11.499597
1745,341,35.680508
1746,341,12.632999
1747,341,6.92536
1751,341,4.778789
1622,342,2.797621
1635,342,19.250769
1649,342,16.682817
1728,342,11.305294
1746,342,10.950445
1747,342,4.366087
1748,342,1.209599
1601,26,11.550543
1689,26,1.904565
1690,26,3.271028
1691,26,1.627833
1738,26,20.469973
1739,26,14.420871
1688,27,14.439882
1689,27,10.911653
1732,27,3.919037
1733,27,7.174643
1734,27,12.255505
1738,27,11.653044
1624,343,88.381058
1625,343,3.812543
1626,343,1.479267
1726,343,80.27063
1728,343,18.040829
1730,343,97.672363
1746,343,16.610798
1747,343,5.086851
1748,343,2.597723
1749,343,1.058684
1752,343,1.484405
1696,28,4.442622
1612,344,55.079056
1624,344,38.225861
1727,344,28.249653
1728,344,69.83593
1729,344,28.18425
1730,344,70.090927
1731,344,155.51712
1744,344,19.314695
1745,344,4.332939
1746,344,1.360572
1747,344,1.112696
1748,344,3.49354
1749,344,7.734856
1750,344,32.989315
1751,344,23.793165
1523,345,19.330547
1614,345,1.926505
1615,345,17.906261
1616,345,337.152069
1624,345,38.442238
1625,345,1.742145
1655,345,4.678088
1656,345,4.079285
1657,345,5.072481
1658,345,10.474481
1727,345,21.258059
1728,345,86.416145
1729,345,16.468193
1730,345,32.665352
1743,345,26.163784
1744,345,3.302037
1747,345,1.789751
1748,345,9.726163
1749,345,39.532658
1750,345,99.443542
1751,345,96.526237
1752,345,299.465302
1557,346,3.765656
1614,346,166.291092
1615,346,81.56633
1616,346,253.140762
1624,346,7.796055
1651,346,4.320638
1655,346,1.687822
1656,346,2.380329
1657,346,2.225926
1658,346,6.266187
1693,346,1.050665
1727,346,42.217178
1728,346,31.466818
1741,346,17.272192
1742,346,5.734447
1744,346,1.85119
1747,346,7.32975
1748,346,32.132416
1749,346,111.417587
1750,346,200.194489
1751,346,470.653748
1752,346,1208.418335
1558,347,3.541712
1563,347,17.135427
1614,347,88.084915
1619,347,3.295869
1621,347,144.143768
1622,347,14.044206
1623,347,7.284347
1624,347,12.729202
1632,347,3.53061
1633,347,59.329964
1634,347,9.074045
1635,347,1.542492
1637,347,7.350038
1651,347,205.816452
1652,347,97.489929
1653,347,12.346315
1654,347,7.767829
1656,347,9.142362
1657,347,11.934029
1658,347,12.506736
1693,347,12.758965
1694,347,24.039381
1695,347,41.731724
1727,347,24.954693
1728,347,28.896992
1729,347,20.193676
1730,347,66.760475
1741,347,1.401207
1744,347,2.731581
1745,347,2.361406
1747,347,171.9552
1748,347,173.078339
1749,347,136.551102
1750,347,570.286194
1751,347,742.495239
1564,348,2.378528
1565,348,5.820197
1619,348,92.78093
1621,348,220.950043
1622,348,64.05619
1623,348,5.564832
1631,348,2.822666
1632,348,4.92377
1633,348,4.92377
1634,348,10.868382
1635,348,10.58774
1636,348,3.81229
1652,348,39.165195
1653,348,8.922606
1654,348,1.432509
1655,348,2.346639
1656,348,1.122837
1659,348,1.165943
1660,348,2.731643
1661,348,1.900009
1667,348,1.290895
1673,348,1.151279
1694,348,165.485596
1695,348,138.060959
1728,348,24.759201
1729,348,23.224485
1730,348,68.402557
1739,348,30.352757
1740,348,12.566803
1741,348,3.692548
1742,348,1.700948
1743,348,1.121922
1744,348,1.505423
1745,348,5.717176
1746,348,13.889318
1749,348,614.468933
1563,349,12.683504
1564,349,1.41525
1567,349,10.899746
1568,349,6.719678
1621,349,429.715057
1622,349,69.391205
1623,349,65.773567
1653,349,3.595883
1654,349,2.323823
1655,349,3.036284
1656,349,1.342904
1660,349,1.036221
1661,349,1.162246
1673,349,1.550773
1688,349,62.772583
1689,349,99.030777
1695,349,154.945328
1727,349,28.096111
1728,349,34.575169
1729,349,21.201294
1739,349,93.090546
1740,349,20.323679
1741,349,6.434233
1742,349,2.406321
1743,349,2.20654
1744,349,4.286562
1745,349,10.667614
1746,349,14.915655
1562,350,18.258635
1563,350,8.64708
1624,350,2.433454
1651,350,8.427822
1652,350,3.387596
1653,350,5.922013
1654,350,5.021356
1655,350,1.724001
1656,350,1.541659
1657,350,3.456862
1658,350,1.859775
1659,350,1.859775
1660,350,1.878217
1661,350,3.523043
1667,350,3.047941
1671,350,5.843826
1672,350,12.500331
1673,350,6.78158
1682,350,1.566146
1683,350,1.849419
1687,350,5.042707
1688,350,100.095146
1730,350,86.048698
1739,350,82.190453
1740,350,33.490166
1741,350,5.604015
1742,350,2.886265
1743,350,38.988819
1744,350,34.248444
1563,351,19.441833
1650,351,28.183197
1651,351,12.629511
1652,351,3.526719
1653,351,4.696754
1654,351,7.495089
1655,351,11.611008
1656,351,12.419533
1657,351,10.709638
1658,351,6.231335
1659,351,7.044472
1660,351,9.978744
1661,351,11.273716
1662,351,8.937225
1663,351,4.591569
1664,351,10.983988
1665,351,11.865222
1666,351,11.433052
1667,351,2.371334
1668,351,8.210106
1669,351,3.459653
1670,351,11.318311
1671,351,12.598881
1672,351,46.911362
1673,351,2.589892
1674,351,4.244236
1682,351,4.013824
1687,351,6.886394
1688,351,167.360947
1739,351,101.013916
1740,351,38.10009
1741,351,20.315725
1744,351,93.472076
1682,352,6.097949
1683,352,1.708427
1684,352,7.173939
1685,352,5.162313
1686,352,43.508034
1687,352,50.218616
1688,352,154.671616
1731,352,157.60791
1740,352,49.850605
1567,353,6.695086
1568,353,13.671793
1569,353,8.29173
1570,353,9.813635
1571,353,1.782258
1653,353,23.919296
1654,353,19.327782
1655,353,18.61475
1656,353,11.092274
1657,353,7.4588
1658,353,7.088722
1659,353,9.967028
1660,353,16.11784
1661,353,11.699026
1662,353,17.865021
1663,353,10.457431
1668,353,21.967918
1683,353,5.937512
1684,353,1.912822
1685,353,63.188885
1686,353,65.077118
1687,353,84.042709
1688,353,84.497414
1689,353,199.158493
1567,354,2.820637
1568,354,2.662097
1569,354,1.587628
1570,354,1.913256
1654,354,8.293665
1655,354,7.853029
1656,354,7.867986
1657,354,5.434598
1658,354,6.224045
1685,354,195.334854
1686,354,202.160736
1687,354,116.74379
1693,354,46.410717
1695,354,4.741455
1612,355,5.469166
1613,355,9.32667
1621,355,9.177977
1622,355,22.482758
1692,355,4.754673
1693,355,7.74755
1694,355,3.31881
1695,355,2.629252
1696,355,35.393654
1697,355,63.59243
1619,356,23.740002
1620,356,2.993109
1621,356,8.006084
1622,356,1.068959
1624,356,2.178341
1625,356,6.741084
1677,356,6.391104
1678,356,7.130364
1679,356,37.494057
1680,356,9.925848
1686,356,4.57132
1687,356,103.361755
1688,356,55.402443
1689,356,44.947849
1690,356,69.633858
1691,356,9.494531
1695,356,12.731709
1696,356,155.303711
1697,356,53.389328
1658,42,3.905026
1659,42,2.386963
1661,42,2.189343
1662,42,6.513952
1663,42,29.252405
1666,42,7.890295
1605,357,6.17522
1614,357,107.973122
1615,357,3.31731
1638,357,16.680462
1639,357,16.215857
1640,357,36.619072
1652,357,25.93708
1654,357,27.166143
1655,357,27.755201
1656,357,38.795502
1666,357,11.943227
1667,357,2.650647
1677,357,28.736404
1678,357,29.317471
1679,357,84.318001
1680,357,41.864342
1681,357,139.319702
1682,357,252.217697
1683,357,242.430435
1684,357,174.106155
1685,357,85.618401
1689,357,53.028049
1639,43,4.804933
1642,43,14.436419
1645,43,11.738802
1648,43,11.29291
1658,43,8.33406
1659,43,8.59213
1660,43,5.425817
1661,43,4.964734
1662,43,32.939407
1663,43,73.180908
1666,43,9.087058
1667,43,39.278461
1605,358,4.165221
1614,358,14.899927
1615,358,1.767516
1619,358,15.901043
1620,358,2.962558
1621,358,1.490882
1653,358,7.410324
1654,358,7.572154
1667,358,1.961897
1515,44,2.893332
1516,44,3.146789
1517,44,3.60229
1666,44,30.694748
1667,44,6.807632
1668,44,12.04998
1669,44,12.302488
1670,44,27.354139
1671,44,5.186903
1672,44,1.534566
1674,44,2.462323
1592,359,27.48016
1595,359,41.233963
1602,359,42.060658
1603,359,13.311227
1604,359,2.0335
1605,359,5.499979
1606,359,6.045577
1607,359,3.961307
1608,359,5.08051
1609,359,3.735867
1610,359,3.128081
1611,359,5.292475
1612,359,5.412313
1613,359,6.811441
1614,359,5.832859
1615,359,6.327365
1616,359,7.349607
1617,359,2.119788
1619,359,11.817286
1620,359,7.502365
1621,359,10.428308
1654,359,3.372491
1667,359,2.840442
1514,45,8.7211
1515,45,1.638581
1516,45,1.25396
1655,45,7.244847
1657,45,15.459291
1658,45,11.63028
1659,45,12.007676
1660,45,19.730698
1667,45,8.816728
1674,45,4.670348
1675,45,1.9925
1676,45,1.108107
1677,45,4.288771
1678,45,4.042831
1679,45,3.07603
1680,45,4.056166
1681,45,11.322057
1682,45,11.647175
1686,45,13.314972
1512,46,2.044993
1654,46,5.784468
1655,46,5.230486
1656,46,5.199427
1657,46,5.172647
1658,46,6.345752
1659,46,15.654827
1660,46,21.612185
1671,46,12.470391
1672,46,14.135372
1673,46,5.227334
1674,46,2.374445
1676,46,2.570655
1677,46,3.874815
1678,46,6.581494
1679,46,6.469034
1680,46,5.273857
1681,46,12.047061
1682,46,11.301723
1683,46,11.732649
1684,46,23.225559
1685,46,23.527407
1512,47,3.683917
1516,47,1.007229
1652,47,2.929661
1654,47,3.798847
1655,47,4.19027
1656,47,4.378335
1657,47,2.05735
1658,47,4.676703
1659,47,4.101274
1660,47,6.876634
1668,47,13.219757
1671,47,10.741859
1672,47,2.665807
1674,47,1.048319
1675,47,1.514131
1676,47,5.161397
1677,47,6.12754
1678,47,7.662431
1679,47,5.814436
1680,47,2.544979
1681,47,9.927874
1682,47,17.425154
1683,47,2.647123
1684,47,5.200602
1685,47,44.43922
1686,47,24.011595
1593,360,54.743912
1602,360,17.295574
1604,360,10.419006
1605,360,20.995609
1606,360,15.587934
1607,360,16.084631
1608,360,16.352478
1609,360,11.577665
1610,360,11.489204
1611,360,11.392984
1612,360,7.153718
1613,360,10.60309
1614,360,6.31475
1615,360,6.8912
1616,360,11.338561
1617,360,7.383189
1668,360,24.726448
1551,361,17.549612
1556,361,135.490326
1557,361,35.972069
1558,361,12.762255
1560,361,1.065891
1561,361,28.118359
1562,361,55.370544
1563,361,114.363937
1564,361,5.433415
1567,361,2.063451
1593,361,13.601395
1620,361,23.755394
1621,361,5.149327
1655,361,1.015614
1656,361,3.983109
1668,361,14.818853
1669,361,3.969962
1671,361,9.493694
1513,48,1.732173
1517,48,1.258811
1652,48,3.336741
1654,48,1.781059
1658,48,4.735285
1659,48,7.305724
1660,48,27.756516
1668,48,18.476135
1669,48,3.191956
1670,48,6.531974
1671,48,6.668832
1672,48,3.976941
1674,48,3.465647
1675,48,1.085846
1677,48,1.990727
1680,48,3.761898
1681,48,2.997025
1682,48,4.963104
1683,48,28.234171
1513,49,1.945434
1654,49,1.548447
1655,49,3.372372
1656,49,2.21919
1658,49,7.563707
1659,49,28.625521
1660,49,30.139431
1669,49,2.437413
1670,49,1.929278
1671,49,10.267292
1672,49,2.612327
1675,49,1.42004
1676,49,1.073824
1678,49,1.3098
1680,49,3.670512
1681,49,7.373299
1682,49,7.106695
1514,50,3.240401
1515,50,1.561447
1654,50,3.492515
1655,50,1.06025
1656,50,1.091203
1658,50,2.690376
1659,50,14.242033
1660,50,30.300293
1669,50,2.28645
1670,50,3.923981
1671,50,3.952473
1675,50,2.623611
1676,50,1.246256
1679,50,5.693056
1680,50,27.604933
1723,50,20.389788
1551,362,57.031254
1552,362,92.711365
1554,362,68.54377
1558,362,11.358147
1560,362,4.502315
1561,362,37.490295
1564,362,35.41848
1567,362,17.806644
1568,362,4.960708
1569,362,5.452041
1571,362,39.416031
1612,362,4.411841
1613,362,2.501201
1614,362,2.891686
1615,362,2.468215
1616,362,5.110742
1620,362,45.688404
1621,362,1.140752
1622,362,2.253984
1624,362,5.203086
1629,362,11.370832
1630,362,10.53199
1658,362,8.424051
1661,362,1.991741
1666,362,7.870265
1671,362,82.490128
1678,362,243.397964
1679,362,160.057266
1680,362,24.019623
1686,362,162.363464
1687,362,767.949951
1688,362,166.957169
1689,362,560.803101
1690,362,254.617004
1691,362,209.310883
1692,362,193.925186
1548,363,65.583565
1549,363,130.777512
1550,363,87.454216
1551,363,107.995964
1552,363,109.06723
1553,363,127.441414
1559,363,9.18672
1560,363,48.004463
1561,363,25.177671
1606,363,1.813012
1609,363,3.132122
1610,363,3.478226
1611,363,21.257456
1612,363,5.821854
1613,363,2.547564
1614,363,2.022844
1615,363,1.639192
1616,363,1.706236
1618,363,28.389938
1622,363,94.327736
1654,51,1.448267
1658,51,6.201793
1659,51,15.868166
1668,51,12.346383
1669,51,15.547935
1670,51,1.79616
1671,51,81.02639
1672,51,9.554149
1673,51,112.074074
1674,51,118.334633
1675,51,1.561388
1677,51,1.440108
1678,51,2.128267
1679,51,7.38407
1680,51,28.942249
1654,52,2.595743
1658,52,3.967213
1659,52,12.747734
1668,52,8.188707
1669,52,13.151748
1670,52,1.246988
1671,52,179.613083
1672,52,93.41021
1673,52,1.055922
1675,52,1.199369
1676,52,7.071309
1677,52,2.981616
1678,52,4.069947
1679,52,11.515798
1680,52,19.53009
1550,364,114.704712
1552,364,132.111832
1605,364,1.537043
1606,364,1.674887
1607,364,1.379857
1608,364,2.873449
1609,364,2.873449
1654,53,7.525052
1658,53,8.673824
1668,53,14.295842
1669,53,3.499249
1670,53,3.319699
1671,53,276.691681
1672,53,90.026871
1676,53,2.743947
1677,53,2.421597
1678,53,6.617938
1679,53,7.692955
1680,53,12.375555
1642,54,3.973383
1654,54,3.319954
1655,54,1.469847
1658,54,1.85751
1668,54,9.28945
1669,54,4.715165
1670,54,2.781638
1675,54,1.077956
1676,54,4.520866
1677,54,4.403306
1678,54,5.378893
1680,54,31.584476
1654,55,4.53651
1655,55,1.151523
1658,55,1.972792
1668,55,3.058076
1669,55,5.324639
1670,55,3.844761
1671,55,3.506494
1672,55,7.816043
1674,55,1.768845
1675,55,4.739488
1676,55,4.905166
1677,55,12.852908
1545,56,2.428359
1546,56,1.808137
1547,56,2.713896
1550,56,3.029807
1551,56,4.544416
1552,56,1.570098
1553,56,2.41786
1668,56,3.044555
1669,56,11.648945
1670,56,3.458748
1671,56,5.437939
1674,56,4.776175
1675,56,3.592134
1676,56,10.568222
1677,56,22.862953
1678,56,26.992586
1546,57,2.358738
1547,57,2.567975
1549,57,2.878613
1550,57,32.884502
1551,57,16.970207
1552,57,3.815553
1553,57,3.600363
1554,57,3.495835
1668,57,3.045582
1669,57,8.87929
1670,57,4.50529
1673,57,1.257888
1674,57,3.369133
1676,57,13.723459
1484,58,197.267517
1547,58,4.627345
1548,58,3.038337
1549,58,3.664613
1550,58,89.082817
1552,58,2.603203
1554,58,11.879667
1668,58,4.774715
1669,58,8.445654
1670,58,5.747702
1671,58,3.196645
1672,58,2.619196
1673,58,3.26015
1674,58,9.239812
1676,58,29.985771
1700,58,15.140719
1702,58,17.291662
1484,59,51.412624
1654,59,2.568064
1655,59,1.973874
1668,59,21.476101
1669,59,5.478883
1670,59,5.111787
1672,59,8.862864
1673,59,9.910892
1674,59,6.80313
1699,59,5.129356
1701,59,6.991312
1702,59,9.440962
1484,60,56.247055
1654,60,7.566813
1655,60,1.191952
1668,60,9.742785
1669,60,13.425755
1670,60,1.79929
1671,60,4.716655
1689,60,3.914947
1698,60,59.485275
1701,60,4.135636
1702,60,2.607527
1654,61,8.604386
1655,61,3.829557
1659,61,6.262009
1668,61,13.050424
1669,61,12.966012
1670,61,23.13586
1671,61,7.390471
1701,61,15.952764
1550,62,1.396097
1551,62,1.351725
1553,62,1.587149
1556,62,4.402913
1559,62,2.686368
1654,62,5.41323
1655,62,3.182062
1659,62,1.882245
1668,62,17.857521
1669,62,15.165906
1670,62,9.732024
1696,62,43.27277
1700,62,7.815051
1701,62,3.104515
1551,63,1.401507
1553,63,2.670331
1556,63,4.317659
1557,63,1.851234
1654,63,6.658345
1655,63,1.992615
1658,63,1.35248
1659,63,4.648529
1660,63,15.916265
1668,63,42.183285
1669,63,19.074986
1688,63,24.829025
1689,63,14.799719
1694,63,11.143286
1695,63,27.751305
1556,64,1.352077
1654,64,6.396436
1659,64,2.901039
1660,64,8.447432
1668,64,51.875908
1688,64,22.872021
1689,64,4.193868
1690,64,10.379801
1692,64,20.046705
1693,64,2.655978
1550,65,1.245772
1559,65,1.616546
1560,65,1.483708
1611,65,9.297408
1612,65,30.062225
1613,65,56.528599
1614,65,29.547939
1615,65,7.127991
1617,65,24.48485
1642,65,11.702168
1645,65,21.086718
1648,65,5.188682
1651,65,19.110458
1654,65,9.907528
1655,65,4.670043
1658,65,1.766612
1659,65,12.683716
1660,65,4.770453
1666,65,43.534771
1667,65,14.86982
1668,65,48.182064
1689,65,19.239414
1690,65,7.888273
1693,65,12.694426
1694,65,12.331143
1703,65,11.815517
1704,65,3.557239
1706,65,4.115937
1707,65,12.461572
1550,66,1.058013
1551,66,1.153064
1556,66,3.843903
1559,66,1.400954
1561,66,2.920313
1654,66,4.414653
1655,66,2.334312
1656,66,1.640628
1658,66,2.469491
1659,66,1.385278
1660,66,3.128962
1661,66,11.289635
1664,66,17.818335
1665,66,23.611546
1666,66,13.188498
1667,66,17.68264
1668,66,12.477266
1690,66,16.045633
1691,66,13.526142
1703,66,2.591938
1705,66,1.987505
1706,66,13.350554
1516,67,4.577436
1549,67,4.294316
1654,67,5.708376
1655,67,1.05682
1657,67,4.034523
1658,67,2.780186
1659,67,2.43562
1660,67,2.839508
1661,67,7.21212
1665,67,10.609983
1666,67,4.100819
1667,67,11.101934
1668,67,22.408501
1691,67,38.224247
1694,67,4.448414
1702,67,13.229602
1704,67,6.547201
1705,67,12.407325
1516,68,15.104496
1654,68,2.832541
1655,68,3.360252
1656,68,22.374136
1657,68,5.852523
1658,68,1.641382
1659,68,1.930072
1660,68,1.931268
1661,68,8.87865
1665,68,12.166028
1666,68,9.892337
1667,68,23.270443
1692,68,2.716117
1693,68,1.539882
1694,68,1.37906
1703,68,9.985197
1704,68,21.616682
1516,69,9.606399
1655,69,5.636878
1657,69,5.231873
1661,69,1.503774
1665,69,4.854851
1666,69,14.195257
1667,69,40.067177
1691,69,64.485641
1692,69,15.152642
1693,69,7.147296
1694,69,6.286623
1702,69,3.051979
1703,69,14.649899
1516,70,5.150819
1517,70,8.302695
1665,70,9.705203
1666,70,35.466591
1695,70,7.638997
1701,70,9.87237
1517,71,12.485905
1664,71,11.008182
1665,71,10.320878
1666,71,17.165884
1699,71,2.328314
1700,71,1.158187
1701,71,6.970629
1766,71,19.744055
1517,72,17.29871
1664,72,11.427851
1665,72,7.104712
1698,72,6.234898
1699,72,13.863155
1763,72,8.488123
1764,72,24.735901
1765,72,37.504696
1478,690,288.682434
1517,73,12.000193
1656,73,9.096575
1657,73,3.763563
1658,73,1.9252
1659,73,1.941871
1660,73,6.753362
1661,73,1.893663
1662,73,1.802345
1663,73,8.93865
1664,73,32.786686
1760,73,2.584043
1761,73,10.07414
1763,73,40.769077
1764,73,129.55661
1517,74,22.754412
1656,74,16.445742
1657,74,8.744038
1658,74,3.953122
1659,74,9.629346
1660,74,3.456293
1661,74,4.400735
1662,74,12.079054
1663,74,9.175675
1665,74,6.911016
1757,74,2.560701
1758,74,3.546129
1759,74,7.026235
1479,691,73.233368
1478,692,92.574188
1517,75,8.127934
1518,75,55.362259
1639,75,12.564288
1642,75,15.02354
1645,75,32.463238
1656,75,26.920307
1657,75,28.493893
1658,75,3.33213
1660,75,1.650771
1661,75,14.298981
1662,75,7.805614
1664,75,3.392847
1665,75,5.314292
1666,75,4.075982
1685,75,17.392099
1755,75,2.348277
1583,76,86.489258
1584,76,40.419098
1585,76,135.210892
1656,76,35.161659
1657,76,9.047421
1659,76,7.381824
1660,76,8.816245
1661,76,14.557305
1663,76,5.329838
1665,76,2.966595
1666,76,3.086253
1684,76,17.709763
1751,76,3.239066
1752,76,1.039359
1684,389,212.006882
1518,77,7.585128
1584,77,53.949165
1585,77,32.527332
1656,77,14.65852
1657,77,5.917389
1658,77,9.049511
1659,77,4.149673
1660,77,14.17123
1662,77,6.336408
1663,77,1.745868
1664,77,1.645147
1665,77,2.283487
1666,77,2.923265
1667,77,2.116823
1518,78,15.319603
1656,78,11.074874
1657,78,1.656334
1658,78,7.885728
1659,78,11.672468
1662,78,5.380886
1663,78,3.288962
1664,78,1.110558
1665,78,1.718116
1667,78,2.948633
1750,78,2.155738
1597,391,174.631622
1598,391,111.467171
1599,391,60.230793
1600,391,45.6586
1518,79,7.693177
1656,79,7.721632
1657,79,9.826323
1658,79,8.869203
1662,79,5.451105
1663,79,1.803596
1666,79,3.116426
1667,79,1.308719
1748,79,4.610459
1519,80,19.330305
1656,80,8.18462
1657,80,46.114426
1663,80,3.431754
1664,80,2.062574
1665,80,3.030202
1666,80,2.508842
1519,81,13.405534
1656,81,13.406945
1664,81,1.988797
1665,81,2.39009
1745,81,4.754131
1519,82,10.89303
1519,83,9.699613
1520,83,10.355493
1521,83,14.373083
1742,83,5.043791
1520,84,13.520584
1521,84,13.289976
1741,84,4.843386
1520,85,6.516874
1521,85,5.403366
1522,85,17.846033
1739,85,6.304303
1740,85,16.482834
1520,86,32.438515
1521,86,8.494928
1522,86,1.750257
1520,87,1.842547
1521,87,2.17288
1522,87,3.778125
1523,87,13.171249
1521,88,2.440816
1522,88,3.229612
1523,88,13.15855
1610,88,28.928886
1611,88,11.443479
1612,88,7.483127
1613,88,5.089136
1614,88,7.585878
1513,89,2.411649
1521,89,5.967082
1522,89,7.721134
1523,89,7.208633
1521,90,7.474707
1522,90,5.845921
1523,90,3.912465
1608,90,2.887159
1521,91,4.37849
1522,91,5.921072
1523,91,6.082908
1544,91,9.193886
1607,91,5.74588
1666,91,181.516403
1522,92,2.238626
1523,92,5.07352
1545,92,7.755398
1546,92,5.92123
1547,92,3.366464
1553,92,12.490666
1554,92,8.776287
1555,92,7.286788
1607,92,5.124528
1665,92,56.219967
1666,92,39.775696
1522,93,1.433981
1523,93,1.764392
1545,93,6.443058
1546,93,1.590601
1549,93,15.619227
1550,93,3.360997
1551,93,15.839758
1552,93,9.598706
1553,93,9.543033
1554,93,12.743334
1555,93,5.571141
1556,93,10.765281
1557,93,7.058012
1560,93,2.157407
1664,93,23.272163
1523,94,8.255983
1524,94,5.239995
1627,95,2.489504
1628,95,2.723522
1661,95,50.132481
1662,95,32.632557
1725,95,31.1898
1726,95,19.923077
1607,96,7.107469
1624,96,2.436852
1626,96,6.344233
1627,96,3.003453
1628,96,7.938294
1629,96,7.002387
1660,96,36.615932
1489,97,2.735268
1493,97,3.107528
1624,97,6.686579
1490,98,19.029531
1608,98,13.216941
1657,98,39.025375
1658,98,18.433241
1490,99,12.530102
1493,99,29.239967
1608,99,3.839741
1655,99,51.26059
1761,99,189.069855
1762,99,259.193542
1490,100,12.373436
1491,100,2.37665
1493,100,2.057245
1608,100,10.124931
1655,100,22.237755
1760,100,36.286819
1761,100,30.451883
1762,100,327.880096
1763,100,247.503082
1764,100,276.488617
1490,101,11.726223
1491,101,3.110299
1492,101,1.285421
1496,101,3.374144
1606,101,25.793375
1608,101,10.696157
1762,101,99.756256
1763,101,59.148914
1764,101,67.81311
1490,102,11.902609
1491,102,2.56796
1496,102,2.00889
1608,102,5.923881
1609,102,25.898649
1763,102,65.928299
1490,103,9.778343
1491,103,2.56796
1492,103,1.007958
1495,103,4.23402
1496,103,1.838477
1590,103,71.728561
1591,103,70.41613
1607,103,14.859764
1608,103,6.113201
1761,103,13.113676
1490,104,8.567619
1491,104,3.060326
1492,104,2.117152
1495,104,2.2557
1607,104,15.616211
1763,104,103.42218
1489,105,7.965546
1490,105,3.05836
1491,105,6.201204
1492,105,2.468771
1495,105,1.267582
1605,105,142.202118
1489,106,7.413435
1490,106,7.092965
1491,106,3.635486
1492,106,5.922455
1495,106,1.2531
1524,106,6.084019
1605,106,215.204529
1489,107,10.429919
1490,107,7.04246
1491,107,3.880033
1492,107,1.552651
1493,107,1.313519
1522,107,1.379083
1523,107,1.807203
1525,107,3.004415
1490,108,3.27408
1491,108,2.427845
1492,108,2.314774
1523,108,2.830411
1524,108,1.285675
1758,108,10.158767
1489,109,4.891115
1490,109,2.622003
1491,109,3.201252
1492,109,1.111133
1495,109,72.14286
1523,109,2.387695
1763,109,47.437824
1489,110,5.150671
1490,110,3.609277
1491,110,1.538164
1523,110,21.604811
1731,110,61.320728
1744,110,18.772871
1489,111,4.503081
1490,111,4.205048
1491,111,1.600689
1521,111,3.336782
1522,111,10.981055
1523,111,3.880348
1554,111,34.566505
1730,111,38.818695
1739,111,9.772364
1740,111,9.881391
1743,111,151.928345
1744,111,18.714417
1745,111,28.433058
1746,111,8.78489
1758,111,9.497307
1762,111,28.196867
1489,112,5.239723
1490,112,4.0396
1491,112,1.799647
1522,112,48.626488
1523,112,21.920116
1536,112,7.784786
1744,112,8.163159
1745,112,70.102859
1746,112,186.311951
1754,112,9.639217
1756,112,8.77414
1757,112,9.128498
1762,112,37.92038
1491,113,3.316561
1492,113,1.087814
1523,113,12.475566
1524,113,1.566768
1538,113,4.572498
1573,113,9.068173
1575,113,8.147629
1747,113,8.898841
1749,113,9.093964
1751,113,9.558149
1752,113,9.353232
1753,113,9.95471
1754,113,9.439731
1757,113,9.858073
1758,113,8.688986
1761,113,19.942402
1491,114,9.389681
1492,114,3.674182
1493,114,3.721361
1575,114,2.775421
1740,114,9.424078
1746,114,8.881923
1748,114,9.544786
1749,114,9.273119
1757,114,9.764946
1758,114,8.911263
1493,115,1.671515
1520,115,1.788952
1521,115,5.994533
1575,115,222.084167
1731,115,48.322662
1742,115,9.269043
1744,115,9.288548
1745,115,9.555442
1747,115,9.532476
1759,115,9.192348
1761,115,36.951752
1520,116,1.90471
1521,116,5.121999
1575,116,12.030664
1744,116,9.138338
1747,116,9.268991
1759,116,9.599471
1590,117,34.469643
1591,117,47.192238
1592,117,69.737007
1593,117,38.633617
1743,117,9.420303
1745,117,9.297875
1746,117,8.937613
1747,117,9.000031
1756,117,18.479387
1520,118,6.081731
1574,118,6.757245
1575,118,7.232583
1576,118,12.579111
1584,118,86.290245
1585,118,33.159435
1586,118,2.579684
1587,118,3.74718
1588,118,2.752213
1589,118,7.260104
1590,118,5.98341
1591,118,5.212413
1576,119,26.942867
1577,119,2.918608
1621,119,32.503033
1764,119,46.139046
1572,120,42.918541
1621,120,113.315208
1751,120,179.70369
1521,121,1.146782
1522,121,2.314261
1523,121,2.511909
1529,121,20.303801
1532,121,9.105202
1533,121,6.902012
1537,121,17.354929
1538,121,8.89715
1539,121,4.651443
1540,121,7.910938
1541,121,6.353969
1571,121,12.249422
1538,122,6.154946
1539,122,10.231897
1541,122,4.853496
1585,122,6.210115
1523,123,8.913907
1760,123,15.466759
1761,123,31.066658
1493,124,34.2808
1494,124,117.274323
1495,124,132.743622
1496,124,57.750965
1497,124,112.039169
1498,124,19.338301
1499,124,15.200301
1500,124,17.394634
1501,124,9.393246
1502,124,9.386417
1524,124,8.033267
1525,124,7.037244
1526,124,15.554979
1755,124,105.405945
1763,124,28.145729
1492,125,172.616028
1493,125,54.414295
1494,125,94.745163
1495,125,80.720741
1496,125,66.57373
1525,125,7.512588
1526,125,3.596334
1526,126,3.533027
1541,126,3.168187
1759,126,33.803734
1522,127,4.137646
1541,127,2.877384
1542,127,16.175003
1521,128,27.906713
1522,128,56.352322
1556,128,18.929939
1495,129,9.535703
1503,129,2.506334
1740,129,30.627609
1743,129,52.460697
1503,130,1.077821
1504,130,1.930527
1503,137,1.334207
1494,138,300.473999
1495,138,442.122131
1503,138,8.203422
1504,139,5.451845
1537,140,6.257699
1538,140,8.645473
1492,141,24.029911
1493,141,18.293602
1494,141,34.305923
1495,141,89.428894
1496,141,103.240005
1595,144,1.670246
1580,145,3.010877
1581,145,4.119747
1582,145,3.254109
1496,146,25.39703
1508,146,11.792153
1570,146,3.115865
1580,146,5.633851
1550,148,16.478912
1565,152,3.364476
1574,152,2.914548
1739,152,64.36879
1741,152,39.341606
1497,153,29.822546
1498,153,13.311638
1499,153,37.938004
1500,153,23.754747
1573,153,1.493236
1574,153,3.571197
1581,153,1.187971
1739,153,11.16978
1740,153,9.313029
1741,153,19.736631
1742,153,83.932472
1743,153,35.413509
1745,153,22.947323
1495,154,36.826698
1496,154,31.321842
1497,154,16.988823
1498,154,21.768476
1499,154,38.425636
1500,154,41.740734
1571,154,1.038644
1574,154,7.755603
1738,154,13.069107
1739,154,8.35231
1740,154,10.41873
1741,154,6.311279
1742,154,6.625343
1743,154,8.591476
1744,154,4.308657
1745,154,17.607178
1746,154,15.294662
1747,154,11.762415
1748,154,13.380636
1753,154,18.451736
1754,154,5.223165
1755,154,18.261141
1574,155,8.849364
1579,155,1.541414
1580,155,3.970054
1738,155,5.460672
1739,155,5.287845
1740,155,5.931645
1741,155,5.684747
1742,155,2.012795
1745,155,2.069927
1746,155,11.145487
1747,155,40.75676
1748,155,35.429588
1749,155,5.008691
1750,155,4.097934
1751,155,8.33338
1752,155,2.457287
1753,155,2.171562
1754,155,1.603927
1755,155,1.969702
1756,155,4.482345
1737,156,2.451735
1738,156,1.368816
1739,156,2.48298
1741,156,2.784521
1747,156,4.450171
1748,156,4.012424
1749,156,2.435613
1750,156,2.901535
1752,156,1.124108
1756,156,1.355491
1757,156,1.828805
1758,156,1.788616
1759,156,7.113851
1760,156,7.192615
1737,157,1.795316
1740,157,1.361425
1741,157,1.160203
1748,157,1.37534
1760,157,2.226704
1761,157,8.110316
1762,157,14.990088
1737,158,7.449161
1743,158,2.61622
1744,158,3.190824
1745,158,2.560446
1746,158,1.105648
1759,158,2.207114
1760,158,1.871002
1763,158,2.219388
1764,158,9.79285
1765,158,4.939477
1742,159,24.495642
1746,159,1.090074
1748,159,1.034261
1749,159,2.669339
1763,159,4.693177
1764,159,5.613843
1765,160,8.730074
1737,161,3.48491
1762,161,2.715082
1764,161,11.466388
1758,162,1.068311
1760,162,1.123482
1762,162,1.478605
1764,162,1.583349
1765,163,3.732301
1750,164,1.242971
1760,164,1.708894
1762,164,1.188549
1765,164,33.167202
1760,165,1.624978
1761,165,1.407906
1762,165,2.235617
1764,165,22.670576
1762,166,1.065076
1553,169,17.543251
1757,169,1.792769
1760,169,1.377751
1761,170,10.48206
1762,170,9.899816
1556,171,4.009244
1720,171,49.480518
1761,171,10.598645
1762,171,11.262483
1671,172,32.35548
1673,172,26.649574
1561,174,10.945427
1562,174,3.538874
1555,175,1.305444
1561,175,1.356889
1562,175,8.167137
1563,175,4.918563
1563,176,1.941382
1561,177,1.005628
1755,177,7.789403
1758,177,23.940727
1759,177,115.734077
1760,177,52.5872
1556,178,27.053053
1564,178,2.390812
1565,178,12.27327
1758,178,20.27552
1500,179,74.736664
1553,179,25.226868
1556,179,24.95133
1562,179,8.420433
1564,179,2.009881
1757,179,1.792597
1499,180,141.315689
1500,180,97.967659
1544,180,246.684448
1545,180,272.817078
1546,180,135.928085
1547,180,114.514893
1553,180,14.459069
1556,180,19.250319
1557,180,1.707416
1563,180,6.547878
1564,180,13.643026
1729,180,432.026947
1730,180,212.215347
1731,180,229.358185
1732,180,7.781602
1733,180,123.722923
1734,180,46.313446
1761,180,8.929798
1545,181,148.72052
1546,181,77.678062
1547,181,77.355324
1553,181,4.349877
1556,181,8.629132
1557,181,1.370862
1561,181,2.48537
1755,181,5.674809
1756,181,1.849543
1761,181,1.287583
1546,182,308.100616
1547,182,109.809181
1553,182,1.064309
1556,182,7.630548
1617,182,6.489455
1757,182,1.277883
1545,183,311.552826
1546,183,226.32811
1556,183,1.735234
1760,183,2.970965
1547,184,53.966557
1672,184,160.949677
1673,184,234.212708
1674,184,29.149031
1675,184,24.372938
1676,184,76.194939
1677,184,60.172207
1678,184,21.679892
1679,184,21.936319
1680,184,15.383372
1681,184,19.998615
1682,184,20.486895
1683,184,10.95338
1684,184,16.698256
1685,184,16.048023
1686,184,13.656916
1687,184,24.980946
1688,184,32.562141
1755,184,4.238546
1758,184,1.067599
1760,184,10.879386
1554,185,1.154708
1557,185,5.369389
1614,185,8.234628
1662,185,64.294022
1663,185,56.407986
1664,185,71.450775
1665,185,62.420387
1666,185,52.101967
1667,185,56.740742
1668,185,90.606514
1669,185,75.539574
1670,185,80.430519
1671,185,54.940365
1672,185,87.589149
1673,185,71.227974
1674,185,55.695515
1675,185,44.010201
1676,185,82.75441
1677,185,60.347748
1678,185,54.64505
1679,185,66.015831
1680,185,34.732491
1681,185,58.763535
1682,185,31.176752
1683,185,31.80448
1684,185,41.610912
1685,185,50.020508
1686,185,122.470123
1687,185,96.681519
1688,185,55.794323
1689,185,86.944756
1756,185,1.372213
1759,185,1.57242
1760,185,12.277666
1553,186,21.140249
1556,186,2.110337
1558,186,2.235404
1559,186,3.313509
1759,186,2.923873
1760,186,11.642001
1553,187,20.044743
1554,187,8.66749
1555,187,2.012984
1556,187,1.35876
1611,187,44.400101
1756,187,3.363426
1759,187,4.066294
1760,187,15.754331
1514,188,14.604166
1515,188,15.156
1516,188,23.657907
1517,188,7.575206
1553,188,95.027618
1554,188,9.536221
1555,188,2.786872
1556,188,3.690313
1557,188,8.947914
1610,188,27.191109
1611,188,45.812748
1657,188,53.369495
1658,188,174.203903
1756,188,2.644384
1757,188,2.350106
1760,188,1.147477
1761,188,4.430794
1556,189,12.98892
1557,189,11.217076
1610,189,27.683167
1657,189,18.679888
1658,189,53.372631
1754,189,18.411934
1755,189,8.484273
1756,189,2.490283
1760,189,3.206872
1552,190,69.177063
1556,190,7.119144
1557,190,18.190619
1657,190,17.371655
1658,190,52.984192
1754,190,11.961938
1755,190,1.845471
1756,190,1.095011
1760,190,4.760139
1552,191,15.898644
1556,191,21.547739
1557,191,17.349821
1559,191,18.295511
1657,191,17.126524
1658,191,129.604721
1554,192,9.581939
1555,192,64.216904
1556,192,26.705141
1657,192,29.495485
1658,192,138.872162
1557,193,29.665953
1657,193,34.225681
1658,193,96.224586
1657,194,45.03043
1658,194,151.872253
1657,195,69.052559
1658,195,153.232483
1657,196,232.887512
1658,196,190.929016
1657,197,224.954605
1752,197,19.703705
1754,197,6.427725
1755,197,1.66423
1756,197,17.965984
1607,198,25.987627
1608,198,11.172921
1609,198,11.680192
1669,198,23.121058
1670,198,16.362722
1671,198,24.465229
1672,198,45.10358
1753,198,15.471936
1754,198,7.211097
1755,198,11.802202
1756,198,5.021499
1607,199,1.782771
1608,199,7.318739
1748,199,245.307892
1754,199,28.417339
1757,199,14.952698
1598,200,6.020849
1599,200,4.141314
1605,200,19.241392
1607,200,2.499956
1748,200,220.051651
1754,200,68.857872
1597,201,7.053137
1598,201,8.282985
1599,201,2.370946
1600,201,2.432429
1601,201,1.535226
1602,201,1.492463
1603,201,2.081773
1604,201,3.018528
1605,201,7.954587
1497,202,37.612671
1498,202,32.578495
1547,202,185.925537
1548,202,167.007874
1597,202,6.233475
1598,202,7.653979
1599,202,2.376939
1600,202,7.487211
1601,202,1.557498
1602,202,2.609458
1603,202,2.782702
1604,202,1.901596
1605,202,4.889635
1547,203,73.672852
1548,203,108.911148
1595,203,7.084701
1596,203,2.379629
1597,203,3.583026
1598,203,7.336417
1599,203,2.7014
1600,203,2.538129
1601,203,6.447425
1602,203,7.579779
1603,203,4.224407
1604,203,10.765342
1605,203,5.77681
1607,203,121.294403
1608,203,7.511069
1595,204,1.483959
1596,204,2.92191
1597,204,2.060768
1598,204,3.301869
1599,204,6.763235
1601,204,2.383024
1602,204,1.607356
1603,204,2.520076
1604,204,1.937962
1605,204,15.58529
1607,204,17.770451
1608,204,21.621284
1616,204,52.277519
1597,205,2.593238
1598,205,1.341747
1600,205,2.499551
1601,205,1.393738
1602,205,2.528851
1603,205,8.067541
1604,205,5.283902
1605,205,12.359961
1606,205,3.036942
1607,205,23.869453
1608,205,9.919403
1616,205,155.688812
1617,205,9.682954
1618,205,8.550224
1619,205,7.06077
1620,205,6.984271
1621,205,23.290779
1622,205,9.983063
1623,205,6.26669
1624,205,18.83827
1625,205,43.068813
1626,205,43.793865
1627,205,61.897388
1628,205,117.329933
1600,206,1.914239
1601,206,3.378234
1602,206,9.263066
1603,206,11.23465
1604,206,6.102482
1605,206,7.720181
1606,206,22.224642
1607,206,34.409393
1608,206,6.943664
1588,207,6.48382
1589,207,8.082826
1607,207,31.943285
1608,207,12.520742
1607,208,9.179543
1608,208,8.499346
1723,208,191.190536
1607,209,10.443691
1608,209,16.327982
1612,209,17.342834
1723,209,31.930019
