2471,642,30.587074
2316,643,50.755894
2473,643,45.060566
2475,643,24.071791
2479,643,76.521118
2483,643,266.041412
2486,643,333.639099
2489,643,254.514572
2490,643,185.000961
2491,643,161.933426
2493,643,149.252808
2495,643,261.05249
2315,644,24.382898
2316,644,71.211914
2470,644,5.32607
2473,644,89.813843
2478,644,76.332863
2483,644,57.63739
2490,644,60.10754
2494,644,133.366837
2310,645,1.362904
2315,645,17.735527
2316,645,64.056572
2317,645,29.718668
2484,645,76.920052
2491,645,54.037476
2492,645,70.137459
2493,645,135.324997
2498,645,309.205139
2316,647,81.533249
2499,647,55.43885
2314,648,21.289
2316,648,25.871908
2318,648,70.50959
2276,654,1.150057
2276,661,1.23052
2277,661,1.423102
2278,661,1.202345
2279,661,2.744295
2280,661,1.281536
2268,662,5.536546
2269,662,7.4832
2270,662,7.22247
2271,662,7.999822
2280,662,3.288912
2267,663,5.044031
2268,663,12.092133
2269,663,6.760979
2270,663,2.99138
2271,663,5.137578
2281,663,3.032032
2282,663,3.032032
2283,663,1.22371
2284,663,1.185254
2325,663,26.277472
2326,663,66.268951
2327,663,189.958664
2266,664,59.697895
2267,664,19.588453
2268,664,16.828562
2269,664,28.09943
2270,664,53.210888
2271,664,4.62554
2279,664,2.175053
2281,664,1.235222
2282,664,1.005736
2283,664,1.005736
2284,664,1.277597
2324,664,131.634567
2325,664,71.291321
2271,665,10.162332
2281,665,1.670624
2283,665,1.288349
2284,665,1.080484
2281,666,1.019034
2284,666,2.398028
2289,672,1.90289
2278,673,66.549789
2334,673,1.128178
2476,673,70.687157
2289,674,1.100516
2335,674,2.50695
2336,674,1.709205
2475,674,243.645828
2476,674,236.517853
2289,675,1.560054
2307,675,80.1446
2308,675,45.379383
2309,675,28.419947
2276,676,27.142683
2307,676,56.061878
2308,676,10.18471
2309,676,21.171555
2277,677,11.129403
2289,677,1.045785
2307,677,24.484343
2308,677,28.994864
2309,677,54.128975
2336,677,8.523129
2337,677,10.08704
2277,678,17.497648
2278,678,44.078117
2289,678,1.770102
2305,678,1.540461
2306,678,1.578481
2307,678,6.228702
2308,678,13.23394
2309,678,25.68107
2333,678,7.042696
2334,678,5.887471
2335,678,2.484758
2336,678,5.193037
2278,679,9.281011
2289,679,2.003522
2305,679,2.080171
2325,679,1.722901
2326,679,4.743706
2327,679,4.458201
2328,679,2.710742
2279,680,27.217936
2289,680,1.395898
2304,680,45.056351
2305,680,11.468049
2306,680,10.565023
2307,680,11.745367
2308,680,14.328835
2309,680,17.195745
2350,680,88.527214
2279,681,4.327004
2305,681,36.534721
2310,681,15.697891
2279,682,9.388449
2280,682,8.3311
2280,683,52.567085
2281,683,35.677818
2282,683,179.28212
2279,684,54.575012
2280,684,55.980888
2319,684,12.854362
2320,684,15.706058
2321,684,8.704966
2322,684,7.144515
2323,684,14.665845
2324,684,4.572949
2325,684,7.765564
2326,684,4.65835
2327,684,4.104286
2328,684,5.484037
2329,684,5.955166
2330,684,7.194469
2331,684,11.114927
2332,684,11.184837
2333,684,19.402664
2299,685,1.22829
2300,685,3.232814
2317,685,51.295021
2318,685,19.4776
2319,685,8.544818
2320,685,4.275655
2321,685,3.071962
2322,685,2.774434
2323,685,2.306847
2324,685,2.492327
2325,685,2.247126
2326,685,2.162256
2327,685,2.128199
2328,685,2.642972
2329,685,5.119069
2330,685,4.196282
2331,685,5.944144
2332,685,8.302649
2333,685,10.653069
2491,685,529.95105
2289,686,11.133626
2290,686,7.093232
2291,686,4.554837
2292,686,2.101153
2293,686,2.379478
2294,686,2.067508
2300,686,3.334853
2301,686,8.844923
2317,686,193.496964
2318,686,54.604546
2319,686,36.516308
2320,686,2.965697
2322,686,1.127131
2324,686,2.459387
2329,686,2.415079
2330,686,3.16913
2331,686,2.206697
2332,686,4.518991
2333,686,7.013793
2334,686,10.852607
2335,686,11.759272
2289,687,9.608214
2290,687,6.366065
2291,687,5.984929
2292,687,7.707058
2295,687,2.72277
2299,687,1.118798
2300,687,2.170387
2301,687,4.106702
2319,687,44.106754
2320,687,12.186007
2322,687,2.68179
2323,687,8.16253
2324,687,10.487939
2325,687,4.26128
2328,687,2.979189
2329,687,3.143245
2330,687,3.111614
2331,687,1.802188
2333,687,3.450537
2334,687,4.837904
2335,687,7.271705
2278,688,1.436414
2289,688,11.669478
2290,688,7.874273
2291,688,8.266087
2292,688,4.135081
2293,688,3.480162
2294,688,1.893558
2295,688,3.427833
2300,688,1.295726
2301,688,2.007892
2302,688,8.65483
2335,688,9.132651
2336,688,13.108765
2289,689,33.429745
2290,689,41.232246
2291,689,52.245518
2292,689,31.478632
2293,689,25.149975
2294,689,1.175272
2295,689,1.835563
2302,689,1.938329
2277,690,7.515434
2293,690,1.134176
2294,690,1.764981
2295,690,1.926474
2302,690,2.474917
2276,691,68.7341
2294,691,2.4789
2295,691,2.339908
2296,691,4.089281
2297,691,3.170612
2298,691,11.72523
2299,691,10.633602
2300,691,12.673875
2301,691,26.844328
2302,691,96.691704
2333,691,2.779545
2277,692,5.076572
2293,692,7.974471
2295,692,1.660945
2297,692,3.658616
2298,692,5.289085
2299,692,6.35081
2300,692,5.263531
2301,692,10.551482
2302,692,18.196833
2412,692,64.025284
2413,692,78.676003
2277,693,46.2789
2295,693,51.499828
2296,693,65.00843
2297,693,52.052708
2298,693,42.428211
2299,693,41.239086
2300,693,32.506264
2301,693,27.790182
2302,693,56.582947
2408,693,22.431694
2409,693,31.551579
2410,693,28.400896
2411,693,16.730379
2412,693,36.68697
2413,693,20.556128
2414,693,42.266945
2278,694,15.722423
2293,694,11.55013
2294,694,16.953829
2409,694,13.27864
2410,694,47.813251
2411,694,29.721815
2412,694,32.987762
2413,694,17.520664
2414,694,25.800486
2278,695,24.883209
2293,695,18.967049
2294,695,64.823372
2295,695,14.275599
2316,695,35.866585
2317,695,26.975794
2318,695,6.16453
2319,695,1.695516
2320,695,1.409025
2321,695,1.636098
2322,695,2.283194
2323,695,2.589589
2324,695,5.550614
2325,695,2.63966
2326,695,2.712968
2327,695,2.390988
2328,695,5.056809
2329,695,3.084104
2412,695,42.804859
2415,695,59.539715
2278,696,43.852493
2279,696,7.636029
2316,696,134.011826
2317,696,6.034033
2318,696,3.231275
2319,696,3.048619
2320,696,1.694702
2321,696,1.228461
2323,696,1.071497
2326,696,1.863085
2328,696,1.382914
2331,696,26.351835
2279,697,6.569159
2280,697,4.448668
2317,697,8.575756
2318,697,7.904591
2319,697,5.941393
2320,697,1.604133
2323,697,1.188257
2330,697,1.407448
2332,697,2.916743
2470,697,183.399857
2481,697,380.17981
2482,697,465.447784
2488,697,1.553329
2317,698,43.00972
2318,698,10.495032
2319,698,12.649683
2320,698,6.477135
2332,698,1.283234
2333,698,1.278637
2334,698,6.535502
2481,698,451.535248
2482,698,237.524353
2483,698,51.744938
2288,699,7.226673
2291,699,1.041285
2483,699,186.796524
2288,700,27.911818
2291,700,1.511357
2306,700,1.393933
2307,700,1.300851
2308,700,1.11051
2306,701,1.680189
2307,701,1.031304
2312,701,1.170215
2289,702,7.660275
2290,702,8.622474
2291,702,4.457533
2292,702,2.591823
2293,702,2.903892
2333,702,2.211316
2278,703,9.405189
2305,703,4.4824
2334,703,1.157229
2295,704,1.233185
2296,704,1.339606
2297,704,4.562104
2308,704,1.544049
2335,704,2.513606
2336,704,2.566274
2294,705,15.941204
2295,705,1.287572
2296,705,3.015945
2297,705,4.563199
2297,706,1.331167
2308,706,3.732164
2317,706,89.28743
2318,706,18.202789
2319,706,10.69484
2320,706,17.653028
2321,706,9.860394
2322,706,11.36293
2323,706,10.634548
2324,706,9.531609
2325,706,10.8576
2326,706,10.742061
2327,706,9.55976
2328,706,12.786728
2329,706,8.384066
2330,706,10.25584
2331,706,22.516787
2332,706,20.830547
2333,706,15.664563
2293,707,28.831717
2301,707,1.206769
2308,707,6.051075
2310,707,1.597889
2311,707,3.055599
2317,707,27.054983
2318,707,7.908809
2319,707,5.739644
2320,707,12.822764
2321,707,9.405978
2322,707,8.925337
2323,707,6.996397
2324,707,6.544934
2325,707,8.652982
2326,707,6.500968
2327,707,11.048012
2328,707,23.008291
2329,707,25.961834
2330,707,10.520677
2331,707,12.270934
2332,707,12.10231
2333,707,12.475597
2334,707,23.867008
2293,708,6.669641
2301,708,1.900534
2305,708,49.035938
2306,708,17.586798
2307,708,10.750583
2308,708,27.898363
2309,708,5.786157
2310,708,12.267522
2311,708,1.406678
2317,708,6.030546
2318,708,4.386497
2319,708,8.879226
2320,708,4.919919
2321,708,3.946454
2322,708,3.852041
2323,708,3.995429
2324,708,3.460171
2325,708,15.458683
2326,708,13.591437
2327,708,20.954916
2328,708,59.053177
2329,708,7.845565
2330,708,12.699175
2331,708,11.213122
2332,708,8.670927
2333,708,6.221491
2334,708,9.488698
2335,708,18.897797
2292,709,20.287928
2293,709,4.950048
2300,709,1.563144
2322,709,9.486629
2323,709,8.960927
2324,709,10.125464
2325,709,23.768326
2326,709,42.729862
2327,709,43.088875
2328,709,86.172935
2329,709,87.18718
2330,709,132.401337
2331,709,61.793327
2332,709,62.35817
2333,709,76.17836
2334,709,8.158717
2335,709,4.576838
2336,709,10.806048
2337,709,15.524642
2300,710,3.306444
2333,710,25.33469
2334,710,33.052147
2335,710,15.457896
2336,710,7.381266
2335,711,60.061207
2487,715,1.980352
2488,715,10.070936
2489,715,8.232906
2490,715,2.987086
2489,716,6.450582
2490,716,5.980324
2485,717,116.610565
2485,718,187.33165
2482,721,9.510549
2483,721,1.156087
2468,729,87.659195
2469,729,243.05986
2325,730,5.597633
2326,730,3.986557
2469,730,77.954872
2470,730,119.57428
2471,730,173.879272
2472,730,94.321014
2336,731,167.060272
2337,731,97.539383
2338,731,65.499199
2339,731,69.440514
2340,731,73.851105
2341,731,99.673363
2342,731,54.495377
2343,731,83.005035
2344,731,84.167549
2345,731,88.875191
2346,731,67.050957
2347,731,72.071556
2468,731,7.987501
2469,731,18.404196
2470,731,27.104065
2471,731,1.51666
2482,731,254.922852
2341,732,362.559692
2342,732,481.54007
2345,732,288.447601
2347,732,608.451294
2348,732,455.648285
2469,732,1.533755
2482,732,192.010727
2483,732,77.890884
2484,732,75.595764
2323,733,105.946907
2324,733,6.763139
2469,733,3.736246
2470,733,1.512479
2472,733,3.820759
2473,733,4.281204
2482,733,109.104988
2483,733,19.285107
2484,733,1.587958
2485,733,26.270205
2486,733,46.749557
2326,734,4.734143
2327,734,7.544067
2468,734,9.185226
2469,734,10.204501
2471,734,1.212121
2472,734,2.169974
2473,734,5.789532
2482,734,39.086494
2483,734,1.896059
2468,735,16.295156
2469,735,5.851386
2470,735,5.310447
2472,735,3.442688
2473,735,4.2868
2474,735,2.916666
2483,735,2.75167
2487,735,1.56657
2488,735,2.630174
2494,735,15.295316
2468,736,16.199556
2469,736,12.339861
2470,736,2.10888
2473,736,3.299082
2474,736,4.281204
2486,736,2.124534
2487,736,9.831479
2488,736,18.544851
2494,736,7.952441
2468,737,9.608098
2469,737,6.798576
2470,737,2.0
2472,737,2.219164
2473,737,2.906516
2474,737,5.556551
2487,737,23.421249
2495,737,12.476454
2496,737,53.786346
2469,738,9.521254
2470,738,6.0
2471,738,1.856061
2472,738,8.163295
2473,738,1.938864
2486,738,3.137351
2487,738,2.053578
2488,738,8.517741
2495,738,6.024797
2496,738,68.730492
2395,739,29.230026
2469,739,5.114327
2473,739,1.022807
2487,739,13.647498
2493,739,2.426001
2494,739,3.297577
2495,739,11.371809
2496,739,10.076775
2333,740,166.481094
2334,740,156.497574
2335,740,153.707901
2336,740,157.647186
2337,740,47.101307
2338,740,26.711716
2340,740,28.144512
2468,740,9.94895
2469,740,4.952814
2470,740,3.653562
2471,740,2.333916
2487,740,2.147447
2331,741,268.452942
2332,741,132.479126
2333,741,121.454681
2334,741,379.302032
2335,741,339.658539
2336,741,54.126637
2337,741,37.493443
2338,741,34.473782
2339,741,26.611891
2340,741,53.878571
2468,741,4.443998
2469,741,3.141943
2470,741,1.849977
2325,742,62.273342
2326,742,29.583117
2327,742,74.366318
2328,742,66.398087
2329,742,52.676991
2330,742,69.286148
2331,742,51.304127
2332,742,48.801769
2333,742,18.902424
2334,742,15.43255
2335,742,13.18548
2336,742,23.111794
2337,742,27.96027
2338,742,12.773046
2339,742,40.608616
2340,742,28.428261
2341,742,24.302301
2342,742,69.534241
2343,742,54.423916
2344,742,73.135216
2468,742,5.384439
2469,742,4.606252
2470,742,1.449872
2473,742,1.798296
2474,742,2.8336
2298,743,2.002352
2325,743,70.365234
2326,743,26.423738
2327,743,26.639637
2328,743,29.158333
2329,743,14.798623
2330,743,12.442178
2331,743,11.520752
2332,743,11.387825
2333,743,18.114017
2334,743,13.880556
2335,743,14.565454
2336,743,25.62594
2337,743,41.571812
2338,743,82.900284
2339,743,47.594414
2340,743,134.018051
2341,743,82.89875
2468,743,4.830435
2469,743,3.319002
2470,743,1.688632
2471,743,2.289503
2472,743,2.183535
2473,743,4.855923
2474,743,6.937966
2298,744,1.115208
2329,744,29.645039
2468,744,12.580122
2469,744,7.168515
2470,744,1.449872
2471,744,2.799257
2472,744,3.784814
2473,744,4.342573
2474,744,4.191333
2475,744,5.396503
2476,744,6.026246
2477,744,23.078903
2484,744,5.527237
2485,744,6.094754
2486,744,1.283551
2299,745,10.030789
2300,745,10.841109
2469,745,3.316047
2470,745,6.148828
2471,745,7.029108
2472,745,5.18369
2473,745,5.556785
2474,745,4.209904
2475,745,6.378743
2476,745,5.735394
2477,745,1.299707
2478,745,29.410486
2484,745,2.448102
2485,745,1.435314
2486,745,10.495884
2413,746,22.790024
2470,746,20.135817
2471,746,8.701513
2472,746,7.067393
2473,746,5.98704
2474,746,11.447648
2475,746,6.559571
2476,746,9.047839
2477,746,4.21735
2482,746,3.80785
2483,746,1.878492
2471,747,33.769527
2472,747,14.907643
2473,747,13.029193
2474,747,8.326082
2475,747,8.992148
2476,747,12.474236
2477,747,6.292293
2478,747,12.218391
2483,747,4.241081
2474,748,5.905929
2475,748,5.525504
2477,748,7.242929
2483,748,2.320696
2483,749,2.411068
2483,750,4.054534
2483,751,3.559464
2347,752,283.055969
2483,752,3.676821
2332,753,19.417768
2333,753,24.24584
2334,753,33.344414
2349,753,261.469635
2424,753,48.872723
2424,754,58.333511
2313,755,85.152802
2314,755,58.744682
2315,755,63.138203
2316,755,29.501225
2317,755,18.820501
2326,755,4.032943
2327,755,9.899736
2328,755,13.64305
2424,755,54.300911
2423,756,27.213411
2424,757,39.288467
2425,757,65.418785
2489,757,23.696211
2490,757,57.059349
2491,757,106.255119
2492,757,55.693539
2493,757,46.3554
2368,758,53.18153
2488,758,34.990894
2489,758,43.468407
2490,758,36.319653
2491,758,62.357201
2492,758,29.575115
2493,758,6.129373
2368,759,82.702194
2489,759,29.2852
2490,759,16.072893
2491,759,5.436429
2492,759,3.742316
2493,759,4.898715
2368,760,70.083336
2369,760,46.934933
2489,760,27.737865
2490,760,10.763079
2491,760,13.445246
2492,760,3.811176
2493,760,1.305459
2367,761,32.637085
2368,761,134.563156
2489,761,27.155876
2490,761,15.009281
2491,761,16.731997
2492,761,3.041931
2493,761,1.454519
2390,762,73.325882
2391,762,20.617762
2489,762,48.750919
2490,762,14.822721
2491,762,5.834496
2392,763,31.202702
2489,763,41.236465
2490,763,20.902153
2495,763,15.485914
2496,763,1.44774
2498,763,8.857055
2499,763,8.734322
2488,764,95.512894
2489,764,29.238958
2495,764,10.000632
2496,764,26.02809
2497,764,17.763115
2498,764,21.886019
2499,764,15.615355
2335,765,435.48349
2336,765,246.164948
2412,766,140.576096
2412,767,172.375397
2336,768,33.416286
2338,768,62.43631
2412,768,69.753761
2337,769,11.784914
2338,769,35.310604
2309,770,146.059067
2338,770,62.576588
2339,770,46.47958
2310,771,46.71418
2338,771,47.615044
2283,772,108.925461
2295,772,23.536631
2310,772,118.991714
2311,772,85.703903
2339,772,147.828232
2283,773,210.966034
2311,773,157.426285
2339,773,114.716537
2340,773,45.24332
2283,774,179.036713
2295,774,28.852245
2311,774,117.356941
2311,775,47.471188
2312,775,39.726173
2319,776,110.26638
