2068,2125,122.369888
2068,2126,11.284225
2068,2127,158.077957
2069,2127,32.620296
2081,2128,14.010001
2082,2128,11.808146
2081,2129,91.973656
2082,2129,28.410776
2155,2139,69.641991
2155,2140,58.062954
2156,2140,331.510468
2031,2141,2.333865
2032,2141,1.322366
2031,2142,12.222647
2032,2142,10.669131
2033,2142,7.688535
2046,2142,2.344214
2047,2142,1.596514
2032,2143,2.033459
2033,2143,9.911014
2035,2143,32.256042
2047,2143,27.437481
2159,2143,33.680199
2033,2144,5.914238
2034,2144,10.613339
2035,2144,6.71911
2037,2144,36.092018
2032,2145,13.418383
2033,2145,21.39913
2034,2145,5.148943
2035,2145,5.231897
2036,2145,1.946887
2046,2145,82.173149
2097,2145,47.978874
2033,2146,15.431898
2034,2146,2.517607
2035,2146,5.449422
2036,2146,3.299621
2037,2146,12.454426
2038,2146,45.588509
2152,2146,76.302757
2159,2146,127.652618
2037,2147,47.202168
2038,2147,78.763542
2037,2148,80.378128
2038,2148,110.038902
2104,2148,14.667616
2043,2149,8.146044
2043,2150,13.110082
2134,2150,1.466167
2135,2150,3.006366
2139,2150,4.319246
2140,2150,3.925674
2141,2150,6.286791
2142,2150,3.591678
2143,2150,3.203088
2152,2150,7.08339
2153,2150,28.406786
2154,2150,51.253315
2157,2150,15.723499
2044,2151,19.874847
2080,2151,99.862404
2099,2151,13.799015
2134,2151,5.777521
2135,2151,4.424033
2139,2151,13.46192
2140,2151,4.880125
2141,2151,29.051754
2142,2151,3.39397
2143,2151,4.943005
2144,2151,20.700319
2151,2151,1.791227
2152,2151,68.298347
2153,2151,5.014767
2154,2151,23.434999
2155,2151,38.077133
2157,2151,44.7691
2044,2152,2.293936
2103,2152,50.433529
2134,2152,20.290234
2135,2152,6.853353
2136,2152,8.924643
2137,2152,31.006048
2138,2152,23.421211
2140,2152,13.616156
2141,2152,2.471105
2146,2152,1.487898
2148,2152,3.988441
2149,2152,3.679909
2150,2152,6.775103
2155,2152,73.846222
2157,2152,47.074413
2158,2152,3.582018
2153,2153,1.956371
2155,2153,5.321617
2156,2153,19.368904
2157,2153,10.568231
2043,2154,8.697471
2044,2154,1.784357
2155,2154,1.11246
2030,2172,269.570465
2091,2172,25.068752
2092,2172,24.533245
2093,2172,38.846127
2094,2172,23.317932
2087,2173,47.193035
2090,2173,1.459375
2091,2173,14.281301
2092,2173,1.020671
2093,2173,87.220016
2149,2175,123.5681
2129,2180,7.379601
2129,2181,15.691726
2130,2181,27.519381
2131,2181,34.685497
2042,2182,19.602793
2129,2182,19.864094
2130,2182,31.14674
2129,2183,7.135677
2042,2188,50.31728
2128,2188,129.762939
2042,2189,107.327957
2127,2189,429.289917
2128,2189,120.961388
2129,2189,140.233994
2130,2189,253.835907
2131,2189,91.518456
2132,2189,25.003719
2042,2190,46.235775
2130,2190,29.636053
2144,2191,51.375927
2145,2191,20.977728
2147,2191,40.759193
2153,2191,98.960701
2154,2191,22.959606
2041,2192,91.474037
2128,2192,60.898773
2129,2192,29.732761
2136,2192,26.226583
2042,2193,49.083595
2043,2193,128.040619
2127,2193,145.177368
2128,2193,41.340572
2129,2193,83.224129
2136,2193,34.91016
2042,2194,38.334515
2127,2194,88.277481
2128,2194,27.800175
2129,2194,4.051811
2146,2194,17.817478
2156,2194,91.949036
2042,2195,137.702347
2043,2195,194.286621
2104,2195,5.680154
2127,2195,55.098743
2128,2195,4.566167
2129,2195,6.724909
2143,2195,13.235218
2145,2195,9.40439
2146,2195,27.770491
2156,2195,282.008606
2035,2196,9.950023
2038,2196,2.516838
2042,2196,19.515026
2043,2196,158.513763
2102,2196,24.827833
2103,2196,5.040853
2104,2196,7.512841
2105,2196,26.401014
2143,2196,13.674356
2145,2196,38.431252
2146,2196,17.841345
2156,2196,118.199631
2035,2197,1.281388
2038,2197,2.895283
2103,2197,8.00299
2117,2197,16.211563
2127,2197,35.427475
2128,2197,21.005949
2129,2197,5.165375
2130,2197,11.384472
2133,2197,4.11428
2134,2197,4.514933
2135,2197,2.582144
2143,2197,3.462818
2146,2197,48.503345
2147,2197,6.203057
2148,2197,4.620938
2149,2197,1.010409
2156,2197,61.921219
2035,2198,2.19118
2123,2198,2.440782
2127,2198,53.523716
2128,2198,8.766276
2129,2198,5.491067
2130,2198,6.570335
2133,2198,3.634524
2134,2198,4.554675
2135,2198,8.45927
2144,2198,39.704533
2145,2198,8.524294
2146,2198,19.535501
2147,2198,14.464319
2148,2198,11.518659
2149,2198,3.663615
2150,2198,2.218064
2151,2198,66.697609
2152,2198,1.217409
2156,2198,30.246212
2035,2199,1.76802
2043,2199,169.865753
2117,2199,6.450793
2123,2199,30.797716
2129,2199,2.634803
2130,2199,3.387748
2136,2199,19.401321
2144,2199,6.392829
2145,2199,11.431779
2146,2199,13.114866
2147,2199,11.220124
2148,2199,5.805928
2149,2199,4.771826
2150,2199,3.946602
2151,2199,6.350811
2152,2199,170.455338
2154,2199,1.539324
2155,2199,16.342821
2156,2199,24.990362
2035,2200,24.505487
2038,2200,7.501511
2106,2200,11.19533
2123,2200,3.122647
2130,2200,1.595535
2133,2200,1.373377
2135,2200,1.25
2146,2200,2.25078
2147,2200,1.155525
2148,2200,1.544315
2149,2200,3.098645
2150,2200,1.366826
2151,2200,56.728745
2152,2200,31.88562
2153,2200,4.147509
2154,2200,1.578573
2155,2200,4.839164
2156,2200,20.838745
2157,2200,4.030756
2035,2201,4.361774
2036,2201,16.692898
2038,2201,21.526712
2044,2201,39.13842
2123,2201,2.163126
2130,2201,1.109069
2146,2201,1.42988
2147,2201,1.361861
2148,2201,4.060481
2149,2201,2.103031
2150,2201,9.438643
2151,2201,8.488723
2034,2202,25.97121
2035,2202,4.240695
2036,2202,15.109061
2042,2202,2.897555
2043,2202,2.742694
2146,2202,3.333893
2147,2202,2.914727
2148,2202,3.683472
2149,2202,5.472727
2150,2202,7.233331
2151,2202,29.398773
2152,2202,7.668639
2042,2203,4.310559
2043,2203,8.50345
2044,2203,25.501612
2045,2203,4.215038
2046,2203,4.751825
2121,2203,69.159393
2127,2203,2.193256
2146,2203,8.80204
2147,2203,5.746377
2148,2203,7.638293
2149,2203,2.295366
2150,2203,3.500616
2151,2203,4.106854
2152,2203,16.205292
2153,2203,1.397187
2040,2204,2.66871
2041,2204,1.452449
2042,2204,2.911712
2043,2204,1.617854
2044,2204,17.855101
2045,2204,3.812461
2046,2204,21.346827
2120,2204,122.886971
2121,2204,129.55806
2146,2204,5.22813
2147,2204,11.800241
2148,2204,5.907022
2150,2204,1.154546
2151,2204,2.59689
2152,2204,20.835352
2153,2204,6.630468
2040,2205,17.388222
2041,2205,2.439415
2042,2205,3.864819
2043,2205,10.744919
2044,2205,2.150006
2045,2205,2.108011
2046,2205,30.668814
2102,2205,11.362415
2106,2205,10.047632
2112,2205,16.711317
2113,2205,23.636969
2114,2205,35.286686
2115,2205,34.347004
2116,2205,36.629696
2117,2205,18.477209
2118,2205,102.930504
2119,2205,51.415409
2120,2205,52.7967
2121,2205,3.518082
2146,2205,3.077915
2147,2205,2.114699
2151,2205,1.157895
2152,2205,3.996029
2153,2205,5.755683
2155,2205,377.910248
2041,2206,1.538551
2083,2206,276.720673
2102,2206,10.896882
2104,2206,44.454727
2105,2206,16.370552
2106,2206,20.506998
2107,2206,17.124662
2112,2206,5.285773
2113,2206,5.451974
2114,2206,3.152659
2115,2206,2.436671
2116,2206,3.58712
2117,2206,4.753442
2118,2206,5.805095
2119,2206,5.10943
2120,2206,2.162791
2146,2206,5.41125
2147,2206,3.303643
2152,2206,2.959554
2153,2206,1.890547
2155,2206,621.50708
2033,2207,121.4767
2104,2207,43.710613
2105,2207,36.613476
2106,2207,6.619953
2107,2207,7.571934
2118,2207,4.735986
2119,2207,2.162791
2146,2207,4.909396
2147,2207,1.651703
2152,2207,1.943444
2153,2207,1.812758
2155,2207,2.859247
2105,2208,15.374027
2106,2208,2.876165
2107,2208,5.905738
2131,2208,6.6094
2132,2208,4.492622
2133,2208,1.027832
2134,2208,1.164475
2135,2208,1.245454
2136,2208,1.119714
2137,2208,43.940636
2155,2208,2.789743
2092,2209,128.337418
2103,2209,216.28894
2105,2209,5.10713
2106,2209,4.016911
2107,2209,7.378324
2130,2209,66.400604
2131,2209,8.618855
2137,2209,1.272533
2155,2209,1.534482
2041,2210,27.487171
2046,2210,3.750176
2085,2210,32.992168
2086,2210,19.953516
2088,2210,222.941055
2104,2210,255.470123
2105,2210,3.05857
2106,2210,4.986112
2107,2210,7.260695
2131,2210,30.683388
2132,2210,5.132451
2133,2210,1.66612
2134,2210,2.222379
2135,2210,1.989396
2136,2210,2.234144
2137,2210,17.712601
2141,2210,1.043784
2146,2210,4.967611
2147,2210,2.142949
2148,2210,1.866666
2149,2210,1.93617
2150,2210,1.93617
2151,2210,2.515117
2152,2210,2.471982
2153,2210,2.880652
2155,2210,1.534482
2104,2211,254.549133
2111,2211,19.958775
2130,2211,10.16213
2131,2211,5.555158
2138,2211,20.963593
2139,2211,103.200775
2140,2211,12.411474
2146,2211,4.905048
2153,2211,1.93617
2154,2211,38.545132
2155,2211,1.93617
2047,2212,22.243677
2048,2212,9.950624
2113,2212,2.296746
2114,2212,3.496019
2115,2212,3.447984
2116,2212,3.526342
2130,2212,6.268458
2131,2212,38.055431
2136,2212,2.399949
2137,2212,2.399949
2138,2212,7.233438
2139,2212,58.008591
2140,2212,21.663361
2154,2212,15.714441
2155,2212,15.714441
2156,2212,22.232523
2029,2213,35.027828
2031,2213,18.727682
2040,2213,26.287325
2041,2213,26.867935
2042,2213,58.235947
2043,2213,40.702023
2044,2213,36.8367
2045,2213,17.732166
2061,2213,2.760479
2154,2213,19.66691
2155,2213,19.66691
2031,2214,91.957848
2040,2214,39.385307
2037,2215,3.786037
2040,2215,58.803379
2084,2215,7.793271
2037,2218,6.40274
2046,2218,1.221335
2047,2218,2.129284
2048,2218,1.253783
2049,2218,33.674385
2082,2218,3.766446
2130,2218,3.447984
2131,2218,4.131045
2132,2218,7.824539
2133,2218,10.436124
2134,2218,7.043236
2135,2218,6.701021
2136,2218,6.080525
2137,2218,1.370237
2033,2219,78.621208
2034,2219,2.115284
2035,2219,1.951693
2036,2219,2.9299
2047,2219,3.180224
2048,2219,1.72713
2081,2219,3.560142
2082,2219,4.975124
2083,2219,4.980912
2130,2219,2.163126
2131,2219,1.932205
2132,2219,2.60922
2047,2220,18.288393
2048,2220,48.645096
2078,2220,4.080661
2081,2220,2.643881
2130,2220,2.621141
2075,2221,2.499166
2076,2221,4.975124
2077,2221,6.260949
2081,2221,3.552359
2046,2222,4.351835
2047,2222,4.353111
2076,2222,4.651571
2077,2222,5.154804
2078,2222,11.575722
2081,2222,3.837597
2096,2223,1.791948
2082,2225,15.171944
2084,2225,3.610507
2085,2225,5.101744
2086,2225,6.106456
2075,2226,1.274463
2084,2226,1.161689
2030,2227,104.77845
2053,2228,30.228445
2075,2228,2.442094
2129,1910,141.000183
2051,2229,9.473024
2052,2229,1.879384
2053,2229,1.36879
2128,1911,237.942688
2129,1911,438.743103
2130,1911,53.240906
2131,1911,10.290909
2128,1912,319.561401
2129,1912,204.444809
2130,1912,81.434349
2131,1912,21.999983
2128,1913,52.527058
2129,1913,116.524994
2130,1913,123.070641
2131,1913,2370.292969
2085,2233,3.25527
2086,2233,2.284967
2051,2234,13.762104
2052,2234,12.733635
2056,2235,21.032438
2056,2236,20.304981
2057,2236,3.591843
2054,2237,5.6714
2055,2237,5.881839
2058,2237,7.234783
2063,2237,3.698822
2059,2238,9.486568
2157,2238,80.916519
2060,2239,11.972389
2157,2239,10.82747
2062,1921,349.427979
2063,1921,451.955811
2060,2240,30.533928
2061,2240,4.727883
2063,2241,1.43183
2060,2242,33.316902
2061,2242,13.338449
2064,2242,1.206196
2059,2243,25.202477
2060,2243,27.853962
2155,2243,1.534482
2156,2243,1.93617
2057,2246,55.694778
2058,2246,21.142614
2059,2246,20.947262
2060,2246,11.158204
2054,2247,24.970928
2057,2247,32.451416
2058,2247,29.311493
2059,2247,6.656906
2060,2247,5.767082
2061,2247,5.5
2058,2248,24.743311
2059,2248,15.334246
2062,2248,4.476742
2058,2249,42.138378
2059,2249,23.862892
2060,2249,44.220505
2106,2258,2.617951
2104,2259,1.873945
2106,2259,2.4375
2104,2260,2.102743
2104,2261,6.816209
2104,2262,4.885666
2103,2269,4.549574
2103,2270,8.367931
2101,2271,1.48425
2102,2271,3.442192
2103,2271,3.248877
2155,2271,4.578945
2101,2272,1.218816
2102,2272,1.095911
2103,2272,4.533873
2156,2272,1.534482
2100,2273,1.246622
2101,2273,2.017571
2102,2273,1.222538
2100,2274,1.041083
2101,2274,1.222538
2100,2275,1.239269
2116,2276,1.269322
2117,2276,1.003975
2102,2277,3.457276
2102,2278,4.022239
2114,2278,1.355769
2113,2279,1.328865
2155,2279,1.93617
2136,1963,278.048828
2156,2281,5.534761
2051,1964,620.74585
2052,1964,222.424026
2133,1964,1532.552734
2134,1964,443.007751
2135,1964,229.217712
2136,1964,174.097137
2135,1965,119.273254
2136,1965,24.8806
2137,1965,29.976622
2155,2282,2.991666
2156,2282,1.754246
2155,2283,6.261491
2156,2283,3.865391
2135,1966,162.633575
2136,1966,3.999999
2137,1966,14.999982
2101,2284,4.022239
2102,2284,3.21231
2155,2284,3.068963
2134,1967,384.782379
2135,1967,109.928474
2136,1967,6.699998
2137,1967,7.333324
2037,2285,886.501465
2104,2285,1.809592
2125,2285,2.359823
2126,2285,5.216319
2127,2285,3.856768
2155,2285,22.127747
2039,2286,77.966858
2124,2286,9.652268
2128,2286,7.523038
2129,2286,35.686512
2130,2286,42.530983
2131,2286,4.701087
2132,2286,31.98527
2133,2286,1.670947
2154,2286,3.032738
2155,2286,4.112112
2156,2286,5.487363
2134,1968,166.104309
2135,1968,49.555771
2146,2287,1.747576
2154,2287,9.349998
2155,2287,11.803628
2156,2287,5.283383
2133,1969,68.75
2134,1969,88.630783
2135,1969,160.900909
2153,2288,4.272727
2154,2288,9.349998
2155,2288,6.085581
2156,2288,5.283383
2133,1970,16.0
2134,1970,202.551697
2135,1970,152.666672
2131,2289,4.509577
2154,2289,7.483332
2155,2289,1.689889
2156,2289,5.112331
2133,1971,28.142879
2134,1971,134.571243
2135,1971,131.833328
2118,2290,1.97681
2131,2290,3.953422
2132,2290,1.632186
2153,2290,1.769697
2154,2290,1.866666
2115,2291,3.560737
2118,2291,11.913803
2131,2291,4.489137
2132,2291,3.264373
2133,2291,8.263889
2145,2291,4.510777
2148,2291,1.551582
2149,2291,3.528183
2151,2291,1.857597
2153,2291,2.049128
2154,2291,2.09592
2132,1972,60.75
2133,1972,13.000006
2134,1972,79.25
2115,2292,14.150887
2118,2292,121.186081
2119,2292,2.573251
2120,2292,1.265845
2131,2292,2.955448
2133,2292,5.915433
2134,2292,5.651552
2143,2292,1.462855
2145,2292,10.159462
2118,2293,23.600033
2119,2293,6.462575
2120,2293,1.377011
2121,2293,1.91871
2135,2293,2.132185
2136,2293,9.264541
2141,2293,1.647811
2145,2293,2.807002
2075,2294,1.183086
2118,2294,23.196852
2119,2294,17.688986
2120,2294,9.933551
2121,2294,3.619014
2138,2294,2.187421
2139,2294,1.420824
2140,2294,8.823791
2141,2294,2.204091
2142,2294,10.778728
2143,2294,10.778728
2145,2294,2.75617
2145,2295,2.05794
2146,2295,1.632186
2150,2295,1.773031
2135,1976,1.4
2136,1976,2.128572
2137,1976,5.571428
2138,1976,35.539387
2131,2296,1.880633
2144,2296,3.515267
2145,2296,1.776102
2149,2296,1.488901
2150,2296,2.289972
2151,2296,1.814581
2152,2296,2.517806
2134,1977,14.244443
2135,1977,3.066667
2136,1977,7.9
2137,1977,24.500015
2138,1977,35.978786
2132,2297,1.545454
2133,2297,1.632186
2144,2297,20.025499
2145,2297,3.486218
2155,2297,2.85991
2134,1978,5.327944
2135,1978,1.6
2136,1978,10.699999
2137,1978,31.433359
2132,2298,4.785944
2133,2298,1.741288
2144,2298,5.603449
2145,2298,3.494815
2144,2299,2.982875
2145,2299,3.518072
2134,1979,8.021146
2135,1979,3.252632
2136,1979,5.900001
2137,1979,11.66667
2144,2300,2.292474
2145,2300,2.523852
2133,1980,2.832966
2134,1980,8.936734
2135,1980,5.675469
2136,1980,3.6
2137,1980,10.166671
2138,1980,20.318167
2125,2301,22.829086
2144,2301,1.623893
2145,2301,1.350833
2052,1981,8.275785
2132,1981,29.995571
2133,1981,55.536701
2134,1981,26.017908
2135,1981,8.825225
2136,1981,3.328572
2137,1981,10.166671
2138,1981,20.878769
2124,2302,37.195992
2144,2302,1.351832
2145,2302,7.299614
2146,2302,9.108549
2147,2302,8.009266
2034,1982,1.636364
2133,1982,85.596207
2134,1982,61.992859
2135,1982,20.566483
2136,1982,6.965627
2137,1982,6.699998
2138,1982,21.439369
2124,2303,21.038103
2147,2303,17.241642
2148,2303,24.947178
2149,2303,21.678608
2150,2303,30.364639
2151,2303,9.889472
2152,2303,1.632186
2157,2303,3.047704
2032,1983,4.303027
2033,1983,4.130435
2034,1983,1.142857
2136,1983,1.857143
2137,1983,24.47142
2138,1983,14.666648
2124,2304,11.205984
2145,2304,1.632186
2146,2304,1.774178
2149,2304,73.135536
2150,2304,80.457809
2151,2304,32.200745
2152,2304,25.905767
2153,2305,1.758332
2155,2305,1.227724
2156,2305,1.227724
2157,2305,1.359419
2033,1984,7.169996
2129,1984,15.142875
2130,1984,42.75
2131,1984,74.599998
2133,1984,1.07619
2134,1984,1.125
2136,1984,2.0
2137,1984,13.604752
2138,1984,14.100018
2033,1985,7.104794
2034,1985,2.120235
2128,1985,60.75
2129,1985,13.000006
2130,1985,67.88562
2131,1985,130.766678
2133,1985,1.820652
2135,1985,1.542857
2136,1985,2.125
2138,1985,14.100018
2068,2307,16.005371
2152,2307,43.970905
2153,2307,1.747576
2155,2307,1.731655
2156,2307,1.184293
2033,1986,8.694355
2034,1986,1.933871
2128,1986,14.695658
2129,1986,44.301723
2130,1986,1.551724
2131,1986,1.551724
2132,1986,1.695652
2133,1986,2.586956
2134,1986,1.721212
2135,1986,3.294624
2136,1986,1.845
2155,2308,1.690426
2156,2308,2.292033
2033,1987,9.328699
2134,1987,2.951723
2135,1987,3.095651
2136,1987,12.728854
2137,1987,19.409674
2152,2309,4.426136
2151,2312,1.247887
2153,2312,2.835892
2111,2313,1.117647
2152,2313,19.109907
2153,2313,18.65682
2154,2313,14.239305
2155,2313,1.707291
2155,2314,9.76239
2156,2314,7.110168
2150,2315,3.353426
2152,2315,4.256881
2153,2315,3.967781
2154,2315,3.667836
2155,2315,3.709757
2072,2316,4.735707
2152,2316,1.39207
2154,2316,1.369045
2155,2316,1.639312
2132,2011,4.126488
2061,2012,111.608826
2129,2012,4.254192
2130,2012,2.333162
2131,2012,4.254192
2132,2012,4.254192
2133,2012,4.254192
2062,2013,139.903351
2135,2013,2.719894
2131,2014,1.854151
2132,2014,1.854151
2134,2014,6.993357
2136,2014,13.432734
2101,2019,9.338158
2102,2019,24.759552
2103,2019,100.400002
2052,2020,61.455727
2097,2020,14.460346
2098,2020,14.960346
2099,2020,14.902883
2102,2020,38.808907
2103,2020,43.844711
2095,2021,6.034713
2096,2021,3.215214
2097,2021,3.420943
2098,2021,2.760739
2099,2021,3.70177
2100,2021,3.679547
2101,2021,2.493083
2102,2021,5.862077
2146,2021,39.408165
2147,2021,15.394142
2148,2021,3.906163
2149,2021,4.490507
2153,2021,1.238322
2091,2022,1.477997
2092,2022,2.268071
2093,2022,4.199498
2094,2022,41.207161
2095,2022,35.708893
2096,2022,26.04908
2097,2022,32.472797
2098,2022,77.076614
2099,2022,26.452971
2100,2022,77.245811
2101,2022,22.860077
2102,2022,9.011966
2147,2022,24.69779
2148,2022,4.507971
2149,2022,4.257509
2150,2022,15.880796
2151,2022,15.333333
2152,2022,1.313657
2153,2022,3.013359
2154,2022,8.970919
2091,2023,6.029577
2092,2023,2.25827
2094,2023,72.34726
2095,2023,30.390396
2096,2023,46.986538
2097,2023,77.146484
2098,2023,84.683517
2099,2023,77.510048
2102,2023,142.805649
2103,2023,56.413849
2105,2023,73.839218
2146,2023,24.867191
2147,2023,23.951616
2148,2023,6.317496
2149,2023,38.519508
2150,2023,6.737659
2151,2023,8.294617
2152,2023,16.686956
2153,2023,10.090742
2154,2023,11.255701
2155,2023,45.650948
2053,2024,43.588634
2097,2024,105.277832
2098,2024,96.435417
2099,2024,106.495415
2101,2024,165.54483
2147,2024,119.963303
2148,2024,37.550308
2149,2024,29.750025
2150,2024,65.667381
2151,2024,62.143963
2152,2024,33.095913
2153,2024,33.031754
2155,2024,10.121569
2104,2025,70.897629
2105,2025,22.570967
2146,2025,27.204351
2147,2025,85.153687
2148,2025,67.103119
2149,2025,115.205444
2150,2025,170.383011
2151,2025,59.265591
2090,2039,2.321379
2120,2040,1.119493
2099,2041,2.123248
2134,2049,5.430164
2135,2049,4.546724
2136,2049,1.936084
2137,2049,1.041474
2139,2049,1.245453
2135,2050,13.012409
2136,2050,1.767184
2137,2050,2.069588
2138,2050,1.174998
2139,2050,1.05001
2135,2051,26.183062
2136,2051,3.969949
2138,2051,1.002905
2134,2052,64.108963
2135,2052,55.809204
2136,2052,6.571665
2143,2052,1.293477
2135,2053,25.273352
2136,2053,1.939706
2138,2053,1.248903
2134,2054,14.188518
2135,2054,5.930209
2136,2054,7.462234
2137,2054,4.785295
2138,2054,12.862403
2139,2054,2.189677
2141,2054,2.325169
2142,2054,1.430441
2134,2055,32.936447
2135,2055,35.694324
2136,2055,39.956253
2137,2055,44.121895
2138,2055,33.696018
2139,2055,6.555886
2140,2055,5.301715
2141,2055,3.997958
2142,2055,2.324045
2143,2055,4.486667
2133,2056,60.551315
2140,2056,16.075895
2141,2056,6.303302
2143,2056,2.832011
2158,2057,27.44569
2158,2058,6.734266
2157,2060,21.146122
2156,2061,16.745333
2157,2061,9.482598
2158,2061,82.157181
2157,2062,32.617294
2158,2062,145.888214
2056,2080,1.705175
2058,2085,4.082724
2100,2091,29.732269
2103,2094,5.487813
2103,2095,40.63995
2104,2096,25.450653
2110,2097,11.304954
2111,2097,62.092037
2109,2098,33.442863
2110,2098,38.627392
2111,2098,17.641422
2105,2099,23.406528
2106,2099,6.287542
2107,2099,3.648856
2108,2099,27.101494
2109,2099,34.254547
2110,2099,176.747696
2111,2099,183.024734
2098,2100,32.244667
2094,2101,22.608049
2095,2101,13.844126
2096,2101,57.811562
2097,2101,10.594486
2094,2102,114.099159
2095,2102,8.617762
2096,2102,8.068895
2107,2102,91.258614
2108,2102,56.700325
2109,2102,22.754778
2103,2108,60.584965
2104,2108,23.338362
2074,2120,26.811949
2077,2121,14.376632
2078,2121,11.352592
2080,2121,43.425812
2081,2121,1.091331
