218,0,4.78724
232,0,5.020936
242,1,1.350559
243,1,10.03013
248,2,4.911849
250,2,1.633811
203,3,4.431804
207,4,4.621619
320,4,24.795506
322,4,33.74675
326,4,22.374853
320,5,2.171621
321,5,2.451529
322,5,2.124268
323,5,1.96209
329,5,1.095361
330,5,43.937439
231,6,4.5154
234,6,7.281967
319,6,5.176022
320,6,19.825989
321,6,21.366278
322,6,14.451735
323,6,15.923489
324,6,8.817759
325,6,19.012299
326,6,3.431861
327,6,5.281358
328,6,1.493524
329,6,5.941889
330,6,6.504889
331,6,12.416566
339,6,21.097355
340,6,6.406408
231,7,7.220012
327,7,6.238657
330,7,3.620913
331,7,9.836125
339,7,25.068287
340,7,4.854093
232,9,44.349339
220,10,12.943508
230,10,12.926291
230,11,4.958636
230,12,38.13728
231,12,31.636728
233,12,1.310985
234,12,13.226547
236,12,1.301197
222,13,20.830641
230,13,1.42799
231,13,43.305649
232,13,4.886851
236,13,7.493196
241,13,4.149656
229,14,31.811638
232,14,18.258015
237,14,11.132308
238,14,6.849787
243,14,19.370445
229,15,6.033688
232,15,11.746763
237,15,8.208508
238,15,1.890963
245,15,4.689098
229,16,1.240743
232,16,9.070828
244,16,9.529713
245,16,1.010099
232,17,6.726655
233,17,5.988208
234,17,1.822049
235,17,13.416397
236,17,10.06366
237,17,13.883291
238,17,11.216475
239,17,7.177227
232,18,10.877789
233,18,8.234687
234,18,16.43228
240,18,4.038207
241,18,2.194468
242,18,2.748578
243,18,33.481918
244,18,2.080523
245,18,2.301414
221,19,108.611771
222,19,45.677124
240,19,9.758865
241,19,7.374295
244,19,23.110453
246,19,17.414433
225,20,16.890406
226,20,22.054037
227,20,50.373436
228,20,39.130142
352,20,1.291392
353,20,1.131977
356,20,2.145635
357,20,2.292289
351,21,1.76773
352,21,5.557732
353,21,5.745739
354,21,1.028429
355,21,2.145424
356,21,2.14903
357,21,2.567998
358,21,2.419137
239,23,8.604425
328,23,1.52118
331,23,3.081793
312,24,12.581293
315,24,1.233289
323,24,1.337102
325,24,1.284694
327,24,2.371921
328,24,4.839978
329,24,4.887633
330,24,6.004931
331,24,27.526386
332,24,11.678134
333,24,4.745759
334,24,2.036409
240,28,133.399689
259,32,206.28096
262,32,585.708374
263,32,41.241142
266,32,11.206491
361,32,1.035523
362,32,4.784316
363,32,2.514061
364,32,1.472149
365,32,18.395412
359,33,3.156437
360,33,12.332102
361,33,10.103285
375,33,3.342978
376,33,10.226835
377,33,15.943159
378,33,27.047926
379,33,34.344826
380,33,42.35854
381,33,116.029076
382,33,84.930695
383,33,111.562645
384,33,102.371208
385,33,151.68663
386,33,104.985252
308,35,18.016413
335,35,7.643816
308,36,79.054398
309,36,53.788246
327,36,2.027872
328,36,3.014668
329,36,3.005946
331,37,2.145567
332,37,3.581472
333,37,12.512479
335,37,2.415892
336,37,5.033147
337,37,4.503224
375,43,9.515617
382,43,10.969642
383,43,7.214862
307,44,17.550072
363,44,1.128918
364,44,3.086786
365,44,20.08185
366,44,49.290314
367,44,64.344002
368,44,67.573486
369,44,86.601372
375,44,91.10331
376,44,57.955761
377,44,56.114674
378,44,68.330269
379,44,54.967106
380,44,77.692665
381,44,87.207001
382,44,82.722298
383,44,80.221405
384,44,41.802658
385,44,38.246372
386,44,54.220936
387,44,61.528244
309,45,31.137594
310,45,13.518655
311,45,7.606633
312,45,7.471066
313,45,8.261775
279,46,8.043963
310,46,3.058799
311,46,46.615276
312,46,8.703948
334,46,8.064997
338,46,1.262815
279,47,6.356973
310,47,26.910023
313,47,8.673549
314,47,3.442883
315,47,1.971442
261,48,19.318398
262,48,59.39732
279,48,34.520084
262,49,56.488274
260,50,62.846924
261,50,15.814705
263,50,7.271575
280,50,6.380948
260,51,32.641422
261,51,37.403702
262,51,60.509064
264,51,47.288254
260,52,190.760849
261,52,15.866824
365,52,20.41967
366,52,24.48938
367,52,13.357244
261,53,55.238144
262,53,44.767143
373,53,10.762468
374,53,12.430467
375,53,12.619161
376,53,12.5778
377,53,12.947702
378,53,13.738223
379,53,19.361538
384,53,36.618729
385,53,25.846401
386,53,66.424416
256,54,85.428497
257,54,115.677193
360,54,9.400829
361,54,4.77346
362,54,5.499326
363,54,2.571613
364,54,6.848612
365,54,144.990372
377,54,85.550858
378,54,56.410759
384,54,63.480267
385,54,85.582344
256,55,52.125343
257,55,84.863846
258,55,37.752392
378,55,209.206055
384,55,79.39624
252,56,66.335289
257,56,46.734077
258,56,101.532745
259,56,5.263066
258,57,187.241302
259,57,101.096985
260,57,17.119665
253,58,121.899811
257,58,86.77697
258,58,87.18618
254,59,44.839096
255,59,64.497772
255,60,101.262558
359,60,9.789042
360,60,2.859153
250,62,84.078087
251,62,38.625023
263,62,134.407867
274,62,18.748398
365,62,4.419012
366,62,5.273789
269,63,6.812815
273,63,38.900864
274,63,1.396345
365,63,60.421993
313,64,16.303225
314,64,15.867184
315,64,8.658705
316,64,7.656124
317,64,12.20154
318,64,5.766684
320,64,2.988273
338,64,4.448296
390,64,30.707897
309,65,13.772551
310,65,8.742869
311,65,21.795811
312,65,22.34384
313,65,16.964855
314,65,16.489302
315,65,12.380655
348,65,4.424574
349,65,31.625065
390,65,16.03723
391,65,23.002979
314,66,1.561058
348,66,1.362192
349,66,6.837819
350,66,39.302666
351,66,32.888481
390,66,23.484371
391,66,27.372459
349,67,9.330909
350,67,18.14731
351,67,35.694485
352,67,66.946991
390,67,17.183405
279,68,9.433001
349,68,4.092147
350,68,11.53873
351,68,19.491751
352,68,40.900974
348,69,1.767635
349,69,1.901666
350,69,3.301176
351,69,23.338511
352,69,29.343739
325,70,5.845939
348,70,1.703411
349,70,1.178918
350,70,6.453663
351,70,12.939592
304,71,1.931632
320,71,6.069097
324,71,17.916168
325,71,5.700055
345,71,1.445314
346,71,1.908025
347,71,1.783156
348,71,1.610232
349,71,1.978104
350,71,1.95192
351,71,13.369543
352,71,35.50581
319,72,3.163381
320,72,2.403984
341,72,1.121359
344,72,1.16893
345,72,28.659588
346,72,5.902321
348,72,1.709307
349,72,1.352894
350,72,2.385139
351,72,6.622378
352,72,17.646248
261,73,52.596031
342,73,2.892188
343,73,4.655923
344,73,581.839417
345,73,2.174258
346,73,2.412277
348,73,1.540535
349,73,1.148102
350,73,2.025673
351,73,7.341133
352,73,18.389278
271,74,20.429483
274,74,41.777325
343,74,1.550285
344,74,2.051264
345,74,1.824177
348,74,1.634032
350,74,1.330961
351,74,2.945743
352,74,22.326256
353,74,36.692261
306,75,67.74736
307,75,46.635857
308,75,116.894211
309,75,30.675909
312,75,5.460551
313,75,10.486696
315,75,1.090508
316,75,4.823753
317,75,6.037152
318,75,3.230251
319,75,1.25558
338,75,1.190127
339,75,1.8372
340,75,1.458447
341,75,2.06872
342,75,1.685983
343,75,1.248759
344,75,1.385222
345,75,2.744509
346,75,3.060948
350,75,2.183899
351,75,6.982493
352,75,16.411631
353,75,21.508255
309,76,2.959044
318,76,24.713053
324,76,9.32078
325,76,136.266602
336,76,5.932157
339,76,2.802508
340,76,3.724382
341,76,4.981238
342,76,2.645737
343,76,4.116411
344,76,4.463059
345,76,8.891235
346,76,17.152988
347,76,11.896226
351,76,1.290657
352,76,3.245241
353,76,43.563969
309,77,4.205527
312,77,1.642592
316,77,1.076938
317,77,1.357963
335,77,18.868607
336,77,5.34812
337,77,2.794641
338,77,3.783686
339,77,9.613292
340,77,7.978222
341,77,14.461996
342,77,16.524343
343,77,18.220135
344,77,27.504751
345,77,35.73431
346,77,47.560776
347,77,28.083889
348,77,49.76498
349,77,36.430836
352,77,23.206966
353,77,55.878712
309,78,11.813615
312,78,3.638139
316,78,8.78267
317,78,11.23661
318,78,16.733942
334,78,42.373878
335,78,12.500035
336,78,28.528202
337,78,10.32927
338,78,21.537979
339,78,30.554939
340,78,28.513062
341,78,33.850887
342,78,24.67042
343,78,90.762573
344,78,44.832287
348,78,95.032272
309,79,17.920963
317,79,8.99677
318,79,11.649996
325,79,142.077286
334,79,28.504522
335,79,26.846128
336,79,16.67099
337,79,62.918934
338,79,81.084412
339,79,45.906471
267,80,8.556852
268,80,2.376661
271,81,75.134315
307,88,8.02296
308,88,7.654173
311,88,54.261063
242,89,75.016068
306,89,9.027811
307,89,25.2157
308,89,3.100109
311,89,32.276039
312,89,21.337091
313,89,77.472778
314,89,68.048637
315,89,70.48568
316,89,434.198181
317,89,98.533035
243,92,71.564941
244,92,87.456955
242,93,23.176012
243,93,15.043941
244,93,14.090427
245,93,23.934807
244,94,6.183831
245,94,20.820829
244,95,6.13609
245,95,9.611364
385,95,5.753585
244,96,3.770494
245,96,15.788832
244,97,9.079901
245,97,4.31684
244,98,13.295049
245,98,16.907341
246,101,10.860437
247,101,12.465433
238,102,26.456089
239,102,22.547401
246,102,9.63034
247,102,13.741367
248,102,64.982155
249,102,96.043297
250,102,177.525055
251,102,113.33345
252,102,50.99733
253,102,44.451271
219,103,148.77272
238,103,11.392477
246,103,12.367536
247,103,79.765877
252,103,15.64491
253,103,8.061245
220,104,41.968918
222,104,75.414131
246,104,14.566731
253,104,17.888039
222,105,90.735611
246,105,29.066921
253,105,4.641708
218,106,31.335712
219,106,81.837418
253,106,30.684507
215,107,35.071716
216,107,70.958595
217,107,108.099762
218,107,41.151638
219,107,22.7579
220,107,20.689486
253,107,101.693497
215,108,171.059204
216,108,57.646454
217,108,36.399162
218,108,7.467591
219,108,4.022401
220,108,9.294638
236,108,6.361018
237,108,25.886993
238,108,61.536854
239,108,154.764206
240,108,73.043144
242,108,40.681519
243,108,25.756748
244,108,80.6791
245,108,39.205372
246,108,40.034336
247,108,76.469864
213,109,43.917084
214,109,132.203964
215,109,113.93232
216,109,4.148705
217,109,14.197577
218,109,1.775155
219,109,3.604511
222,109,20.498482
236,109,5.179177
237,109,7.077882
238,109,19.611797
239,109,8.916983
240,109,12.121575
241,109,18.62701
242,109,9.162655
243,109,6.664195
244,109,95.652313
245,109,213.780624
246,109,64.548187
213,110,52.449272
214,110,83.905342
215,110,16.225481
216,110,7.711704
217,110,9.114675
218,110,7.173778
242,110,14.424253
243,110,16.001757
244,110,260.046234
245,110,65.364815
246,110,12.613755
215,111,63.03756
216,111,25.783628
217,111,7.443861
232,111,108.826004
242,111,67.037209
243,111,23.929451
254,111,366.461761
215,112,38.313534
217,112,1.201428
218,112,1.231904
219,112,2.046075
235,112,21.961006
236,112,217.411942
237,112,120.717644
238,112,44.75938
239,112,48.300064
240,112,74.533676
241,112,31.401348
242,112,59.418732
243,112,163.322922
219,113,1.818309
233,113,34.44902
234,113,40.138142
235,113,28.618444
236,113,17.592085
237,113,9.957221
238,113,31.143738
239,113,74.424377
240,113,15.10675
241,113,21.496086
242,113,20.215164
243,113,5.177178
244,113,671.218323
245,113,158.417648
246,113,36.579548
219,114,9.243368
233,114,26.159447
234,114,8.755142
235,114,4.667037
236,114,7.16865
237,114,5.44631
238,114,14.565809
239,114,12.954372
240,114,10.55702
241,114,13.458065
242,114,10.446222
243,114,8.861423
244,114,18.180351
245,114,79.539383
246,114,298.247162
223,115,29.88061
231,115,33.825623
232,115,2.313379
233,115,3.123567
234,115,8.3149
235,115,12.418294
236,115,1.174143
237,115,1.213484
238,115,6.912118
240,115,10.721075
241,115,200.018982
242,115,26.86389
243,115,8.981966
244,115,7.823614
245,115,36.363323
246,115,129.66423
231,116,30.960634
232,116,3.76393
233,116,28.896408
234,116,1.213484
235,116,6.44492
239,116,1.303713
240,116,16.635317
243,116,3.426644
244,116,4.605934
230,117,32.050335
231,117,5.979468
232,117,2.066516
233,117,22.675606
234,117,1.082606
256,117,29.515446
230,118,4.152774
231,118,5.744365
