2136,623,19.432259
2139,623,4.282403
2148,623,226.81279
2151,623,195.308884
2152,623,209.463898
2148,624,349.55954
2149,624,164.547913
2150,624,199.088577
2151,624,61.472416
2152,624,27.819836
2153,624,81.473083
2162,624,52.27412
2163,624,314.73407
2149,625,166.933105
2150,625,130.102081
2161,625,39.73296
2162,625,43.195744
2124,626,47.087727
2115,628,36.251919
2116,628,17.168224
2117,628,13.398592
2124,628,64.398544
2125,628,5.048227
2174,628,10.360636
2206,628,2.133089
2207,628,5.336485
2208,628,8.395945
2124,629,4.43175
2125,629,45.032619
2174,629,8.848254
2176,629,8.422778
2180,629,6.998187
2182,629,2.613926
2204,629,4.013772
2205,629,1.457531
2206,629,1.086669
2240,629,5.393648
2125,630,2.009344
2174,630,6.838965
2175,630,17.793167
2176,630,6.202516
2177,630,12.3535
2178,630,4.142997
2179,630,2.856965
2180,630,4.100834
2181,630,7.445037
2182,630,12.593731
2205,630,4.585432
2240,630,6.278322
2241,630,3.905064
2133,631,1.257536
2134,631,1.045188
2137,631,2.054393
2138,631,1.697458
2139,631,1.814231
2141,631,2.099323
2142,631,2.086817
2175,631,7.091557
2176,631,2.127091
2177,631,4.12741
2178,631,4.988404
2179,631,2.003678
2180,631,10.238837
2240,631,10.279824
2241,631,7.65006
2117,632,5.574554
2137,632,6.839955
2141,632,9.270928
2174,632,2.023404
2176,632,3.139622
2177,632,1.855575
2178,632,1.927386
2240,632,8.488965
2241,632,7.090621
2117,633,103.505203
2175,633,1.274448
2177,633,2.581842
2178,633,1.9139
2179,633,4.222441
2240,633,9.391789
2241,633,6.833737
2094,634,8.603065
2096,634,1.951617
2117,634,67.735161
2175,634,2.316104
2176,634,1.054197
2240,634,3.999702
2241,634,1.532947
2096,635,8.545382
2116,635,22.984657
2117,635,55.299965
2121,635,53.728756
2123,635,69.711258
2124,635,82.798019
2125,635,4.074562
2130,635,2.282197
2174,635,1.230439
2176,635,1.901792
2240,635,1.247412
2176,637,1.539027
2193,637,32.52961
2130,638,11.663748
2137,638,6.123377
2138,638,4.975852
2147,638,52.522358
2174,638,2.178658
2175,638,2.444623
2176,638,1.834514
2091,639,6.100662
2092,639,7.283324
2093,639,6.048938
2094,639,22.814552
2138,639,29.701574
2139,639,3.595146
2140,639,6.350163
2147,639,13.21909
2148,639,14.818089
2149,639,14.41432
2150,639,33.166428
2092,640,2.827967
2094,640,12.948267
2118,640,36.020603
2131,640,5.911396
2137,640,86.769943
2138,640,29.192579
2139,640,4.53741
2140,640,7.065381
2147,640,7.53427
2148,640,8.96772
2149,640,13.520688
2150,640,13.953007
2151,640,19.661463
2174,640,1.516846
2175,640,1.153223
2192,640,19.627645
2193,640,14.519011
2194,640,15.274407
2118,641,55.264568
2130,641,10.698824
2131,641,11.076833
2132,641,4.755685
2138,641,50.441231
2139,641,3.790271
2140,641,5.571015
2147,641,8.469966
2148,641,7.649543
2149,641,3.474149
2150,641,3.891099
2151,641,67.042458
2174,641,1.139715
2193,641,2.83768
2201,641,7.422958
2237,641,68.129753
2239,641,14.6982
2118,642,40.29332
2120,642,22.193892
2121,642,43.471828
2122,642,36.790977
2123,642,44.194111
2129,642,42.067848
2130,642,38.38726
2131,642,37.559101
2137,642,37.009361
2138,642,3.121384
2139,642,4.126654
2140,642,5.008521
2147,642,7.600235
2148,642,2.308194
2149,642,7.034934
2150,642,12.602847
2174,642,1.631032
2238,642,15.779545
2239,642,10.152925
2240,642,4.34681
2117,643,156.74501
2118,643,6.592598
2119,643,3.370355
2120,643,7.754923
2121,643,12.605817
2122,643,12.743658
2123,643,50.812111
2124,643,4.068291
2125,643,93.074921
2127,643,140.575974
2128,643,53.82584
2129,643,14.604525
2132,643,21.389168
2133,643,1.070838
2137,643,7.700717
2138,643,2.991903
2139,643,5.154899
2140,643,9.49919
2174,643,2.374122
2194,643,9.144556
2202,643,5.830263
2239,643,9.151736
2240,643,7.367809
2118,644,16.786251
2121,644,12.727071
2122,644,15.404224
2123,644,26.153408
2124,644,13.861972
2125,644,12.845162
2126,644,9.494843
2127,644,19.427999
2128,644,16.789059
2129,644,24.807487
2130,644,21.327419
2131,644,28.63072
2132,644,15.692118
2133,644,2.601265
2137,644,16.725004
2138,644,1.341786
2139,644,7.255373
2175,644,1.74014
2191,644,10.167066
2192,644,5.476236
2201,644,2.743323
2202,644,4.098998
2203,644,6.495064
2204,644,3.718484
2205,644,1.925626
2206,644,15.901573
2207,644,4.712145
2208,644,30.036827
2137,645,13.249517
2138,645,4.008047
2139,645,5.139119
2175,645,1.324556
2201,645,1.863462
2202,645,4.246812
2203,645,9.14628
2204,645,10.282733
2205,645,11.670941
2206,645,2.875493
2207,645,1.23125
2220,645,45.899151
2222,645,12.946954
2223,645,20.002869
2224,645,8.119349
2115,646,87.013145
2116,646,128.022415
2137,646,26.806156
2138,646,13.776241
2174,646,8.036343
2175,646,1.852026
2177,646,1.56007
2181,646,1.596898
2183,646,1.424045
2201,646,2.662386
2202,646,8.466867
2203,646,10.398765
2205,646,4.022123
2206,646,6.118546
2207,646,5.295498
2208,646,22.091064
2222,646,5.484853
2223,646,2.537485
2099,647,7.268048
2137,647,57.484409
2175,647,2.32034
2183,647,1.894083
2202,647,2.628865
2203,647,2.060241
2204,647,1.588109
2092,648,7.182212
2115,648,32.664547
2116,648,8.931108
2118,648,1.757158
2125,648,8.983334
2126,648,7.689003
2176,648,1.479895
2200,648,4.676502
2201,648,4.898314
2202,648,6.390224
2203,648,6.489792
2206,648,7.96117
2207,648,8.658941
2208,648,1.713791
2114,649,69.796783
2115,649,24.439373
2175,649,2.704555
2193,649,7.402689
2200,649,2.203609
2201,649,5.762372
2202,649,2.148884
2203,649,6.699993
2204,649,3.48215
2205,649,2.325481
2206,649,2.379839
2207,649,3.111382
2208,649,1.630358
2192,650,5.433193
2193,650,3.292855
2200,650,3.697813
2201,650,10.149633
2203,650,7.218477
2204,650,2.492455
2207,650,2.103345
2208,650,5.761542
2113,651,18.647041
2191,651,1.308511
2192,651,7.663521
2193,651,8.921397
2200,651,13.133473
2208,651,6.776614
2209,651,2.160922
2113,652,3.171169
2188,652,2.813371
2190,652,1.308511
2191,652,1.420225
2084,653,160.950089
2085,653,56.429226
2091,653,46.361122
2112,653,106.228127
2113,653,113.25856
2186,653,1.20263
2187,653,2.52277
2188,653,1.22233
2190,653,2.163413
2184,654,2.453233
2185,654,1.296456
2188,654,4.048544
2189,654,2.291898
2190,654,5.155112
2114,655,2.880495
2140,655,30.550934
2183,655,2.268089
2184,655,4.445268
2187,655,4.20422
2188,655,1.797798
2189,655,5.988054
2190,655,9.240074
2191,655,13.478771
2115,656,1.284144
2140,656,27.144384
2179,656,1.32447
2180,656,3.922276
2181,656,4.138325
2182,656,4.510677
2183,656,1.019957
2187,656,4.347456
2188,656,5.093917
2243,656,1.223932
2085,657,51.959549
2179,657,3.520986
2180,657,1.758692
2181,657,2.391915
2182,657,7.498956
2183,657,1.765553
2194,657,11.043621
2103,658,7.109869
2102,659,10.940478
2101,660,3.798594
2102,660,3.876778
2141,660,1.775558
2084,661,8.324022
2103,661,7.808726
2110,661,1.344317
2112,661,2.25671
2115,661,97.163689
2116,661,191.471832
2117,661,26.625332
2118,661,16.05485
2123,661,113.661316
2124,661,123.778397
2125,661,129.328369
2126,661,37.592865
2127,661,25.357956
2128,661,92.077492
2129,661,13.956966
2142,661,6.879124
2200,661,2.471314
2201,661,1.995437
2084,662,5.743832
2142,662,9.439287
2084,663,5.042366
2100,663,7.641959
2100,664,45.128311
2101,664,28.060965
2102,664,41.204876
2100,665,1.509719
2101,665,51.50116
2102,665,107.464592
2103,665,94.964645
2084,666,10.605746
2100,666,2.814182
2101,666,71.549957
2102,666,6.134905
2103,666,97.663544
2100,667,1.627512
2102,667,1.665958
2103,667,3.52616
2115,667,35.113636
2116,667,13.589846
2117,667,22.794407
2118,667,61.51218
2100,668,1.565411
2101,668,3.132344
2103,668,2.957695
2116,668,17.109894
2117,668,6.801883
2113,670,29.005655
2099,671,8.937197
2100,671,2.597207
2101,671,6.349861
2102,671,5.323742
2103,671,9.723354
2104,671,173.522034
2105,671,254.29924
2106,671,197.981216
2112,671,21.440269
2113,671,9.225298
2119,671,27.132963
2099,672,8.384005
2100,672,8.798871
2101,672,5.430564
2102,672,4.845946
2103,672,5.288309
2104,672,6.615165
2105,672,7.433807
2106,672,23.718191
2107,672,38.868362
2108,672,11.641929
2112,672,12.271468
2113,672,6.090345
2112,673,2.306974
2113,673,12.961173
2118,673,5.188996
2118,674,32.04137
2119,674,2.77375
2099,675,22.018349
2118,675,7.422574
2119,675,6.637423
2120,675,20.738766
2099,676,12.595082
2100,676,2.915074
2101,676,6.114894
2102,676,9.083493
2103,676,2.133294
2104,676,80.917732
2106,676,6.286748
2114,676,7.729431
2115,676,2.950962
2118,676,1.857367
2119,676,4.374228
2120,676,10.385987
2123,676,25.231339
2124,676,64.910568
2212,676,9.446539
2213,676,11.882742
2214,676,15.99221
2097,677,8.96631
2100,677,7.640679
2101,677,4.154028
2102,677,3.387101
2103,677,1.489302
2114,677,4.724839
2118,677,1.076739
2119,677,11.017417
2120,677,17.418392
2210,677,1.942376
2211,677,7.97429
2213,677,10.772963
2099,678,26.881924
2100,678,8.116079
2101,678,4.209507
2102,678,3.128041
2114,678,1.349842
2115,678,2.050328
2118,678,2.120725
2119,678,4.659898
2120,678,18.243862
2239,678,2.897114
2099,679,171.058884
2100,679,8.229153
2101,679,7.533206
2102,679,8.715528
2103,679,5.173248
2118,679,4.354264
2239,679,2.978839
2134,681,38.110493
2135,681,68.23806
2136,681,40.825745
2138,681,50.844772
2139,681,49.904209
2101,682,52.119102
2102,682,45.827351
2101,683,15.642907
2102,683,4.748865
2104,683,3.907163
2118,683,9.426011
2127,683,21.828991
2128,683,22.904974
2130,683,8.080666
2131,683,13.738245
2196,683,5.818342
2197,683,2.637788
2101,684,36.090328
2102,684,7.32304
2116,684,13.11172
2118,684,75.584648
2124,684,25.824648
2125,684,14.029105
2126,684,16.515368
2127,684,14.67103
2195,684,2.428532
2196,684,1.649671
2197,684,1.179212
2200,684,4.988909
2201,684,6.043148
2202,684,35.670143
2203,684,43.577816
2193,685,8.190617
2194,685,3.592592
2195,685,9.890691
2196,685,2.21169
2201,685,10.690373
2204,685,65.511108
2205,685,42.399227
2206,685,33.019283
2095,686,31.460777
2096,686,40.249577
2097,686,18.664581
2191,686,34.976334
2192,686,29.696922
2193,686,9.150193
2194,686,6.216548
2195,686,8.61412
2196,686,12.11317
2197,686,5.598705
2096,687,57.731453
2097,687,35.689106
2100,687,28.531099
2101,687,14.748327
2102,687,17.114185
2103,687,14.349236
2191,687,92.354706
2192,687,41.97781
2193,687,22.901663
2194,687,20.67654
2195,687,30.754507
2196,687,23.03632
2197,687,15.428789
2198,687,20.787075
2140,688,5.739519
2141,688,20.228901
2142,688,8.848828
2228,689,7.928264
2229,689,7.331326
2230,689,7.95799
2231,689,5.591221
2232,689,9.426439
2233,689,5.805681
2232,690,57.381645
2233,690,24.916252
2234,690,15.763352
2235,690,4.101641
2236,690,6.741338
2198,691,1.510054
2197,692,5.895725
2101,693,30.840569
2103,693,1.747617
2104,693,1.713419
2106,693,7.955376
2107,693,29.767136
2191,693,8.141177
2192,693,9.009991
2194,693,10.134487
2195,693,5.861009
2197,693,2.559062
2126,694,39.573341
2127,694,10.690742
2128,694,20.563396
2129,694,31.064247
2130,694,23.362305
2131,694,7.636041
2132,694,11.349399
2133,694,4.660308
2134,694,4.824914
2135,694,8.661461
2136,694,4.185041
2137,694,2.396815
2138,694,3.445976
2139,694,4.04302
2140,694,4.424646
2191,694,15.269738
2192,694,9.41742
2193,694,6.398122
2194,694,2.641636
2195,694,5.009571
2196,694,4.680098
2197,694,1.559736
2101,695,34.174179
2103,695,2.679632
2104,695,2.162834
2105,695,1.176486
2123,695,4.203537
2130,695,16.444767
2131,695,19.100821
2132,695,10.242796
2133,695,6.035861
2134,695,6.452659
2135,695,24.084122
2136,695,2.499881
2137,695,2.270479
2189,695,16.517361
2190,695,6.229216
2191,695,54.910778
2192,695,17.250927
2193,695,25.836866
2194,695,14.712433
2195,695,27.915213
2196,695,41.323315
2197,695,41.849812
2198,695,1.126863
2199,695,2.479514
2210,695,2.103159
2211,695,5.555352
2212,695,5.915142
2090,696,74.467209
2103,696,11.838831
2104,696,2.898875
2105,696,2.756048
2118,696,38.260738
2119,696,1.364109
2121,696,3.082196
2122,696,4.234067
2123,696,4.91481
2124,696,4.433781
2125,696,4.054361
2189,696,20.862751
2190,696,24.608992
2193,696,16.972565
2194,696,9.129493
2195,696,12.065983
2196,696,23.476267
2197,696,19.956017
2198,696,7.315197
2199,696,14.328623
2205,696,101.294334
2206,696,251.405716
2207,696,39.987415
2208,696,48.412537
2209,696,18.289017
2210,696,11.110767
2211,696,12.503037
2212,696,10.400965
2089,697,83.321747
2091,697,93.26152
2092,697,58.220203
2093,697,100.763237
2094,697,83.44754
2193,697,1.31584
2194,697,2.076972
2195,697,4.835163
2197,697,1.319878
2205,697,114.516533
2206,697,149.389862
2207,697,115.397247
2208,697,80.614174
2209,697,47.24128
2210,697,42.108944
2211,697,29.037735
2212,697,32.751591
2223,697,15.843829
2234,697,1.539515
2236,697,1.05366
2187,698,22.828182
2207,698,95.102699
2208,698,61.906685
2209,698,118.082306
2211,698,43.126274
2212,698,34.457001
2234,698,2.912165
2236,698,1.496969
2152,699,39.361767
2153,699,134.080399
2234,699,1.912161
2236,699,15.960953
2153,700,147.401611
2236,700,9.276432
2159,701,49.061222
2179,701,91.889687
2236,701,6.119864
2105,702,184.920517
2159,702,30.145845
2160,702,11.76045
2180,702,51.115292
2158,703,50.37125
2159,703,13.568438
2160,703,6.410184
2168,703,152.539597
2125,704,5.647017
2126,704,4.209211
2158,704,23.623339
2159,704,11.040437
2160,704,13.832441
2220,704,4.436554
2126,705,2.326906
2132,705,2.076365
2148,705,62.321583
2111,706,8.695333
2112,706,3.446414
2113,706,27.142195
2114,706,33.559231
2117,706,42.202564
2118,706,46.009632
2119,706,25.168346
2120,706,7.730688
2121,706,6.315818
2122,706,7.263077
2123,706,15.578347
2124,706,19.470051
2125,706,9.794951
2128,706,11.289766
2130,706,25.693209
2131,706,24.998583
2147,706,5.43948
2148,706,33.841854
2114,707,4.366965
2135,707,37.504169
2113,708,10.418806
2114,708,3.390679
2115,708,13.310179
2112,709,7.214412
2113,709,5.229758
2114,709,4.795506
2115,709,1.770798
2113,710,4.323443
2114,710,13.423485
2117,710,1.693119
2118,710,1.906049
2120,710,6.760258
2121,710,14.293692
2122,710,19.267815
2123,710,47.526833
2124,710,5.822821
2125,710,7.17487
2130,710,1.708603
2133,710,10.391651
2121,711,3.89521
2122,711,18.481701
2123,711,26.109674
2124,711,5.690042
2125,711,2.57779
2128,711,1.093716
2130,711,2.775459
2131,711,6.748206
2169,712,22.412174
2170,712,23.2495
2172,712,11.743362
2173,712,7.969931
2174,712,8.456676
2175,712,7.869374
2223,712,1.721113
2173,713,28.119202
2174,713,66.993889
2175,713,37.893852
2176,713,22.86725
2139,715,260.304016
2140,715,8.332583
2139,716,156.486664
2140,716,14.879094
2197,716,2.790701
2199,716,1.017397
2200,716,1.862911
2201,716,2.459291
2202,716,5.812454
2203,716,2.338556
2187,717,6.35146
2188,717,12.652463
2189,717,1.428576
2190,717,1.201898
2191,717,1.581813
2192,717,1.989282
2193,717,37.797073
2194,717,32.752464
2195,717,36.2355
2196,717,6.924804
2086,718,1.060101
2179,720,54.364098
2179,721,40.965111
2233,721,68.48262
2114,722,365.014771
2115,722,207.936798
2116,722,138.096878
2117,722,92.368515
2118,722,159.778381
2119,722,93.802414
2120,722,94.848625
2121,722,122.961761
2128,722,1.755381
2173,722,45.385368
2174,722,50.625706
2179,722,25.975918
2184,722,5.676846
2185,722,7.335841
2128,723,5.844874
2173,723,13.027086
2174,723,9.380259
2179,723,20.313112
2180,723,41.718864
2184,723,6.493634
2185,723,7.445411
2084,724,5.906369
2128,724,23.596077
2129,724,2.203131
2173,724,7.502831
2174,724,6.858982
2179,724,42.434341
2184,724,2.94768
2185,724,4.6771
2232,724,13.026613
2084,725,3.782741
2085,725,7.803309
2128,725,65.84314
2173,725,22.333084
2174,725,16.6465
2179,725,34.725525
2184,725,9.898835
2232,725,73.051018
2233,725,49.488228
2084,726,10.92269
2173,726,35.705128
2174,726,37.51297
2172,728,84.212204
2173,728,34.583977
2178,728,89.227577
2179,729,78.661484
2120,733,38.031315
2120,734,12.342532
2121,734,14.719272
2177,734,11.347554
2178,734,8.685514
2179,734,11.850371
2180,734,1.886757
2180,735,1.858188
2181,735,2.771928
2111,736,126.166954
2175,736,64.274757
2115,737,59.267685
2116,737,11.232619
2117,737,30.618299
2118,737,2.448339
2119,737,32.436275
2120,737,45.151386
2121,737,18.510798
2178,737,1.49747
2180,737,33.786217
2184,737,26.057396
2185,737,89.35334
2186,737,49.297523
2187,737,11.593561
2188,737,15.059019
2189,737,12.35781
2190,737,15.789586
2191,737,10.068414
2192,737,5.128146
2193,737,13.969584
2194,737,17.613615
2195,737,8.635311
2185,738,154.584122
2186,738,44.343838
2187,738,29.784832
2188,738,28.068666
2189,738,16.770342
2190,738,16.31595
2191,738,22.574764
2192,738,22.760178
2193,738,19.163662
2194,738,35.708157
2195,738,42.971096
2196,738,4.402039
2197,738,4.083395
2198,738,1.442599
2199,738,83.507339
2114,739,44.911388
2115,739,14.148849
2116,739,26.828291
2184,739,6.335292
2185,739,2.640318
2186,739,2.342422
2187,739,5.4637
2188,739,4.38789
2189,739,2.765431
2190,739,7.047923
2191,739,4.568076
2192,739,5.872182
2193,739,4.715396
2194,739,5.107725
2195,739,4.407344
2196,739,4.407344
2197,739,11.260355
2199,739,50.744579
2200,739,88.975395
2201,739,59.073578
2202,739,81.844795
2112,740,77.61628
2113,740,21.464966
2114,740,18.926542
2115,740,12.242736
2116,740,3.550499
2113,741,8.78204
2114,741,5.092916
2115,741,12.322483
2116,741,10.972047
2116,742,3.517659
2131,744,2.225708
2133,744,8.236582
2162,744,13.900144
2182,744,7.264597
2183,744,5.537711
2184,744,6.788347
2130,745,2.855372
2156,745,4.420191
2157,745,3.807013
2158,745,16.294916
2159,745,7.242408
2160,745,29.635935
2167,745,14.686248
2168,745,45.497429
2182,745,6.066531
2183,745,4.347517
2184,745,12.680218
2185,745,2.470706
2186,745,3.58775
2190,745,1.024798
2191,745,128.674454
2192,745,10.231691
2193,745,36.302128
2153,746,4.3256
2154,746,3.652357
2155,746,5.208782
2156,746,5.327336
2157,746,1.1356
2158,746,1.412554
2159,746,3.222041
2160,746,30.518442
2167,746,9.481192
2157,747,8.52932
2158,747,6.704108
2159,747,17.01976
2167,747,9.925237
2168,747,63.020573
2169,747,105.335304
2170,747,65.60984
2197,747,17.84347
2198,747,70.533127
2200,747,21.946735
2202,747,13.148352
2203,747,15.389243
2204,747,36.048954
2205,747,52.750443
2206,747,61.970757
2157,748,26.421038
2158,748,10.124989
2159,748,13.906748
2169,748,159.694244
2170,748,180.528595
2200,748,6.452034
2201,748,8.870774
2203,748,4.479574
2205,748,74.92952
2206,748,122.448181
2199,749,3.591294
2200,749,14.863431
2201,749,31.084963
2202,749,29.813972
2203,749,13.687309
2205,749,78.398201
2112,750,39.430054
2113,750,19.151064
2114,750,35.951942
2115,750,33.169846
2116,750,17.579906
2152,750,16.436773
2211,750,24.013872
2212,750,170.523224
2213,750,25.993717
2214,750,30.293737
2215,750,34.274837
2216,750,16.165125
2080,752,12.317728
2102,752,27.802446
2099,753,66.351189
2100,753,55.245201
2101,753,45.778744
2102,753,43.31498
2103,753,58.181309
2104,753,80.10791
2105,753,35.966827
2106,753,165.151688
2107,753,219.80867
2204,753,193.374573
2097,754,33.167213
2098,754,5.609992
2099,754,42.809319
2102,754,56.334309
2103,754,72.087112
2105,754,54.178734
2106,754,36.365349
2107,754,24.452652
2108,754,161.96199
2113,754,2.958574
2198,754,11.765825
2199,754,12.09167
2200,754,43.270973
2201,754,28.702652
2203,754,125.478264
2204,754,81.406288
2205,754,82.328804
2206,754,117.892006
2207,754,38.251934
2208,754,26.855953
2209,754,23.524618
2210,754,51.104366
2113,755,1.855112
2203,755,30.115271
2204,755,18.956287
2205,755,24.436935
2206,755,91.250244
2207,755,31.497925
2208,755,35.762146
2209,755,73.953102
2210,755,47.047977
2079,757,35.961582
2199,757,35.408169
2200,757,7.523937
2201,757,18.208366
2202,757,10.573235
2203,757,8.469359
2204,757,5.01815
2205,757,36.173874
2162,758,4.992594
2194,758,14.432162
2199,758,8.368011
2200,758,3.789729
2201,758,8.111732
2202,758,12.665458
2203,758,9.227506
2204,758,11.334276
2205,758,16.32288
2206,758,31.298994
2207,758,26.613525
2208,758,32.062622
2079,759,249.295471
2161,759,5.17531
2162,759,8.084567
2199,759,4.034111
2200,759,6.174786
2202,759,28.792923
2203,759,13.473508
2204,759,25.348118
2205,759,27.261181
2206,759,15.660176
2207,759,57.011711
2206,760,28.582842
2207,760,71.150101
2212,760,177.12117
2087,761,14.367518
2172,761,13.314828
2212,761,41.735641
2213,761,45.34235
2214,761,47.661774
2215,761,28.409691
2216,761,35.242138
2217,761,33.782944
2218,761,51.271172
2219,761,56.670052
2220,761,41.187199
2221,761,63.655167
2083,762,5.739007
2084,762,5.739007
2089,762,29.212736
2090,762,7.826585
2145,762,4.738451
2146,762,4.476821
2156,762,13.133218
2172,762,11.68242
2098,763,38.754459
2099,763,202.45639
2100,763,18.174849
2101,763,10.480918
2103,763,12.631983
2145,763,6.171359
2146,763,2.994887
2147,763,1.014893
2148,763,2.489799
2149,763,1.946981
2157,763,13.523915
2172,763,1.237193
2094,764,6.742586
2096,764,122.472267
2097,764,189.405853
2098,764,362.600494
2100,764,2.467448
2103,764,2.604612
2145,764,3.261651
2146,764,2.673117
2147,764,1.03137
2148,764,2.184907
2149,764,2.186063
2171,764,23.688311
2212,764,13.367658
2213,764,9.898636
2214,764,23.289314
2146,765,1.610965
2171,765,10.888694
2212,765,3.166216
2213,765,12.642798
2214,765,9.815438
2129,766,216.76384
2130,766,499.047607
2157,766,7.608171
2158,766,19.552431
2154,767,4.438556
2172,767,5.653593
2173,767,15.758881
2079,768,38.309006
2082,768,1.263773
2083,768,1.653519
2084,768,1.694974
2085,768,7.682198
2086,768,2.049079
2173,768,33.012764
2174,768,30.509399
2079,769,35.051922
2173,769,92.736328
2174,769,40.135494
2103,770,1.019048
2104,770,2.613941
2086,771,6.997252
2087,771,6.61714
2088,771,19.192789
2206,771,87.344536
2207,771,79.703804
2208,771,94.169922
2209,771,47.540661
2210,771,44.338692
2087,772,34.75919
2113,772,5.660329
2114,772,3.41343
2115,772,2.974368
2116,772,2.516025
2122,772,26.30814
2209,772,445.192413
2210,772,159.690842
2211,772,98.435303
2212,772,61.544914
2216,772,80.850525
2080,773,25.308376
2081,773,24.752087
2082,773,10.407666
2083,773,1.145446
2084,773,2.730011
2085,773,14.000776
2101,773,114.344765
2108,773,1.849414
2109,773,1.688522
2111,773,3.528238
2115,773,57.974556
2119,773,1.04893
2122,773,22.481579
2123,773,13.293263
2124,773,14.554505
2125,773,11.318465
2126,773,24.281515
2081,774,7.990503
2082,774,4.92383
2083,774,82.741669
2084,774,44.381409
2085,774,5.833304
2088,774,39.327652
2089,774,19.009192
2101,774,105.299919
2109,774,2.044412
2111,774,1.182817
2112,774,5.945284
2114,774,6.497668
2115,774,8.286321
2116,774,3.292541
2122,774,2.147071
2079,775,7.282693
2082,775,71.170296
2088,775,3.145434
2089,775,1.75927
2090,775,13.712364
2091,775,4.76049
2092,775,2.149281
2095,775,2.288192
2110,775,2.014009
2112,775,1.017095
2113,775,4.809536
2122,775,1.2518
2085,776,9.968609
2086,776,5.94725
2095,776,9.571864
2109,776,2.638301
2110,776,2.276975
2123,776,1.264573
2124,776,2.191016
2125,776,2.191016
2085,777,5.99677
2086,777,3.58016
2087,777,4.567874
2088,777,1.220581
2089,777,2.25248
2091,777,13.239931
2092,777,6.467336
2093,777,5.211422
2094,777,3.259274
2103,777,12.634024
2108,777,3.179051
2109,777,5.474394
2110,777,3.726786
2114,777,2.076443
2116,777,11.66116
2122,777,3.393604
2123,777,2.527907
2124,777,2.156992
2088,778,3.545574
2089,778,12.482136
2090,778,178.056137
2091,778,95.544762
2092,778,75.931435
2093,778,74.701874
2094,778,58.720146
2096,778,1.357838
2101,778,5.661954
2102,778,2.244623
2103,778,39.555195
2107,778,6.684918
2122,778,1.28117
2082,779,14.210417
2097,779,11.782992
2101,779,10.573199
2102,779,3.088378
2103,779,7.254505
2104,779,64.11879
2107,779,2.515166
2109,779,2.092508
2110,779,5.091127
2116,779,3.047648
2086,780,5.12582
2087,780,24.602478
2100,780,2.692442
2105,780,1.299006
2107,780,1.582608
2089,781,1.394478
2090,781,6.694896
2091,781,8.059094
2092,781,9.559052
2096,781,44.789246
2098,781,2.326162
2099,781,6.187848
2106,781,4.546734
2107,781,96.192085
2110,781,1.02706
2090,782,144.561127
2092,782,19.240843
2095,782,22.129576
2096,782,4.487128
2098,782,6.231287
2099,782,17.359116
2100,782,28.635094
2101,782,2.896139
2121,782,26.802191
2122,782,24.297329
2123,782,28.341652
2124,782,26.196625
2096,783,17.020554
2098,783,45.908974
2102,783,20.612974
2103,783,118.665405
2104,783,6.720185
2105,783,70.678986
2106,783,12.017608
2107,783,9.491653
2110,783,1.925946
2104,784,26.804882
2105,784,34.759575
2106,784,26.41238
2107,784,46.462067
2108,784,30.851734
2109,784,127.505547
2110,784,13.571391
2111,784,118.810013
2121,784,1.105571
2124,784,1.635008
2110,785,11.501638
2111,785,4.489105
2112,785,4.920883
2113,785,6.316011
2114,785,6.659263
2115,785,9.289494
2116,785,2.708735
2118,785,2.098842
2119,785,4.663038
2120,785,8.889987
2121,785,18.615351
2122,785,10.300953
2123,785,9.346098
2125,785,1.111026
2127,785,6.793334
2110,786,8.828897
2111,786,18.977467
2112,786,12.00063
2113,786,15.8543
2114,786,14.896249
2115,786,12.696067
2116,786,21.652679
2118,786,2.13988
2119,786,2.228711
2120,786,1.22412
2121,786,24.617573
2122,786,21.195086
2123,786,43.832104
2124,786,32.611019
2125,786,15.368803
2126,786,17.675478
2127,786,7.833604
2128,786,1.298658
2129,786,1.442454
2131,786,2.325006
2132,786,17.070526
2122,787,52.979031
2123,787,54.061817
2124,787,28.620132
2125,787,149.01355
2127,787,19.59659
2128,787,13.080069
2129,787,28.578672
2130,787,1.805101
2131,787,1.805101
2132,787,4.189838
2134,787,6.337173
2097,797,38.403011
2098,797,33.167633
2099,797,36.776535
2100,797,20.75201
2101,797,39.801586
2105,798,9.82462
2109,800,14.114057
2108,801,124.132591
2090,802,51.25428
2106,803,27.338745
2107,803,7.863434
2108,803,4.046998
2109,803,3.594125
2110,803,9.489437
2100,804,48.439453
2101,804,18.735579
2141,809,121.344994
2141,810,117.075539
2141,811,253.712494
2142,811,159.149048
2143,811,167.635025
2146,811,7.155004
2147,811,23.003103
2142,812,218.352417
2143,812,143.071167
2144,812,55.604092
2145,812,2.759233
2146,812,6.357727
2147,812,11.894487
2186,812,16.437469
2142,813,156.214127
2143,813,71.266632
2147,813,32.776291
2159,813,29.194067
2164,813,2.189534
2166,813,8.023773
2187,813,14.295623
2188,813,9.711144
2189,813,4.976478
2190,813,41.474319
2140,814,240.826797
2141,814,101.367928
2166,814,28.026182
2168,814,53.44669
2169,814,25.267994
2180,814,133.228897
2190,814,43.194061
2139,815,127.300331
2140,815,78.999855
2168,815,57.131439
2169,816,36.740551
2183,817,21.555386
2184,817,37.601036
2185,817,16.102623
2187,817,57.615543
