2110,210,1.796887
2188,210,77.357368
2189,210,63.271408
2190,210,60.168762
2138,211,4.946972
2139,211,8.217546
2140,211,7.112173
2141,211,7.120682
2142,211,8.895026
2143,211,9.267523
2144,211,5.802766
2145,211,3.644965
2146,211,2.396558
2187,211,27.612494
2188,211,46.783611
2189,211,33.470257
2190,211,53.209663
2231,211,1.517385
2239,211,4.559133
2240,211,1.482044
2241,211,1.106476
2242,211,2.451122
2129,212,3.392965
2130,212,11.127523
2138,212,3.717074
2139,212,4.766073
2140,212,2.40946
2141,212,2.325113
2142,212,6.910691
2143,212,7.916251
2187,212,28.126324
2188,212,27.344503
2189,212,49.193169
2190,212,41.816296
2241,212,1.873101
2110,213,1.09905
2117,213,3.741642
2124,213,10.270099
2126,213,6.047334
2127,213,3.170047
2128,213,3.422502
2129,213,6.946794
2130,213,2.901235
2138,213,11.744147
2141,213,10.778631
2182,213,106.216316
2190,213,54.3181
2231,213,1.775878
2110,214,4.717072
2117,214,1.817451
2118,214,2.344573
2121,214,1.799078
2122,214,4.847452
2123,214,1.983304
2124,214,8.343641
2125,214,3.833267
2126,214,3.616891
2127,214,1.467761
2128,214,2.369443
2129,214,3.478094
2130,214,3.281435
2176,214,43.980171
2180,214,35.882305
2117,215,1.673919
2118,215,1.075998
2119,215,8.332173
2122,215,6.809757
2123,215,1.907231
2124,215,1.747036
2127,215,1.817182
2128,215,2.412658
2129,215,4.011159
2130,215,9.374191
2177,215,103.44381
2116,216,8.189834
2117,216,3.322055
2118,216,2.8116
2119,216,3.104107
2121,216,1.276117
2122,216,2.498782
2123,216,1.830257
2124,216,2.053925
2126,216,1.92659
2127,216,4.783791
2128,216,7.519847
2129,216,8.157397
2130,216,9.496393
2231,216,7.575099
2110,217,7.53468
2231,217,14.374425
2110,218,5.386891
2228,218,6.823572
2229,218,5.309341
2230,218,7.153144
2231,218,7.269808
2110,219,2.099358
2229,219,6.686105
2230,219,10.506456
2231,219,8.000732
2229,220,4.661152
2230,220,13.808177
2231,220,12.165941
2230,221,2.418092
2231,221,1.733801
2135,222,27.056969
2136,222,28.7087
2137,222,6.169152
2138,222,6.389297
2139,222,14.635316
2140,222,13.221376
2135,223,9.860421
2136,223,13.955958
2137,223,8.855241
2138,223,8.915384
2139,223,16.754353
2140,223,17.410671
2141,223,54.413952
2142,223,44.763294
2228,223,1.685905
2238,223,2.509299
2107,225,191.45105
2117,225,10.601024
2118,225,3.278676
2119,225,3.110274
2120,225,6.315914
2121,225,5.79167
2122,225,6.770287
2123,225,5.620644
2124,225,6.942138
2125,225,1.812767
2126,225,2.773049
2127,225,5.530176
2128,225,3.987566
2237,225,2.782522
2238,225,2.165431
2239,225,2.778974
2240,225,1.491887
2241,225,2.995564
2242,225,1.095831
2106,226,66.683968
2107,226,33.655838
2108,226,29.952909
2116,226,9.582459
2117,226,4.899799
2118,226,3.343254
2119,226,6.482994
2120,226,4.581316
2121,226,3.769552
2122,226,4.1556
2123,226,3.620023
2124,226,2.143696
2125,226,1.545154
2126,226,1.669231
2127,226,2.282756
2236,226,1.991188
2237,226,2.360876
2242,226,3.714324
2105,227,44.735775
2106,227,23.547327
2107,227,15.306077
2108,227,35.535149
2228,227,1.804875
2235,227,1.750025
2236,227,1.370877
2237,227,1.074139
2238,227,1.661295
2239,227,1.180107
2241,227,2.498396
2105,228,31.989578
2106,228,13.919448
2107,228,30.392389
2108,228,55.914043
2228,228,1.726813
2230,228,1.075175
2235,228,2.196387
2236,228,4.153593
2239,228,1.340987
2105,229,23.606447
2106,229,28.991831
2107,229,27.462276
2228,229,8.276391
2229,229,2.650104
2235,229,3.059619
2236,229,1.43465
2238,229,1.779989
2240,229,3.248102
2105,230,21.425568
2106,230,37.695984
2238,230,7.235523
2240,230,1.668902
2105,231,25.423958
2240,231,3.717752
2242,231,9.62857
2244,231,4.950685
2238,232,1.303551
2240,232,1.773036
2243,232,10.42512
2238,233,1.006289
2241,233,3.027003
2243,233,14.028228
2162,234,2.747406
2163,234,3.007495
2164,234,8.716403
2165,234,12.309471
2166,234,9.210713
2162,235,10.960743
2163,235,7.373256
2164,235,25.562008
2165,235,24.858604
2163,236,3.655068
2164,236,13.078987
2165,236,15.644206
2239,236,1.906555
2240,236,6.279333
2242,236,3.065492
2243,236,9.399252
2103,237,12.652456
2104,237,8.976628
2105,237,12.881567
2164,237,53.362427
2165,237,32.518887
2166,237,35.985619
2239,237,1.004612
2240,237,2.803095
2241,237,10.318933
2243,237,14.093794
2102,238,14.946138
2103,238,6.746212
2104,238,5.653767
2105,238,14.272812
2121,238,11.610216
2122,238,9.165791
2123,238,8.509822
2124,238,12.324537
2125,238,9.698392
2126,238,6.720331
2127,238,6.247465
2128,238,6.462789
2129,238,6.210605
2235,238,3.133889
2236,238,2.97313
2238,238,1.112129
2103,239,3.437778
2104,239,4.933351
2105,239,17.995657
2106,239,17.578985
2128,239,8.301951
2129,239,46.296143
2104,240,5.036058
2105,240,9.840013
2106,240,6.419941
2240,240,9.048143
2242,240,2.445638
2106,241,2.69175
2107,241,7.121244
2107,242,4.550259
2246,245,4.078631
2247,245,4.082258
2246,246,8.358037
2245,247,1.485967
2248,247,1.724496
2241,248,1.314512
2242,248,5.588451
2245,248,1.412984
2246,248,1.330866
2241,249,25.660742
2245,249,2.568184
2195,250,13.656746
2240,250,1.735249
2245,250,2.208125
2246,250,1.575252
2247,250,1.280489
2175,251,22.416714
2176,251,33.238464
2195,251,5.247247
2176,252,1.876024
2178,252,12.7447
2241,252,1.161554
2244,252,4.866414
2245,252,1.344419
2246,252,2.013885
2247,252,5.059054
2176,253,13.189839
2202,253,6.190611
2203,253,14.882925
2245,253,4.169402
2248,253,2.414265
2246,254,6.839721
2240,255,1.413949
2245,255,1.511582
2246,255,9.37575
2241,256,1.201698
2242,256,2.359099
2244,256,1.213889
2245,256,7.866118
2242,257,1.485481
2245,257,1.744323
2246,257,5.451299
2242,258,3.232864
2244,258,1.512702
2245,258,2.100919
2242,259,3.198496
2244,259,1.551967
2245,259,2.325125
2246,259,5.786918
2247,259,3.635751
2248,259,7.126644
2249,259,5.15407
2250,259,2.738745
2116,260,17.458469
2119,260,1.182232
2247,260,3.603759
2248,260,4.469138
2118,261,1.756868
2196,261,43.060379
2198,261,10.965725
2246,261,2.253028
2247,261,2.206199
2248,261,3.340014
2121,262,8.197437
2198,262,40.92868
2201,262,29.755848
2202,262,45.439884
2245,262,1.197892
2246,262,1.23162
2247,262,2.821323
2248,262,16.087393
2249,262,9.240458
2244,263,7.222202
2246,263,1.082275
2232,264,1.066304
2233,264,1.624624
2227,265,8.370532
2247,265,3.183055
2161,266,2.400207
2165,266,2.330235
2249,266,9.536741
2246,267,1.238982
2249,267,6.440747
2246,268,1.111404
2247,268,1.507184
2249,269,2.519317
2167,270,1.485876
2127,271,20.030998
2212,271,20.401274
2142,272,26.60454
2143,272,28.122318
2144,272,8.915141
2145,272,8.26023
2146,272,3.392256
2148,272,2.246861
2196,272,14.992195
2197,272,15.808697
2198,272,17.607756
2199,272,17.273333
2200,272,33.20932
2201,272,38.298542
2202,272,29.581297
2212,272,26.621061
2224,272,2.433409
2225,272,1.655053
2226,272,1.183778
2195,273,10.981537
2196,273,10.828552
2197,273,12.929769
2198,273,14.512469
2199,273,16.62538
2200,273,21.145676
2201,273,11.219489
2202,273,15.876757
2203,273,35.609573
2204,273,15.369014
2224,273,12.065645
2236,274,1.378056
2238,274,11.437248
2239,274,1.521122
2245,275,2.806559
2246,275,8.04084
2236,276,2.537303
2239,276,3.83914
2243,276,2.719101
2247,276,1.227985
2237,277,1.068952
2244,277,1.706103
2246,277,1.715103
2247,277,4.36433
2109,278,8.553387
2110,278,2.520564
2225,278,3.953515
2233,278,2.205336
2239,278,2.30219
2241,278,7.054669
2247,278,7.490367
2110,279,9.610792
2132,279,2.071125
2229,279,1.864739
2232,279,1.013834
2239,279,14.150937
2240,279,1.80629
2242,279,2.919416
2244,279,5.387793
2245,279,1.010304
2246,279,1.062518
2247,279,1.19029
2133,280,3.2673
2134,280,3.187068
2135,280,1.091512
2136,280,1.071005
2144,280,59.887058
2175,280,20.287724
2176,280,1.410106
2182,280,8.057112
2229,280,1.293987
2231,280,1.723063
2144,281,4.597622
2145,281,12.722441
2176,281,218.313751
2180,281,1.940575
2181,281,1.611097
2182,281,7.349838
2238,281,3.80308
2245,281,2.61707
2135,282,1.21
2144,282,5.975337
2146,282,4.118863
2147,282,1.534538
2148,282,1.464615
2176,282,4.662021
2177,282,1.663212
2179,282,2.01725
2180,282,3.128054
2181,282,2.242355
2182,282,4.41061
2134,283,2.669306
2144,283,5.16269
2145,283,2.910286
2146,283,1.923215
2147,283,2.1875
2177,283,1.4318
2178,283,2.341722
2179,283,1.903135
2180,283,1.759555
2181,283,4.253227
2182,283,7.968362
2194,283,73.325981
2195,283,16.381399
2197,283,71.590622
2198,283,42.606956
2228,283,10.763715
2234,283,1.374813
2238,283,5.197068
2239,283,1.254858
2130,284,1.314043
2131,284,1.65666
2134,284,3.056627
2144,284,8.347273
2179,284,1.526191
2180,284,2.491644
2181,284,4.238623
2182,284,6.12227
2183,284,6.251266
2194,284,25.303705
2195,284,39.237686
2196,284,60.587967
2197,284,34.690594
2231,284,1.151999
2235,284,1.439774
2236,284,3.765611
2237,284,3.642674
2239,284,1.269895
2240,284,5.627423
2131,285,1.24186
2134,285,2.686227
2144,285,8.777405
2145,285,1.163869
2176,285,1.08675
2177,285,2.246563
2181,285,3.964852
2182,285,5.266084
2183,285,9.972112
2194,285,2.775871
2195,285,1.24962
2196,285,24.512793
2197,285,31.180058
2198,285,17.504225
2225,285,3.134022
2231,285,1.004104
2232,285,1.441867
2235,285,3.864005
2237,285,1.393184
2240,285,3.259209
2241,285,10.006607
2243,285,1.897259
2244,285,1.584114
2144,286,8.88905
2145,286,1.270676
2177,286,1.993658
2179,286,2.182425
2181,286,3.783138
2182,286,4.381854
2183,286,17.923655
2194,286,2.002147
2196,286,6.752714
2197,286,14.610909
2198,286,15.728348
2226,286,3.224935
2229,286,2.454369
2230,286,7.034699
2232,286,2.320096
2233,286,2.816894
2234,286,3.295043
2237,286,1.159115
2238,286,1.802487
2242,286,2.465225
2243,286,1.357713
2131,287,2.692207
2144,287,10.109158
2148,287,1.348415
2177,287,1.573427
2179,287,1.004098
2181,287,1.256302
2182,287,1.230841
2194,287,2.398382
2195,287,1.063923
2196,287,2.886914
2197,287,29.666918
2144,288,14.204793
2145,288,1.378299
2146,288,1.044904
2148,288,2.954692
2177,288,4.382217
2193,288,6.07409
2194,288,10.627682
2196,288,2.717807
2197,288,10.435576
2198,288,21.61968
2230,288,1.556218
2231,288,1.485608
2243,288,1.896829
2245,288,1.494955
2247,288,1.424671
2144,289,12.561508
2145,289,1.839125
2146,289,1.323952
2181,289,1.254042
2182,289,2.417423
2194,289,5.472157
2195,289,2.060063
2196,289,5.020256
2197,289,5.532017
2216,289,1.017083
2245,289,5.959112
2130,290,4.602149
2131,290,1.005128
2144,290,7.170626
2145,290,6.416294
2146,290,1.424706
2148,290,4.156985
2176,290,1.09296
2182,290,3.40805
2194,290,2.952997
2198,290,13.230383
2245,290,2.882581
2129,291,2.698224
2130,291,1.161902
2132,291,1.530647
2145,291,5.187284
2146,291,1.511961
2148,291,2.557852
2179,291,1.022333
2182,291,5.748539
2243,291,1.513074
2245,291,2.302926
2248,291,1.928127
2129,292,1.830446
2130,292,1.915137
2145,292,5.440559
2146,292,1.88517
2147,292,1.731638
2148,292,2.933094
2181,292,1.694715
2216,292,1.381324
2238,292,4.580006
2239,292,1.023592
2243,292,1.912506
2244,292,9.307814
2245,292,3.128154
2246,292,1.847904
2247,292,2.608897
2248,292,6.446196
2145,293,6.220649
2146,293,2.102226
2147,293,1.382515
2148,293,4.829419
2181,293,4.231106
2207,293,7.644979
2239,293,2.025934
2240,293,2.334451
2241,293,1.672791
2244,293,25.062586
2245,293,15.609818
2246,293,4.540908
2247,293,2.574276
2129,294,2.43877
2145,294,6.770517
2146,294,12.672709
2147,294,2.204116
2148,294,6.514605
2181,294,2.999367
2208,294,5.019725
2209,294,3.90735
2210,294,13.69356
2212,294,10.635183
2145,295,7.780462
2146,295,8.659841
2208,295,79.889725
2243,295,13.234355
2244,295,3.06972
2247,295,1.14541
2151,296,2.265671
2245,297,5.138118
2243,298,9.540869
2244,298,1.999563
2246,299,8.513554
2120,300,1.393464
2128,300,2.012906
2129,300,1.822723
2130,300,2.152185
2132,300,1.289294
2243,300,8.502918
2244,300,3.54171
2245,300,1.17909
2246,300,9.474735
2247,300,23.606806
2115,301,6.645973
2117,301,1.27243
2118,301,1.589583
2119,301,2.684679
2120,301,5.143181
2128,301,3.217605
2129,301,1.042852
2133,301,1.7734
2134,301,8.978758
2135,301,1.322153
2243,301,39.788662
2244,301,58.032635
2245,301,23.316601
2246,301,24.046194
2115,302,17.492327
2116,302,4.483016
2117,302,4.654367
2118,302,1.940732
2119,302,4.015097
2120,302,3.627705
2128,302,2.960924
2129,302,1.079666
2107,303,2.020271
2108,304,4.23068
2206,304,9.015578
2208,304,5.355003
2107,305,1.74806
2108,305,3.593269
2118,305,10.667643
2120,305,5.66568
2121,305,7.313794
2122,305,5.771814
2127,305,23.668015
2128,305,18.467999
2129,305,7.477643
2130,305,9.722012
2157,305,7.310308
2208,305,2.937545
2209,305,1.492806
2211,305,5.286709
2212,305,2.341787
2100,306,4.353183
2107,306,3.861588
2108,306,2.013748
2117,306,9.088685
2123,306,11.337882
2126,306,9.621317
2127,306,10.605927
2128,306,8.522993
2129,306,7.396066
2130,306,6.944062
2131,306,5.813986
2132,306,3.528013
2206,306,7.247443
2098,307,13.450866
2101,307,5.963002
2102,307,1.155638
2103,307,1.193888
2104,307,1.257519
2105,307,4.88525
2106,307,3.65796
2107,307,2.872433
2108,307,1.704902
2101,308,8.943422
2102,308,2.404817
2103,308,1.859136
2104,308,4.583391
2105,308,5.463164
2106,308,3.05539
2107,308,4.538341
2108,308,6.306201
2098,309,6.900583
2101,309,6.403996
2102,309,4.63966
2104,309,4.884749
2105,309,5.837838
2106,309,5.459318
2216,309,1.764132
2098,310,5.555281
2216,310,1.519649
2098,311,3.480469
2098,312,4.151927
2104,312,11.173049
2105,312,10.494317
2106,312,12.908702
2107,312,1.909213
2108,312,1.215679
2109,312,2.42786
2110,312,7.013782
2117,312,3.061756
2118,312,1.470857
2120,312,1.575755
2216,312,1.011394
2098,313,4.072081
2103,313,1.923027
2104,313,3.965439
2105,313,2.219421
2106,313,1.066603
2107,313,2.083274
2108,313,2.905177
2109,313,4.27313
2110,313,7.414663
2117,313,13.703551
2118,313,6.205521
2119,313,8.035029
2120,313,10.892126
2121,313,8.37121
2122,313,15.167624
2123,313,5.949222
2098,314,5.525057
2104,314,2.699351
2105,314,4.132483
2106,314,5.462475
2107,314,6.365111
2108,314,5.171479
2109,314,1.34147
2110,314,9.164386
2104,315,1.780832
2105,315,1.369144
2106,315,1.087724
2107,315,2.468846
2108,315,1.24546
2109,315,1.949189
2110,315,1.370299
2103,316,2.338971
2104,316,2.461508
2105,316,1.960299
2106,316,2.790487
2107,316,3.570646
2108,316,3.590741
2109,316,5.694405
2198,316,16.201694
2206,316,4.434429
2208,316,1.559748
2209,316,11.699381
2242,316,5.465687
2098,317,2.054332
2173,317,21.164078
2206,317,5.263881
2207,317,2.739642
2208,317,1.528798
2210,317,4.790303
2211,317,3.651404
2118,318,3.574662
2119,318,3.388731
2120,318,4.798404
2100,319,4.041558
2101,319,4.237596
2102,319,2.513479
2103,319,1.865506
2104,319,1.940572
2107,319,1.223695
2108,319,1.795605
2109,319,4.586904
2118,319,8.130323
2119,319,6.764214
2120,319,10.895924
2121,319,10.668696
2122,319,12.029641
2098,320,2.033059
2100,320,4.02029
2101,320,1.715116
2102,320,4.44464
2103,320,3.491935
2196,320,28.378283
2118,4,81.044289
2120,4,29.022305
2121,4,29.461079
2122,4,30.23126
2123,4,33.849972
2117,5,26.342556
2118,5,13.268352
2120,5,12.929828
2121,5,10.54356
2122,5,14.871333
2123,5,33.823341
2133,5,21.528702
2098,321,3.225157
2100,321,9.033126
2101,321,4.718811
2098,322,10.512628
2173,322,3.314587
2119,6,7.310586
2120,6,8.931834
2121,6,18.992849
2122,6,28.181736
2133,6,6.285031
2134,6,17.005829
2161,6,164.32222
2117,7,18.66943
2133,7,6.775589
2134,7,11.606018
2155,7,44.282078
2158,7,18.987522
2161,7,18.735218
2207,7,92.735626
2149,323,24.240635
2120,8,81.288116
2133,8,13.657514
2207,8,104.871277
2174,324,11.184465
2207,9,45.76347
2122,326,18.448524
2123,326,13.360836
2124,326,24.002317
2125,326,23.594307
2126,326,17.566801
2126,11,9.361965
2127,11,18.247242
2128,11,25.709959
2100,327,9.784951
2101,327,2.691604
2122,327,18.645285
2123,327,12.809819
2124,327,28.259722
2125,327,17.694939
2100,328,14.816182
2101,328,2.75048
2100,329,8.240161
2101,329,2.32014
2172,329,8.441679
2173,329,10.256516
2133,13,11.374064
2134,13,4.141351
2133,14,30.864176
2134,14,4.268001
2100,330,7.008806
2101,330,1.532703
2174,330,1.715943
2175,330,1.932666
2101,331,2.83488
2126,15,23.915627
2134,15,5.2795
2118,16,47.577785
2119,16,46.671505
2133,17,39.383652
2134,17,29.003481
2101,332,3.742533
2174,332,2.227162
2175,332,2.157599
2179,332,2.471307
2182,332,1.46251
2133,18,26.799158
2134,18,28.516115
2141,18,11.490588
2101,333,4.069588
2127,19,67.754707
2128,19,37.521717
2129,19,27.14006
2133,19,21.656342
2134,19,12.953393
2141,19,2.194561
2101,334,4.585913
2102,334,5.030154
2102,335,3.28623
2179,335,3.147609
2122,20,67.395599
2126,20,20.863152
2127,20,6.69309
2128,20,12.983124
2129,20,20.863222
2133,20,10.073503
2134,20,13.737638
2141,20,2.710444
2121,21,57.182758
2122,21,65.861984
2123,21,13.300204
2124,21,18.747524
2125,21,24.853312
2126,21,4.795585
2127,21,19.800598
2128,21,10.312537
2129,21,4.721569
2133,21,11.013167
2141,21,5.315645
2102,336,3.334013
2103,336,5.667879
2104,336,4.542162
2105,336,4.785273
2106,336,8.466991
2189,336,7.736351
2190,336,2.463569
2191,336,2.566475
2189,337,9.809743
2120,22,41.666763
2121,22,16.882534
2122,22,7.16619
2123,22,31.262957
2124,22,25.813633
2125,22,4.835932
2126,22,11.316399
2127,22,4.837208
2128,22,2.730684
2129,22,5.654984
2133,22,11.478654
2141,22,5.235248
2120,23,4.095655
2121,23,6.780482
2122,23,6.932241
2123,23,5.929562
2124,23,4.63715
2125,23,13.833896
2126,23,3.483165
2127,23,3.41892
2128,23,2.867088
2129,23,4.913218
2133,23,10.336309
2141,23,1.459007
2142,23,2.471208
2113,24,68.196106
2118,24,26.056944
2119,24,24.54435
2120,24,17.968321
2121,24,64.257278
2122,24,10.695903
2123,24,5.59714
2124,24,3.517545
2125,24,2.10717
2126,24,2.335975
2127,24,5.294013
2128,24,3.65998
2133,24,8.99806
2141,24,2.373508
2142,24,2.348407
2114,25,121.676003
2115,25,72.521233
2116,25,37.35239
2117,25,49.039856
2118,25,22.517874
2119,25,24.911552
2120,25,31.592155
2121,25,39.48177
2122,25,32.53231
2123,25,1.156806
2124,25,3.366542
2125,25,2.691885
2126,25,3.890895
2127,25,3.068741
2128,25,18.553219
2129,25,11.953854
2133,25,9.282962
2141,25,1.991916
2142,25,12.241599
2143,25,33.534142
2204,342,2.400892
2206,342,4.056537
2115,26,229.213806
2118,26,27.839432
2119,26,13.054543
2120,26,21.50503
2121,26,53.037258
2122,26,9.646623
2123,26,6.379016
2124,26,5.386122
2125,26,1.97845
2126,26,6.11869
2127,26,2.775451
2128,26,3.102101
2129,26,13.696279
2133,26,10.876435
2143,26,20.863729
2121,27,5.589624
2122,27,3.200521
2123,27,6.407725
2124,27,1.489963
2125,27,1.547003
2126,27,2.9519
2127,27,5.783565
2128,27,4.851477
2133,27,6.828304
2144,27,45.426861
2145,27,7.283803
2146,27,5.166341
2147,27,6.618586
2148,27,7.917842
2149,27,4.216938
2199,343,1.340373
2122,28,8.854329
2123,28,7.553711
2124,28,2.737582
2125,28,2.818363
2126,28,10.297389
2127,28,2.565457
2128,28,1.449679
2129,28,11.066759
2144,28,7.299344
2153,28,14.349754
2246,344,4.636356
2126,29,14.237211
2128,29,7.845323
2181,345,2.316858
2201,345,8.368855
2098,346,19.166792
2200,346,3.56832
2203,346,1.593394
2204,346,1.477581
2133,30,6.598426
2098,347,20.40568
2203,347,1.393759
2204,347,9.346376
2133,32,8.134746
2098,348,15.825273
2203,348,5.033009
2098,349,33.478184
2176,351,5.164531
2197,351,3.909967
2121,37,52.215286
2122,37,86.520844
2123,37,21.857759
2125,37,22.280375
2126,37,10.453546
2128,37,15.179192
2129,37,11.764777
2130,37,22.425316
2118,352,37.215996
2195,352,1.373943
2197,352,2.75204
2199,352,4.963953
2125,38,30.685736
2132,38,28.084282
2196,353,3.413858
2198,353,2.795927
2199,353,1.965209
2098,354,5.257382
2099,354,5.154668
2118,354,29.543034
2098,355,26.813385
2099,355,20.767794
2100,355,7.155964
2146,39,16.468752
2150,39,46.638828
2100,356,24.03056
2101,356,17.296181
2109,356,6.64424
2124,356,20.544846
2246,356,1.625001
2222,357,1.222991
2229,43,11.432739
2222,358,3.264461
2223,358,1.506793
2224,358,1.435365
2122,359,4.452617
2124,359,26.981834
2221,359,7.870007
2222,359,1.460936
2225,360,3.404588
2225,361,4.177853
2229,361,1.607293
2223,362,3.718772
2226,362,2.362818
2227,362,2.660945
2116,363,2.311138
2222,363,3.044695
2223,363,5.725927
2225,363,15.342279
2227,363,2.190106
2221,364,1.17958
2222,364,2.416524
2223,364,1.878154
2179,365,3.351625
2180,365,3.170077
2222,365,1.504042
2223,365,1.76606
2227,365,1.184181
2120,366,2.39432
2121,366,26.548185
2122,366,4.475221
2124,366,7.884183
2127,366,1.638647
2132,366,2.771838
2133,366,3.122755
2134,366,6.203129
2222,366,2.785412
2223,366,2.59901
2225,366,3.461144
2226,366,2.790409
2227,366,3.100027
2228,366,1.325956
2231,366,2.179803
2232,366,5.340864
2122,367,13.220653
2123,367,10.524059
2124,367,2.441834
2125,367,12.252485
2126,367,4.843923
2127,367,2.303772
2128,367,2.04134
2132,367,1.058507
2133,367,8.993582
2134,367,15.729694
2221,367,2.303498
2223,367,1.759195
2231,367,2.91567
2226,368,2.131796
2227,368,2.728972
2230,368,3.189157
2231,368,3.275872
2174,63,28.013599
2194,65,453.270691
2115,66,175.220413
2116,66,85.128242
2117,66,100.681061
2118,66,58.499531
2119,66,68.902214
2120,66,96.441322
2121,66,49.323578
2122,66,68.641342
2123,66,33.761894
2124,66,40.882984
2125,66,29.332455
2126,66,28.23263
2127,66,45.460159
2128,66,39.365807
2129,66,46.993782
2193,66,94.583183
2194,66,100.988861
2195,66,149.92691
2172,67,65.61203
2193,67,360.380035
2194,67,153.977753
2195,67,80.814041
2171,68,27.716404
2172,68,56.082874
2207,70,16.239429
2211,70,47.962486
2109,71,60.766529
2172,71,22.692974
2209,71,33.120407
2211,71,14.039139
2212,71,14.260863
2172,72,19.879215
2207,72,56.637058
2208,72,64.638
2209,72,27.567614
2210,72,34.122238
2211,72,45.192852
2212,72,31.02405
2213,72,12.2386
2220,72,8.107316
2142,73,92.574791
2143,73,12.27532
2210,73,54.732105
2212,73,47.182602
2170,74,9.334371
2170,75,20.678476
2119,76,71.221481
2120,76,35.182575
2121,76,48.518391
2122,76,22.225874
2123,76,11.648357
2124,76,11.888704
2125,76,8.940681
2126,76,11.534671
2127,76,33.09951
2147,76,18.254364
2148,76,18.394384
2150,76,21.505522
2152,76,18.596285
2172,76,6.86384
2121,77,43.091557
2122,77,28.750177
2123,77,23.149981
2124,77,23.19705
2125,77,10.664793
2126,77,31.346256
2127,77,24.550713
2128,77,20.349859
2129,77,73.898766
2171,77,1.014794
2172,77,14.215347
2171,78,23.526913
2131,79,5.60682
2131,80,12.440609
2131,81,29.895761
2131,82,21.34544
2211,83,8.534951
2212,83,4.039128
2213,83,7.909787
2190,84,2.299229
2211,84,4.961999
2212,84,5.897312
2113,85,106.971184
2114,85,112.299316
2115,85,25.858328
2209,85,11.489834
2210,85,5.041488
2117,86,273.16394
2119,86,278.682251
2210,86,5.763591
2211,86,11.981906
2212,86,3.905042
2213,86,5.586642
2214,86,6.289984
2215,86,11.100853
2117,87,89.615265
2118,87,69.76889
2119,87,65.401024
2126,87,55.368641
2127,87,29.665819
2128,87,11.611142
2130,87,19.899885
2211,87,3.115788
2212,87,2.661464
2213,87,3.050395
2214,87,7.510445
2215,87,23.255314
2216,87,43.696457
2217,87,41.348431
2117,88,39.606277
2118,88,45.498642
2119,88,36.700562
2120,88,14.491473
2121,88,21.418394
2122,88,15.931868
2123,88,16.900997
2124,88,8.35429
2125,88,10.125019
2126,88,12.256052
2127,88,6.663703
2128,88,9.117985
2129,88,7.293574
2145,88,121.796509
2146,88,9.968707
2147,88,4.430891
2148,88,3.094518
2157,88,10.837921
2167,88,16.455742
2168,88,5.833282
2169,88,4.073251
2210,88,4.887325
2211,88,2.389536
2213,88,2.09435
2214,88,29.302515
2215,88,89.167717
2131,89,12.212957
2210,89,3.096963
2211,89,2.356884
2212,89,7.147906
2213,89,4.00318
2214,89,13.405872
2131,90,6.211929
2211,90,5.727797
2212,90,4.367654
2213,90,3.681432
2214,90,11.747759
2131,91,5.404151
2193,91,53.656921
2210,91,6.906321
2211,91,7.783308
2212,91,8.688565
2213,91,7.65455
2214,91,35.191978
2110,92,922.711731
2118,92,53.475094
2119,92,40.742794
2120,92,45.74712
2131,92,16.288761
2192,92,534.295471
2193,92,1029.28479
2196,92,300.470612
2210,92,27.383455
2211,92,58.673347
2212,92,47.147476
2213,92,42.81189
2109,93,119.468666
2110,93,443.227692
2118,93,34.199707
2119,93,51.84679
2120,93,11.559944
2131,93,53.2383
2108,94,26.766937
2109,94,88.080421
2110,94,275.902435
2118,94,44.004528
2119,94,6.40329
2120,94,25.937084
2108,95,66.070557
2109,95,26.240593
2110,95,134.426102
2117,95,264.085205
2118,95,56.284618
2119,95,7.787633
2120,95,7.746832
2191,95,2.632178
2108,96,130.516724
2109,96,30.253376
2110,96,27.830029
2118,96,111.6315
2119,96,44.853439
2191,96,4.131505
2193,96,2.599361
2194,96,2.805418
2108,97,40.123398
2109,97,11.200933
2110,97,8.569803
2121,97,9.275366
2122,97,4.241168
2190,97,4.212451
2191,97,2.582423
2193,97,3.507968
2194,97,3.324581
2108,98,34.419235
2109,98,5.056755
2110,98,15.747017
2121,98,35.788147
2122,98,16.839476
2123,98,16.407745
2124,98,10.771676
2125,98,6.457697
2126,98,8.718603
2127,98,16.088364
2128,98,6.587209
2189,98,1.807357
2190,98,3.670178
2193,98,1.834806
2108,99,137.499802
2109,99,4.834961
2110,99,26.999735
2121,99,28.539881
2122,99,41.344612
2123,99,21.978943
2124,99,36.579334
2125,99,44.5355
2126,99,30.644451
2127,99,42.161789
2128,99,54.092693
2129,99,38.995972
2130,99,11.527981
2151,99,28.091938
2160,99,11.831679
2190,99,1.353455
2193,99,5.348776
2109,100,8.836725
2110,100,21.165064
2121,100,200.899078
2122,100,207.671143
2123,100,266.738892
2124,100,188.726044
2130,100,139.034027
2131,100,75.270325
2151,100,66.053802
2152,100,25.771873
2153,100,16.507765
2154,100,17.431149
2155,100,26.426588
2156,100,17.526253
2157,100,19.801418
2158,100,16.607729
2159,100,16.848309
2160,100,16.219633
2161,100,14.342594
2162,100,9.036599
2163,100,8.965628
2164,100,7.225578
2165,100,7.561904
2166,100,41.946426
2193,100,3.13398
2108,101,322.607697
2109,101,24.256437
2110,101,40.8256
2131,101,217.19426
2191,101,1.209752
2108,102,201.453323
2109,102,19.611124
2110,102,14.420484
2168,102,10.685014
2108,103,46.097572
2109,103,21.269436
2119,103,53.333511
2120,103,34.639019
2121,103,60.913273
2122,103,254.118637
2108,104,91.374214
2109,104,20.411907
2110,104,20.739206
2117,104,9.883556
2119,104,17.392609
2120,104,15.604899
2121,104,25.598396
2122,104,99.454292
2168,104,12.298832
2169,104,6.112806
2108,105,72.253174
2109,105,12.097296
2110,105,33.162968
2117,105,16.507612
2119,105,17.426365
2120,105,17.342522
2121,105,51.379143
2181,105,23.46846
2109,106,23.450825
2119,106,21.009243
2120,106,21.198984
2121,106,10.619555
2181,106,14.437543
2182,106,30.364893
2109,107,18.178738
2119,107,61.019684
2120,107,72.401398
2121,107,16.364323
2122,107,19.107773
2179,107,91.7994
2180,107,90.389008
2181,107,117.904129
2108,108,119.3274
2109,108,19.409889
2119,108,294.525238
2120,108,125.697647
2121,108,145.738525
2122,108,54.251801
2179,108,311.600616
2180,108,358.068054
2234,108,92.727409
2123,109,24.942007
2124,109,12.001692
2125,109,12.37796
2126,109,19.822294
2127,109,42.496445
2128,109,120.222816
2210,109,106.455902
2116,110,65.186905
2117,110,16.657589
2118,110,14.466527
2119,110,25.149015
2193,110,193.381348
2206,110,34.322773
2210,110,364.333862
2205,111,81.178619
2206,111,228.400223
2210,111,540.718201
2234,112,151.116058
2188,118,113.477776
2189,118,3.619396
2190,118,2.253825
2191,118,6.202898
2192,118,9.481157
2193,118,2.149703
2194,118,4.339921
2195,118,5.124644
2196,118,5.853281
2161,119,1.159907
2165,119,2.350601
2174,119,1.184534
2176,119,26.965523
2177,119,4.289337
2188,119,23.73702
2189,119,7.06247
2190,119,5.682416
2191,119,8.546571
2192,119,14.535276
2193,119,8.372714
2194,119,48.124729
2195,119,14.015457
2196,119,20.89949
2197,119,26.221962
2216,119,18.800495
2177,120,1.259401
2187,120,27.891056
2216,120,53.509365
2218,120,25.236814
2244,120,3.927933
2176,121,1.691297
2177,121,1.293707
2187,121,25.113138
2188,121,1.997383
2244,121,6.260952
2245,121,10.678015
2159,122,25.142849
2174,122,4.739899
2175,122,1.518333
2176,122,5.974659
2187,122,44.262871
2188,122,2.369066
2218,122,338.762817
2219,122,82.465469
2220,122,33.752663
2221,122,50.035709
2222,122,32.509983
2245,122,18.279263
2156,123,36.326561
2174,123,2.976878
2175,123,3.551845
2176,123,5.045563
2187,123,6.144552
2188,123,1.482301
2218,123,158.234894
2220,123,40.73394
2221,123,30.984558
2223,123,65.511093
2156,124,7.747023
2157,124,1.651737
2174,124,3.137044
2175,124,1.559307
2176,124,2.431729
2183,124,3.226902
2187,124,3.517397
2188,124,5.935454
2131,125,98.527794
2132,125,41.792248
2133,125,40.704689
2156,125,10.090276
2157,125,1.852132
2158,125,1.612869
2174,125,2.995091
2175,125,1.708
2176,125,3.564896
2131,126,32.996674
2132,126,8.755754
2152,126,20.986126
2156,126,2.119422
2159,126,6.414778
2174,126,4.47366
2175,126,1.427805
2176,126,1.325268
2133,127,13.602467
2134,127,36.439346
2143,127,13.96106
2159,127,4.992826
2174,127,3.401701
2175,127,3.468123
2214,127,99.188499
2215,127,60.745354
2238,127,25.255764
2246,127,35.415314
2133,128,30.242376
2134,128,37.07523
2153,128,1.36566
2158,128,1.043931
2174,128,3.401701
2176,128,4.552414
2185,128,1.359744
2186,128,15.781302
2133,129,15.473905
2134,129,80.044022
2158,129,1.192604
2174,129,5.422433
2176,129,4.006572
2186,129,5.419622
2197,129,101.252739
2198,129,130.102386
2199,129,27.402447
2111,130,9.608851
2134,130,36.941307
2156,130,3.224465
2158,130,1.405524
2174,130,9.667389
2175,130,1.934024
2176,130,3.256936
2110,131,4.97332
2111,131,4.378245
2112,131,3.038667
2113,131,6.485371
2114,131,17.539557
2115,131,7.183902
2116,131,10.202395
2136,131,50.423859
2137,131,8.301839
2138,131,36.238117
2139,131,14.498064
2140,131,7.984834
2141,131,14.00711
2142,131,12.998135
2143,131,24.24754
2144,131,14.530551
2145,131,23.114643
2146,131,48.983383
2158,131,1.678277
2174,131,2.493322
2175,131,1.43315
2176,131,3.256936
2110,132,586.787842
2112,132,85.898209
2113,132,49.094891
2114,132,18.980854
2115,132,52.424091
2116,132,25.642532
2117,132,2.959219
2118,132,4.616316
2119,132,4.178523
2120,132,2.411684
2121,132,14.416651
2122,132,13.950005
2123,132,9.611882
2124,132,9.577413
2136,132,18.637821
2137,132,13.627174
2138,132,16.355629
2139,132,15.393753
2140,132,3.131999
2141,132,4.076756
2142,132,2.454749
2143,132,3.691611
2144,132,2.818877
2145,132,4.381128
2146,132,143.984741
2147,132,341.338837
2148,132,716.030151
2149,132,39.71619
2150,132,36.417667
2151,132,39.935604
2152,132,206.276245
2175,132,12.984087
2185,132,77.332756
2186,132,15.160101
2188,132,8.614786
2189,132,5.024928
2190,132,17.464893
2191,132,13.192417
2192,132,30.597265
2193,132,48.14196
2194,132,85.743561
2195,132,88.921196
2196,132,120.354713
2197,132,53.31078
2237,132,8.964471
2238,132,10.396685
2113,133,109.200981
2114,133,44.064342
2115,133,104.913185
2116,133,21.05298
2117,133,2.25783
2118,133,5.399543
2119,133,10.350982
2120,133,4.929513
2121,133,3.44321
2122,133,8.326813
2123,133,4.730509
2124,133,7.839528
2125,133,12.160902
2135,133,3.393331
2137,133,3.09527
2138,133,1.490742
2139,133,2.179252
2140,133,1.591336
2141,133,1.023189
2144,133,1.628181
2145,133,4.967138
2146,133,50.378601
2147,133,101.080566
2148,133,69.866165
2149,133,9.670325
2150,133,12.024954
2151,133,21.636225
2152,133,19.825788
2153,133,13.471451
2154,133,40.165352
2155,133,358.796661
2156,133,558.2146
2183,133,24.899624
2184,133,12.700644
2185,133,23.384035
2186,133,8.049487
2187,133,9.779525
2188,133,4.066673
2189,133,3.844471
2190,133,9.926807
2191,133,6.982119
2192,133,14.049087
2193,133,29.072914
2194,133,22.232229
2195,133,19.198895
2196,133,16.423449
2197,133,34.580891
2198,133,17.397896
2199,133,62.106037
2200,133,49.261269
2235,133,1.009792
2116,134,23.040884
2117,134,43.784805
2118,134,31.470081
2119,134,12.581799
2120,134,8.52867
2121,134,7.030192
2122,134,6.155283
2123,134,5.531655
2125,134,11.261995
2135,134,3.228114
2137,134,1.092337
2139,134,3.398309
2140,134,1.472985
2141,134,1.278085
2145,134,1.035837
2146,134,1.826221
2147,134,2.495361
2148,134,4.770303
2154,134,15.856237
2155,134,91.477234
2156,134,145.241669
2157,134,178.728836
2158,134,178.127167
2183,134,15.06403
2184,134,5.986309
2185,134,1.728412
2186,134,1.16462
2190,134,1.717064
2193,134,1.221489
2194,134,3.750513
2195,134,5.053281
2196,134,2.340297
2197,134,5.610081
2198,134,4.58935
2199,134,4.333241
2200,134,5.648181
2204,134,7.232834
2205,134,4.788743
2206,134,4.643984
2207,134,3.174229
2208,134,3.518236
2209,134,6.831817
2210,134,11.182934
2211,134,9.637693
2212,134,14.755537
2213,134,8.08076
2214,134,8.989922
2215,134,2.738796
2216,134,16.20591
2220,134,15.018809
2155,135,1.053115
2156,135,12.507843
2157,135,122.423317
2158,135,45.317055
2183,135,17.960539
2184,135,1.989689
2185,135,2.583486
2198,135,2.544864
2199,135,4.942375
2200,135,6.573371
2204,135,14.13409
2205,135,23.996269
2206,135,21.81875
2207,135,5.723086
2208,135,4.725207
2209,135,4.988964
2210,135,13.933885
2211,135,8.20735
2212,135,4.683458
2213,135,5.383849
2214,135,6.893831
2215,135,22.545605
2156,136,5.610126
2157,136,12.227948
2158,136,16.274971
2191,136,13.252803
2192,136,18.429527
2132,137,5.394636
2133,137,2.591514
2134,137,5.091849
2155,137,1.048181
2157,137,10.119836
2132,138,2.561338
2133,138,2.286855
2134,138,4.100237
2155,138,1.308523
2157,138,8.288718
2158,138,20.964979
2133,139,2.935008
2155,139,2.168941
2156,139,1.680688
2157,139,5.387228
2158,139,19.861567
2113,140,9.613819
2114,140,2.003961
2133,140,2.605477
2157,140,3.39341
2158,140,11.164239
2113,141,9.238414
2114,141,4.74633
2115,141,6.314258
2133,141,1.671967
2135,141,4.4175
2155,141,2.868295
2157,141,3.779876
2178,141,3.615118
2112,142,10.333546
2113,142,4.377111
2114,142,10.990596
2115,142,29.560297
2133,142,2.999861
2134,142,2.719595
2155,142,1.44353
2157,142,3.089486
2158,142,22.443455
2116,143,11.772946
2117,143,10.418607
2118,143,6.141517
2119,143,8.477255
2120,143,6.623241
2121,143,8.496661
2122,143,3.37252
2135,143,3.128105
2140,143,2.168214
2141,143,2.235774
2142,143,2.025349
2143,143,2.888567
2144,143,2.139181
2145,143,3.812705
2146,143,2.675928
2147,143,2.16336
2155,143,1.343146
2157,143,3.335864
2158,143,22.420967
2183,143,12.735189
2184,143,7.722652
2185,143,35.170475
2186,143,4.666199
2187,143,2.296361
2188,143,1.932326
2189,143,3.051531
2190,143,3.476015
2191,143,5.031704
2192,143,5.767803
2193,143,17.788191
2194,143,3.515206
2195,143,3.612813
2196,143,4.95821
2197,143,4.311455
2198,143,1.96415
2199,143,2.762606
2200,143,6.410717
2204,143,15.413822
2205,143,4.923051
2206,143,8.396534
2207,143,6.718089
2116,144,16.733288
2117,144,7.883964
2121,144,2.232027
2122,144,1.00325
2123,144,2.009489
2124,144,2.068342
2125,144,4.142768
2135,144,3.846428
2136,144,1.234592
2146,144,2.248371
2147,144,3.387819
2155,144,1.401242
2157,144,3.428441
2158,144,13.616374
2184,144,9.883874
2185,144,14.027081
2186,144,2.197243
2187,144,2.632589
2188,144,2.181476
2189,144,2.239131
2192,144,1.689441
2193,144,4.660867
2194,144,3.141837
2195,144,2.64662
2196,144,1.808656
2198,144,1.9408
2199,144,3.763662
2200,144,2.00363
2204,144,24.068552
2205,144,12.616204
2206,144,4.859915
2207,144,4.77105
2208,144,3.832063
2116,145,24.755196
2117,145,8.692369
2118,145,5.219456
2119,145,2.525685
2120,145,1.324579
2121,145,1.012833
2124,145,4.148384
2135,145,3.87327
2155,145,1.810345
2157,145,4.743883
2158,145,18.90349
2174,145,5.149246
2175,145,3.383417
2176,145,4.524362
2177,145,5.740768
2187,145,1.273703
2191,145,1.44589
2192,145,1.589422
2195,145,1.154684
2199,145,1.295309
2200,145,7.569347
2204,145,1.938241
2205,145,1.618302
2218,145,2.833864
2219,145,1.46829
2220,145,1.993167
2221,145,6.606128
2116,146,39.988735
2117,146,38.00576
2118,146,10.262051
2119,146,11.801982
2120,146,5.603096
2121,146,11.906124
2122,146,11.72672
2123,146,11.730928
2124,146,9.692671
2125,146,1.410626
2135,146,5.318452
2137,146,1.818912
2138,146,1.175553
2139,146,1.029367
2146,146,1.099928
2156,146,1.357806
2157,146,17.65411
2158,146,26.184383
2174,146,7.755259
2175,146,1.832675
2176,146,1.515839
2177,146,5.804637
2194,146,1.588699
2198,146,2.457117
2199,146,2.894297
2200,146,8.08529
2204,146,2.789004
2205,146,3.583074
2215,146,1.635474
2216,146,1.931044
2217,146,8.001547
2218,146,4.597755
2219,146,8.261675
2220,146,10.275524
2221,146,5.686841
2155,147,1.797479
2157,147,4.342014
2174,147,4.57286
2177,147,18.572485
2155,148,1.389029
2157,148,5.188119
2158,148,2.735863
2174,148,2.263809
2176,148,2.495823
2177,148,2.865755
2196,148,29.504845
2130,149,6.405304
2131,149,6.357503
2132,149,2.781532
2175,149,2.278886
2176,149,2.018526
2177,149,3.091588
2228,149,16.27282
2130,150,7.089558
2131,150,1.791336
2132,150,3.142066
2174,150,1.5735
2176,150,1.951477
2177,150,3.571875
2228,150,18.445551
2176,151,1.444449
2177,151,1.981279
2184,151,4.255926
2185,151,1.069517
2228,151,11.698687
2229,151,12.572865
2159,152,1.542778
2174,152,1.293446
2175,152,1.200276
2176,152,2.213928
2177,152,5.75456
2184,152,3.713332
2228,152,18.890656
2229,152,15.06812
2159,153,2.018009
2162,153,3.883677
2163,153,3.058383
2164,153,3.544167
2165,153,1.630417
2166,153,2.545615
2167,153,3.478736
2168,153,3.263155
2169,153,1.760085
2170,153,1.866296
2171,153,1.567068
2176,153,2.997785
2177,153,5.334118
2184,153,5.495784
2185,153,2.041685
2229,153,3.351578
2116,154,45.535469
2117,154,37.53223
2120,154,16.630362
2121,154,22.423634
2158,154,1.189236
2159,154,1.348716
2162,154,1.164549
2165,154,2.620427
2174,154,1.619007
2175,154,1.256766
2184,154,70.605675
2185,154,1.145107
2187,154,6.989766
2191,154,3.030631
2192,154,6.867254
2194,154,13.907509
2205,154,2.043755
2206,154,1.118695
2208,154,2.655075
2209,154,3.76155
2210,154,3.73841
2211,154,2.782193
2212,154,4.285436
2213,154,5.50123
2214,154,5.850134
2215,154,8.280608
2216,154,7.108209
2217,154,5.670171
2218,154,9.314302
2219,154,4.484928
2220,154,5.827827
2221,154,3.481712
2117,155,10.176235
2118,155,15.28669
2119,155,15.23736
2121,155,13.059505
2122,155,2.886052
2123,155,7.502454
2124,155,25.078323
2135,155,6.209772
2136,155,13.610464
2139,155,17.317558
2149,155,13.036276
2154,155,12.91044
2155,155,14.407507
2162,155,1.62067
2187,155,4.350498
2204,155,5.646532
2218,155,11.536288
2219,155,11.693253
2221,155,4.540495
2222,155,9.417504
2144,156,2.969237
2145,156,13.103407
2146,156,2.482495
2227,158,19.616943
2228,158,11.781904
2230,158,2.256352
2234,158,1.429194
2226,159,5.261714
2227,159,6.569115
2228,159,4.880202
2231,159,2.493897
2232,159,1.226594
2233,159,1.973903
2234,159,1.158815
2236,159,1.253229
2239,159,1.347845
2240,159,2.121829
2232,160,1.12814
2233,160,3.427977
2234,160,4.384673
2235,160,3.275605
2236,160,2.076603
2237,160,1.797986
2240,160,2.56533
2241,160,1.03645
2242,160,1.847715
2232,161,6.313883
2233,161,2.368013
2234,161,1.584263
2235,161,2.908779
2236,161,1.695378
2237,161,5.23207
2238,161,1.422597
2241,161,2.546395
2242,161,14.757923
2216,162,8.115238
2235,162,2.392686
2236,162,2.138814
2237,162,1.432121
2238,162,1.382536
2242,162,1.514934
2243,162,4.308675
2235,163,11.741027
2236,163,11.643323
2237,163,5.937201
2238,163,4.541618
2239,163,1.547793
2241,163,3.316022
2242,163,1.802343
2243,163,1.675431
2168,170,84.576286
2169,170,49.485439
2170,170,38.954964
2171,170,40.682629
2172,170,38.112541
2173,170,17.201801
2175,170,44.577915
2176,170,67.604271
2177,170,48.574066
2178,170,39.528496
2179,170,18.887762
2180,170,25.995106
2181,170,25.350941
2188,170,43.930672
2189,170,43.15464
2190,170,44.811516
2191,170,19.650984
2192,170,20.729702
2248,170,11.215051
2162,171,97.453743
2163,171,126.876518
2164,171,113.817513
2165,171,141.405655
2166,171,93.82708
2167,171,122.239067
2168,171,156.887192
2169,171,97.664696
2170,171,48.360947
2171,171,65.930382
2172,171,61.435825
2173,171,40.191933
2175,171,49.043682
2177,171,37.127151
2178,171,38.356392
2179,171,49.531425
2180,171,21.382818
2181,171,11.816132
2188,171,50.411034
2189,171,19.879053
2190,171,15.990472
2191,171,13.106141
2192,171,13.73937
2248,171,7.374858
2134,172,10.058578
2135,172,4.826304
2136,172,4.772676
2138,172,7.166052
2139,172,10.314376
2140,172,17.094826
2141,172,9.729904
2142,172,10.973012
2161,172,60.145741
2162,172,48.099049
2179,172,4.822318
2180,172,19.481123
2181,172,32.459423
2188,172,4.220098
2189,172,4.893807
2190,172,16.438402
2191,172,56.388927
2248,172,25.595486
2135,173,4.940597
2136,173,15.741512
2138,173,8.069726
2139,173,10.611371
2158,173,30.258678
2160,173,37.950489
2161,173,62.433315
2180,173,13.828279
2181,173,15.160236
2229,173,47.064861
2230,173,39.677448
2231,173,52.274422
2232,173,73.307076
2245,173,18.753798
2246,173,8.464212
2247,173,11.393289
2248,173,5.724519
2160,174,7.936435
2229,174,66.43367
2230,174,13.91746
2231,174,40.462284
2232,174,47.234211
2247,174,6.245995
2160,175,52.625626
2161,175,21.972977
2229,175,29.499567
2230,175,40.231499
2233,175,37.379883
2160,176,64.96669
2161,176,24.226368
2245,176,7.274584
2246,176,4.829898
2247,176,6.387386
2248,176,2.628225
2242,177,21.489601
2245,177,1.610145
2246,177,3.760774
2247,177,1.05223
2248,177,1.760646
2249,177,3.252534
2241,178,83.364922
2242,178,23.413467
2245,178,1.335253
2248,178,2.660064
2241,179,13.566498
2241,180,9.157168
2242,180,10.789368
2243,180,7.177109
2107,181,28.329748
2108,181,17.125309
2109,181,15.824823
2110,181,5.504393
2243,181,27.132135
2247,181,11.985112
2107,182,26.635252
2108,182,16.78606
2109,182,25.182661
2110,182,10.261225
2111,182,5.226712
2245,182,24.065348
2246,182,16.942459
2247,182,10.503708
2109,183,14.525733
2110,183,34.790699
2111,183,7.543481
2247,183,4.712007
2110,184,28.75186
2111,184,25.629873
2244,184,1.110003
2247,184,11.385526
2111,185,24.215637
2116,185,4.154923
2244,185,1.983844
2111,186,11.715136
2117,186,1.024955
2120,186,1.18065
2121,186,5.551455
2122,186,1.428719
2123,186,3.654379
2184,186,101.85746
2241,186,15.26388
2242,186,22.777729
2243,186,11.708152
2245,186,8.295771
2246,186,4.461611
2111,187,1.144203
2117,187,2.707502
2118,187,1.98751
2119,187,1.80126
2120,187,3.183127
2121,187,1.226849
2123,187,1.261764
2133,187,20.292919
2137,187,2.981268
2242,187,9.351671
2243,187,4.872403
2125,188,1.428589
2126,188,3.211577
2133,188,4.339987
2134,188,2.62499
2135,188,1.834383
2137,188,1.947033
2138,188,1.10322
2140,188,2.269893
2141,188,1.238291
2142,188,1.292874
2143,188,1.265951
2144,188,2.02771
2145,188,1.057729
2146,188,1.868169
2147,188,2.417506
2148,188,2.046788
2149,188,2.010723
2150,188,1.574018
2151,188,6.466542
2240,188,2.655195
2241,188,1.268722
2242,188,4.268092
2243,188,12.579192
2244,188,1.361802
2245,188,1.538752
2246,188,5.10368
2110,189,29.97065
2133,189,3.019473
2134,189,7.969965
2135,189,5.074276
2136,189,3.237228
2137,189,2.120412
2138,189,4.386517
2139,189,3.932189
2140,189,1.618757
2141,189,5.597688
2142,189,3.042703
2143,189,3.5482
2144,189,6.184886
2145,189,59.506855
2146,189,61.872456
2147,189,1.902966
2148,189,2.215136
2149,189,3.347186
2150,189,3.1536
2151,189,4.145128
2241,189,13.305279
2242,189,4.569914
2244,189,1.40077
2245,189,1.058263
2110,190,38.989357
2246,190,1.310676
2247,191,3.250099
2110,192,1.22837
2247,192,1.591585
2248,193,2.606716
2245,195,2.11339
2243,196,4.483323
2244,196,3.116775
2110,198,1.214443
2137,198,4.199927
2138,198,4.184573
2139,198,6.390963
2140,198,8.608238
2141,198,13.283435
2142,198,19.581572
2143,198,16.426668
2144,198,7.61103
2145,198,8.550865
2146,198,7.96378
2147,198,34.883846
2148,198,24.401714
2149,198,106.097778
2150,198,128.035248
2161,198,21.175318
2162,198,26.024464
2163,198,22.568455
2164,198,54.23885
2165,198,26.978178
2166,198,46.664257
2190,198,26.289192
2191,198,41.213436
2109,199,7.068572
2137,199,11.891627
2138,199,5.378443
2139,199,1.338053
2140,199,1.581411
2141,199,2.702776
2142,199,2.889197
2143,199,13.701756
2144,199,5.592686
2145,199,4.306224
2146,199,8.64496
2147,199,8.859614
2148,199,7.66582
2160,199,22.294138
2161,199,19.698631
2162,199,18.447729
2190,199,5.370898
2191,199,44.146889
2129,200,7.636174
2130,200,4.815371
2137,200,36.478039
2138,200,6.617282
2139,200,1.506492
2140,200,2.733557
2141,200,1.49519
2142,200,2.423158
2143,200,1.476657
2144,200,3.223149
2145,200,3.448414
2146,200,5.692142
2147,200,9.284923
2148,200,16.19626
2149,200,8.557565
2190,200,4.551745
2191,200,3.442942
2199,200,84.825432
2120,201,5.644711
2121,201,2.212028
2123,201,5.399101
2125,201,2.027569
2127,201,1.684603
2128,201,3.15122
2129,201,2.531183
2130,201,2.598601
2138,201,11.3316
2139,201,2.128931
2140,201,7.302252
2141,201,1.128225
2142,201,5.030704
2143,201,3.876444
2144,201,2.728834
2145,201,12.729706
2146,201,13.228284
2147,201,5.886246
2148,201,13.572444
2149,201,13.864671
2190,201,3.786275
2191,201,7.621051
2197,201,36.849308
2198,201,235.919907
2199,201,6.919621
2200,201,30.316668
2201,201,11.726016
2202,201,56.966572
2203,201,45.229233
2120,202,16.341351
2121,202,1.416368
2122,202,2.927767
2123,202,3.591407
2125,202,4.922874
2126,202,3.081074
2127,202,5.829069
2128,202,6.780791
2129,202,6.922649
2138,202,3.933245
2139,202,1.920076
2140,202,5.103606
2141,202,5.717956
2142,202,16.122301
2143,202,10.007691
2144,202,5.52466
2145,202,5.073889
2146,202,4.87259
2147,202,20.675888
2190,202,6.861056
2191,202,30.763708
2197,202,38.791813
2198,202,27.958937
2199,202,7.996838
2200,202,7.680332
2202,202,22.168455
2203,202,105.05706
2204,202,23.962593
2205,202,15.470458
2120,203,7.329127
2121,203,5.470961
2125,203,14.312936
2126,203,6.863103
2127,203,6.588471
2140,203,25.095245
2141,203,14.499017
2142,203,16.994038
2146,203,16.204746
2190,203,6.567263
2191,203,9.916815
2197,203,13.461238
2198,203,39.313396
2199,203,12.333375
2200,203,2.217865
2201,203,80.767792
2202,203,18.03389
2203,203,94.868134
2106,204,29.275944
2107,204,19.783791
2108,204,20.694237
2109,204,18.204275
2197,204,10.405643
2198,204,6.636559
2199,204,11.868014
2200,204,5.101195
2201,204,12.960715
2202,204,13.108414
2238,204,4.490843
2106,205,7.910991
2107,205,7.041831
2108,205,5.671622
2109,205,29.57811
2184,205,1.612853
2198,205,10.655541
2199,205,17.530413
2200,205,8.345137
2201,205,1.102248
2202,205,47.042843
2230,205,9.2838
2235,205,3.69865
2107,206,1.671467
2108,206,3.027369
2109,206,19.744473
2110,206,21.112202
2184,206,1.594515
2185,206,1.161556
2199,206,15.634897
2200,206,14.72489
2201,206,11.923477
2237,206,1.698411
2242,206,3.102978
2107,207,2.915405
2108,207,7.478702
2109,207,12.801691
2110,207,8.1862
2200,207,13.746414
2202,207,33.63142
2243,208,1.972914
2110,209,2.358355
2234,209,6.773979
