2285,1211,3.477186
2286,1211,1.679514
2287,1211,157.219696
2285,1212,6.093474
2287,1212,349.265045
2285,1213,289.935883
2286,1213,168.438934
2244,1217,6.172657
2244,1218,12.214273
2245,1218,5.737873
2247,1218,4.563264
2248,1218,4.435186
2249,1218,5.49228
2245,1219,5.690605
2246,1219,2.454909
2247,1219,1.557054
2248,1219,3.108654
2249,1219,9.293588
2250,1219,7.715889
2251,1219,8.378685
2252,1219,26.973726
2253,1219,34.020077
2246,1220,1.126534
2247,1220,1.047108
2248,1220,1.233362
2249,1220,1.787579
2250,1220,2.4647
2251,1220,7.505314
2252,1220,12.409715
2253,1220,40.980076
2249,1221,1.524572
2250,1221,3.012443
2251,1221,7.144041
2252,1221,14.197914
2253,1221,49.661659
2435,1221,55.022324
2438,1221,39.872765
2439,1221,54.171265
2440,1221,284.447388
2245,1222,14.323864
2246,1222,2.288735
2251,1222,4.970263
2252,1222,13.770902
2253,1222,29.897972
2245,1223,42.483242
2246,1223,5.03756
2249,1223,1.381564
2250,1223,2.300129
2251,1223,10.210077
2252,1223,12.349808
2253,1223,25.455109
2245,1224,33.610718
2248,1224,1.518621
2250,1224,1.938812
2251,1224,8.731658
2252,1224,29.73325
2244,1225,11.767069
2245,1225,1.206054
2249,1225,1.118179
2250,1225,2.983539
2251,1225,5.936716
2252,1225,25.376684
2282,1225,123.343925
2244,1226,8.625237
2245,1226,1.109428
2248,1226,1.422447
2249,1226,1.210413
2250,1226,2.370621
2251,1226,8.459667
2252,1226,51.557747
2282,1226,228.139343
2244,1227,4.204621
2250,1227,2.858863
2251,1227,13.983391
2252,1227,50.313046
2282,1227,19.721125
2243,1228,11.695827
2244,1228,1.939672
2246,1228,1.304839
2247,1228,1.029712
2249,1228,1.712109
2250,1228,2.220395
2251,1228,14.477918
2252,1228,44.222839
2243,1229,12.69482
2244,1229,3.185709
2245,1229,2.306379
2248,1229,1.074895
2249,1229,15.486107
2250,1229,12.286243
2251,1229,11.799612
2252,1229,32.06757
2416,1229,53.993851
2243,1230,3.662035
2244,1230,1.9026
2248,1230,7.635683
2249,1230,12.814219
2250,1230,51.874626
2243,1231,5.754567
2244,1231,1.260979
2245,1231,1.004234
2248,1231,9.599448
2249,1231,20.250416
2250,1231,51.806793
2242,1232,14.76842
2243,1232,17.358047
2244,1232,2.50829
2247,1232,1.395506
2248,1232,1.407345
2249,1232,12.754268
2250,1232,67.217613
2242,1233,34.749123
2243,1233,25.716743
2244,1233,4.64709
2245,1233,7.030651
2246,1233,7.852055
2247,1233,12.514163
2248,1233,7.295926
2249,1233,21.958851
2250,1233,81.993149
2242,1234,75.601074
2243,1234,65.118454
2244,1234,42.684105
2245,1234,54.835049
2247,1234,37.834045
2248,1234,38.279865
2249,1234,30.211658
2250,1234,129.493881
2264,1234,8.312797
2242,1236,186.449432
2154,1242,65.262558
2155,1242,99.484627
2156,1242,233.413712
2157,1242,32.278385
2158,1242,36.825985
2159,1242,36.549438
2160,1242,123.50737
2162,1242,31.58905
2165,1242,125.022217
2170,1242,13.390211
2153,1243,23.336542
2166,1243,393.722626
2167,1243,228.813202
2170,1243,84.163452
2171,1244,806.364014
2153,1245,33.757191
2158,1249,41.565701
2159,1249,10.695102
2160,1249,3.61938
2161,1250,235.286865
2162,1250,143.917847
2167,1250,30.81888
2167,1251,166.918808
2162,1252,103.50489
2163,1252,238.076508
2167,1252,121.909958
2162,1253,393.711334
2163,1253,362.492096
2164,1253,230.165314
2165,1253,70.391342
2065,1270,138.316422
2066,1270,139.979294
2176,1288,166.764618
2144,1289,74.703255
2144,1290,25.254795
2174,1290,64.713348
2175,1290,77.870499
2176,1290,30.093248
2177,1290,21.478937
2178,1290,11.620871
2179,1290,41.44603
2079,1291,145.056778
2142,1291,78.276154
2143,1291,246.591553
2146,1291,12.277726
2174,1291,186.761337
2175,1291,49.124432
2176,1291,32.688332
2177,1291,12.534996
2178,1291,19.622677
2179,1291,60.154919
2083,1292,16.473351
2173,1292,15.067541
2174,1292,27.574045
2175,1292,29.946346
2176,1292,8.529655
2177,1292,10.459693
2178,1292,6.83253
2173,1293,15.600442
2174,1293,16.065079
2175,1293,30.54068
2176,1293,8.168477
2177,1293,14.195502
2178,1293,3.372194
2179,1293,20.351606
2102,1294,6.795014
2172,1294,29.588861
2173,1294,17.627008
2174,1294,6.8553
2175,1294,7.743679
2176,1294,7.854433
2177,1294,1.98883
2178,1294,5.109921
2179,1294,8.332828
2092,1295,4.477524
2093,1295,28.138227
2100,1295,127.120079
2101,1295,7.483679
2102,1295,2.932233
2103,1295,6.869398
2173,1295,10.048832
2174,1295,18.543093
2175,1295,5.409008
2176,1295,3.901515
2177,1295,4.211439
2178,1295,5.109921
2179,1295,7.837854
2103,1296,10.030169
2173,1296,34.491337
2174,1296,39.333954
2175,1296,11.273366
2176,1296,1.173298
2177,1296,7.178307
2178,1296,6.289072
2179,1296,87.53054
2173,1297,27.919722
2174,1297,20.761587
2175,1297,9.05414
2176,1297,2.928629
2177,1297,1.893795
2178,1297,8.013979
2179,1297,25.088575
2102,1298,127.120079
2173,1298,27.919722
2174,1298,20.761587
2175,1298,9.05414
2176,1298,2.928629
2177,1298,1.893795
2178,1298,6.289072
2179,1298,16.313513
2092,1299,49.036812
2103,1299,6.820414
2173,1299,20.133562
2174,1299,30.122318
2175,1299,9.121092
2176,1299,1.173298
2177,1299,3.908081
2178,1299,6.489071
2179,1299,16.313513
2093,1300,49.043674
2173,1300,15.697519
2174,1300,37.477436
2175,1300,4.896967
2176,1300,4.375
2177,1300,6.75
2178,1300,2.376175
2179,1300,49.416882
2180,1300,50.059708
2059,1301,537.597412
2106,1301,7.475601
2107,1301,6.820414
2108,1301,1.054816
2161,1301,38.752121
2162,1301,20.694939
2173,1301,19.824709
2174,1301,6.793168
2175,1301,2.144787
2176,1301,3.655172
2177,1301,4.863636
2178,1301,3.261628
2179,1301,1.530366
2180,1301,2.197915
2102,1302,112.984268
2106,1302,6.825933
2162,1302,26.496992
2174,1302,9.457393
2175,1302,2.70189
2176,1302,11.082788
2177,1302,3.375264
2178,1302,3.511628
2180,1302,1.448773
2181,1302,5.616472
2182,1302,5.96554
2091,1303,3.382262
2092,1303,17.942179
2102,1303,15.362672
2107,1303,6.825933
2162,1303,64.748314
2173,1303,11.753423
2174,1303,16.997131
2175,1303,18.063126
2176,1303,12.298845
2177,1303,4.888679
2178,1303,1.697033
2180,1303,3.838061
2181,1303,1.146074
2182,1303,3.979172
2161,1304,337.051941
2162,1304,55.869633
2173,1304,12.250005
2174,1304,13.475782
2175,1304,33.692734
2176,1304,15.332173
2177,1304,22.872646
2181,1304,1.617593
2182,1304,4.867343
2104,1305,7.395282
2105,1305,6.860816
2111,1305,4.972738
2113,1305,36.624313
2160,1305,425.955872
2161,1305,283.971283
2162,1305,16.275009
2163,1305,18.737558
2164,1305,7.903042
2173,1305,15.685778
2174,1305,17.18642
2175,1305,15.078369
2176,1305,3.116164
2177,1305,1.65567
2178,1305,2.12171
2179,1305,2.19171
2181,1305,7.675936
2093,1306,21.03561
2094,1306,154.994583
2104,1306,6.754876
2107,1306,7.506091
2108,1306,7.506091
2162,1306,12.585355
2163,1306,20.464315
2164,1306,36.796761
2173,1306,16.021894
2174,1306,15.37161
2175,1306,4.399343
2176,1306,3.370751
2177,1306,7.069808
2178,1306,3.265062
2104,1307,6.899446
2109,1307,10.03061
2111,1307,1.699823
2114,1307,1.434895
2173,1307,7.257021
2174,1307,9.909696
2175,1307,9.933752
2176,1307,11.906038
2177,1307,3.690373
2109,1308,6.8546
2111,1308,6.8546
2092,1309,28.169146
2104,1309,10.079659
2105,1309,10.071078
2106,1309,7.523017
2109,1309,10.030169
2111,1309,10.030169
2120,1309,6.715093
2121,1309,7.497394
2122,1309,10.410064
2087,1310,23.409014
2112,1310,10.030169
2119,1310,7.49711
2088,1311,27.34099
2107,1311,10.009602
2111,1311,6.869398
2112,1311,10.096644
2113,1311,6.843844
2091,1312,55.402214
2121,1314,5.021662
2122,1314,6.757475
2124,1314,3.37288
2160,1314,196.912231
2163,1314,77.697212
2164,1314,30.502043
2114,1315,7.202933
2118,1315,7.483679
2121,1315,4.622694
2122,1315,5.541831
2124,1315,3.358171
2126,1315,34.791679
2129,1315,7.506091
2140,1315,15.433399
2163,1315,6.655279
2167,1315,11.264346
2183,1315,17.437777
2184,1315,7.268776
2099,1316,91.030861
2104,1316,6.860816
2105,1316,7.395282
2116,1316,6.843844
2117,1316,10.006347
2121,1316,4.045782
2124,1316,11.213578
2128,1316,3.733935
2129,1316,4.600067
2133,1316,9.974567
2140,1316,7.477304
2141,1316,2.382262
2142,1316,2.419011
2153,1316,5.591149
2177,1316,59.829544
2178,1316,17.680502
2183,1316,1.263413
2184,1316,5.976403
2083,1317,18.763254
2104,1317,10.006347
2111,1317,10.40845
2112,1317,7.086959
2113,1317,6.867241
2119,1317,8.725992
2124,1317,7.040263
2125,1317,15.953303
2126,1317,10.445198
2127,1317,8.543563
2128,1317,4.040689
2137,1317,7.773683
2138,1317,7.498947
2139,1317,7.468761
2140,1317,2.890294
2147,1317,1.717119
2149,1317,1.015885
2150,1317,1.43139
2165,1317,9.892575
2166,1317,3.012501
2167,1317,14.981544
2177,1317,125.577209
2178,1317,18.787504
2183,1317,2.488729
2184,1317,7.60268
2094,1318,4.684963
2096,1318,8.748781
2098,1318,21.402056
2100,1318,12.303572
2108,1318,6.869797
2109,1318,10.103069
2112,1318,7.773683
2113,1318,10.105625
2117,1318,6.869797
2121,1318,14.762781
2124,1318,7.209149
2125,1318,5.748912
2127,1318,5.693236
2131,1318,9.323154
2133,1318,1.015885
2137,1318,2.890699
2138,1318,2.459542
2139,1318,3.916682
2145,1318,4.90383
2164,1318,22.78212
2165,1318,8.555264
2166,1318,4.565354
2167,1318,1.113564
2183,1318,3.44549
2184,1318,7.656727
2094,1319,8.470982
2096,1319,9.679442
2098,1319,10.858132
2112,1319,6.889722
2121,1319,10.40845
2122,1319,12.030441
2123,1319,12.97571
2127,1319,24.338818
2129,1319,45.979252
2131,1319,1.007896
2134,1319,1.041984
2144,1319,9.769397
2164,1319,24.786482
2165,1319,8.059755
2166,1319,2.756479
2178,1319,11.013803
2183,1319,1.668337
2184,1319,6.025785
2090,1320,10.390996
2091,1320,1.959597
2092,1320,8.408008
2094,1320,4.60723
2096,1320,8.017519
2097,1320,9.127046
2107,1320,6.869797
2111,1320,6.8546
2112,1320,6.8546
2121,1320,10.410064
2122,1320,52.170719
2127,1320,25.424074
2130,1320,20.281685
2131,1320,3.360572
2132,1320,1.044232
2141,1320,1.713402
2150,1320,16.392735
2163,1320,2.735632
2164,1320,2.756479
2177,1320,23.607826
2184,1320,10.130556
2094,1321,13.586321
2107,1321,7.081398
2108,1321,6.681847
2109,1321,7.506091
2110,1321,7.483679
2128,1321,25.424074
2129,1321,6.64874
2130,1321,4.216824
2139,1321,12.79853
2140,1321,1.442891
2142,1321,3.469774
2146,1321,1.763957
2151,1321,5.557895
2171,1321,5.491601
2178,1321,20.42252
2179,1321,14.419865
2091,1322,19.302992
2092,1322,39.001537
2093,1322,75.312477
2094,1322,77.043701
2095,1322,99.644165
2096,1322,5.732937
2097,1322,7.737515
2098,1322,7.783633
2099,1322,17.033415
2100,1322,6.85065
2106,1322,10.103122
2107,1322,2.991416
2108,1322,2.900957
2109,1322,6.85814
2112,1322,10.105625
2125,1322,10.964403
2134,1322,5.99766
2138,1322,174.78685
2139,1322,5.841331
2142,1322,9.916328
2144,1322,4.724704
2145,1322,8.761538
2147,1322,7.956174
2148,1322,16.844713
2169,1322,10.331001
2170,1322,4.926885
2171,1322,6.441824
2177,1322,13.215882
2178,1322,17.719845
2179,1322,2.728433
2091,1323,21.318863
2092,1323,21.562571
2093,1323,21.562571
2095,1323,6.548393
2100,1323,9.961232
2108,1323,6.652001
2110,1323,6.85814
2111,1323,9.98503
2112,1323,7.773683
2113,1323,7.506091
2114,1323,6.860816
2121,1323,10.037379
2122,1323,6.820851
2132,1323,18.458036
2133,1323,94.360519
2134,1323,31.031157
2137,1323,75.282173
2142,1323,14.326296
2144,1323,27.899212
2145,1323,20.090067
2146,1323,5.583644
2147,1323,7.800844
2148,1323,3.120599
2170,1323,5.458717
2181,1323,110.889435
2184,1323,7.63486
2087,1324,14.313465
2099,1324,25.326708
2105,1324,6.85814
2106,1324,7.482412
2107,1324,6.652001
2108,1324,6.787511
2111,1324,2.890755
2113,1324,6.822528
2132,1324,24.360086
2133,1324,29.995617
2134,1324,11.224781
2135,1324,80.823883
2136,1324,17.142004
2137,1324,1.709753
2138,1324,2.092782
2139,1324,4.216707
2140,1324,111.717751
2141,1324,23.207661
2142,1324,21.779869
2143,1324,5.862306
2144,1324,1.433857
2149,1324,2.867854
2168,1324,6.156559
2169,1324,6.429469
2170,1324,8.39326
2171,1324,11.496202
2178,1324,14.608063
2179,1324,37.761105
2181,1324,1.57018
2089,1325,2.631456
2090,1325,10.412076
2091,1325,16.982109
2092,1325,10.412076
2093,1325,3.342741
2097,1325,12.378056
2098,1325,16.374142
2099,1325,2.42952
2108,1325,9.986079
2111,1325,7.482412
2113,1325,9.982514
2115,1325,6.613726
2131,1325,28.374941
2133,1325,7.843358
2134,1325,2.681156
2135,1325,19.130655
2136,1325,5.830752
2139,1325,10.52542
2140,1325,31.659575
2141,1325,4.5755
2142,1325,7.818829
2143,1325,8.773038
2145,1325,7.472286
2147,1325,10.956985
2181,1325,16.974751
2090,1326,21.33572
2091,1326,7.955737
2098,1326,25.274023
2099,1326,7.436677
2105,1326,6.6956
2106,1326,2.90968
2107,1326,6.619929
2132,1326,28.374941
2133,1326,7.478785
2134,1326,14.273696
2135,1326,5.262303
2136,1326,4.074571
2137,1326,5.839527
2138,1326,4.744888
2139,1326,14.898439
2140,1326,1.058849
2141,1326,1.744951
2143,1326,5.593034
2144,1326,7.522485
2147,1326,10.95518
2169,1326,9.143572
2171,1326,10.881986
2172,1326,9.110318
2178,1326,21.841343
2179,1326,37.891521
2180,1326,4.660958
2181,1326,13.839163
2091,1327,10.406412
2093,1327,6.570528
2100,1327,7.444624
2101,1327,7.444624
2102,1327,9.953285
2107,1327,6.650734
2108,1327,10.037379
2110,1327,9.986079
2124,1327,6.844841
2130,1327,8.778287
2131,1327,11.423052
2132,1327,13.636163
2137,1327,1.441969
2140,1327,4.043839
2143,1327,10.570612
2145,1327,28.364254
2168,1327,8.39326
2172,1327,13.435309
2180,1327,4.763802
2181,1327,2.845258
2091,1328,14.139067
2094,1328,7.458038
2095,1328,1.67922
2102,1328,7.458194
2106,1328,124.459984
2117,1328,7.470018
2119,1328,7.506091
2125,1328,6.825933
2132,1328,24.431541
2137,1328,5.612465
2140,1328,19.757282
2141,1328,4.219445
2142,1328,13.751443
2143,1328,9.860762
2144,1328,43.355671
2145,1328,24.142693
2146,1328,11.44896
2168,1328,17.702988
2169,1328,8.383592
2170,1328,9.061248
2171,1328,10.734182
2172,1328,8.457136
2178,1328,108.202637
2102,1329,7.438783
2119,1329,6.679559
2122,1329,9.953285
2124,1329,6.825933
2125,1329,6.820414
2139,1329,26.482462
2140,1329,4.74529
2142,1329,51.483173
2143,1329,8.342239
2144,1329,11.44896
2145,1329,7.112315
2146,1329,12.749646
2170,1329,99.929764
2181,1329,2.805338
2066,1330,62.154667
2093,1330,21.340349
2094,1330,1.276853
2102,1330,9.509266
2109,1330,6.801877
2110,1330,7.438783
2111,1330,2.890792
2112,1330,388.044464
2113,1330,95.311287
2119,1330,7.436677
2123,1330,7.467601
2126,1330,6.820414
2131,1330,28.312805
2135,1330,15.663042
2137,1330,39.729534
2140,1330,5.473588
2141,1330,6.016284
2142,1330,5.477238
2143,1330,3.488118
2144,1330,14.705997
2153,1330,136.413818
2182,1330,2.813379
2089,1331,12.588699
2092,1331,5.549795
2093,1331,1.151132
2099,1331,1.550199
2100,1331,25.179253
2101,1331,3.175002
2107,1331,363.881348
2111,1331,3.914716
2113,1331,2.5205
2116,1331,7.506091
2117,1331,6.812357
2122,1331,7.46284
2123,1331,6.640793
2124,1331,7.467601
2125,1331,7.46284
2126,1331,6.630861
2129,1331,10.006347
2130,1331,6.615946
2131,1331,3.91685
2135,1331,25.598475
2136,1331,322.183533
2137,1331,179.326721
2154,1331,41.948746
2157,1331,1.395971
2111,1332,2.354772
2114,1332,4.363805
2115,1332,2.849701
2117,1332,7.467601
2120,1332,6.622698
2121,1332,2.890393
2122,1332,2.371694
2123,1332,12.672967
2124,1332,6.655279
2126,1332,2.915141
2127,1332,21.199806
2130,1332,2.931725
2132,1332,2.419992
2135,1332,23.148724
2136,1332,16.811361
2137,1332,179.396973
2180,1332,8.255001
2181,1332,4.386304
2093,1333,3.057681
2102,1333,16.58802
2108,1333,84.00576
2109,1333,2.346783
2110,1333,3.962601
2111,1333,4.125355
2112,1333,2.354772
2113,1333,3.908903
2115,1333,3.914716
2116,1333,6.639337
2122,1333,6.65626
2125,1333,6.630861
2126,1333,2.419591
2127,1333,2.873758
2128,1333,91.441238
2132,1333,2.451048
2133,1333,3.564938
2134,1333,9.15809
2170,1333,20.672602
2181,1333,8.364553
2182,1333,6.465086
2103,1334,16.58802
2104,1334,7.400184
2112,1334,2.354772
2116,1334,2.849701
2117,1334,6.639337
2118,1334,6.820414
2119,1334,6.820414
2120,1334,6.622698
2121,1334,2.892913
2127,1334,2.941752
2128,1334,43.317619
2130,1334,2.904901
2131,1334,27.907042
2132,1334,10.800879
2134,1334,1.197799
2145,1334,12.280735
2146,1334,17.434822
2172,1334,355.965393
2173,1334,20.677557
2182,1334,6.18609
2183,1334,6.104274
2184,1334,5.88043
2108,1335,3.916892
2113,1335,2.354772
2114,1335,2.354772
2115,1335,2.354772
2117,1335,2.378829
2119,1335,2.381221
2121,1335,6.65626
2123,1335,6.856549
2126,1335,2.906326
2127,1335,4.000487
2128,1335,7.438783
2129,1335,6.823296
2130,1335,8.48368
2132,1335,1.065246
2144,1335,45.785854
2145,1335,17.393013
2148,1335,12.334889
2149,1335,9.909775
2183,1335,16.913332
2184,1335,8.54897
2104,1336,2.906326
2111,1336,3.394592
2116,1336,2.354772
2117,1336,3.908903
2118,1336,2.378829
2119,1336,3.93375
2120,1336,2.904901
2123,1336,6.655279
2124,1336,6.850586
2142,1336,189.467651
2143,1336,203.448181
2147,1336,4.416167
2148,1336,22.572563
2149,1336,19.183569
2184,1336,13.088834
2112,1337,2.394593
2121,1337,2.904901
2122,1337,47.034157
2123,1337,16.431017
2124,1337,25.059631
2140,1337,108.374626
2145,1337,11.846079
2147,1337,21.945646
2148,1337,15.677382
2149,1337,9.363917
2181,1337,3.187117
2184,1337,52.941029
2124,1338,12.292366
2135,1338,2.792729
2136,1338,47.640476
2137,1338,19.072945
2139,1338,164.447769
2142,1338,30.802212
2145,1338,5.821242
2148,1338,13.810997
2149,1338,289.382172
2117,1339,3.957946
2134,1339,62.561111
2135,1339,7.205445
2141,1339,16.829815
2148,1339,14.95016
2132,1340,160.805252
2133,1340,96.552956
2134,1340,29.05727
2140,1340,5.675733
2149,1340,29.532658
2069,1341,3.923258
2131,1341,13.217576
2140,1341,1.150868
2141,1341,19.293701
2147,1341,17.203114
2082,1342,4.88726
2130,1342,14.711033
2138,1342,6.928497
2139,1342,2.644245
2141,1342,153.252563
2142,1342,10.921677
2143,1342,17.030935
2144,1342,137.814713
2145,1342,18.855112
2146,1342,19.982704
2157,1342,2.10727
2183,1342,9.856593
2137,1343,1.393775
2140,1343,3.297558
2141,1343,12.859757
2142,1343,20.314484
2143,1343,32.172642
2144,1343,43.350742
2145,1343,12.089963
2157,1343,2.913167
2125,1344,6.968178
2138,1344,1.393775
2140,1344,2.907899
2141,1344,1.721631
2142,1344,2.872541
2143,1344,1.554343
2144,1344,47.327602
2136,1345,1.72883
2138,1345,1.193694
2141,1345,1.19032
2143,1345,33.143681
2144,1345,83.294296
2145,1345,16.625385
2150,1345,14.221317
2136,1346,1.021783
2140,1346,3.68635
2143,1346,50.968792
2144,1346,56.924923
2147,1346,578.016846
2138,1347,6.803452
2141,1347,3.68635
2143,1347,42.535286
2144,1347,2.077338
2145,1347,37.988617
2148,1347,45.322136
2141,1348,99.300423
2142,1348,6.940979
2143,1348,52.165882
2146,1348,78.445763
2147,1348,191.446045
2148,1348,291.54361
2140,1349,11.413342
2183,1349,4.435745
2138,1350,4.071218
2153,1350,256.852844
2161,1350,325.16095
2183,1350,1.662578
2184,1350,15.321154
2146,1351,115.423561
2151,1351,655.673767
2152,1351,392.420746
2184,1351,27.491199
2183,1352,1.009997
2147,1353,1.451203
2153,1353,390.296875
2166,1353,13.192984
2183,1353,2.572474
2148,1354,9.277537
2153,1354,30.032309
2160,1354,284.913605
2162,1354,284.913605
2163,1354,70.63015
2137,1355,13.660728
2138,1355,8.650447
2139,1355,6.650261
2148,1355,71.390938
2153,1355,307.395081
2130,1356,1.869133
2132,1356,2.821298
2133,1356,1.247046
2136,1356,4.465955
2138,1356,11.468942
2139,1356,15.553124
2148,1356,91.469696
2149,1356,62.791946
2163,1356,297.954285
2176,1356,2.678841
2122,1357,122.503036
2123,1357,3.322141
2124,1357,2.163046
2130,1357,1.042066
2139,1357,1.481309
2141,1357,3.05869
2162,1357,408.174713
2166,1357,45.564754
2172,1357,4.491263
2173,1357,4.491131
2176,1357,2.711364
2120,1358,15.267529
2121,1358,3.827542
2122,1358,10.125556
2163,1358,42.575657
2164,1358,46.911316
2166,1358,45.592281
2168,1358,13.211408
2177,1358,4.497915
2143,1359,20.589283
2144,1359,32.456875
2150,1359,2.105402
2151,1359,515.641907
2156,1359,404.943481
2157,1359,404.943481
2164,1359,42.575657
2176,1359,4.487985
2177,1359,2.677786
2182,1359,1.931227
2042,1360,4.957613
2143,1360,460.974884
2157,1360,54.723797
2158,1360,115.426346
2162,1360,411.060272
2163,1360,42.575657
2164,1360,70.620224
2165,1360,45.602211
2172,1360,4.802598
2153,1361,30.04677
2155,1361,61.363323
2156,1361,61.371174
2157,1361,45.967682
2158,1361,41.087818
2159,1361,288.481171
2165,1361,51.568623
2169,1361,46.220818
2170,1361,2.667856
2171,1361,2.762831
2172,1361,3.614857
2173,1361,4.788629
2153,1362,408.304382
2155,1362,65.353691
2156,1362,56.265862
2158,1362,5.04161
2162,1362,70.311028
2167,1362,46.911316
2169,1362,46.233826
2171,1362,1.566736
2172,1362,5.597291
2175,1362,2.677786
2184,1362,2.768506
2152,1363,116.06179
2153,1363,469.19165
2162,1363,51.558693
2163,1363,79.555916
2164,1363,70.63015
2165,1363,62.214458
2166,1363,46.911316
2167,1363,64.246681
2173,1363,1.620111
2175,1363,5.633077
2176,1363,1.463379
2182,1363,9.95048
2158,1364,404.942566
2159,1364,59.9506
2161,1364,291.757294
2164,1364,76.192451
2168,1364,10.26659
2169,1364,14.544176
2171,1364,1.624788
2172,1364,1.618005
2175,1364,1.451353
2176,1364,1.435651
2177,1364,5.608814
2156,1365,287.556702
2158,1365,287.553986
2161,1365,5.609092
2163,1365,48.519764
2165,1365,5.615448
2166,1365,15.029159
2168,1365,75.602837
2169,1365,2.746857
2171,1365,99.621742
2172,1365,1.573388
2153,1366,61.35603
2154,1366,287.546539
2156,1366,30.023813
2157,1366,287.542755
2158,1366,30.042238
2160,1366,45.960064
2163,1366,55.441948
2164,1366,22.839439
2165,1366,27.714611
2166,1366,15.046741
2167,1366,10.459377
2168,1366,44.662338
2169,1366,2.746857
2171,1366,99.640923
2172,1366,5.599162
2173,1366,2.720932
2174,1366,2.735632
2177,1366,2.746579
2153,1367,125.217957
2154,1367,56.230373
2155,1367,30.034386
2156,1367,56.849327
2157,1367,56.262657
2162,1367,55.448597
2163,1367,82.204391
2164,1367,1.473979
2166,1367,2.43427
2167,1367,1.566604
2173,1367,2.421621
2174,1367,5.608814
2177,1367,1.62451
2094,1368,12.33584
2156,1368,134.797348
2158,1368,57.669956
2159,1368,54.741943
2160,1368,1.573388
2161,1368,1.573388
2162,1368,2.411437
2163,1368,2.404446
2169,1368,5.610545
2174,1368,5.608814
2177,1368,1.62451
2171,1369,1.62451
2177,1369,4.779081
2167,1370,5.608814
2170,1370,2.746579
2173,1370,5.608814
2174,1370,16.337784
2175,1370,6.599564
2176,1370,1.624788
2177,1370,6.599564
2181,1370,58.411194
2172,1371,1.002563
2176,1371,1.454797
2181,1371,60.596905
2100,1372,1.26144
2176,1372,1.563458
2181,1372,44.164017
2097,1373,4.649559
2098,1373,4.371122
2099,1373,2.279289
2169,1373,1.045242
2170,1373,1.562163
2181,1373,16.749928
2103,1375,7.494604
2181,1375,33.476006
