1019,848,5.366924
1044,848,16.538218
1019,849,5.027191
1019,850,6.638833
1128,850,0.098166
1129,850,0.083832
1186,850,5.251214
1187,850,3.47578
1188,850,0.045416
1189,850,0.090053
1190,850,0.09778
1019,851,15.084446
1186,851,5.068881
1187,851,4.442234
1188,851,2.336802
1189,851,0.665397
1190,851,0.646376
1019,852,8.885685
1165,852,19.111948
1167,852,3.933994
1168,852,4.723982
1170,852,8.430252
1187,852,4.860366
1188,852,4.36878
1189,852,3.252097
1019,853,14.906703
1026,853,3.250475
1027,853,12.801071
1169,853,10.506281
1019,854,4.36732
1020,854,0.867464
1026,854,1.747186
1027,854,15.959354
1019,855,2.42031
1026,855,5.488458
1027,855,7.614852
1127,855,0.05625
1181,855,1.279401
1019,856,2.100841
1127,856,6.502939
1181,856,1.853732
1019,857,1.816186
1125,857,6.544855
1127,857,5.95218
1018,858,7.86067
1019,858,1.531531
1126,858,12.771306
1018,859,6.84517
1020,859,0.206349
1018,860,5.225419
1020,860,0.206349
1048,860,0.772727
954,861,0.681628
1018,861,5.225419
1020,861,0.206349
1048,861,0.772727
1018,862,4.409148
1126,862,4.629119
1127,862,10.469561
1128,862,14.39661
1182,862,2.571169
1183,862,3.112861
1185,862,7.714777
1186,862,12.961151
1187,862,7.149065
1188,862,9.596379
1189,862,13.676543
1018,863,3.963215
1125,863,4.524263
1181,863,1.462054
1182,863,1.750811
1183,863,2.139193
1184,863,1.523808
1185,863,1.306103
1186,863,25.637491
1187,863,22.117525
1188,863,10.556199
1189,863,5.678688
1018,864,3.886556
1018,865,3.84231
1187,865,27.657555
1017,866,5.476869
1018,866,3.84231
1037,866,0.206349
1127,866,0.036496
1017,867,5.476869
1018,867,5.786482
1019,867,1.531531
1041,867,1.496623
1045,867,0.772727
1187,867,8.003092
1188,867,15.39123
1189,867,13.55638
1017,868,8.807162
1018,868,7.995825
1019,868,8.801904
1186,868,9.15782
1188,868,20.882042
958,869,0.25
1187,869,7.793737
1188,869,24.666218
1189,869,23.059149
959,870,17.504965
1186,870,16.204927
1187,870,5.765554
1188,870,14.017623
1077,871,0.827712
1078,871,0.862626
1079,871,0.102564
955,872,5.46154
956,872,16.111067
1077,872,0.827712
1078,872,1.876178
1079,872,0.367903
1084,872,0.021739
1185,872,12.772733
1063,873,1.181514
1078,873,0.842087
1079,873,0.991724
1084,873,0.102564
1066,874,1.545454
1077,874,0.827712
1081,874,0.849451
1083,875,19.125
1085,875,19.125
1183,875,8.430974
1185,875,2.096477
1189,875,14.120901
1016,876,6.687071
1049,876,0.407767
1114,876,7.06898
1185,876,1.147934
1188,876,6.416224
1189,876,25.514614
1185,877,1.178164
1189,877,17.098219
1181,878,3.774428
1182,878,3.368111
1183,878,7.31598
1185,878,0.827864
1189,878,3.869554
1190,878,23.356365
1180,879,0.915286
1181,879,3.407748
1182,879,6.541318
1183,879,1.883403
1184,879,0.783855
1185,879,0.343855
1186,879,1.1657
1187,879,1.531791
1188,879,1.338219
1189,879,1.204453
1190,879,6.406745
1097,880,27.634171
1097,881,6.249435
1135,881,6.821501
1181,881,2.539914
1183,881,1.104187
1186,881,0.306182
1187,881,0.306182
1188,881,0.399743
1189,881,0.758717
1190,881,8.66553
1191,881,14.30336
1013,882,4.713855
1015,882,5.5916
1097,882,24.725742
1135,882,6.05815
1188,882,1.746607
1096,883,6.835493
1096,885,18.814693
1111,885,17.38755
1183,885,5.19129
1184,885,5.889252
1185,885,1.641872
1186,885,15.307562
1183,886,0.592418
1184,886,0.231332
1185,886,0.238124
1186,886,0.238124
1187,886,3.491703
1188,886,3.09104
1189,886,3.188806
1181,887,9.991753
1182,887,0.015267
1181,888,6.112982
1182,888,7.80464
1108,890,3.43183
1109,890,4.907194
1185,893,0.681037
1186,893,0.435921
1187,893,2.339187
1112,895,3.43183
1113,895,4.524263
1114,895,4.524263
1185,895,1.755526
1186,895,0.210897
1187,895,0.222567
1188,895,0.878551
1189,895,3.877994
1190,895,13.622856
1185,896,4.838152
1186,896,0.610855
1187,896,0.070175
1188,896,0.393031
1189,896,11.245575
1183,897,4.835146
1185,897,7.436526
1187,897,18.425747
1183,898,6.76642
1184,898,17.682343
1187,898,29.322647
1188,898,18.425446
1120,899,4.907194
1179,899,8.316874
1188,899,9.331656
1184,901,4.234102
1120,902,16.594799
1178,902,0.744378
1120,903,10.462741
1112,904,4.0
1113,904,8.358901
1114,904,4.372887
1180,904,3.359982
1114,905,17.613611
1182,906,2.15097
1080,908,1.530606
1114,908,12.28467
1122,908,4.524263
1114,909,1.771249
1122,909,4.524263
1167,909,17.524673
1171,909,3.544106
1091,910,18.516066
1093,910,22.683434
1114,911,11.74543
1118,911,7.713326
1121,911,0.685187
1115,912,11.74543
1121,912,6.533444
1148,912,3.000001
1149,912,2.503877
1150,912,1.530606
1151,912,1.530606
1152,912,2.503877
1153,912,5.300002
1154,912,4.40864
1155,912,4.934033
1156,912,1.886362
1158,912,5.300002
1171,912,0.358025
1172,912,0.358974
1173,912,0.204188
1174,912,0.145443
1147,913,0.31579
1148,913,1.417478
1149,913,1.530606
1152,913,1.530606
1154,913,4.553739
1156,913,2.902318
1158,913,2.503877
1159,913,4.553739
1171,913,0.220207
1172,913,0.204188
1173,913,0.204188
1174,913,0.145443
1147,914,0.335821
1171,914,0.128447
1172,914,0.145443
1173,914,0.145443
1174,914,0.145443
1079,915,9.5625
1187,917,7.290986
1188,917,0.066667
1189,917,3.153397
1179,918,6.119956
1183,918,1.561632
1188,918,2.735326
1190,918,25.963177
1166,923,3.894404
1188,925,6.172894
1189,925,6.648806
1190,926,20.265558
1110,929,9.261623
1152,931,23.608419
1153,931,26.551899
1148,932,27.519798
1149,932,16.455997
1150,932,17.030462
1151,932,22.1276
1152,932,5.966662
1153,932,9.34617
1182,934,0.335821
1183,934,0.291139
1184,934,0.606929
1185,934,0.606929
1182,935,0.335821
1186,935,0.128447
1181,937,0.335821
1180,941,0.826087
1183,943,0.826087
1184,943,3.241385
1180,944,1.916667
1181,944,3.241385
1147,945,9.997781
1148,945,6.651442
1149,945,10.380316
1179,945,1.042364
1141,946,18.356236
1143,946,18.289749
1150,946,9.63731
1151,946,0.65161
1152,946,2.102664
1153,946,1.206477
1159,946,7.776206
1160,946,8.656126
1150,947,20.409969
1154,947,22.387329
1156,947,10.183105
1157,947,19.39924
1179,947,4.368043
1164,948,26.055397
1119,950,20.529007
976,1257,8.670924
1168,959,22.343246
1153,961,23.134604
1170,963,1.916667
1170,964,1.916667
1184,964,29.750521
1170,965,1.916667
1185,965,24.156929
1170,966,1.916667
1171,967,0.826087
1169,968,23.351427
1170,969,2.619047
1170,970,6.80128
1171,971,15.245918
1164,979,26.963034
1165,979,11.289392
1166,979,21.654411
1167,979,7.048775
1169,979,28.835194
1170,979,14.692175
1172,979,14.336748
1173,979,14.336748
1164,980,11.102861
1165,980,14.818016
1166,980,9.999979
1167,980,6.142862
1168,980,7.142862
1173,980,11.452347
1174,980,11.452347
1174,981,26.000082
1177,982,16.476665
1134,983,17.604498
1131,985,24.609581
1132,985,5.929397
1134,1631,8.900739
1135,1631,5.229873
1136,1631,7.668839
1170,1063,6.661562
1177,1063,21.904312
1170,1064,6.661562
1177,1064,4.800505
1177,1065,3.734001
1171,1066,29.61635
1178,1066,21.399811
1178,1069,26.676813
982,1083,5.387403
934,1085,23.683891
994,1085,1.927536
995,1085,1.927536
936,1086,21.185652
990,1086,1.474578
936,1088,6.295129
933,1094,14.078334
933,1095,16.196045
933,1096,3.781162
933,1099,17.90167
934,1099,16.0597
946,1099,20.597078
949,1099,17.16959
933,1100,2.626459
946,1100,2.169193
947,1100,4.00134
948,1100,6.617949
949,1100,12.475272
950,1100,18.001986
946,1101,1.66308
947,1101,0.884616
949,1101,17.329479
950,1101,7.788152
948,1102,9.090699
949,1102,11.874938
950,1102,5.27351
949,1103,6.5581
950,1103,10.194239
946,1104,3.122406
947,1104,2.078383
948,1104,8.409734
942,1105,1.853175
943,1105,3.261905
944,1105,9.514208
945,1105,14.333334
942,1106,0.964286
1025,781,18.985195
946,782,8.171372
947,782,2.227168
1025,782,8.611596
947,783,4.900657
954,783,5.726829
1009,783,26.924994
1024,783,12.669176
1025,783,14.507953
953,784,6.218244
954,784,0.228403
958,784,6.227271
959,784,1.4123
1024,784,27.90835
954,785,0.187165
959,785,2.332183
960,785,2.245555
956,786,1.517811
957,786,2.520386
1051,786,7.981018
1052,786,18.062277
1050,787,2.060448
1051,787,2.138695
1052,787,2.940451
954,788,6.962066
955,788,1.766672
1051,788,6.404072
1052,788,7.115798
1151,1119,8.489679
960,790,4.209407
1151,1120,6.623207
995,791,6.367351
996,791,4.635992
953,792,20.765869
1025,792,7.831144
954,793,7.846267
955,793,6.151971
956,793,4.203611
1025,793,0.289204
1026,793,3.640362
954,794,19.405657
955,794,11.777338
956,794,19.428841
957,794,15.217194
1024,794,0.382261
1025,794,0.347533
1026,794,0.717445
1069,794,1.985427
954,795,14.181326
1024,795,0.034247
1025,795,0.122176
1069,795,1.808192
1024,796,0.057252
1025,796,0.075117
1069,796,2.017075
1078,1125,27.549448
950,797,3.67768
954,797,2.81765
1024,797,0.063052
1025,797,16.906927
1069,797,2.009549
1082,797,27.731234
1108,797,19.771862
1110,797,23.252487
1080,1126,8.5
1024,798,1.112369
1025,798,2.179924
1082,798,12.431073
1108,798,28.590637
1109,798,16.440842
1110,798,12.483036
1082,799,13.210895
1092,799,17.618704
1095,799,18.960583
1105,799,19.147818
1111,799,0.099674
1112,799,2.270375
1113,799,16.094181
1114,799,5.716081
1082,1128,7.222218
1025,800,1.336267
1026,800,1.892708
1083,800,18.874495
1084,800,10.176826
1092,800,9.897369
1094,800,12.629292
1105,800,21.266068
993,801,21.736586
994,801,16.023935
1025,801,2.167522
1092,801,8.185116
1094,801,22.249029
1105,801,22.519028
1025,802,1.31471
1093,802,22.086987
1105,802,17.5333
1025,803,0.935162
1104,803,7.288313
1105,803,7.395918
965,804,1.56439
1104,804,6.613953
1105,804,8.087612
960,805,10.018562
965,805,0.481625
1051,805,0.433155
1052,805,0.663793
1104,805,6.34721
1105,805,12.503634
1106,805,19.225515
1110,805,21.050797
988,806,25.999374
989,806,24.017063
993,806,15.166615
996,806,2.392921
1093,806,4.373109
1094,806,8.432181
1095,806,8.411888
1097,806,16.861156
1110,806,24.564873
1052,807,0.470589
1086,807,1.350743
1087,807,1.168363
1088,807,1.471087
1089,807,1.350743
1093,807,25.33054
1094,807,6.953148
1095,807,4.939458
1096,807,15.054743
1110,807,26.591244
1052,808,1.767121
1095,808,2.169303
1096,808,13.56342
1097,808,25.055908
1052,809,1.00909
1095,809,2.780802
1096,809,2.627588
1097,809,9.865876
1051,810,0.758243
1105,810,7.32283
965,811,8.896558
1106,811,3.965518
1111,811,9.37834
956,812,4.820338
1017,812,10.948688
1018,812,18.660625
1047,812,1.687646
1109,812,1.932508
1110,812,17.912285
1170,812,27.856133
1015,813,0.199347
1019,813,1.029511
1020,813,0.433155
1021,813,1.567036
1022,813,1.495182
1023,813,1.212039
1107,813,0.427552
1108,813,13.331893
1109,813,2.845861
1111,813,20.51989
1172,813,10.699286
1173,813,16.235826
1109,814,1.414217
1110,814,4.846809
1111,814,7.761785
1107,815,0.992537
1110,815,5.838398
1135,815,7.128461
1173,815,3.887395
1187,815,2.859276
1111,816,8.106707
1172,816,17.132639
1173,816,9.677569
1187,816,11.069246
956,817,21.460272
1173,817,24.892643
956,818,20.388407
1134,818,29.470793
1184,818,1.197963
956,819,27.489761
954,820,6.331936
955,820,18.626202
956,820,24.45261
954,821,15.829548
955,821,27.179056
956,821,7.6761
1172,821,12.392178
1173,821,9.284329
955,822,18.781691
956,822,11.696157
1089,822,4.660408
1090,822,4.859797
1091,822,20.470043
1092,822,22.871902
1117,822,4.87299
1118,822,15.268894
1172,822,10.225816
1173,822,6.46319
956,823,25.954752
1087,823,0.516665
1088,823,0.526839
1089,823,10.352996
1117,823,1.257053
1118,823,10.584959
1172,823,26.70491
946,824,13.260902
956,824,23.647745
985,824,27.6411
986,824,18.341049
1117,824,0.156238
1118,824,0.66924
1172,824,28.314478
963,825,15.589188
965,825,17.361874
988,825,28.271709
989,825,28.833216
990,825,21.383831
992,825,24.941931
997,825,17.4312
1117,825,4.542704
1118,825,0.735938
1134,825,22.366745
1172,825,28.136602
1118,826,12.577726
1135,826,9.60672
1171,826,7.064599
1172,826,2.274268
986,827,8.061856
987,827,13.946828
1082,827,28.909767
1083,827,14.583311
1084,827,14.525036
1085,827,7.867952
1086,827,26.46838
1087,827,29.033484
1088,827,16.882545
1170,827,29.94663
1171,827,6.813975
1172,827,2.274268
985,828,8.63096
986,828,13.946828
1093,828,23.274258
1094,828,28.987785
1095,828,20.108719
1136,828,27.955833
1171,828,6.052261
1172,828,2.920246
1173,828,4.176209
985,829,4.707776
1167,829,29.459522
1171,829,5.63181
1172,829,6.469
1173,829,7.006944
952,1153,10.142859
952,1154,19.246155
985,830,7.329095
1165,830,20.891661
1166,830,21.66678
1168,830,23.618019
1171,830,1.165683
1172,830,13.992232
1162,831,20.152308
1163,831,15.466313
956,834,2.8043
985,834,12.566546
985,835,14.959389
985,836,9.72086
946,837,5.28969
985,837,8.945334
1018,837,2.707586
1019,837,2.307057
1141,837,19.402222
1018,838,1.654544
1019,838,0.758243
1186,838,1.209579
1019,839,3.345915
1019,840,3.418551
1125,842,11.261213
1126,842,2.971927
1127,842,15.748039
1120,844,7.856598
1121,844,5.541767
1186,844,4.680556
988,845,26.762686
1019,846,5.816515
1186,846,1.0028
1019,847,9.052312
