2094,529,7.289229
2095,529,0.032894
2096,529,0.130633
2097,529,0.027414
2098,529,0.67883
2094,530,4.127087
2095,530,0.435398
2096,530,0.013793
2097,530,1.019817
2098,530,1.310515
2094,531,0.862189
2095,531,0.057094
2096,531,0.07696
2097,531,0.919448
2098,531,1.395029
2138,531,23.911165
2094,532,0.485496
2095,532,0.245029
2096,532,0.332908
2097,532,0.546643
2098,532,4.459325
2093,533,2.711384
2094,533,0.718425
2095,533,1.229592
2096,533,2.401816
2118,533,13.391478
2137,533,24.130836
2138,533,0.22845
2092,534,16.488924
2093,534,8.673661
2094,534,2.659771
2137,534,3.495493
2138,534,0.492322
2139,534,2.501897
2150,534,7.42867
2094,535,14.433393
2137,535,0.56452
2138,535,0.262295
2139,535,1.072959
2163,535,6.200137
2232,535,21.062614
2137,536,0.76265
2138,536,0.424696
2227,536,17.669935
2229,536,10.069811
2230,536,7.471655
2232,536,28.404165
2233,536,15.713173
2129,537,1.433794
2136,537,0.581226
2137,537,0.867099
2152,537,7.748123
2152,538,8.862146
2228,538,18.596495
2230,538,24.969515
2129,539,2.308622
2130,539,7.871857
2207,539,7.591724
2226,539,20.611891
2227,539,11.890085
2228,539,10.638163
2129,540,2.208133
2225,540,18.237297
2226,540,22.584885
2227,540,18.499895
2228,540,26.867092
2129,541,3.846667
2130,541,6.963158
2131,541,9.694586
2132,541,9.102573
2207,541,28.284063
2225,541,18.377594
2226,541,21.748444
2129,542,0.572714
2130,542,8.435272
2131,542,4.716264
2132,542,27.469017
2206,542,19.437176
2207,542,11.214037
2131,543,11.395325
2132,543,17.768894
2205,543,13.043079
2206,543,15.145971
2207,543,7.284461
2205,544,8.505266
2099,548,14.444668
2100,548,16.207531
2194,553,29.73856
2154,554,19.125256
2155,554,4.747937
2156,554,9.156182
2157,554,6.671699
2194,554,13.143291
2195,554,23.331614
2159,555,14.68599
2160,555,21.622921
2161,555,6.664868
2162,555,9.454899
2163,555,9.145802
2164,555,9.11961
2165,555,11.475853
2194,555,7.070293
2195,555,13.327184
2151,556,12.825803
2141,557,26.06793
2142,557,10.171243
2148,557,10.486408
2150,557,11.639112
2128,558,15.972134
2135,558,29.087879
2142,558,24.188879
2148,558,19.647787
2150,558,13.670864
2127,559,1.907937
2128,559,1.210933
2129,559,27.33086
2130,559,20.165339
2131,559,10.810367
2132,559,11.557014
2133,559,8.662128
2134,559,12.478335
2135,559,27.262917
2136,559,26.369806
2137,559,19.223085
2140,559,10.543965
2143,559,18.448206
2126,560,1.732594
2127,560,1.27054
2128,560,1.009247
2129,560,2.306094
2130,560,1.261362
2131,560,4.294087
2132,560,3.344504
2133,560,4.834649
2134,560,3.039771
2135,560,4.007289
2136,560,12.79161
2138,560,9.292411
2139,560,10.41774
2140,560,14.177892
2141,560,11.665976
2126,561,2.728086
2128,561,4.800702
2129,561,5.824599
2130,561,7.970609
2131,561,6.447743
2132,561,4.639281
2133,561,5.463972
2134,561,9.251477
2135,561,12.038519
2136,561,9.932267
2137,561,5.825608
2138,561,3.513737
2139,561,11.813158
2140,561,22.875889
2141,561,25.82943
2124,562,1.07086
2112,563,12.060086
2113,563,19.324606
2125,563,1.172987
2125,564,0.982684
2154,564,29.61161
2126,565,0.985351
2162,565,4.494739
2163,565,9.347056
2164,565,5.166397
2165,565,5.483232
2126,566,2.454524
2148,566,11.619736
2239,566,27.34082
2120,567,2.275321
2121,567,19.896616
2130,567,28.368076
2131,567,15.394211
2132,567,20.113247
2133,567,19.139696
2134,567,15.33879
2135,567,24.457489
2137,567,17.025496
2138,567,10.179358
2139,567,17.956808
2140,567,8.728574
2141,567,26.519867
2142,567,27.051004
2147,567,14.931008
2148,567,6.741441
2149,567,18.390667
2238,567,12.257613
2239,567,12.744912
2240,567,19.382994
2126,568,9.134831
2127,568,7.626978
2128,568,5.420949
2129,568,6.330485
2130,568,13.386383
2131,568,5.859179
2132,568,2.429028
2133,568,3.731538
2134,568,3.940564
2135,568,2.189242
2136,568,8.253969
2137,568,4.449981
2138,568,3.581681
2139,568,2.13728
2140,568,1.2479
2141,568,4.766026
2142,568,4.655104
2143,568,20.418001
2147,568,2.210303
2148,568,3.203722
2238,568,28.543325
2239,568,12.438396
2240,568,6.961387
2121,569,1.523932
2126,569,5.02277
2127,569,3.021608
2128,569,2.750763
2129,569,6.985371
2130,569,3.188641
2131,569,2.384533
2132,569,2.160947
2133,569,2.215629
2134,569,1.609486
2135,569,2.385103
2136,569,1.741771
2137,569,2.811299
2138,569,3.40773
2139,569,3.220045
2140,569,3.738483
2141,569,15.227657
2142,569,7.481501
2143,569,9.479601
2147,569,6.505346
2149,569,6.773795
2150,569,11.582327
2238,569,10.225169
2239,569,11.906211
2240,569,1.864075
2126,570,2.898717
2127,570,2.266925
2134,570,3.628474
2135,570,17.386354
2136,570,21.336948
2137,570,13.650924
2138,570,14.174743
2139,570,8.74525
2140,570,4.602289
2141,570,16.918207
2142,570,15.924284
2143,570,16.609226
2238,570,8.981274
2239,570,3.730727
2240,570,2.137555
2238,571,8.107767
2239,571,3.299973
2240,571,5.200541
2238,572,14.370875
2239,572,2.380158
2240,572,15.017271
2128,573,3.125204
2151,573,21.064882
2238,573,4.36446
2239,573,1.19779
2240,573,4.903261
2127,574,25.3482
2128,574,6.157761
2140,574,9.251838
2141,574,15.630524
2142,574,7.22287
2151,574,15.292877
2152,574,8.077245
2153,574,14.221882
2154,574,11.110424
2155,574,17.111116
2158,574,27.696966
2238,574,10.738442
2239,574,7.330143
2111,575,3.120163
2112,575,3.319046
2113,575,4.987209
2114,575,5.619084
2115,575,4.310102
2116,575,2.875113
2117,575,10.203802
2118,575,3.87002
2119,575,7.99906
2127,575,7.101831
2140,575,7.443155
2141,575,2.300279
2142,575,3.398241
2158,575,15.544502
2160,575,13.992028
2161,575,25.880606
2238,575,11.158103
2240,575,25.239929
2111,576,6.602663
2112,576,8.687475
2113,576,17.4652
2114,576,20.35075
2115,576,10.077053
2116,576,8.325323
2117,576,15.155515
2126,576,9.368769
2127,576,1.36864
2128,576,0.643602
2130,576,4.847743
2131,576,3.255643
2132,576,6.280618
2133,576,10.443501
2134,576,8.995502
2135,576,8.112599
2136,576,8.609358
2137,576,10.814052
2138,576,13.326527
2139,576,11.224327
2140,576,10.565434
2141,576,2.446746
2142,576,3.60721
2147,576,14.907762
2148,576,12.514865
2149,576,4.22881
2126,577,3.424149
2127,577,3.054403
2128,577,0.295965
2129,577,0.592055
2130,577,1.488198
2131,577,2.229467
2132,577,4.610697
2133,577,5.283936
2134,577,5.574411
2135,577,3.593338
2136,577,1.592091
2137,577,1.538384
2138,577,9.367085
2139,577,2.81826
2140,577,2.181149
2141,577,2.071825
2142,577,2.96369
2147,577,6.947013
2148,577,3.888815
2149,577,7.731251
2232,577,17.859669
2233,577,20.130568
2234,577,14.499162
2235,577,18.368458
2236,577,19.015362
2126,578,13.498822
2127,578,2.771487
2128,578,1.273818
2129,578,3.365041
2130,578,3.588362
2131,578,20.206165
2132,578,7.747268
2133,578,23.37356
2134,578,1.658075
2135,578,2.451533
2136,578,1.629976
2137,578,1.467832
2138,578,2.528615
2139,578,2.306806
2140,578,3.084711
2141,578,15.463099
2142,578,14.441077
2147,578,2.513431
2148,578,4.270403
2149,578,6.19732
2122,579,24.3692
2127,579,4.673468
2128,579,2.418709
2132,579,7.149778
2133,579,14.130999
2137,579,3.09018
2138,579,3.223036
2139,579,4.519453
2141,579,7.498499
2142,579,5.736558
2147,579,3.020409
2148,579,2.241648
2149,579,10.87191
2150,579,7.653969
2121,580,7.669579
2122,580,9.674663
2147,580,28.230406
2148,580,6.360022
2149,580,6.999357
2150,580,13.788528
2125,581,1.22263
2167,582,22.189198
2207,582,14.471303
2208,582,20.427128
2167,583,14.033524
2169,583,26.023155
2170,583,2.531025
2206,583,16.032732
2207,583,7.111279
2152,584,5.512213
2153,584,4.444594
2154,584,4.198063
2155,584,7.765755
2156,584,11.333498
2157,584,6.602118
2158,584,12.392364
2159,584,4.563971
2160,584,4.997044
2161,584,7.869156
2162,584,26.609438
2163,584,19.223633
2164,584,29.885048
2206,584,10.254305
2207,584,15.409222
2155,585,5.624766
2156,585,5.686292
2157,585,3.233663
2158,585,3.033309
2159,585,2.900103
2160,585,5.557293
2161,585,8.227453
2162,585,8.05022
2163,585,14.406419
2165,585,19.806671
2134,586,8.963985
2135,586,8.584828
2136,586,11.167542
2137,586,21.452057
2141,586,23.499525
2142,586,4.87229
2163,586,4.567323
2164,586,5.860566
2166,586,16.76561
2129,587,3.63884
2131,587,3.652769
2132,587,3.881891
2133,587,2.709561
2134,587,3.332147
2135,587,3.74773
2136,587,3.390909
2137,587,2.937174
2138,587,2.573699
2141,587,4.219396
2142,587,4.370788
2146,587,1.686571
2147,587,10.567716
2167,587,29.552803
2127,588,14.119742
2146,588,3.691054
2158,588,0.113511
2159,588,0.596939
2160,588,0.49199
2161,588,0.481179
2162,588,0.504063
2163,588,1.137784
2167,588,2.971497
2168,588,3.877945
2169,588,3.330902
2170,588,3.509079
2171,588,2.526082
2152,589,0.837862
2153,589,0.837862
2154,589,0.824392
2155,589,0.668673
2158,589,0.539916
2159,589,0.781317
2160,589,0.914864
2161,589,1.306664
2162,589,1.187461
2163,589,0.866293
2127,591,9.867269
2152,591,2.285565
2153,591,0.718267
2154,591,0.614665
2155,591,0.668673
2172,591,6.645854
2113,592,11.11265
2114,592,11.789913
2115,592,7.906632
2116,592,13.348141
2117,592,16.242807
2118,592,18.168535
2120,592,18.45719
2140,592,2.501606
2147,592,0.449442
2148,592,0.715801
2149,592,0.834922
2152,592,0.349628
2153,592,2.456618
2154,592,1.938353
2155,592,0.629409
2172,592,2.040584
2113,593,5.96259
2114,593,3.765799
2115,593,2.768617
2116,593,1.656995
2117,593,1.728198
2118,593,1.74305
2119,593,2.082958
2120,593,2.447216
2121,593,2.423911
2125,593,11.259588
2126,593,3.003356
2127,593,1.15833
2128,593,2.692793
2140,593,2.085985
2147,593,0.713629
2149,593,1.030301
2150,593,0.545685
2152,593,0.836384
2153,593,2.397848
2154,593,0.545685
2158,593,0.807468
2159,593,0.497313
2160,593,0.491951
2161,593,3.116956
2162,593,0.612139
2172,593,11.940525
2125,594,9.804432
2126,594,5.67834
2127,594,0.283573
2129,594,2.193598
2130,594,1.206748
2131,594,1.246748
2132,594,1.948347
2133,594,1.159092
2134,594,1.291507
2135,594,2.347202
2136,594,1.57056
2137,594,2.017757
2138,594,2.195635
2140,594,3.701089
2147,594,0.375717
2148,594,1.030301
2150,594,0.873697
2152,594,0.617153
2153,594,0.718753
2154,594,0.94186
2155,594,2.045457
2156,594,0.539916
2158,594,0.35651
2159,594,0.497751
2160,594,0.480292
2161,594,0.164718
2162,594,3.435883
2172,594,8.246952
2188,594,2.650009
2189,594,10.745325
2112,595,8.752127
2113,595,6.242652
2114,595,13.52653
2115,595,7.582855
2116,595,14.587766
2117,595,7.368314
2118,595,16.231047
2126,595,1.098212
2127,595,27.215773
2128,595,6.004214
2129,595,2.503016
2130,595,1.826733
2131,595,8.275966
2132,595,1.854275
2133,595,1.760735
2134,595,2.671667
2135,595,2.453871
2136,595,1.711926
2137,595,2.247188
2138,595,1.035742
2139,595,3.821128
2140,595,3.513242
2147,595,0.988221
2148,595,0.707116
2155,595,1.529537
2156,595,0.64874
2158,595,0.55749
2159,595,1.301935
2180,595,5.672267
2183,595,3.064565
2184,595,2.14598
2185,595,4.073642
2186,595,2.498214
2187,595,1.466335
2188,595,0.313341
2189,595,1.340131
2112,596,17.144493
2127,596,2.792831
2128,596,3.530353
2133,596,5.236893
2137,596,5.29609
2138,596,8.21047
2139,596,6.105378
2140,596,8.631748
2147,596,0.828003
2165,596,5.95735
2166,596,6.648887
2167,596,7.37132
2168,596,6.015355
2169,596,22.503078
2172,596,22.655054
2180,596,1.905807
2181,596,2.821149
2182,596,6.340207
2183,596,2.071698
2184,596,6.941978
2185,596,6.514224
2186,596,9.128125
2187,596,4.596949
2188,596,2.65285
2189,596,5.356775
2110,597,5.456576
2111,597,16.014902
2147,597,0.74678
2154,597,0.966134
2155,597,1.299129
2180,597,6.058042
2181,597,4.082532
2182,597,14.449997
2183,597,2.105975
2184,597,17.01869
2185,597,16.074644
2186,597,8.402407
2182,598,2.981634
2089,599,28.149088
2147,599,24.565456
2089,600,12.380093
2148,600,19.623341
2149,600,6.721576
2150,600,6.672087
2151,600,14.647884
2152,600,8.585283
2177,600,4.366961
2207,600,0.563859
2208,600,0.680488
2209,600,1.697998
2211,600,0.117326
2212,600,0.762356
2213,600,2.887621
2214,600,0.383621
2215,600,11.38408
2132,601,2.795335
2133,601,1.117471
2134,601,2.217124
2135,601,2.800474
2176,601,2.783635
2208,601,5.972264
2213,601,2.091829
2088,602,29.881706
2089,602,3.060303
2128,602,2.192901
2207,602,9.430377
2089,603,13.990362
2090,603,24.7001
2130,603,1.46583
2131,603,2.41866
2132,603,1.869509
2134,603,3.857952
2136,603,4.733209
2137,603,8.396472
2138,603,19.397261
2139,603,10.04759
2219,603,0.064042
2090,604,11.776191
2138,604,4.512181
2139,604,9.638844
2140,604,5.588262
2141,604,6.540658
2166,604,3.879549
2140,605,4.526538
2141,605,4.593394
2219,605,2.130781
2226,608,0.125256
2227,608,0.133452
2201,609,24.909369
2230,609,4.902075
2214,613,13.228381
2216,613,0.15873
2214,614,15.44937
2216,614,17.76619
2214,615,15.219547
2216,615,12.161829
2217,615,12.717462
2164,391,3.171926
2165,391,2.319212
2166,391,2.951386
2167,391,2.690892
2168,391,6.856826
2169,391,6.989939
2161,393,9.721022
2185,393,9.427392
2186,393,7.39948
2180,394,7.614358
2181,394,28.896589
2182,394,1.250771
2183,394,11.513045
2184,394,6.978891
2185,394,2.956517
2186,394,3.105217
2195,394,6.197202
2181,395,4.579067
2182,395,7.544496
2183,395,6.001475
2184,395,0.271124
2185,395,0.399679
2196,395,2.94927
2197,395,4.137137
2198,395,3.927016
2199,395,5.488832
2200,395,5.117574
2207,395,3.838913
2182,396,5.133328
2183,396,2.962595
2184,396,4.192536
2185,396,1.788947
2196,396,0.950191
2198,396,1.787047
2199,396,2.166404
2207,396,1.465378
2208,396,5.468183
2221,396,7.857076
2161,397,0.23745
2162,397,1.663002
2170,397,27.665522
2171,397,27.679037
2183,397,11.282405
2184,397,1.622332
2197,397,4.743744
2198,397,2.226663
2199,397,3.148766
2184,398,10.298777
2195,398,3.010861
2196,398,6.19443
2198,398,5.074835
2199,398,3.479436
2187,399,25.164021
2196,399,15.535646
2167,400,0.813044
2168,400,1.737032
2169,400,0.656868
2170,400,3.296492
2171,400,1.27723
2172,400,4.103974
2173,400,3.076633
2187,400,22.647123
2167,401,1.152071
2168,401,1.323343
2169,401,1.152877
2170,401,0.303179
2171,401,7.696142
2172,401,2.363465
2159,402,11.998654
2160,402,18.744541
2167,402,1.528263
2168,402,0.76287
2169,402,0.780849
2170,402,2.667635
2171,402,1.894964
2172,402,1.775645
2159,403,12.205986
2160,403,15.851326
2180,403,15.47611
2159,404,8.708366
2160,404,12.515513
2171,404,6.371267
2172,404,15.632228
2178,404,26.804981
2179,404,8.028457
2180,404,10.377935
2181,404,27.952183
2095,405,1.922952
2160,405,9.899262
2170,405,2.903531
2171,405,8.081037
2172,405,7.43031
2173,405,12.478844
2178,405,23.495928
2179,405,13.772703
2160,406,11.588614
2169,406,4.482707
2170,406,1.608446
2171,406,9.067466
2172,406,6.839624
2173,406,1.420482
2160,407,7.915873
2169,407,11.374756
2170,407,5.616208
2171,407,13.497355
2172,407,1.155239
2173,407,2.30926
2163,408,3.851976
2170,408,6.236908
2171,408,0.898745
2172,408,4.062512
2173,408,8.936787
2160,409,21.341145
2163,409,1.018326
2169,409,5.6626
2170,409,3.190088
2171,409,2.893491
2172,409,1.601509
2160,410,25.848591
2163,410,2.517263
2172,410,9.477665
2223,410,22.832266
2224,410,15.264935
2225,410,12.783834
2160,411,13.57339
2163,411,2.543958
2223,411,6.95397
2224,411,5.281085
2160,412,26.591852
2163,412,1.193471
2223,412,4.38115
2224,412,6.892794
2225,412,7.596415
2163,413,1.990744
2222,413,13.687683
2224,413,10.309113
2163,414,9.960632
2221,414,9.942924
2234,415,8.401197
2234,416,4.803422
2162,417,3.450474
2227,417,12.216688
2162,418,3.932367
2163,418,7.567364
2221,418,12.866392
2222,418,7.101707
2223,418,11.184241
2224,418,4.833772
2225,418,4.224988
2226,418,3.370374
2227,418,2.670229
2158,419,25.040522
2159,419,13.902614
2162,419,4.536683
2163,419,0.728025
2221,419,3.172311
2222,419,5.272314
2223,419,1.124289
2224,419,3.83806
2225,419,3.86491
2226,419,1.696916
2227,419,1.880859
2228,419,2.26281
2233,419,2.837572
2160,420,23.048609
2162,420,3.532446
2163,420,1.306687
2169,420,28.190704
2221,420,2.068304
2222,420,25.799992
2224,420,24.261848
2225,420,14.268312
2226,420,6.920657
2227,420,6.56908
2237,420,16.226843
2160,421,27.934488
2162,421,5.735457
2163,421,3.073775
2168,421,18.767313
2169,421,23.903149
2220,421,6.863382
2221,421,6.169095
2222,421,22.795101
2228,421,10.334394
2160,422,28.995405
2162,422,3.303236
2163,422,3.330098
2221,422,3.928593
2228,422,26.253958
2163,423,1.478018
2162,424,9.77431
2163,424,1.189297
2217,424,2.272251
2224,424,3.211159
2236,425,24.695852
2236,426,13.631766
2236,427,12.755679
2189,436,5.594869
2210,437,1.274522
2213,437,0.464549
2210,438,3.691456
2212,438,2.390391
2225,443,23.914989
2225,444,10.697958
2116,445,1.221452
2153,445,12.522418
2186,448,6.434542
2187,448,10.268803
2105,449,24.386936
2106,449,22.784452
2108,449,1.767305
2225,449,22.498606
2106,450,8.184758
2183,451,5.312042
2180,452,6.060003
2181,452,7.053037
2182,452,1.398412
2183,452,5.817587
2182,453,0.057112
2183,453,0.658574
2184,453,2.020374
2182,454,0.536847
2183,454,0.733882
2182,455,0.692274
2183,455,0.733882
2189,455,1.93342
2191,455,1.527488
2183,456,1.032597
2190,456,0.235828
2192,456,3.081946
2183,457,0.837749
2184,457,1.390635
2190,457,0.115449
2191,457,0.987622
2192,457,0.895424
2183,458,2.367543
2184,458,3.282478
2190,458,0.06977
2191,458,0.091967
2192,458,1.247041
2183,459,3.408694
2184,459,1.102594
2190,459,0.151717
2191,459,1.534362
2192,459,4.104775
2183,460,1.716356
2184,460,1.140241
2185,460,4.225202
2189,460,2.882544
2190,460,0.365206
2191,460,0.942544
2192,460,1.983739
2183,461,0.760149
2184,461,4.103499
2185,461,0.720646
2186,461,1.51855
2187,461,2.342902
2188,461,10.683033
2189,461,4.985001
2190,461,0.225922
2191,461,0.537788
2192,461,0.855144
2193,461,2.717435
2182,462,0.012422
2183,462,7.318401
2184,462,0.470103
2190,462,1.252331
2193,462,2.803354
2194,462,1.741992
2158,463,0.327219
2182,463,0.206792
2183,463,3.475416
2184,463,1.45454
2189,463,0.354018
2175,464,0.302453
2176,464,0.093638
2177,464,0.687292
2178,464,0.082199
2106,466,4.527699
2107,466,14.031168
2106,467,14.452305
2167,474,10.015905
2182,474,2.389325
2168,475,22.272875
2176,475,0.103336
2177,475,0.103336
2178,475,0.112013
2179,475,1.58919
2180,475,0.867217
2181,475,1.535968
2182,475,3.520549
2183,475,4.946645
2184,475,11.905535
2185,475,1.106665
2186,475,1.362222
2093,478,17.197363
2094,478,4.779216
2095,478,6.209009
2179,479,0.039855
2182,479,9.512546
2183,479,18.103329
2170,480,1.107948
2178,480,1.190125
2179,480,0.307281
2182,480,2.511219
2168,481,0.05946
2169,481,0.255111
2170,481,2.339847
2174,481,0.025862
2175,481,0.426455
2176,481,0.035927
2177,481,0.082132
2178,481,0.222608
2179,481,0.307281
2182,481,2.165395
2158,482,0.005263
2159,482,0.01394
2160,482,0.01394
2161,482,0.054146
2162,482,0.051507
2163,482,0.107714
2169,482,2.691609
2170,482,3.033736
2182,482,5.55005
2158,483,0.042831
2174,483,2.482811
2175,483,0.423265
2176,483,0.866332
2177,483,1.982862
2178,483,3.219661
2179,483,2.789381
2180,483,1.549197
2181,483,20.681921
2182,483,0.368087
2173,484,5.12028
2174,484,2.172149
2175,484,3.451318
2176,484,17.165926
2177,484,6.692452
2178,484,2.298754
2179,484,4.308395
2180,484,0.313714
2191,484,19.739384
2168,485,0.811933
2169,485,0.811933
2170,485,1.47237
2171,485,1.471746
2172,485,1.957631
2190,485,6.092756
2191,485,8.767221
2189,486,3.217336
2190,486,16.317581
2116,487,0.570772
2118,487,1.834081
2119,487,0.178068
2120,487,4.774779
2161,487,0.056937
2162,487,0.345371
2188,487,8.342685
2189,487,6.293657
2190,487,14.190477
2113,488,6.800508
2115,488,2.136602
2116,488,0.819804
2118,488,1.364513
2119,488,3.065208
2120,488,0.947711
2121,488,1.641942
2124,488,5.768369
2125,488,4.660735
2126,488,6.82969
2127,488,1.152418
2161,488,0.003231
2162,488,0.435838
2163,488,0.110551
2164,488,0.776645
2187,488,3.943539
2188,488,9.19195
2189,488,7.767291
2190,488,12.486572
2164,489,0.405066
2185,489,14.49757
2187,489,9.626437
2189,489,11.907412
2190,489,19.542908
2165,490,0.305179
2166,490,1.705691
2167,490,0.812694
2168,490,1.787602
2169,490,8.441927
2170,490,7.188048
2171,490,5.347361
2172,490,3.585781
2097,491,5.173311
2098,491,0.912264
2099,491,0.228443
2165,491,0.067673
2166,491,0.064398
2167,491,0.306793
2168,491,1.392673
2169,491,0.318748
2170,491,0.174485
2171,491,0.012109
2172,491,4.212537
2173,491,4.399244
2092,492,3.340923
2093,492,6.888225
2094,492,3.898479
2095,492,0.550516
2096,492,4.439818
2097,492,1.59624
2098,492,0.415997
2165,492,0.016887
2166,492,0.103181
2167,492,0.013771
2168,492,0.039174
2169,492,0.108008
2170,492,0.097942
2172,492,2.293593
2173,492,8.367452
2230,492,2.985791
2231,492,4.202325
2091,493,19.485308
2092,493,12.030537
2093,493,3.838002
2094,493,4.819923
2095,493,1.098788
2096,493,0.105417
2097,493,0.265156
2230,493,16.129333
2231,493,24.824911
2092,494,27.006102
2093,494,20.291401
2094,494,4.698311
2095,494,0.167942
2096,494,0.182098
2097,494,0.12
2185,494,5.176777
2186,494,8.015617
2187,494,6.828416
2188,494,11.510645
2189,494,18.199875
2095,495,0.409799
2096,495,0.217377
2097,495,0.017047
2098,495,0.013245
2166,495,0.005263
2167,495,0.112958
2168,495,0.027116
2169,495,0.517541
2170,495,0.44873
2171,495,0.126588
2172,495,0.199091
2173,495,0.693174
2174,495,0.586753
2175,495,2.291261
2185,495,2.389202
2186,495,2.750773
2187,495,1.960901
2188,495,2.107594
2189,495,8.482105
2220,495,21.070822
2093,496,18.745323
2094,496,6.63117
2095,496,1.190848
2096,496,0.780175
2097,496,0.036377
2098,496,0.401012
2099,496,0.028325
2166,496,0.042831
2167,496,0.042831
2168,496,0.085785
2185,496,1.94739
2186,496,1.375974
2187,496,3.465855
2188,496,2.420384
2189,496,5.05473
2220,496,14.589358
2221,496,14.232382
2222,496,11.238475
2223,496,13.989852
2224,496,22.786816
2230,496,11.647552
2231,496,14.293636
2232,496,22.626051
2233,496,19.800982
2094,497,0.50021
2095,497,0.369822
2096,497,0.515819
2097,497,0.097108
2098,497,0.077348
2099,497,0.096655
2100,497,0.120779
2114,497,0.021875
2161,497,0.12017
2188,497,1.488448
2189,497,5.004354
2113,498,0.156689
2115,498,0.415296
2116,498,0.092203
2117,498,0.649538
2118,498,3.286409
2119,498,0.018634
2120,498,0.006557
2121,498,0.006557
2123,498,0.008052
2124,498,0.022989
2125,498,0.25039
2126,498,0.408152
2127,498,1.230864
2128,498,4.332449
2094,499,8.735397
2132,499,8.697675
2133,499,1.591782
2134,499,0.491474
2135,499,0.116958
2136,499,0.713393
2157,499,0.003802
2158,499,0.003802
2159,499,0.017047
2160,499,0.021297
2161,499,0.013413
2162,499,0.119424
2093,500,9.253854
2094,500,2.134078
2130,500,0.109538
2132,500,13.094171
2133,500,3.342469
2134,500,1.72196
2135,500,1.631739
2136,500,13.544874
2163,500,29.540623
2093,501,17.627382
2094,501,3.133681
2095,501,20.900278
2130,501,2.284217
2131,501,3.491252
2132,501,1.654661
2133,501,2.02018
2134,501,4.103827
2135,501,2.626275
2163,501,0.046766
2164,501,2.900861
2165,501,0.023888
2168,501,4.430165
2169,501,0.046318
2170,501,1.114319
2171,501,3.031357
2173,501,16.810686
2093,502,5.782402
2094,502,2.558753
2163,502,1.882358
2164,502,0.096508
2165,502,0.340608
2166,502,0.228915
2167,502,0.233259
2168,502,0.390164
2169,502,1.313254
2170,502,1.551344
2171,502,2.385482
2172,502,4.192677
2173,502,6.537303
2093,503,9.28828
2094,503,7.379133
2093,504,10.888993
2177,504,0.216219
2178,504,11.698125
2184,504,11.88733
2091,505,18.183081
2092,505,11.19701
2093,505,1.738909
2094,505,11.632179
2116,505,2.974238
2117,505,2.255772
2118,505,0.035806
2128,505,0.991662
2129,505,1.554989
2177,505,9.020578
2178,505,1.918185
2092,506,19.815966
2093,506,4.50677
2094,506,1.352514
2115,506,24.423849
2117,506,9.905282
2118,506,3.679865
2119,506,8.738057
2120,506,6.080579
2121,506,1.788342
2122,506,0.950999
2123,506,1.193653
2125,506,0.078706
2126,506,0.048789
2127,506,0.012862
2128,506,0.033204
2158,506,0.002639
2159,506,0.244637
2160,506,0.110194
2172,506,0.200819
2173,506,0.260889
2174,506,0.15477
2189,506,2.816382
2092,507,25.821905
2093,507,3.372573
2094,507,8.57141
2125,507,0.681092
2126,507,0.06264
2127,507,0.689468
2128,507,0.640097
2173,507,0.101984
2189,507,4.113517
2191,507,0.867526
2192,507,4.673494
2193,507,12.970036
2230,507,19.058022
2094,508,0.042312
2096,508,0.459856
2097,508,2.033621
2172,508,0.011315
2173,508,0.101984
2188,508,0.308703
2189,508,1.123832
2191,508,2.13311
2197,508,17.588547
2230,508,23.664349
2096,509,8.042017
2097,509,0.135867
2098,509,3.468419
2099,509,3.510593
2100,509,7.012409
2101,509,7.27634
2184,509,0.027116
2185,509,0.03629
2188,509,0.341215
2189,509,2.699356
2191,509,0.931716
2198,509,26.57798
2096,510,0.224229
2097,510,2.837481
2098,510,0.794199
2099,510,0.795522
2100,510,2.691894
2101,510,26.6675
2185,510,0.005263
2186,510,0.04202
2187,510,0.005263
2188,510,0.249491
2189,510,0.863944
2093,511,16.935146
2096,511,0.258837
2097,511,0.329837
2098,511,0.058079
2099,511,0.057315
2100,511,0.842429
2101,511,20.491529
2186,511,0.006431
2187,511,0.064204
2188,511,1.11204
2189,511,0.863944
2096,512,0.374407
2097,512,0.540602
2098,512,0.896939
2100,512,12.533562
2101,512,16.056841
2186,512,0.005348
2187,512,0.140741
2188,512,1.478525
2189,512,0.615659
2116,513,1.346106
2125,513,3.362803
2186,513,0.21794
2187,513,0.231969
2188,513,1.842505
2189,513,2.720359
2191,513,2.758573
2137,514,29.203711
2174,514,0.633424
2179,514,0.610127
2187,514,0.139768
2188,514,1.261553
2189,514,3.422911
2191,514,0.572097
2163,515,16.182997
2164,515,4.80156
2166,515,2.717036
2167,515,9.540743
2168,515,3.264813
2169,515,5.657583
2170,515,8.540258
2171,515,5.54621
2172,515,1.85687
2173,515,0.109589
2174,515,0.006431
2178,515,0.164585
2179,515,0.042932
2185,515,0.03629
2186,515,0.008677
2187,515,1.010608
2188,515,0.501299
2191,515,1.312663
2192,515,0.008677
2193,515,0.042831
2179,516,0.248959
2184,516,0.002639
2185,516,0.006431
2186,516,0.281058
2187,516,1.003265
2188,516,7.129454
2191,516,0.39479
2192,516,0.0817
2193,516,0.075465
2183,517,1.702106
2184,517,2.896893
2185,517,2.172419
2186,517,3.723119
2187,517,11.419387
2188,517,6.543509
2189,517,2.815527
2165,518,6.042459
2166,518,17.476641
2167,518,8.151923
2170,518,2.043842
2171,518,2.339816
2172,518,0.186572
2192,518,9.303746
2215,518,22.931614
2216,518,9.716314
2217,518,22.877546
2218,518,6.027329
2219,518,15.352237
2220,518,14.866096
2221,518,23.670759
2222,518,10.966943
2223,518,14.581944
2230,518,17.087654
2231,518,12.481551
2233,518,27.732563
2170,519,28.707844
2171,519,8.801069
2172,519,1.155668
2193,519,15.754468
2229,519,21.614344
2231,519,29.69401
2232,519,8.031286
2233,519,6.536842
2234,519,15.789701
2235,519,17.464403
2236,519,28.172846
2093,524,27.087616
2093,525,15.145405
2094,525,8.644131
2095,525,13.00335
2096,525,28.050455
2115,525,23.907883
2094,526,20.533712
2095,526,0.420313
2096,526,0.021565
2097,526,0.447809
2098,526,0.601505
2099,526,2.836384
2094,527,13.932393
2096,527,0.101714
2097,527,0.326031
2098,527,0.02978
2094,528,4.080661
2095,528,0.390141
2096,528,0.253421
2097,528,0.10283
2098,528,0.604519
