1345,529,0.118443
1384,529,0.072289
1385,529,0.072289
1386,529,0.03125
1398,529,0.301724
1399,529,0.051724
1400,529,0.413793
1243,848,29.67244
1344,530,0.331755
1345,530,0.03125
1384,530,0.046154
1385,530,0.051724
1396,530,0.88371
1397,530,0.25
1398,530,0.04
1399,530,0.024096
1400,530,2.150218
1401,530,11.476658
1402,530,6.700844
1405,530,11.75482
1406,530,28.934597
1407,530,15.999881
1408,530,15.536696
1342,531,0.293472
1343,531,0.331755
1344,531,0.2185
1345,531,0.046154
1397,531,0.639821
1398,531,0.024096
1399,531,2.054794
1400,531,14.061683
1401,531,0.413793
1402,531,0.413793
1403,531,0.304348
1404,531,0.466083
1405,531,5.306387
1406,531,22.059906
1407,531,16.182653
1408,531,21.932165
1341,532,0.253966
1342,532,0.259755
1343,532,0.046154
1396,532,0.051724
1397,532,0.167586
1398,532,1.165368
1399,532,0.131939
1400,532,0.09434
1401,532,0.066372
1402,532,0.083461
1403,532,0.069638
1404,532,1.50347
1405,532,4.750871
1406,532,5.827797
1407,532,5.29064
1408,532,5.507702
1339,533,0.177022
1340,533,0.253966
1341,533,0.259403
1396,533,0.066372
1397,533,0.066372
1398,533,0.055363
1399,533,0.069638
1400,533,0.204567
1401,533,0.34709
1402,533,0.130896
1403,533,0.401336
1337,534,0.146219
1338,534,0.177022
1339,534,0.268606
1340,534,0.121112
1396,534,6.435547
1397,534,6.296998
1336,535,0.26591
1337,535,0.345264
1338,535,0.06383
1357,535,5.102639
1358,535,0.918193
1362,535,0.497202
1391,535,0.164142
1335,536,0.261034
1336,536,0.20361
1337,536,0.03125
1356,536,19.159618
1357,536,10.176722
1358,536,0.156484
1359,536,0.105334
1360,536,1.549996
1361,536,0.366795
1362,536,0.252121
1335,537,0.03125
1353,537,1.828454
1355,537,0.320613
1362,537,0.292494
1352,538,1.461545
1353,538,0.267337
1350,539,2.544558
1351,539,0.428651
1350,540,0.055556
1390,540,0.046154
1397,540,3.751266
1399,540,3.45547
1400,540,3.885875
1403,540,29.859442
1381,541,0.274094
1390,541,5.488175
1391,541,8.231464
1392,541,4.417379
1393,541,22.980551
1394,541,6.082634
1395,541,10.06563
1381,542,1.215352
1389,542,5.463894
1380,543,0.06383
1433,546,26.349352
1436,546,26.461414
1439,546,28.451799
1434,547,26.109613
1435,547,18.096783
1436,547,27.527023
1438,547,24.233047
1439,547,26.59486
1399,551,0.269841
1400,551,0.293478
1401,551,0.269841
1408,551,2.332238
1409,551,1.361326
1412,553,1.692165
1413,553,1.495123
1366,554,4.006192
1419,554,11.354472
1466,554,12.93626
1467,554,20.988655
1468,556,3.853621
1361,557,4.390824
1463,557,14.814397
1464,557,25.773197
1465,557,24.613827
1466,557,9.406322
1467,557,9.12607
1468,557,6.51719
1408,558,6.821715
1409,558,8.410562
1410,558,7.392999
1411,558,6.557526
1469,558,14.265987
1378,559,22.446075
1404,559,6.503798
1405,559,1.83004
1406,559,2.297954
1407,559,3.148148
1408,559,9.128734
1409,559,6.571469
1410,559,7.885852
1411,559,10.469794
1412,559,17.919777
1413,559,13.383265
1397,560,0.188834
1405,560,3.276789
1406,560,0.978163
1407,560,3.525594
1408,560,1.314593
1409,560,2.369818
1410,560,4.695887
1411,560,7.021302
1412,560,6.915781
1413,560,7.199966
1397,561,2.826488
1407,561,0.88122
1408,561,6.964383
1409,561,8.657253
1410,561,6.424189
1411,561,3.178153
1407,562,7.40692
1408,562,10.0292
1409,562,8.527599
1410,562,11.009115
1411,562,15.4388
1412,562,13.773441
1381,563,0.976191
1396,563,0.67463
1448,563,21.286198
1382,564,0.976191
1383,565,0.873646
1448,570,0.378815
1449,570,10.647964
1280,891,0.811833
1389,571,9.161634
1448,571,0.269841
1449,571,2.127854
1282,892,24.508854
1390,572,0.228927
1406,572,10.682417
1407,572,11.679007
1408,572,12.651898
1409,572,20.188362
1410,572,8.8841
1411,572,10.477805
1412,572,13.473573
1413,572,6.943667
1449,572,9.053889
1281,894,1.477613
1392,573,1.487658
1393,573,5.93338
1394,573,0.210468
1395,573,1.95431
1397,573,0.54753
1456,574,29.688269
1459,574,2.742637
1276,895,0.616893
1277,895,0.383694
1278,895,0.732652
1279,895,0.731129
1280,895,0.782834
1281,895,1.218604
1282,895,15.917074
1215,576,5.014493
1216,576,2.982581
1386,576,15.432451
1382,577,29.465702
1385,577,14.260659
1386,577,28.80578
1387,577,9.949922
1389,577,3.942676
1390,577,3.478861
1391,577,3.581386
1392,577,7.614797
1385,578,10.291452
1386,578,1.280277
1387,578,6.548508
1388,578,9.820403
1277,899,2.980738
1278,899,0.74661
1281,899,3.120992
1277,900,6.447566
1278,900,4.001138
1279,900,3.098183
1280,900,3.060135
1281,900,4.243117
1295,900,28.526514
1383,579,15.669712
1384,579,4.404868
1386,579,7.326619
1387,579,11.288879
1462,579,16.816936
1277,901,1.98337
1278,901,2.314938
1279,901,1.987441
1280,901,0.61923
1281,901,3.225936
1282,901,16.92066
1289,901,4.820409
1290,901,0.591827
1294,901,14.307384
1306,901,29.695528
1276,902,12.399858
1277,902,5.273679
1278,902,9.040371
1279,902,4.380793
1280,902,1.768939
1288,902,17.448416
1289,902,24.056086
1290,902,24.273062
1276,903,5.769987
1277,903,23.5504
1278,903,7.538528
1279,903,6.23077
1280,903,6.716002
1281,903,9.278229
1282,903,8.299191
1283,903,9.725983
1285,903,16.611296
1286,903,28.904087
1403,581,1.964281
1404,581,14.249546
1276,904,12.087779
1277,904,12.769637
1278,904,7.583775
1279,904,6.271186
1280,904,3.096353
1281,904,4.490743
1282,904,3.7765
1283,904,9.347598
1284,904,19.257807
1285,904,3.89846
1286,904,21.177767
1287,904,4.49418
1289,904,23.376892
1290,904,24.899614
1305,904,29.193939
1404,582,15.722632
1405,582,12.854215
1406,582,12.237132
1275,905,16.473143
1276,905,18.362385
1277,905,22.430689
1278,905,4.472049
1279,905,2.834612
1280,905,1.770083
1281,905,3.126495
1282,905,3.95329
1283,905,2.775569
1285,905,5.884681
1286,905,13.53202
1287,905,4.218904
1288,905,8.814959
1404,583,0.223835
1405,583,1.692565
1406,583,25.587301
1442,583,7.143101
1381,584,5.306641
1405,584,9.126206
1406,584,24.126562
1407,584,17.510958
1408,584,14.684043
1409,584,17.54493
1410,584,16.979013
1411,584,13.664576
1412,584,12.381617
1413,584,20.560627
1274,906,28.843008
1281,906,3.288305
1282,906,4.307831
1283,906,3.293818
1284,906,9.432291
1286,906,6.604282
1308,906,2.174488
1308,907,9.371929
1394,585,0.478816
1395,585,2.31801
1404,585,27.536455
1408,585,5.987805
1409,585,10.530689
1410,585,9.597947
1418,585,15.423579
1394,586,2.417771
1396,586,0.833333
1408,586,0.293478
1445,586,19.685064
1216,908,2.08479
1318,909,4.376364
1274,910,24.212267
1279,910,2.415405
1280,910,2.875761
1319,910,3.244728
1320,910,9.934402
1321,910,5.692214
1322,910,15.846493
1273,912,0.852564
1274,912,8.261217
1386,590,0.666667
1387,590,0.833333
1390,590,0.067076
1391,590,2.625
1391,591,2.3295
1392,591,27.103453
1393,591,1.079475
1394,591,0.631119
1395,591,0.58632
1396,591,0.891623
1397,591,6.533065
1398,591,1.557159
1399,591,6.304435
1400,591,6.309948
1401,591,5.782993
1402,591,5.782993
1403,591,6.107346
1404,591,6.499115
1405,591,6.499115
1406,591,11.278715
1407,591,13.255891
1393,592,1.070501
1399,592,0.58632
1400,592,0.58632
1401,592,0.419983
1402,592,0.419983
1403,592,0.419983
1404,592,1.998575
1405,592,2.080583
1406,592,2.080583
1407,592,2.901592
1408,592,1.609071
1315,916,1.163793
1323,917,1.692084
1324,917,9.892208
1314,918,17.478296
1314,919,2.970444
1315,921,10.858348
1316,921,13.977102
1317,921,14.011072
1287,924,28.085562
1294,924,15.903306
1299,924,22.550161
1300,924,26.732981
1301,924,29.739008
1299,925,24.702932
1300,925,26.116024
1301,925,26.470734
1302,925,22.540165
1221,930,7.387937
1224,937,26.189335
1226,937,15.838971
1313,943,7.368324
1327,944,27.353716
1415,616,5.691506
1417,616,7.488789
1418,616,19.570522
1420,616,3.819993
1422,616,3.655138
1259,639,0.395837
1259,640,0.409073
1260,640,2.605195
1257,641,9.615993
1258,641,4.012916
1259,641,0.077951
1260,641,0.905616
1261,641,2.591811
1257,642,5.895582
1258,642,2.158587
1259,642,0.052835
1260,642,0.236932
1261,642,0.905616
1262,642,2.673474
1263,642,2.903919
1227,975,1.409999
1255,643,17.407682
1256,643,9.510864
1257,643,2.158587
1258,643,0.873577
1259,643,0.102003
1260,643,0.192466
1261,643,0.298767
1262,643,1.146293
1263,643,1.797023
1264,643,1.787616
1216,976,3.241385
1217,976,3.241385
1218,976,3.241385
1219,976,3.241385
1220,976,3.241385
1221,976,3.241385
1222,976,3.241385
1255,644,23.418205
1256,644,2.389112
1257,644,0.852734
1258,644,5.185306
1259,644,0.398847
1260,644,0.017613
1261,644,0.198516
1262,644,0.317746
1263,644,0.627648
1264,644,0.82339
1265,644,1.262059
1254,645,17.188473
1256,645,4.663678
1257,645,0.406596
1258,645,0.115922
1259,645,0.026665
1260,645,0.006098
1261,645,0.017613
1262,645,0.198516
1263,645,0.225257
1264,645,0.562936
1265,645,0.82339
1266,645,9.217205
1254,646,21.401606
1256,646,22.185463
1257,646,0.074878
1258,646,0.027735
1259,646,0.031705
1261,646,0.038098
1262,646,0.250401
1263,646,0.078074
1264,646,0.225257
1265,646,0.627648
1266,646,0.585389
1267,646,1.396942
1254,647,25.23987
1255,647,7.471925
1256,647,0.399613
1257,647,0.236365
1258,647,0.159244
1259,647,0.047337
1260,647,0.006061
1262,647,0.029673
1263,647,0.027765
1264,647,0.078074
1265,647,0.20196
1266,647,0.487861
1267,647,1.439055
1268,647,1.396942
1252,648,22.880772
1253,648,4.011494
1254,648,1.79252
1255,648,0.415597
1256,648,0.365433
1257,648,0.175755
1258,648,0.146765
1259,648,0.121943
1260,648,0.047337
1261,648,0.011236
1262,648,0.006061
1263,648,0.034875
1264,648,0.028628
1265,648,0.078074
1266,648,0.170629
1267,648,0.471818
1268,648,1.080023
1269,648,1.560652
1257,982,1.430194
1251,649,10.253804
1252,649,2.924004
1253,649,1.234704
1254,649,0.673959
1256,649,0.93096
1257,649,0.28519
1258,649,0.202782
1259,649,0.146765
1260,649,0.227699
1261,649,0.175602
1262,649,0.029586
1263,649,0.022472
1264,649,0.025455
1265,649,0.018015
1266,649,0.033027
1267,649,0.170629
1268,649,0.482844
1269,649,1.080023
1270,649,1.898569
1271,649,2.611056
1251,650,8.925249
1252,650,7.128579
1253,650,7.444733
1254,650,2.292555
1257,650,4.359637
1258,650,0.71888
1259,650,0.190279
1260,650,0.077647
1261,650,0.135432
1262,650,0.220492
1263,650,0.028644
1264,650,0.034905
1265,650,0.019394
1266,650,0.018015
1267,650,0.033027
1268,650,0.11993
1269,650,0.738922
1270,650,1.070721
1271,650,2.139246
1272,650,3.087914
1259,651,1.090199
1260,651,0.83929
1261,651,0.236832
1262,651,0.158699
1263,651,0.136437
1264,651,0.121943
1265,651,0.034905
1266,651,0.006061
1267,651,0.01766
1268,651,0.059095
1269,651,0.215874
1270,651,0.529568
1271,651,0.993745
1272,651,3.287867
1273,651,3.448048
1261,652,0.742918
1262,652,0.8751
1263,652,0.176238
1264,652,0.136437
1265,652,0.121943
1266,652,0.034905
1267,652,0.006061
1268,652,0.049164
1269,652,0.133333
1270,652,1.828002
1271,652,10.689772
1272,652,12.693444
1273,652,7.827711
1267,985,28.516071
1267,986,26.966084
1263,653,0.372245
1264,653,0.626054
1265,653,0.173924
1266,653,0.045455
1267,653,0.034905
1268,653,0.015152
1269,653,0.037017
1270,653,0.16439
1271,653,0.089955
1272,653,1.633982
1273,653,1.47574
1274,653,2.781735
1264,654,0.382905
1265,654,0.760706
1266,654,0.081218
1267,654,0.011834
1268,654,0.012121
1269,654,0.028569
1270,654,0.075885
1271,654,0.12397
1272,654,0.267311
1273,654,1.695395
1274,654,1.839235
1275,654,3.117843
1267,987,20.760057
1264,655,1.339418
1265,655,0.404956
1266,655,0.135432
1267,655,0.121943
1269,655,0.028644
1270,655,0.411731
1271,655,0.079208
1272,655,0.534927
1273,655,0.606786
1265,656,0.83929
1266,656,0.199804
1267,656,0.229143
1268,656,0.096623
1269,656,0.541133
1270,656,0.467846
1271,656,1.303077
1266,657,0.63314
1267,657,1.128078
1268,657,1.312411
1269,657,0.697972
1270,657,1.051016
1218,658,1.899828
1267,658,10.178871
1268,658,0.963003
1269,658,2.136032
1291,992,7.407389
1268,659,12.879832
1269,659,1.279723
1268,660,17.006369
1215,689,1.791254
1219,689,0.139241
1215,690,9.369322
1218,692,1.194422
1267,693,4.794304
1232,695,23.600725
1233,695,21.621624
1234,695,20.898417
1235,695,21.257465
1236,695,18.554625
1238,695,27.108288
1239,695,18.931602
1240,695,15.056185
1230,696,28.04347
1231,696,14.065561
1232,696,7.45063
1233,696,7.202639
1234,696,6.376975
1235,696,9.552153
1236,696,8.61581
1237,696,9.053069
1238,696,7.443993
1239,696,20.114561
1240,696,14.275427
1241,696,11.728228
1242,696,16.590914
1243,696,23.510786
1230,697,25.664909
1231,697,8.554656
1232,697,3.838425
1233,697,2.909878
1234,697,1.803991
1235,697,2.00785
1236,697,2.170323
1237,697,2.011971
1238,697,3.27586
1239,697,3.635696
1240,697,5.61602
1241,697,3.423568
1242,697,3.092685
1243,697,11.93039
1244,697,10.443532
1231,698,3.423373
1232,698,1.276242
1233,698,0.518763
1234,698,0.648481
1235,698,0.644765
1236,698,0.594449
1237,698,0.537577
1238,698,0.632256
1239,698,0.897887
1240,698,0.616539
1241,698,1.258315
1242,698,0.867018
1243,698,1.35466
1244,698,3.40137
1231,699,12.683453
1232,699,6.165613
1233,699,1.348406
1234,699,0.70138
1235,699,0.623878
1236,699,0.818378
1237,699,0.677205
1238,699,0.663749
1239,699,0.631092
1240,699,0.403356
1241,699,1.365245
1242,699,2.481991
1243,699,1.795279
1244,699,3.647416
1232,700,7.243498
1233,700,3.352976
1234,700,1.196817
1235,700,3.56308
1236,700,3.912683
1237,700,3.510139
1238,700,3.29082
1239,700,1.825722
1240,700,0.43567
1241,700,0.258226
1242,700,1.145643
1243,700,1.75393
1244,700,4.331268
1233,701,6.902667
1234,701,3.782554
1235,701,0.287384
1236,701,0.205278
1237,701,0.141883
1238,701,0.100315
1239,701,0.10742
1240,701,1.360855
1241,701,0.597844
1242,701,0.407608
1243,701,3.494856
1244,701,3.367563
1232,702,14.015651
1233,702,6.64752
1234,702,3.110083
1237,702,0.147576
1239,702,0.213392
1240,702,0.977018
1241,702,0.310817
1242,702,0.581073
1243,702,1.684644
1244,702,4.043828
1232,703,14.553559
1233,703,10.134284
1235,703,0.549813
1239,703,0.072117
1240,703,0.797751
1241,703,0.430085
1242,703,0.562268
1243,703,2.857533
1244,703,3.151588
1232,704,22.592846
1233,704,14.401618
1234,704,4.075156
1235,704,1.276298
1237,704,0.619144
1238,704,0.104107
1239,704,1.185091
1240,704,0.314463
1241,704,0.398753
1242,704,0.666925
1243,704,1.639202
1244,704,4.985611
1232,705,13.203545
1233,705,10.337838
1234,705,3.206632
1235,705,2.412976
1236,705,0.517495
1237,705,0.412471
1238,705,0.32727
1239,705,0.434503
1240,705,0.148667
1241,705,0.419407
1242,705,0.64839
1243,705,1.61091
1244,705,2.631435
1232,706,16.899746
1233,706,4.911499
1234,706,1.05154
1235,706,0.250731
1236,706,0.284296
1237,706,0.914836
1238,706,0.099333
1239,706,1.33503
1240,706,0.704667
1241,706,0.297681
1242,706,0.860444
1244,706,3.10137
1257,706,4.184056
1258,706,12.634912
1259,706,21.041502
1233,707,7.798505
1234,707,1.272497
1235,707,0.559742
1236,707,0.29571
1237,707,0.345776
1238,707,0.249332
1239,707,0.942682
1240,707,0.730957
1241,707,0.434791
1242,707,0.898819
1243,707,1.487988
1244,707,5.06903
1245,707,12.474936
1257,707,1.815418
1258,707,6.711081
1233,708,7.798088
1234,708,1.429223
1235,708,0.754153
1236,708,0.954337
1237,708,0.913242
1238,708,2.04462
1239,708,0.510301
1240,708,0.448006
1241,708,0.744288
1242,708,1.089536
1244,708,3.951248
1245,708,11.837157
1232,709,20.200699
1233,709,5.61826
1234,709,1.877116
1235,709,2.911392
1236,709,2.464494
1237,709,2.035569
1238,709,3.014376
1239,709,0.740828
1240,709,0.668436
1241,709,0.499785
1242,709,1.917211
1232,710,0.495525
1233,710,0.898843
1234,710,1.783149
1235,710,1.480965
1236,710,1.32338
1237,710,0.637236
1238,710,1.672499
1239,710,0.480873
1240,710,0.729836
1241,710,0.77197
1242,710,0.871485
1243,710,1.933103
1255,710,3.121189
1231,711,2.817358
1232,711,2.795331
1233,711,2.376878
1234,711,1.660684
1235,711,1.170026
1236,711,1.143618
1237,711,3.208178
1238,711,5.310359
1239,711,7.059439
1240,711,11.110847
1241,711,4.886091
1242,711,6.856091
1243,711,4.127788
1229,712,15.346354
1230,712,24.657043
1231,712,24.171724
1232,712,13.334678
1233,712,13.750836
1234,712,9.711441
1235,712,6.528935
1236,712,3.560203
1237,712,4.712662
1238,712,5.38549
1239,712,7.431665
1240,712,7.161023
1241,712,12.494187
1243,712,10.063385
1244,712,13.579647
1229,713,25.804661
1230,713,7.849688
1231,713,9.13237
1232,713,13.524331
1233,713,15.700852
1234,713,19.684099
1235,713,20.268848
1239,713,17.176229
1240,713,20.85589
1241,713,17.618244
1242,713,18.539181
1263,713,7.336617
1264,713,3.422575
1269,713,11.80312
1270,713,6.538158
1229,714,28.85969
1230,714,23.339327
1233,714,14.635365
1235,714,25.438337
1236,714,21.453295
1237,714,21.552317
1264,714,25.33572
1267,714,1.024019
1268,714,0.561371
1361,714,0.087912
1265,715,4.031055
1267,715,2.274903
1268,715,2.554526
1269,715,0.64517
1270,715,0.481819
1259,716,3.910126
1265,716,1.367354
1264,717,15.348597
1265,717,8.256132
1266,717,18.346279
1267,717,5.975038
1269,717,15.686066
1267,718,7.730606
1417,718,0.252543
1417,719,0.201197
1263,720,17.965948
1417,720,1.180616
1417,721,0.222505
1236,722,20.829632
1237,722,10.114566
1417,722,0.294481
1238,723,13.403265
1261,723,6.81757
1467,724,7.95057
1239,725,17.78442
1239,726,17.764107
1264,726,20.159224
1266,726,6.168497
1331,726,3.010336
1260,727,2.328721
1261,727,19.706545
1262,727,17.558298
1263,727,4.660427
1264,727,7.866219
1266,727,6.482557
1267,727,24.63633
1464,727,25.578133
1262,728,0.225685
1263,728,1.149842
1264,728,10.329892
1265,728,7.600873
1266,728,14.49194
1267,728,11.376431
1268,728,4.140943
1269,728,1.209693
1463,728,23.033228
1464,728,12.891571
1264,729,0.236891
1265,729,2.273275
1266,729,0.338687
1267,729,0.578202
1268,729,0.879627
1269,729,1.098786
1463,729,8.932451
1464,729,14.915747
1265,730,0.209418
1267,730,0.005917
1268,730,0.56776
1269,730,0.964653
1463,730,1.537227
1464,730,2.833334
1264,731,0.110345
1265,731,0.132653
1266,731,0.287356
1268,731,0.505114
1269,731,1.138115
1464,731,5.140699
1465,731,0.35
1262,732,0.579287
1263,732,0.579287
1264,732,0.193133
1265,732,0.133641
1266,732,0.253343
1269,732,2.372197
1332,732,2.113057
1463,732,11.227491
1265,733,0.193133
1266,733,0.110345
1323,733,7.929691
1265,734,0.579287
1266,734,0.133641
1267,734,0.137773
1268,734,0.200068
1265,735,0.579287
1266,735,0.617033
1267,735,0.238644
1268,735,0.371315
1266,736,9.289221
1267,736,1.183232
1265,737,5.789916
1266,737,5.155541
1268,737,2.127907
1265,738,1.810872
1266,738,0.836679
1265,739,14.456112
1266,739,4.318039
1266,740,2.381256
1275,740,10.966032
1266,741,2.337684
1268,741,1.051283
1465,741,2.833334
1351,744,22.044317
1348,745,0.264416
1349,745,0.585233
1311,746,11.737542
1312,746,23.456743
1301,753,4.499196
1300,754,24.002926
1301,754,8.079117
1472,757,19.559231
1473,757,1.639406
1471,758,7.033915
1222,1095,21.888535
1221,1096,22.346569
1220,794,24.120319
1221,794,16.471497
1215,800,12.209042
1216,800,9.314971
1217,800,23.690983
1216,801,12.653553
1217,801,20.060658
1218,801,0.222412
1216,802,19.670986
1217,802,24.927418
1215,803,21.844631
1216,803,15.143233
1216,804,6.047129
1217,804,9.911783
1218,804,16.180712
1216,805,2.319634
1217,805,1.36036
1215,806,24.667084
1215,810,18.596712
1216,810,13.2349
1217,810,18.28966
1215,811,2.88825
1216,811,0.947091
1215,812,1.163427
1215,813,18.556751
1216,813,26.808659
1338,517,0.62854
1381,517,3.00486
1383,517,0.356979
1384,517,1.372562
1385,517,2.094003
1386,517,5.133088
1387,517,3.470366
1327,518,0.411058
1328,518,0.259036
1347,518,0.279042
1348,518,0.275235
1381,518,0.133564
1383,518,1.611356
1384,518,0.815228
1385,518,0.782647
1386,518,0.750066
1387,518,1.555444
1388,518,0.650505
1342,519,4.338869
1344,519,0.468898
1345,519,1.277848
1346,519,0.292162
1347,519,0.242224
1348,519,0.228949
1349,519,0.173152
1377,519,0.03125
1381,519,3.035342
1322,520,0.325299
1323,520,0.476044
1342,520,0.843725
1343,520,0.211566
1344,520,0.172745
1345,520,0.366865
1346,520,0.306011
1347,520,0.081789
1348,520,0.138109
1349,520,0.099184
1377,520,0.072289
1381,520,6.200502
1320,521,0.998366
1321,521,0.155453
1339,521,0.41528
1340,521,1.485541
1343,521,0.046154
1348,521,0.313481
1349,521,0.162583
1350,521,0.081939
1381,521,3.423583
1383,521,2.872079
1384,521,2.383701
1338,522,0.281621
1339,522,0.204933
1340,522,0.252864
1341,522,1.028715
1348,522,0.321989
1349,522,0.344808
1350,522,0.189072
1351,522,0.081939
1381,522,0.06383
1383,522,1.913592
1384,522,0.848178
1385,522,0.981335
1386,522,1.134012
1387,522,2.274061
1388,522,2.984632
1389,522,0.907855
1319,523,3.790801
1337,523,0.21454
1338,523,0.122217
1339,523,0.082974
1349,523,0.297645
1350,523,0.201503
1351,523,0.127246
1381,523,0.072289
1382,523,0.046154
1388,523,3.143581
1389,523,3.456971
1390,523,16.621231
1391,523,12.260798
1335,524,0.21454
1336,524,0.354757
1337,524,0.077404
1350,524,0.244445
1351,524,0.237336
1352,524,0.208538
1382,524,0.03125
1332,525,3.211261
1335,525,0.437141
1347,525,0.021625
1350,525,0.739842
1351,525,0.355929
1352,525,0.133637
1353,525,0.017893
1331,526,3.273104
1332,526,2.748014
1333,526,0.427673
1334,526,0.437141
1351,526,0.518022
1352,526,0.226904
1405,526,2.020669
1331,527,0.761609
1332,527,0.307571
1344,527,0.082974
1348,527,0.148931
1349,527,0.068966
1404,527,0.502107
1405,527,1.539265
1329,528,0.277847
1330,528,1.038123
1391,528,0.055556
1395,528,0.720734
1398,528,0.469156
1399,528,0.359711
1400,528,0.921684
1401,528,0.988823
