2402,2180,3.227654
2393,2185,26.815388
2392,2186,26.815388
2410,2186,8.148461
2414,2186,15.294883
2417,2186,3.399997
2418,2186,17.208591
2419,2186,6.861172
2421,2186,5.54198
2424,2186,10.893074
2430,2186,23.249125
2433,2186,23.273003
2434,2186,28.118649
2438,2186,24.374069
2439,2186,10.793831
2441,2186,16.28059
2382,2187,26.253504
2383,2187,0.333333
2392,2187,27.526299
2400,2187,23.787638
2401,2187,0.741497
2402,2187,0.741497
2410,2187,1.380238
2411,2187,1.380238
2412,2187,1.380238
2413,2187,1.239033
2414,2187,1.365091
2415,2187,1.365091
2418,2187,2.3754
2422,2187,2.247793
2423,2187,17.109587
2424,2187,8.756928
2425,2187,12.741798
2430,2187,1.368931
2431,2187,2.186478
2438,2187,10.818226
2439,2187,16.732924
2383,2188,0.333333
2400,2188,0.544118
2401,2188,0.544118
2402,2188,0.544118
2403,2188,0.41806
2404,2188,0.954297
2423,2188,9.393833
2424,2188,12.04314
2425,2188,3.124163
2370,2189,11.506104
2382,2189,23.56374
2383,2189,0.111111
2423,2189,5.181525
2424,2189,2.652255
2381,2190,22.830349
2382,2190,11.053616
2383,2190,8.877558
2396,2190,0.962178
2397,2190,0.954297
2400,2190,0.544118
2401,2190,0.410179
2402,2190,0.410179
2403,2190,0.410179
2404,2190,0.410179
2405,2190,0.410179
2423,2190,4.214576
2424,2190,2.413736
2382,2191,11.018348
2383,2191,4.646411
2384,2191,4.646411
2397,2191,0.962178
2400,2191,1.010309
2401,2191,0.402913
2404,2191,0.402913
2423,2191,4.21328
2424,2191,2.413736
2437,2191,9.357219
2438,2191,19.067366
2399,2192,1.955441
2400,2192,1.420488
2401,2192,0.954297
2405,2192,0.410179
2423,2192,5.110384
2424,2192,2.667402
2399,2193,1.786415
2400,2193,1.413222
2401,2193,0.954297
2405,2193,0.410179
2423,2193,3.390989
2424,2193,2.826319
2430,2193,0.958752
2431,2193,0.832694
2399,2194,0.548991
2400,2194,1.278996
2401,2194,0.947031
2402,2194,0.544118
2403,2194,0.41806
2404,2194,0.544118
2417,2194,1.77527
2418,2194,1.909209
2421,2194,2.084822
2423,2194,1.995676
2424,2194,2.113854
2430,2194,1.151251
2431,2194,0.947031
2399,2195,0.008099
2400,2195,2.724136
2404,2195,0.41806
2415,2195,1.970071
2416,2195,2.762115
2417,2195,1.751806
2418,2195,2.488222
2419,2195,2.990839
2420,2195,3.030802
2422,2195,1.368931
2430,2195,0.5375
2431,2195,1.159557
2432,2195,0.958752
2436,2195,10.766356
2437,2195,9.265296
2389,2196,23.494919
2397,2196,0.003393
2421,2196,1.368931
2432,2196,0.828239
2436,2196,6.481772
2437,2196,9.247263
2440,2196,26.180096
2443,2196,27.956154
2372,2197,24.168394
2403,2197,1.159557
2420,2197,0.410179
2437,2197,10.970135
2438,2197,9.247263
2440,2197,17.240465
2441,2197,26.180096
2442,2197,24.596817
2443,2197,8.40323
2372,2198,27.898031
2374,2198,22.188013
2378,2198,9.896091
2442,2198,15.356522
2375,2199,13.342119
2376,2199,14.254353
2377,2199,23.948296
2378,2199,15.863596
2379,2199,11.441103
2385,2199,23.767847
2389,2199,0.007686
2379,2200,15.781786
2380,2200,23.623207
2385,2200,5.159708
2389,2200,18.016581
2390,2200,4.0
2404,2200,0.028491
2410,2200,12.441771
2411,2200,1.088236
2412,2200,1.088236
2380,2201,5.045895
2381,2201,5.345085
2389,2201,22.741594
2397,2201,1.010309
2398,2201,0.5375
2411,2201,1.751806
2412,2201,1.239033
2380,2202,10.063497
2381,2202,3.872944
2411,2202,1.526862
2412,2202,1.223886
2430,2202,0.83612
2374,2203,3.611113
2375,2203,3.611113
2376,2203,3.611113
2377,2203,6.452384
2378,2203,3.611113
2381,2203,5.134017
2410,2203,4.217946
2411,2203,1.078881
2412,2203,1.208739
2374,2204,13.177251
2375,2204,6.045918
2376,2204,5.25
2377,2204,5.25
2382,2204,3.872944
2383,2204,5.134017
2412,2204,2.558118
2413,2204,5.598184
2416,2204,8.802067
2417,2204,16.742794
2418,2204,5.867572
2419,2204,8.668128
2421,2204,1.640717
2422,2204,1.364477
2374,2205,3.225523
2377,2205,1.875
2419,2205,22.258261
2420,2205,9.522845
2421,2205,1.14441
2422,2205,1.223886
2423,2205,1.506296
2424,2205,1.365091
2424,2206,16.477345
2432,2206,8.622278
2452,2206,9.57293
2453,2206,17.826105
2371,2207,7.091271
2372,2207,15.937346
2373,2207,6.451046
2374,2207,8.387024
2375,2207,9.309338
2376,2207,17.038044
2377,2207,13.426932
2378,2207,10.95423
2379,2207,6.836636
2380,2207,6.836636
2381,2207,4.660305
2382,2207,10.328288
2397,2207,9.0
2398,2207,25.475014
2399,2207,29.977291
2435,2207,25.479319
2443,2207,23.801006
2444,2207,15.356522
2452,2207,11.238504
2453,2207,9.044484
2372,2208,19.58
2373,2208,2.469602
2374,2208,2.469602
2375,2208,6.98276
2376,2208,7.778678
2377,2208,7.778678
2378,2208,6.98276
2379,2208,2.469602
2380,2208,2.469602
2381,2208,2.469602
2382,2208,1.739601
2383,2208,0.016
2388,2208,16.688736
2390,2208,9.095758
2400,2208,23.919554
2442,2208,15.421732
2452,2208,8.700607
2453,2208,9.408192
2454,2208,23.559702
2370,2209,0.130592
2372,2209,4.25
2373,2209,1.325758
2374,2209,2.156927
2375,2209,2.156927
2376,2209,2.948593
2377,2209,2.948593
2378,2209,2.948593
2379,2209,2.156927
2380,2209,2.156927
2381,2209,1.163328
2382,2209,0.006841
2383,2209,0.016
2388,2209,10.727292
2499,2209,17.436935
2383,2210,10.743292
2388,2210,6.225015
2499,2210,24.097334
2383,2211,10.743292
2388,2211,13.804066
2498,2211,23.541252
2499,2211,3.943705
2371,2212,5.345085
2499,2212,8.399069
2408,2213,0.006803
2499,2213,12.992153
2388,2214,9.947346
2440,2214,25.561613
2499,2214,8.869312
2389,2215,4.217946
2402,2215,5.7294
2427,2215,13.875784
2439,2215,22.581459
2440,2215,15.360651
2441,2215,11.03934
2442,2215,24.874252
2499,2215,10.046577
2369,2216,0.088629
2388,2216,9.947346
2428,2216,12.410266
2445,2216,15.356522
2457,2216,23.230278
2499,2216,10.79751
2369,2217,0.269563
2448,2217,9.408192
2456,2217,23.801006
2457,2217,17.953976
2499,2217,15.744118
2369,2218,0.277868
2382,2218,5.7294
2430,2218,4.09616
2456,2218,16.847713
2499,2218,11.086557
2369,2219,0.373148
2370,2219,0.035354
2381,2219,4.217946
2456,2219,8.40323
2498,2219,29.975346
2499,2219,6.210206
2447,2220,28.463913
2499,2220,0.227273
2405,2221,5.7294
2498,2221,17.087791
2406,2222,5.7294
2497,2222,22.688631
2498,2222,0.263158
2415,2223,27.674807
2415,2224,18.859873
2497,2224,12.933311
2403,2225,8.081469
2404,2225,10.727292
2447,2225,15.676746
2497,2225,1.569736
2497,2226,1.010309
2447,2227,9.82556
2496,2227,10.53034
2395,2228,26.852055
2396,2228,2.275045
2399,2228,18.117138
2400,2228,16.874634
2447,2228,9.82556
2496,2228,12.316135
2367,2229,6.357984
2369,2229,8.884918
2400,2229,17.276154
2416,2229,9.261433
2447,2229,16.456692
2495,2229,26.560196
2496,2229,6.90789
2367,2230,1.991613
2447,2230,8.074666
2495,2230,13.122421
2496,2230,8.486926
2396,2231,9.353066
2412,2231,14.800819
2447,2231,4.217946
2496,2231,15.883005
2497,2231,0.637647
2494,2232,15.651909
2495,2232,10.575304
2496,2232,16.403454
2497,2232,1.919026
2416,2233,4.250377
2417,2233,7.946169
2430,2233,6.303557
2493,2233,2.426375
2494,2233,2.477578
2495,2233,2.137454
2400,2234,5.607131
2493,2234,1.498415
2494,2234,2.493303
2401,2235,16.514648
2493,2235,0.820359
2427,2236,5.298509
2428,2236,6.89535
2440,2240,2.863609
2441,2240,2.242635
2444,2241,13.25182
2445,2241,11.431313
2446,2241,18.572039
2447,2241,13.398337
2431,2242,19.672813
2448,2242,10.442961
2422,2243,2.087308
2423,2243,9.197474
2424,2243,11.668593
2430,2243,3.775242
2432,2243,8.225711
2448,2243,14.539121
2410,2244,10.521503
2417,2244,15.939021
2418,2244,16.440599
2422,2244,16.503662
2423,2244,11.668593
2425,2244,7.706297
2493,2244,0.402913
2411,2245,6.462662
2418,2245,9.134321
2423,2245,10.064204
2426,2245,10.145038
2427,2245,3.683794
2432,2245,8.220527
2448,2245,16.656759
2411,2246,23.406544
2418,2246,7.559254
2420,2246,11.661046
2436,2246,10.937835
2437,2246,8.339816
2438,2246,7.62902
2439,2246,7.305626
2444,2246,0.716561
2447,2246,2.61952
2448,2246,6.495696
2449,2246,6.481051
2460,2246,21.281239
2412,2247,17.452972
2413,2247,7.369409
2414,2247,7.185691
2415,2247,3.340681
2416,2247,6.176893
2460,2247,20.841028
2412,2248,2.750988
2413,2248,2.750988
2414,2248,6.685836
2415,2248,14.43927
2416,2248,22.153345
2460,2248,23.774412
2378,2251,1.893853
2377,2252,3.706425
2378,2252,2.201445
2376,2253,3.394289
2377,2253,3.062899
2378,2253,3.066659
2421,2253,23.2239
2422,2253,13.509682
2423,2253,16.274801
2424,2253,13.899528
2413,2254,18.815868
2450,2265,9.252024
2451,2265,9.941692
2452,2265,17.090904
2473,2269,1.54515
2474,2269,13.628366
