590,531,23.991764
591,531,28.752464
408,534,11.372553
391,535,16.487679
408,535,13.454134
403,536,13.468083
408,536,1.579116
402,539,1.757129
481,568,29.730024
408,570,18.365673
407,571,0.074868
578,571,12.150828
406,572,9.558749
578,572,0.369371
579,572,0.314167
580,572,0.700983
403,573,10.666136
405,573,0.083035
583,577,21.348349
581,582,17.506821
582,582,12.08737
583,582,23.347155
584,582,22.510065
582,583,3.657488
583,583,6.395478
584,583,3.787757
585,583,6.45399
586,583,17.406425
581,584,6.855732
582,584,1.994049
583,584,1.045748
584,584,3.113563
585,584,4.383524
435,585,10.9786
436,585,4.855386
581,585,5.644727
582,585,2.011658
583,585,1.903105
584,585,0.819283
581,586,4.614076
582,586,2.887921
583,586,1.960993
584,586,5.917661
581,587,3.009694
582,587,1.397409
583,587,0.810661
581,588,4.227001
582,588,2.49455
583,588,1.582054
581,589,8.06676
582,589,1.57099
583,589,1.597621
581,590,9.502082
582,590,3.630012
583,590,2.100764
419,591,9.683325
581,591,13.42977
582,591,4.362933
583,591,2.805475
508,592,7.778166
581,592,11.04691
582,592,4.6836
583,592,1.864327
507,593,19.453003
581,593,6.328197
582,593,6.476319
583,593,1.999604
433,594,8.404564
434,594,12.12859
435,594,14.74734
507,594,14.8874
508,594,2.705345
509,594,7.904414
581,594,10.452276
582,594,7.653727
433,595,8.771387
434,595,3.596519
435,595,3.285067
436,595,7.996975
437,595,8.360407
438,595,15.617939
507,595,6.194556
508,595,2.851492
434,596,2.048607
435,596,2.296737
436,596,4.766012
437,596,17.600859
438,596,3.06958
439,596,6.764962
436,597,0.757666
437,597,0.517399
438,597,7.639145
439,597,5.225971
440,597,8.355468
441,597,13.100308
442,597,8.878848
443,597,10.654223
439,598,5.461439
440,598,7.272622
442,598,5.852399
443,598,5.121627
444,598,7.433744
441,599,3.780029
442,599,0.16892
443,599,2.918368
444,599,4.627337
445,599,27.501545
446,599,14.422734
447,599,7.384966
444,600,9.887451
445,600,3.886451
446,600,1.515519
447,600,10.034018
490,601,20.462852
506,601,20.466047
507,601,22.603529
489,602,14.013639
490,602,17.240381
491,602,3.857031
492,602,8.578053
493,602,14.71301
506,602,23.615578
508,602,19.721664
455,603,7.573442
489,603,20.064453
490,603,4.462327
491,603,2.850402
492,603,7.170404
493,603,9.850239
506,603,28.159782
508,603,16.602995
454,604,10.791195
456,604,10.35777
457,604,15.190608
489,604,10.554109
490,604,3.457454
491,604,4.35703
492,604,2.777538
493,604,8.663179
453,605,18.017696
455,605,17.33984
456,605,11.29528
457,605,10.221787
458,605,8.63911
459,605,8.641246
460,605,11.113236
489,605,15.832393
490,605,3.671755
491,605,13.59446
492,605,2.387918
493,605,27.641743
506,605,12.660995
507,605,18.271444
508,605,16.947855
455,606,0.610094
456,606,13.815312
458,606,9.176989
459,606,3.830729
460,606,4.941404
461,606,12.458632
462,606,16.193359
490,606,3.334155
491,606,4.53393
493,606,13.486336
506,606,23.929565
507,606,17.314011
508,606,23.47858
457,607,7.581383
458,607,0.696817
459,607,5.847687
460,607,5.908682
461,607,7.266209
462,607,8.466841
463,607,13.050621
465,607,26.989109
466,607,11.702732
491,607,13.875584
417,608,4.153955
418,608,10.485808
459,608,3.57794
460,608,18.049103
461,608,2.11276
462,608,10.596661
463,608,3.313733
464,608,6.181961
465,608,4.37958
466,608,9.23612
467,608,6.035476
420,609,3.865237
423,609,12.868999
424,609,8.263983
462,609,3.673825
463,609,4.141456
464,609,6.511483
465,609,4.195267
466,609,2.422872
467,609,2.949126
469,609,28.373571
470,609,2.191329
471,609,1.972575
472,609,7.178935
421,610,24.597984
422,610,11.581961
423,610,1.861667
424,610,0.519291
425,610,0.749278
426,610,1.626073
427,610,5.47718
464,610,1.215583
465,610,19.495375
466,610,2.458813
467,610,3.607993
468,610,6.86679
469,610,4.515719
470,610,0.920949
471,610,10.010646
472,610,22.54689
424,611,26.904179
425,611,0.197678
426,611,0.261137
427,611,0.204554
428,611,0.321154
429,611,0.679612
430,611,1.63459
467,611,3.160812
468,611,4.016528
469,611,3.146688
470,611,3.928563
471,611,4.712211
472,611,14.507096
577,611,8.74594
578,611,3.03243
579,611,9.684591
428,612,0.351992
429,612,0.228577
430,612,0.132679
431,612,0.528935
432,612,0.810364
469,612,9.662327
470,612,8.61492
471,612,9.27405
472,612,15.749132
578,612,24.117334
580,612,8.001911
581,612,3.02348
582,612,0.973618
583,612,1.42909
431,613,0.649792
432,613,0.33058
433,613,0.704706
434,613,1.662472
435,613,2.932285
578,613,27.87372
579,613,4.987235
432,614,27.443783
433,614,0.769587
434,614,0.170335
435,614,1.713736
436,614,1.255038
437,614,1.100955
438,614,6.16428
474,614,0.396655
475,614,6.235322
476,614,1.524801
477,614,1.410022
478,614,3.25402
479,614,4.24128
578,614,1.647543
433,615,0.062378
434,615,0.306604
435,615,0.349898
436,615,0.162254
437,615,0.4648
438,615,1.104949
439,615,2.663603
440,615,2.872057
474,615,0.092486
475,615,1.269556
476,615,3.276819
477,615,3.616032
478,615,4.207628
479,615,8.191954
578,615,8.872457
433,616,0.12785
434,616,0.084513
435,616,0.084513
436,616,28.535162
437,616,1.205437
438,616,0.449674
439,616,0.860396
440,616,2.476473
441,616,7.525573
442,616,6.76235
443,616,3.804687
474,616,0.092486
475,616,0.033058
476,616,0.033058
477,616,0.209474
478,616,0.532335
479,616,12.416931
435,617,0.274853
437,617,0.077796
438,617,0.364017
439,617,0.203004
440,617,1.108925
441,617,0.479601
442,617,1.522175
443,617,1.468161
474,617,0.138382
475,617,0.111016
476,617,0.111016
477,617,0.229987
478,617,0.299951
479,617,2.650308
438,618,0.039312
439,618,0.039312
440,618,0.088351
441,618,0.088351
442,618,0.397895
443,618,0.745129
441,619,0.243611
442,619,0.518888
448,621,12.893503
449,621,10.904613
560,621,11.504269
561,621,11.984869
448,622,0.380849
449,622,4.567027
450,622,2.810643
451,622,2.595924
574,622,8.192131
448,623,20.455412
449,623,0.636625
450,623,0.51234
451,623,0.828059
452,623,0.836864
453,623,0.685424
454,623,0.652547
560,623,3.65168
561,623,2.324361
405,624,7.512266
406,624,22.358383
447,624,13.799483
448,624,29.508974
449,624,11.163382
450,624,14.231859
451,624,13.433573
452,624,0.270808
453,624,0.240569
454,624,0.309684
455,624,0.224899
456,624,0.466521
457,624,0.478362
477,624,18.12402
478,624,25.319469
490,624,28.144419
551,624,24.378281
560,624,2.33565
561,624,5.327427
576,624,1.264662
405,625,0.851638
406,625,0.87393
407,625,9.902606
408,625,4.500288
449,625,29.000946
450,625,28.580061
451,625,0.471256
452,625,0.283991
453,625,3.646311
454,625,0.936719
455,625,0.563827
456,625,0.284243
457,625,0.079422
458,625,0.238934
459,625,0.657599
490,625,28.085928
491,625,1.796033
545,625,8.853773
549,625,11.413455
550,625,10.220441
552,625,9.236497
560,625,2.809096
561,625,5.793368
576,625,0.199425
577,625,0.255291
405,626,2.661563
406,626,1.61449
407,626,0.976696
408,626,0.934397
409,626,2.831032
410,626,6.39362
411,626,10.078849
450,626,28.491755
451,626,2.23167
452,626,0.9337
453,626,0.459179
454,626,0.587973
455,626,1.144283
456,626,0.845365
457,626,0.88696
458,626,0.194385
459,626,1.119906
460,626,1.646389
461,626,1.904284
462,626,8.220531
478,626,26.912437
490,626,12.42784
491,626,3.026771
492,626,14.60114
576,626,2.199956
577,626,1.186901
579,626,14.947316
580,626,9.675253
581,626,14.124069
407,627,1.409325
408,627,0.768265
409,627,0.70278
410,627,0.798842
411,627,5.248302
412,627,2.484195
413,627,1.225775
414,627,5.304575
416,627,6.050456
452,627,1.585153
453,627,2.404351
454,627,0.31842
455,627,2.40343
456,627,0.298045
457,627,1.057109
458,627,0.055232
459,627,1.77821
460,627,0.780252
461,627,1.308105
462,627,1.479148
463,627,1.677127
464,627,2.710222
476,627,24.400267
477,627,25.409481
489,627,11.448485
490,627,20.569582
491,627,9.389217
492,627,19.979362
410,628,0.354788
411,628,1.400173
412,628,0.734472
413,628,0.804171
414,628,3.101574
415,628,0.593184
416,628,1.401514
455,628,1.082556
456,628,0.927572
457,628,0.154988
458,628,0.75386
459,628,0.118854
460,628,0.438661
461,628,1.049125
462,628,1.37929
463,628,1.052961
464,628,1.434624
465,628,2.696947
466,628,13.18885
467,628,22.02482
477,628,13.63829
478,628,11.518498
490,628,7.956595
491,628,6.315396
412,629,1.375037
413,629,1.410806
414,629,1.476115
420,629,5.931819
458,629,1.343768
459,629,0.454285
460,629,2.494452
461,629,0.474254
462,629,0.306487
463,629,2.263606
464,629,1.009255
465,629,14.193745
466,629,7.91964
478,629,20.249853
486,629,0.521674
487,629,3.244873
488,629,0.529463
490,629,8.343728
491,629,14.576735
492,629,20.362371
550,629,1.560918
414,630,1.493575
419,630,0.987274
420,630,0.52765
421,630,3.058084
422,630,11.159934
460,630,3.43983
461,630,0.790574
462,630,2.676751
463,630,0.817174
464,630,8.774539
465,630,14.091902
478,630,16.150986
486,630,1.150269
487,630,0.583637
493,630,22.771791
419,631,1.257262
420,631,0.787973
421,631,1.863816
422,631,1.723151
423,631,0.522669
424,631,1.089807
425,631,14.611601
426,631,22.340673
463,631,2.000518
464,631,2.372578
465,631,11.537069
478,631,13.453729
479,631,25.375042
484,631,3.989915
419,632,1.63007
420,632,1.21332
421,632,1.322673
422,632,1.235559
423,632,0.861734
424,632,1.061246
425,632,1.278702
426,632,0.778698
427,632,24.605547
428,632,20.580212
423,633,1.403838
424,633,4.894736
425,633,2.057522
426,633,6.366687
427,633,1.58126
428,633,2.808509
429,633,1.887408
430,633,9.908338
431,633,21.490675
432,633,15.806967
423,634,7.621536
424,634,8.796637
425,634,7.627014
426,634,3.233731
427,634,3.113416
428,634,2.360187
429,634,3.355981
430,634,2.036274
431,634,3.764497
432,634,12.875833
433,634,10.963883
434,634,12.870388
435,634,7.201067
425,635,8.689414
427,635,2.680063
428,635,1.960094
429,635,2.503478
430,635,2.309371
431,635,3.896669
432,635,2.68908
433,635,1.483149
434,635,4.535445
581,635,13.640409
582,635,1.844426
583,635,5.808506
584,635,22.561512
429,636,2.650619
430,636,7.71981
431,636,4.259573
432,636,2.436397
433,636,1.234256
434,636,4.295917
545,636,3.41235
581,636,16.985331
431,637,6.310012
432,637,2.601315
433,637,7.849942
434,637,14.921424
545,637,4.640146
433,638,4.326445
545,639,4.894197
545,640,9.007797
438,642,10.433718
439,642,2.525813
440,642,10.039914
441,642,10.186969
442,642,25.519167
444,642,25.343773
445,642,23.904835
438,643,8.678331
439,643,3.528255
440,643,3.085392
441,643,15.663028
442,643,13.039502
443,643,9.934739
444,643,6.296403
445,643,9.683019
447,643,14.628069
446,644,18.083677
447,644,27.334225
453,644,12.690278
454,644,19.373381
453,645,8.257196
454,645,16.262468
455,645,9.508857
456,645,15.625677
484,645,0.702331
485,645,1.35938
486,645,2.760371
487,645,3.480282
488,645,4.122593
489,645,7.811736
490,645,10.358588
491,645,12.655824
492,645,22.720362
493,645,25.863802
451,646,5.02005
452,646,2.78077
453,646,13.717085
454,646,15.896106
455,646,9.90585
456,646,3.955048
457,646,23.590185
459,646,18.208582
460,646,8.908087
461,646,18.317717
462,646,17.751329
463,646,16.41395
464,646,17.877111
465,646,15.278138
466,646,24.605255
467,646,5.97108
468,646,20.423883
469,646,10.707633
470,646,13.022211
484,646,0.003268
485,646,0.190458
486,646,0.357812
487,646,0.559405
488,646,3.098674
489,646,1.255533
490,646,4.666853
491,646,4.015162
492,646,4.642132
493,646,6.915827
494,646,5.788982
495,646,17.17441
451,647,5.058991
452,647,2.45308
453,647,3.184362
454,647,10.846979
455,647,2.522152
456,647,6.084533
457,647,13.75263
458,647,14.857575
459,647,12.609674
460,647,9.857217
461,647,16.110374
462,647,6.001516
463,647,8.212956
464,647,11.633714
465,647,11.9983
467,647,4.823729
468,647,1.571762
469,647,1.728049
470,647,14.296716
471,647,23.469379
472,647,13.848988
485,647,0.002412
486,647,0.023847
487,647,0.371102
488,647,0.695842
489,647,0.443175
490,647,1.145856
491,647,2.299601
492,647,2.047079
493,647,2.552758
451,648,29.907312
452,648,4.264474
453,648,3.540535
454,648,9.816595
455,648,2.585791
456,648,3.579595
457,648,5.878246
458,648,8.522367
459,648,2.762562
460,648,25.38208
461,648,5.291403
462,648,18.632105
463,648,12.912147
464,648,15.243259
465,648,16.326185
466,648,19.526409
467,648,3.12327
468,648,1.790097
469,648,2.97973
470,648,2.027283
471,648,2.792182
472,648,2.167883
485,648,0.128655
486,648,0.795046
487,648,1.504834
488,648,1.581398
489,648,1.4031
490,648,1.245772
491,648,1.270934
492,648,1.157672
493,648,1.102594
454,649,4.82825
455,649,5.778471
457,649,6.069186
458,649,28.504412
459,649,25.879463
460,649,6.570823
461,649,5.899957
462,649,3.756418
463,649,18.883699
464,649,29.770617
465,649,27.218842
484,649,0.511543
485,649,1.642661
486,649,2.999302
487,649,3.605792
488,649,2.987452
489,649,4.567255
490,649,3.258038
491,649,3.117068
492,649,3.0035
459,650,11.885376
460,650,14.823774
461,650,12.167419
462,650,11.867194
463,650,13.313743
484,650,6.697775
485,650,9.587365
486,650,6.828772
505,650,11.287287
577,654,10.360336
578,654,8.509566
579,654,8.997025
580,654,15.713111
581,654,11.165254
582,654,9.725732
583,654,8.394841
584,654,11.158756
585,654,17.472488
390,512,0.55262
390,513,1.874133
390,514,1.500885
388,515,4.318092
389,515,0.975774
390,515,0.513015
389,516,2.757362
390,516,0.017236
417,516,16.409046
418,516,5.052408
389,517,12.463601
390,517,0.017953
391,517,0.187646
417,517,23.159666
418,517,6.967992
419,517,0.101941
391,518,1.318989
392,518,9.489561
417,518,11.805159
418,518,1.332433
388,519,0.403699
391,519,0.335767
392,519,11.040915
417,519,12.574949
418,519,2.144423
391,520,1.340112
392,520,1.668056
392,521,2.792143
444,522,7.004191
443,523,9.222532
444,523,2.228351
432,524,3.448873
433,524,17.535595
444,524,1.650512
445,524,1.24275
431,525,27.327971
432,525,15.737026
433,525,0.179301
431,526,2.713811
433,526,1.608912
434,528,3.888532
