2280,212,9.105137
2283,213,8.051923
2283,214,5.591409
2272,216,8.281568
2273,216,11.016349
2274,216,1.349732
2275,216,0.488124
2276,216,0.053521
2277,216,3.243778
2291,216,0.839062
2293,216,2.648459
2276,217,0.171687
2278,217,0.734164
2280,217,2.118985
2285,217,8.08569
2286,217,4.283549
2287,217,3.097663
2288,217,2.86322
2294,217,6.440731
2295,217,3.107439
2278,218,6.463165
2280,218,4.044543
2281,218,2.747745
2282,218,5.453619
2285,218,3.376402
2286,218,0.049625
2287,218,1.186769
2288,218,1.991201
2289,218,1.348952
2290,218,1.409929
2292,218,4.395843
2293,218,6.524562
2294,218,4.732647
2295,218,4.377024
2302,218,4.060544
2303,218,0.113365
2371,218,0.23643
2280,219,1.802052
2281,219,4.590267
2282,219,5.153022
2283,219,4.793135
2284,219,4.816243
2285,219,5.074424
2289,219,1.429982
2290,219,1.531009
2294,219,1.216262
2302,219,0.054707
2359,219,9.826614
2368,219,10.123094
2371,219,0.378178
2278,220,7.184258
2280,220,5.278807
2281,220,0.212901
2282,220,3.262949
2283,220,2.979366
2284,220,2.762334
2285,220,1.577324
2286,220,4.549465
2287,220,4.65695
2288,220,5.398643
2289,220,2.159989
2290,220,1.643479
2292,220,2.279153
2293,220,3.321063
2294,220,2.442784
2295,220,1.909502
2343,220,15.575043
2371,220,0.379419
2372,220,4.028051
2425,220,2.535323
2429,220,7.356571
2277,221,0.541366
2278,221,2.011515
2281,221,4.14204
2282,221,2.562275
2283,221,8.139188
2284,221,1.838292
2285,221,1.786936
2286,221,2.277301
2287,221,2.880257
2288,221,1.742843
2289,221,0.93433
2290,221,1.033933
2293,221,1.830845
2294,221,6.286709
2295,221,3.724441
2353,221,8.274667
2368,221,2.188901
2422,221,23.71274
2274,222,15.995504
2277,222,0.467296
2278,222,1.151989
2280,222,2.914832
2281,222,5.662582
2282,222,3.499962
2283,222,3.835038
2285,222,0.218053
2286,222,0.171919
2287,222,0.042189
2288,222,2.620575
2289,222,0.801691
2290,222,0.830428
2291,222,4.037145
2292,222,2.176762
2293,222,0.523463
2294,222,1.35267
2295,222,1.63092
2351,222,11.459173
2372,222,11.694365
2275,223,0.301965
2277,223,0.060262
2279,223,1.273951
2280,223,1.296803
2281,223,0.345063
2283,223,6.573427
2285,223,0.144718
2286,223,1.207316
2287,223,0.015873
2288,223,0.026316
2289,223,1.190201
2290,223,1.145566
2291,223,0.374645
2294,223,0.58049
2360,223,6.192826
2372,223,1.209793
2272,224,4.517951
2275,224,0.131802
2278,224,0.089287
2279,224,0.300821
2281,224,0.932188
2283,224,2.503742
2284,224,1.086024
2286,224,0.033538
2287,224,0.007869
2288,224,0.011651
2289,224,0.062043
2290,224,0.063585
2291,224,0.996368
2292,224,0.059819
2294,224,0.09712
2308,224,26.355579
2309,224,20.391045
2310,224,23.297348
2379,224,22.380272
2422,224,5.336653
2423,224,2.920009
2275,225,0.108936
2280,225,0.08395
2281,225,0.430772
2283,225,3.147802
2285,225,1.44533
2286,225,0.544191
2287,225,0.045423
2288,225,0.091293
2289,225,0.011003
2290,225,0.012566
2291,225,0.071936
2292,225,0.061766
2294,225,0.115485
2307,225,27.123655
2309,225,11.322371
2310,225,20.694876
2360,225,5.367934
2422,225,9.591184
2423,225,7.864414
2424,225,4.61958
2426,225,6.838046
2275,226,0.283061
2276,226,0.076292
2279,226,0.462416
2280,226,1.224332
2281,226,2.696394
2283,226,6.336974
2284,226,0.822746
2285,226,0.708564
2286,226,0.277826
2287,226,0.086314
2288,226,0.0466
2294,226,0.096869
2308,226,14.525249
2309,226,12.83536
2310,226,20.766251
2311,226,21.181803
2361,226,4.971368
2376,226,4.981686
2377,226,9.467933
2378,226,0.075758
2379,226,0.370951
2423,226,8.276181
2424,226,9.265827
2246,227,0.533674
2273,227,11.309864
2275,227,0.097887
2276,227,0.16825
2281,227,4.023938
2283,227,2.899666
2284,227,0.117017
2285,227,0.127881
2286,227,0.021907
2287,227,0.045423
2288,227,0.134541
2289,227,3.057062
2290,227,0.576392
2291,227,0.238376
2292,227,0.993249
2293,227,1.438719
2294,227,0.087101
2308,227,14.331921
2309,227,12.557862
2310,227,16.666975
2273,228,0.192513
2274,228,0.012237
2275,228,0.860179
2276,228,0.018945
2279,228,0.071925
2280,228,0.265627
2281,228,0.37102
2283,228,6.200791
2284,228,0.183828
2286,228,0.013032
2287,228,0.042413
2288,228,0.467035
2289,228,0.080071
2290,228,0.045709
2291,228,0.046065
2292,228,0.035572
2293,228,0.049913
2294,228,0.245567
2295,228,0.193155
2309,228,19.957586
2272,229,8.288918
2273,229,0.175711
2276,229,0.074513
2277,229,0.136151
2279,229,1.073014
2280,229,0.094156
2281,229,0.143981
2283,229,6.780224
2284,229,0.177925
2285,229,0.194429
2286,229,0.074951
2287,229,0.383784
2288,229,0.074423
2289,229,0.273734
2290,229,0.062174
2291,229,0.015027
2292,229,0.075868
2293,229,0.40379
2294,229,0.374729
2295,229,0.290592
2351,229,0.506162
2357,229,8.680799
2399,229,21.603683
2277,230,0.074513
2279,230,0.506637
2280,230,16.491631
2281,230,0.13408
2283,230,3.567562
2284,230,2.151256
2331,230,17.668556
2336,230,14.244389
2337,230,8.929033
2356,230,15.663936
2357,230,5.045156
2393,230,20.162447
2395,230,4.694097
2244,231,4.950685
2280,231,11.910975
2281,231,0.111432
2284,231,1.304966
2290,231,6.769011
2291,231,1.592536
2292,231,9.0748
2332,231,27.760763
2333,231,12.632092
2335,231,18.678457
2336,231,21.35129
2391,231,14.485619
2393,231,21.200224
2394,231,5.040299
2395,231,5.096523
2279,232,4.839051
2280,232,1.08863
2281,232,0.047057
2283,232,0.652426
2284,232,4.429441
2285,232,6.643356
2286,232,0.191274
2287,232,0.198176
2288,232,0.149205
2289,232,0.708776
2290,232,0.760932
2291,232,0.157024
2292,232,0.378619
2293,232,1.181092
2294,232,0.08612
2295,232,4.350738
2296,232,4.237751
2297,232,0.3221
2393,232,29.066689
2394,232,28.621504
2395,232,19.816542
2396,232,11.230553
2397,232,6.800982
2284,233,2.562249
2285,233,2.909409
2286,233,0.668511
2287,233,0.056634
2288,233,0.053433
2289,233,0.286597
2290,233,0.056438
2291,233,0.438845
2292,233,0.170149
2293,233,0.203211
2295,233,2.076412
2296,233,16.643473
2297,233,0.617696
2394,233,27.933609
2395,233,24.999763
2397,233,24.025837
2273,234,3.409923
2281,234,0.020951
2282,234,0.069847
2284,234,2.83092
2285,234,1.238653
2286,234,0.468606
2287,234,0.243974
2288,234,0.127138
2289,234,0.203012
2290,234,0.03373
2291,234,0.174978
2292,234,0.14012
2293,234,0.141931
2295,234,0.507728
2296,234,0.627929
2297,234,1.777838
2356,234,2.187777
2369,234,12.023611
2389,234,24.507921
2397,234,26.878992
2402,234,4.258003
2271,235,0.012792
2272,235,0.050228
2284,235,1.685723
2285,235,0.890649
2286,235,2.435984
2287,235,0.136345
2288,235,0.15139
2289,235,0.093674
2290,235,1.03373
2291,235,0.183987
2292,235,3.402709
2293,235,0.263873
2295,235,0.506189
2296,235,0.492082
2297,235,0.480293
2389,235,16.626417
2392,235,11.368922
2397,235,10.919846
2401,235,8.084988
2271,236,0.009549
2272,236,0.050228
2281,236,0.015424
2284,236,1.242715
2285,236,0.739956
2286,236,1.171621
2287,236,0.463184
2288,236,1.923186
2289,236,0.063348
2290,236,0.040822
2291,236,0.139177
2292,236,0.135856
2293,236,0.514189
2295,236,0.30514
2296,236,0.550513
2297,236,0.456597
2389,236,14.504956
2392,236,8.038862
2284,237,2.823724
2285,237,2.491146
2286,237,2.786997
2287,237,0.526357
2288,237,2.036975
2289,237,0.006343
2290,237,0.035714
2291,237,0.068165
2292,237,0.026348
2293,237,0.16929
2295,237,0.485982
2296,237,0.589145
2297,237,0.35696
2389,237,19.961708
2392,237,19.069294
2272,238,0.407708
2273,238,0.064514
2277,238,12.293562
2282,238,0.015424
2283,238,0.003521
2284,238,3.100917
2285,238,2.022217
2286,238,2.517157
2287,238,3.235493
2288,238,1.633425
2289,238,0.00369
2290,238,0.035714
2291,238,0.163747
2292,238,1.030228
2293,238,0.144954
2294,238,0.923932
2295,238,0.140316
2296,238,0.500094
2297,238,0.487395
2305,238,8.164694
2306,238,13.737744
2307,238,4.841835
2308,238,2.829044
2309,238,8.224112
2391,238,17.616381
2392,238,6.828984
2284,239,8.395624
2285,239,0.498407
2286,239,0.183824
2287,239,0.909051
2288,239,3.631915
2289,239,0.128922
2290,239,0.117647
2291,239,0.116124
2292,239,0.141921
2293,239,0.125858
2294,239,0.314454
2295,239,0.087702
2296,239,0.561613
2297,239,0.627771
2305,239,13.103626
2306,239,2.010369
2307,239,2.076144
2308,239,1.988599
2389,239,12.66508
2390,239,15.042573
2391,239,18.540924
2392,239,19.904882
2278,240,3.289794
2284,240,1.644552
2285,240,0.218108
2286,240,0.356443
2287,240,0.857421
2288,240,0.631915
2289,240,0.003922
2291,240,0.188136
2292,240,0.153865
2293,240,0.276078
2294,240,0.150528
2295,240,0.2778
2296,240,0.74448
2297,240,1.460008
2305,240,3.986784
2306,240,2.642608
2307,240,1.357787
2308,240,3.656888
2309,240,2.577573
2390,240,2.516904
2401,240,4.932251
2402,240,12.004265
2276,241,0.490141
2277,241,1.079771
2284,241,0.139071
2285,241,0.379261
2286,241,1.14348
2287,241,0.509219
2288,241,0.008425
2289,241,0.638667
2290,241,0.125
2291,241,0.159074
2292,241,0.201124
2293,241,0.327358
2294,241,0.411326
2295,241,0.337459
2296,241,0.979321
2297,241,0.49252
2305,241,3.509343
2306,241,2.015798
2307,241,1.408532
2308,241,1.532207
2309,241,2.389807
2390,241,0.874102
2397,241,9.103314
2486,241,16.868107
2282,242,1.611381
2283,242,1.570104
2284,242,1.087363
2285,242,0.281137
2286,242,0.089669
2287,242,0.175886
2288,242,0.008425
2289,242,0.12869
2290,242,0.166667
2291,242,0.111455
2292,242,0.206232
2293,242,0.165775
2294,242,0.126554
2295,242,1.828139
2296,242,1.861028
2297,242,6.56504
2305,242,4.415061
2306,242,2.015798
2307,242,1.016788
2308,242,2.465089
2309,242,1.74047
2339,242,12.59199
2340,242,18.351177
2341,242,5.104575
2342,242,9.797563
2343,242,3.635373
2355,242,4.268202
2383,242,18.113674
2390,242,19.633738
2391,242,24.437201
2392,242,17.426384
2281,243,1.23423
2282,243,1.319148
2283,243,2.991634
2285,243,0.07869
2286,243,0.037037
2287,243,0.116506
2288,243,0.144467
2289,243,0.006343
2291,243,0.236455
2292,243,0.25704
2293,243,0.101129
2294,243,0.127819
2295,243,0.930793
2296,243,2.853215
2297,243,4.110319
2305,243,6.107269
2306,243,1.491057
2307,243,1.16741
2308,243,0.741653
2309,243,1.366945
2334,243,6.2857
2335,243,14.084489
2337,243,12.082401
2338,243,22.19128
2339,243,20.23917
2340,243,11.161841
2341,243,15.036947
2342,243,12.009909
2343,243,8.532776
2344,243,24.202213
2345,243,6.213076
2346,243,8.086508
2347,243,7.022326
2348,243,5.268404
2349,243,9.007687
2350,243,5.016795
2351,243,3.326105
2352,243,3.082137
2353,243,3.586136
2354,243,7.81657
2355,243,4.09485
2366,243,22.412458
2367,243,13.456848
2370,243,5.673324
2371,243,8.545725
2372,243,11.396611
2383,243,25.493193
2392,243,14.372485
2285,244,1.027295
2286,244,1.587088
2287,244,0.08528
2288,244,2.004623
2289,244,0.006343
2291,244,0.444788
2292,244,0.0745
2293,244,2.726129
2294,244,0.254188
2295,244,0.72853
2296,244,0.76589
2297,244,3.291874
2305,244,5.775063
2306,244,1.517206
2307,244,0.818965
2308,244,1.524502
2309,244,0.705241
2334,244,8.247182
2335,244,6.214247
2336,244,15.550795
2337,244,0.036903
2338,244,1.224194
2358,244,6.810721
2370,244,0.645166
2371,244,7.920079
2372,244,3.555416
2383,244,15.928774
2246,245,4.078631
2247,245,4.082258
2281,245,1.647529
2282,245,1.238281
2283,245,2.948752
2285,245,0.392651
2286,245,0.023637
2287,245,0.12044
2288,245,0.027093
2289,245,0.018501
2290,245,0.156805
2291,245,1.052632
2292,245,0.0745
2293,245,3.701769
2294,245,1.212521
2295,245,0.981902
2296,245,1.554666
2297,245,12.282976
2305,245,5.929222
2306,245,3.019993
2307,245,0.988929
2308,245,0.270546
2309,245,0.28332
2334,245,4.742288
2335,245,6.155608
2336,245,14.521192
2337,245,0.043804
2338,245,0.298651
2358,245,2.847769
2377,245,1.389336
2383,245,16.248159
2392,245,7.0433
2398,245,22.137661
2402,245,3.127483
2403,245,17.897608
2465,245,29.008476
2246,246,8.358037
2247,246,0.19293
2249,246,0.1368
2277,246,2.989453
2281,246,0.207622
2282,246,0.138159
2285,246,1.04558
2286,246,0.145407
2287,246,0.440394
2288,246,0.142374
2289,246,0.416316
2290,246,0.042806
2291,246,0.279412
2292,246,0.0745
2293,246,0.140747
2294,246,0.126535
2295,246,0.270028
2296,246,0.268366
2297,246,1.352345
2306,246,1.275055
2307,246,0.705671
2308,246,0.247143
2309,246,0.250526
2327,246,0.484937
2329,246,4.356897
2334,246,8.724085
2335,246,2.980541
2336,246,4.152503
2337,246,0.313886
2338,246,0.002959
2340,246,4.188596
2341,246,1.200418
2342,246,1.518492
2343,246,1.043224
2344,246,0.401873
2345,246,1.133526
2358,246,7.871195
2383,246,20.315077
2391,246,12.241081
2392,246,11.646106
2398,246,8.160009
2464,246,20.628025
2466,246,3.908247
2467,246,6.718507
2468,246,3.044153
2469,246,7.695148
2470,246,3.99441
2483,246,28.366377
2484,246,22.631998
2245,247,1.485967
2247,247,0.66532
2248,247,1.724496
2285,247,0.357099
2286,247,0.029785
2287,247,7.055336
2288,247,0.185217
2289,247,0.376326
2290,247,1.035714
2291,247,0.029412
2292,247,0.078792
2293,247,0.160355
2294,247,0.195251
2295,247,0.270028
2296,247,0.324968
2297,247,1.039595
2305,247,6.644953
2306,247,1.347571
2307,247,0.745938
2308,247,0.650926
2309,247,0.338751
2326,247,1.883277
2327,247,0.67105
2340,247,0.128279
2341,247,2.033875
2342,247,1.094957
2343,247,0.399849
2383,247,25.824781
2390,247,0.018073
2391,247,2.86098
2392,247,2.497207
2398,247,6.88193
2399,247,7.361746
2400,247,7.270123
2401,247,9.445974
2403,247,11.205952
2465,247,17.817114
2466,247,8.785286
2467,247,5.891808
2468,247,8.21536
2469,247,9.871695
2470,247,16.652628
2483,247,21.021896
2245,248,1.412984
2246,248,1.330866
2247,248,0.159724
2272,248,16.049656
2274,248,0.208933
2275,248,0.461
2285,248,0.07118
2286,248,0.058947
2287,248,2.999891
2288,248,0.632038
2289,248,0.335438
2290,248,0.411255
2291,248,0.029412
2292,248,0.138837
2293,248,0.238609
2294,248,0.245599
2295,248,0.209874
2296,248,0.203805
2297,248,0.308492
2306,248,0.491808
2307,248,0.48226
2308,248,0.110044
2309,248,1.215075
2310,248,0.307802
2311,248,3.764584
2326,248,2.255722
2327,248,1.47152
2329,248,5.519329
2341,248,0.128279
2342,248,0.401812
2343,248,2.300018
2344,248,0.135174
2345,248,0.112025
2347,248,0.175448
2348,248,0.327942
2350,248,1.892719
2358,248,10.559157
2384,248,25.067467
2390,248,1.011817
2391,248,12.111604
2392,248,11.694099
2393,248,5.117167
2398,248,5.764329
2399,248,10.300464
2245,249,2.568184
2273,249,3.936178
2274,249,0.089175
2275,249,0.162469
2276,249,0.046556
2277,249,0.035019
2286,249,16.090069
2287,249,0.529906
2288,249,0.358827
2289,249,0.096243
2290,249,0.06008
2291,249,0.167966
2292,249,0.253255
2293,249,0.27516
2294,249,0.303657
2295,249,0.400159
2296,249,0.301848
2297,249,0.507304
2305,249,4.555367
2307,249,5.280598
2308,249,4.879882
2309,249,2.486115
2310,249,4.527586
2311,249,9.408758
2312,249,7.665096
2326,249,2.95453
2327,249,1.466772
2329,249,8.170723
2341,249,0.601368
2342,249,0.92338
2343,249,2.805114
2344,249,0.361826
2347,249,1.314543
2348,249,1.961883
2349,249,0.965357
2350,249,1.198705
2351,249,5.482866
2383,249,6.394866
2390,249,5.789784
2398,249,10.474774
2400,249,10.856142
2245,250,2.208125
2246,250,1.575252
2247,250,1.280489
2272,250,2.523752
2274,250,0.163591
2275,250,0.28202
2276,250,0.435964
2277,250,0.196063
2278,250,0.357459
2280,250,0.19483
2281,250,0.242011
2282,250,0.339076
2283,250,0.122273
2284,250,0.165843
2285,250,0.699616
2286,250,0.378059
2287,250,0.197134
2288,250,0.169513
2289,250,0.365516
2290,250,0.013263
2291,250,0.020905
2292,250,0.20022
2293,250,0.260809
2294,250,0.327432
2295,250,0.50489
2296,250,0.15803
2297,250,0.371569
2302,250,8.346578
2303,250,1.030046
2306,250,5.177584
2307,250,4.723213
2308,250,2.279643
2309,250,4.301793
2310,250,9.809263
2311,250,18.066113
2316,250,6.291255
2326,250,2.528816
2327,250,2.498082
2329,250,11.370054
2344,250,1.428804
2348,250,0.802745
2349,250,1.093541
2350,250,0.633735
2403,250,21.167137
2280,251,0.521623
2281,251,0.568332
2282,251,0.930651
2283,251,2.319659
2284,251,0.409303
2285,251,1.162516
2286,251,0.787877
2288,251,0.105423
2289,251,0.096108
2290,251,0.171439
2291,251,0.113293
2292,251,0.199248
2293,251,0.249698
2294,251,1.02973
2295,251,0.081773
2296,251,0.300514
2297,251,0.178029
2302,251,1.613032
2303,251,0.290745
2304,251,1.159838
2305,251,0.286227
2306,251,0.901274
2307,251,3.755394
2308,251,5.019429
2326,251,7.235464
2327,251,1.620763
2328,251,4.913609
2332,251,1.271486
2333,251,1.31682
2334,251,1.515368
2335,251,0.677781
2336,251,1.159006
2337,251,0.838779
2338,251,1.701047
2339,251,2.419535
2342,251,1.275537
2343,251,7.250136
2344,251,2.551655
2345,251,5.339524
2346,251,3.593018
2347,251,6.675848
2348,251,12.374646
2349,251,20.232075
2350,251,7.498991
2351,251,20.130909
2244,252,4.866414
2245,252,1.344419
2246,252,2.013885
2247,252,5.059054
2285,252,1.564783
2286,252,1.901848
2288,252,0.962804
2289,252,0.088634
2290,252,0.087191
2291,252,1.032583
2292,252,0.718828
2293,252,1.852191
2295,252,0.334803
2296,252,0.577783
2297,252,4.605568
2302,252,0.274213
2303,252,2.624012
2304,252,1.887978
2305,252,4.088298
2306,252,6.127108
2307,252,2.075701
2308,252,7.084491
2317,252,29.273453
2321,252,6.338253
2322,252,0.02706
2323,252,1.756759
2326,252,6.190969
2327,252,0.551593
2328,252,5.441289
2332,252,1.791222
2333,252,3.095398
2334,252,2.16492
2335,252,2.535512
2336,252,5.433978
2337,252,0.999197
2338,252,2.656037
2339,252,3.854389
2342,252,6.152808
2343,252,4.543416
2347,252,4.699311
2348,252,13.733662
2349,252,6.003103
2350,252,5.902276
2390,252,3.771615
2244,253,0.938797
2245,253,4.169402
2248,253,2.414265
2285,253,2.264158
2287,253,0.157395
2302,253,1.188425
2303,253,1.58984
2304,253,5.007965
2305,253,5.625405
2306,253,8.929187
2320,253,4.615459
2321,253,5.438528
2322,253,4.508736
2323,253,2.878183
2326,253,3.187094
2327,253,4.322468
2328,253,2.624824
2332,253,1.844181
2333,253,3.405739
2334,253,8.314968
2335,253,4.312774
2336,253,2.661133
2337,253,1.802296
2338,253,2.415143
2339,253,1.122621
2348,253,6.948375
2349,253,2.811815
2244,254,0.316039
2245,254,0.130849
2246,254,6.839721
2287,254,0.065332
2288,254,0.166623
2244,255,0.295126
2245,255,1.511582
2246,255,9.37575
2280,255,0.196158
2281,255,0.10263
2284,255,0.060189
2285,255,0.053007
2287,255,0.023414
2288,255,0.479565
2296,255,0.09947
2484,255,15.561594
2244,256,1.213889
2245,256,7.866118
2280,256,0.041349
2281,256,0.0832
2282,256,0.158878
2284,256,0.158878
2285,256,0.071336
2287,256,0.007117
2288,256,0.242212
2296,256,0.085793
2451,256,25.303194
2244,257,0.837699
2245,257,1.744323
2246,257,5.451299
2277,257,0.159556
2281,257,0.553822
2282,257,0.053249
2283,257,0.063316
2284,257,0.012237
2287,257,0.080623
2293,257,0.094047
2294,257,0.154848
2295,257,0.067105
2322,257,0.993077
2323,257,0.986852
2324,257,0.983518
2325,257,1.271694
2326,257,0.334334
2327,257,0.378898
2328,257,1.930797
2329,257,8.322497
2244,258,1.512702
2245,258,2.100919
2270,258,7.8742
2271,258,1.024236
2277,258,0.196433
2281,258,0.265159
2282,258,0.025082
2284,258,0.08098
2291,258,0.006897
2292,258,0.195002
2293,258,0.005571
2294,258,0.004348
2295,258,0.052
2312,258,6.660641
2319,258,5.42836
2320,258,21.723156
2321,258,8.947789
2322,258,8.931725
2323,258,9.013845
2324,258,10.084655
2325,258,0.650483
2326,258,0.100113
2327,258,0.396984
2328,258,0.403832
2329,258,1.422488
2336,258,0.423549
2337,258,0.63162
2338,258,0.318532
2477,258,20.894712
2493,258,25.281546
2244,259,1.551967
2245,259,2.325125
2246,259,5.786918
2247,259,3.635751
2248,259,7.126644
2249,259,5.15407
2250,259,2.738745
2277,259,0.614897
2281,259,0.743719
2284,259,0.042928
2288,259,0.05415
2289,259,0.046726
2312,259,4.711888
2313,259,14.770096
2320,259,7.585153
2321,259,11.45529
2322,259,4.948374
2323,259,9.355631
2324,259,11.712058
2325,259,8.059956
2326,259,1.340064
2327,259,1.914003
2328,259,3.141422
2329,259,3.843121
2335,259,10.897827
2336,259,24.5987
2337,259,22.77112
2338,259,10.349946
2340,259,14.096005
2244,260,0.149912
2245,260,0.278519
2246,260,0.605849
2247,260,3.603759
2248,260,4.469138
2281,260,1.464578
2284,260,0.14699
2305,260,10.108642
2306,260,3.394704
2312,260,2.616685
2313,260,15.0584
2320,260,1.5731
2321,260,4.70534
2324,260,23.965986
2325,260,24.54081
2326,260,8.028654
2328,260,12.248647
2244,261,0.174836
2245,261,0.152822
2246,261,2.253028
2247,261,2.206199
2248,261,3.340014
2281,261,1.149196
2283,261,1.242379
2284,261,0.434324
2305,261,6.713476
2306,261,5.594494
2312,261,0.890382
2313,261,24.495043
2320,261,0.974113
2321,261,16.113258
2325,261,25.053656
2352,261,6.096995
2416,261,16.960381
2244,262,0.177043
2245,262,1.197892
2246,262,1.23162
2247,262,2.821323
2248,262,16.087393
2249,262,9.240458
2277,262,1.581345
2278,262,0.44485
2284,262,1.042547
2304,262,11.101208
2305,262,7.863025
2312,262,3.296603
2313,262,20.241032
2317,262,1.053149
2320,262,8.234985
2355,262,23.87875
2372,262,1.501858
2447,262,24.820269
2448,262,18.499222
2244,263,7.222202
2245,263,0.341617
2246,263,1.082275
2275,263,0.821136
2276,263,1.889183
2277,263,1.162201
2278,263,0.504034
2283,263,0.821341
2284,263,0.302679
2285,263,0.09462
2304,263,12.672097
2305,263,7.326972
2312,263,1.087515
2313,263,11.639
2316,263,1.053149
2317,263,8.186893
2416,263,27.212101
2417,263,16.985033
2272,264,11.744637
2276,264,0.963784
2277,264,2.473062
2278,264,0.217891
2281,264,0.392763
2284,264,0.816791
2285,264,0.106798
2295,264,0.009261
2304,264,17.849598
2305,264,19.264717
2311,264,0.511297
2312,264,3.065474
2313,264,1.32503
2314,264,11.048106
2316,264,1.064319
2317,264,6.591707
2322,264,6.254935
2328,264,0.55088
2330,264,0.588296
2416,264,11.730742
2443,264,22.1045
2444,264,23.024994
2244,265,0.308243
2245,265,0.855211
2246,265,0.463093
2247,265,3.183055
2276,265,0.142069
2277,265,0.113304
2278,265,0.141082
2284,265,2.174523
2285,265,1.370565
2295,265,0.007117
2304,265,11.969021
2311,265,0.585854
2312,265,1.839601
2313,265,1.818169
2314,265,0.520237
2315,265,1.095597
2316,265,11.258884
2317,265,15.19349
2322,265,4.542356
2357,265,2.700145
2447,265,11.07647
2448,265,19.689156
2249,266,9.536741
2273,266,1.848508
2275,266,4.54275
2276,266,1.560467
2277,266,0.888792
2278,266,0.136511
2279,266,0.664353
2280,266,0.976901
2281,266,0.254022
2283,266,0.16218
2284,266,0.265871
2285,266,1.285604
2288,266,0.604378
2289,266,0.717826
2290,266,0.139816
2304,266,23.28397
2305,266,11.963067
2311,266,6.643612
2312,266,6.883026
2313,266,12.866243
2314,266,9.019852
2315,266,4.325424
2326,266,2.171185
2357,266,0.889572
2358,266,4.814737
2439,266,17.585581
2447,266,0.913868
2449,266,8.721598
2244,267,0.358539
2245,267,0.327587
2246,267,1.238982
2247,267,0.700466
2249,267,6.440747
2273,267,6.516896
2284,267,0.368192
2304,267,2.900351
2305,267,25.013784
2324,267,3.6233
2325,267,2.43938
2326,267,17.846357
2332,267,6.567967
2346,267,2.067411
2357,267,2.34374
2244,268,0.208981
2245,268,0.049216
2246,268,1.111404
2247,268,1.507184
2275,268,18.991804
2276,268,1.176316
2277,268,1.684048
2278,268,0.451484
2279,268,0.459998
2280,268,0.32705
2281,268,0.119669
2282,268,0.106456
2283,268,0.147164
2284,268,0.198885
2304,268,5.497855
2312,268,2.906998
2324,268,1.050546
2325,268,6.210939
2357,268,3.247681
2358,268,6.149129
2444,268,2.780226
2244,269,0.099257
2246,269,0.267909
2247,269,0.678281
2249,269,2.519317
2279,269,3.182364
2280,269,1.448037
2281,269,1.216795
2282,269,0.115685
2283,269,0.927294
2284,269,0.129495
2304,269,6.037886
2312,269,6.417308
2315,269,20.139128
2316,269,18.186506
2321,269,4.043258
2358,269,2.986693
2433,269,25.671282
2437,269,23.738634
2438,269,13.586901
2439,269,16.049093
2273,270,2.550068
2276,270,2.743773
2277,270,0.341029
2278,270,1.662874
2280,270,0.247152
2281,270,3.404203
2282,270,0.136553
2283,270,0.739421
2294,270,11.548948
2295,270,5.876978
2312,270,9.72656
2314,270,17.226809
2315,270,12.232985
2316,270,24.386181
2321,270,3.887688
2358,270,3.328418
2433,270,23.146368
2434,270,18.075726
2435,270,13.885663
2277,271,1.178138
2278,271,2.000136
2280,271,0.706819
2281,271,0.132147
2282,271,1.734274
2283,271,2.430006
2284,271,3.088861
2285,271,0.284243
2293,271,14.400558
2294,271,25.575716
2295,271,9.40568
2312,271,14.67379
2323,271,3.7109
2324,271,2.757428
2325,271,0.644499
2358,271,4.213505
2278,272,4.612251
2279,272,22.766941
2280,272,0.5836
2281,272,2.845657
2282,272,1.26151
2283,272,0.746816
2295,272,25.108921
2312,272,24.895382
2313,272,11.157045
2323,272,2.086711
2324,272,2.506936
2280,273,2.302887
2281,273,1.769579
2282,273,1.843453
2283,273,5.350805
2312,273,15.717419
2313,273,9.019619
2314,273,23.431046
2323,273,13.070503
2324,273,1.388662
2346,273,1.069679
2312,274,21.944798
2325,274,2.377616
2326,274,2.775095
2443,274,4.039314
2444,274,1.199884
2445,274,18.110556
2446,274,0.432552
2447,274,4.635851
2245,275,2.806559
2246,275,8.04084
2275,275,6.464389
2276,275,27.821518
2280,275,9.66414
2281,275,3.52442
2325,275,1.610168
2345,275,1.661165
2443,275,5.683764
2444,275,0.968178
2445,275,0.62418
2244,276,0.075519
2245,276,0.29589
2246,276,0.649367
2247,276,1.227985
2275,276,8.835052
2280,276,2.129452
2281,276,2.232842
2284,276,19.31777
2285,276,3.098567
2286,276,2.594146
2287,276,5.722713
2288,276,0.465241
2289,276,6.015662
2290,276,8.76283
2294,276,17.031189
2440,276,3.875834
2244,277,1.706103
2245,277,0.732421
2246,277,1.715103
2247,277,4.36433
2275,277,0.726112
2276,277,2.235027
2281,277,0.420274
2284,277,0.569562
2285,277,0.855969
2286,277,0.347448
2287,277,4.639606
2289,277,0.244895
2294,277,12.49877
2295,277,2.073804
2311,277,7.434977
2246,278,0.215735
2247,278,7.490367
2276,278,5.438001
2280,278,0.49462
2281,278,2.456202
2285,278,0.254078
2286,278,0.372396
2289,278,14.66534
2292,278,12.910682
2294,278,4.196165
2295,278,15.794756
2440,278,4.689384
2244,279,5.387793
2245,279,1.010304
2246,279,1.062518
2247,279,1.19029
2281,279,3.355448
2286,279,11.536345
2292,279,17.69235
2440,279,5.5251
2283,280,7.984575
2284,280,7.463386
2285,280,4.224239
2293,280,16.063139
2296,280,3.808548
2244,281,0.472408
2245,281,2.61707
2282,281,0.116813
2283,281,2.683049
2284,281,11.142467
2273,282,0.149607
2274,282,1.568746
2284,282,0.324908
2285,282,3.73686
2291,282,10.895913
2292,282,2.224209
2293,282,4.190746
2294,282,6.262455
2295,282,1.313338
2371,282,0.78512
2285,283,0.394339
2290,283,17.192467
2292,283,8.577054
2293,283,10.290128
2295,283,8.791865
2296,283,21.476414
2371,283,15.219404
2244,284,0.918716
2245,284,0.633768
2246,284,0.588498
2244,285,1.584114
2245,285,0.596711
2246,285,0.088866
2284,285,1.090355
2285,285,9.224658
2244,286,0.540807
2245,286,0.018757
2246,286,0.031967
2284,286,9.279697
2244,287,0.131502
2245,287,0.07512
2246,287,0.673463
2247,287,0.692065
2284,287,0.115744
2244,288,0.255442
2245,288,1.494955
2246,288,0.258479
2247,288,1.424671
2283,288,4.874172
2284,288,0.011448
2244,289,0.229414
2245,289,5.959112
2246,289,0.288308
2281,289,2.351
2284,289,1.527597
2285,289,0.437971
2286,289,0.297504
2244,290,0.310324
2245,290,2.882581
2246,290,0.245109
2247,290,0.049177
2275,290,0.881917
2281,290,0.632839
2284,290,2.020562
2285,290,0.819517
2286,290,7.626843
2288,290,1.406486
2289,290,6.187824
2292,290,2.095066
2244,291,0.546117
2245,291,2.302926
2246,291,0.13829
2247,291,0.306781
2248,291,1.928127
2277,291,0.004623
2284,291,0.557116
2285,291,0.669725
2286,291,0.974178
2288,291,2.205949
2292,291,3.631495
2244,292,9.307814
2245,292,3.128154
2246,292,1.847904
2247,292,2.608897
2248,292,6.446196
2275,292,0.363897
2277,292,1.153525
2278,292,1.363655
2282,292,0.039787
2283,292,0.439693
2284,292,1.199628
2285,292,1.986729
2286,292,3.663997
2288,292,0.181077
2244,293,25.062586
2245,293,15.609818
2246,293,4.540908
2247,293,2.574276
2276,293,2.611387
2278,293,0.281864
2282,293,0.300118
2284,293,0.849802
2285,293,1.069467
2247,294,0.563688
2248,294,0.854582
2278,294,0.009498
2284,294,1.05865
2285,294,2.751832
2286,294,0.007753
2244,295,3.06972
2247,295,1.14541
2278,295,0.009498
2284,295,1.066922
2285,295,2.083415
2286,295,0.903564
2287,295,0.904502
2288,295,0.215166
2278,296,0.068063
2288,296,1.462145
2289,296,1.235615
2244,297,0.900101
2245,297,5.138118
2277,297,3.407747
2278,297,0.437965
2279,297,0.002967
2287,297,5.837812
2438,297,10.211452
2468,297,2.040642
2470,297,7.774028
2472,297,9.376839
2474,297,3.247736
2244,298,1.999563
2245,298,0.787222
2277,298,0.005249
2278,298,2.10636
2280,298,0.543173
2286,298,1.030641
2287,298,4.734258
2468,298,1.776631
2469,298,21.677608
2473,298,22.617405
2474,298,4.327201
2244,299,0.345631
2245,299,0.158848
2246,299,8.513554
2273,299,14.240905
2274,299,0.499572
2275,299,2.040147
2276,299,3.012709
2277,299,0.845428
2289,299,4.402168
2424,299,4.548289
2468,299,23.840755
2474,299,1.854012
2244,300,3.54171
2245,300,1.17909
2246,300,9.474735
2247,300,23.606806
2277,300,1.671211
2287,300,2.398211
2289,300,3.364713
2422,300,8.874281
2423,300,7.927097
2474,300,20.026684
2476,300,2.316967
2480,300,22.899899
2245,301,23.316601
2246,301,24.046194
2277,301,9.856825
2422,301,2.357102
2423,301,0.163896
2480,301,7.567883
2276,302,9.030643
2287,302,0.200696
2289,302,3.494476
2423,302,8.310861
2495,302,1.980685
2423,303,0.916495
2286,304,0.00947
2287,304,0.00947
2288,304,0.262656
2389,304,23.205753
2423,304,1.37901
2424,304,0.074622
2477,304,1.942554
2495,304,2.954921
2274,305,3.253318
2275,305,3.553375
2276,305,1.484764
2307,305,0.22496
2310,305,0.106699
2311,305,1.324504
2423,305,0.748089
2424,305,0.249476
2429,305,1.808779
2474,305,7.077609
2475,305,8.116217
2276,306,1.754776
2277,306,0.655373
2294,306,0.156686
2307,306,0.22496
2308,306,1.31773
2309,306,0.813456
2310,306,1.215868
2311,306,4.586448
2393,306,4.539235
2472,306,15.319981
2474,306,0.193924
2475,306,0.301653
2276,307,1.490639
2307,307,0.115462
2308,307,1.141367
2309,307,1.186674
2310,307,0.578854
2311,307,0.730222
2312,307,0.650155
2392,307,8.373314
2393,307,0.944126
2394,307,4.458346
2396,307,8.711876
2471,307,14.523026
2472,307,11.530351
2473,307,0.100103
2474,307,3.310833
2475,307,0.603647
2275,308,2.208782
2276,308,3.164782
2279,308,3.074631
2280,308,0.14546
2281,308,0.794477
2282,308,5.359145
2293,308,2.80751
2307,308,3.254653
2392,308,5.769235
2393,308,23.903097
2394,308,1.956028
2395,308,5.487704
2396,308,6.048726
2397,308,3.27667
2440,308,11.329799
2462,308,5.126207
2467,308,1.672186
2475,308,4.478586
2481,308,4.379214
2482,308,7.602947
2483,308,16.059301
2484,308,7.898222
2275,309,5.6483
2276,309,2.53944
2278,309,0.434166
2279,309,0.425634
2281,309,2.632674
2307,309,1.065774
2393,309,3.948996
2394,309,9.931551
2395,309,1.237148
2396,309,0.785776
2397,309,5.101084
2468,309,15.402231
2282,310,6.438333
2306,310,0.329377
2307,310,2.152221
2391,310,3.746341
2392,310,2.293396
2393,310,10.984197
2394,310,7.141333
2395,310,5.522294
2396,310,1.856063
2397,310,1.527757
2491,310,10.754666
2279,311,0.847008
2280,311,0.090436
2281,311,1.342324
2282,311,0.348246
2306,311,1.112288
2307,311,2.773079
2335,311,23.525791
2336,311,1.332457
2337,311,4.447326
2346,311,0.877678
2391,311,10.118011
2392,311,11.532189
2393,311,12.483149
2394,311,28.448803
2395,311,6.0385
2396,311,6.455575
2397,311,3.381879
2490,311,21.884285
2491,311,5.694068
2277,312,15.423831
2306,312,1.180082
2393,312,7.306599
2394,312,7.615375
2395,312,12.49309
2396,312,5.009305
2397,312,2.814849
2306,313,0.979858
2307,313,5.960842
2391,313,23.666264
2392,313,5.013814
2393,313,5.266582
2394,313,4.719351
2395,313,5.408555
2396,313,2.884578
2397,313,1.302846
2398,313,0.92394
2306,314,7.371355
2307,314,19.690113
2391,314,6.965491
2392,314,12.868361
2393,314,2.791222
2394,314,4.673493
2395,314,7.569524
2396,314,5.015584
2397,314,2.251664
2398,314,0.851803
2284,315,0.195085
2287,315,0.0625
2307,315,27.450336
2392,315,10.685871
2393,315,15.955901
2394,315,7.026666
2395,315,3.096803
2396,315,4.17997
2397,315,5.275813
2451,315,8.2974
2452,315,4.294368
2482,315,1.214749
2485,315,3.572919
2284,316,0.162248
2285,316,0.002967
2286,316,0.046429
2287,316,0.0625
2306,316,4.744667
2307,316,9.618963
2481,316,1.86856
2482,316,2.693205
2483,316,7.493058
2484,316,4.100477
2283,317,2.035811
2284,317,0.220924
2285,317,0.179634
2306,317,1.473118
2307,317,6.398937
2342,317,20.400501
2344,317,8.869984
2345,317,6.992955
2346,317,3.660015
2359,317,3.193993
2438,317,0.475891
2456,317,5.40804
2480,317,9.852028
2481,317,10.538665
2485,317,6.488649
2272,2,18.926731
2282,318,0.291403
2283,318,0.152494
2284,318,0.206207
2285,318,0.0625
2306,318,2.795441
2307,318,8.743052
2343,318,8.912701
2344,318,8.080008
2345,318,3.0142
2346,318,2.834796
2347,318,3.895101
2351,318,1.193884
2352,318,7.734204
2353,318,8.970377
2354,318,11.172623
2355,318,0.349707
2356,318,0.410855
2357,318,0.387494
2358,318,2.988122
2417,318,1.255606
2418,318,0.628764
2429,318,2.298512
2451,318,1.193868
2456,318,19.568518
2484,318,6.072405
2273,319,2.88183
2274,319,2.369358
2275,319,3.107557
2276,319,1.003922
2282,319,0.050915
2283,319,0.167071
2284,319,0.190664
2306,319,1.805957
2307,319,1.529036
2338,319,6.794445
2344,319,4.491731
2345,319,23.232737
2347,319,6.160582
2348,319,3.401441
2349,319,4.204881
2350,319,1.9135
2352,319,2.560949
2353,319,2.775661
2354,319,2.704889
2355,319,0.591641
2356,319,3.481174
2357,319,2.671146
2358,319,1.335806
2359,319,2.889905
2360,319,19.760363
2370,319,21.598961
2371,319,13.617111
2417,319,1.826005
2418,319,1.084633
2420,319,0.535693
2421,319,1.220402
2422,319,0.310083
2451,319,0.086551
2456,319,4.577534
2484,319,12.329966
2274,320,2.3506
2275,320,5.231564
2276,320,0.067446
2277,320,1.156615
2286,320,0.076284
2287,320,0.072708
2306,320,0.798806
2307,320,0.269911
2312,320,29.430828
2313,320,16.029615
2355,320,6.000111
2357,320,10.214156
2358,320,9.663727
2359,320,14.585361
2417,320,1.376177
2418,320,0.760295
2419,320,2.280267
2306,321,1.064283
2307,321,0.370434
2311,321,13.444736
2417,321,1.933859
2418,321,4.062728
2419,321,1.180412
2423,321,8.494395
2456,321,0.219903
2306,322,0.893719
2307,322,0.338687
2415,322,0.661317
2417,322,1.721082
2418,322,4.644966
2419,322,0.377437
2420,322,0.64312
2423,322,2.373404
2424,322,3.268123
2425,322,0.475197
2426,322,2.442082
2427,322,0.096637
2309,7,26.296795
2420,7,3.218858
2274,323,12.867833
2275,323,12.624022
2276,323,12.137311
2277,323,15.765533
2306,323,0.979713
2310,323,29.677872
2311,323,23.420418
2425,323,2.34047
2426,323,0.341074
2427,323,0.596319
2428,323,2.401541
2429,323,2.889086
2430,323,2.015666
2431,323,0.548369
2432,323,0.469109
2433,323,0.461006
2434,323,0.538535
2435,323,0.363661
2436,323,0.255296
2439,323,2.792666
2440,323,0.875721
2441,323,0.346949
2442,323,2.02081
2446,323,0.149011
2457,323,0.1811
2420,8,2.429483
2499,8,14.073851
2275,324,16.524063
2276,324,2.59818
2306,324,2.069221
2367,324,3.019769
2368,324,4.38062
2425,324,7.751234
2426,324,1.898052
2440,324,1.075596
2441,324,0.568122
2442,324,0.814144
2443,324,0.927364
2444,324,0.972619
2445,324,0.241235
2446,324,1.160636
2452,324,1.600757
2457,324,0.107444
2458,324,0.005376
2314,9,19.261204
2420,9,5.152081
2363,325,24.88604
2445,325,5.12789
2447,325,2.411684
2452,325,3.669241
2456,325,0.075501
2457,325,0.01518
2458,325,0.067965
2314,10,11.739229
2420,10,2.166125
2452,326,22.012667
2453,326,5.442584
2454,326,0.75992
2456,326,0.094019
2457,326,0.263435
2458,326,1.267337
2368,327,11.33203
2369,327,7.484836
2370,327,8.723962
2452,327,27.074446
2453,327,11.865335
2454,327,2.902426
2456,327,0.63533
2457,327,3.71102
2458,327,6.151036
2337,328,17.558346
2338,328,16.289436
2363,328,29.403849
2364,328,9.318449
2366,328,0.700222
2453,328,5.080884
2454,328,1.373565
2456,328,0.625346
2457,328,2.053671
2458,328,4.009328
2459,328,5.973205
2275,329,7.382785
2276,329,3.436151
2364,329,4.212332
2366,329,0.735686
2368,329,18.167625
2370,329,25.410492
2429,329,5.965888
2453,329,4.366482
2454,329,1.009961
2456,329,0.297998
2457,329,1.166964
2460,329,6.703768
2275,330,2.639952
2326,330,4.830478
2364,330,4.465126
2366,330,2.222249
2368,330,23.319044
2380,330,8.456375
2381,330,17.897184
2382,330,10.532537
2429,330,1.861302
2430,330,1.006836
2431,330,0.894485
2432,330,0.853106
2445,330,14.296618
2452,330,3.793659
2456,330,1.313076
2457,330,1.734896
2275,331,2.476959
2337,331,27.839603
2364,331,3.994872
2366,331,2.433456
2370,331,15.021856
2371,331,5.109155
2381,331,9.680107
2382,331,15.073552
2424,331,29.982208
2445,331,3.282787
2446,331,8.82958
2447,331,0.619843
2450,331,0.605622
2456,331,0.242776
2457,331,8.843427
2324,332,5.600427
2370,332,5.801014
2371,332,3.631743
2428,332,9.031039
2430,332,10.721745
2433,332,20.593252
2435,332,9.071223
2436,332,15.484552
2437,332,11.900087
2438,332,15.492188
2439,332,13.961733
2440,332,12.474455
2441,332,9.561707
2447,332,1.56198
2448,332,0.65395
2412,333,2.634418
2425,333,23.671495
2438,333,12.029585
2439,333,12.825996
2440,333,14.173101
2456,340,0.275377
2494,25,29.339985
2496,25,17.742416
2433,341,0.216944
2434,341,0.340984
2442,341,27.990986
2308,342,2.625153
2309,342,2.653877
2433,342,0.487003
2434,342,1.513527
2493,27,18.010893
2494,27,29.412903
2308,343,1.95127
2309,343,1.190559
2420,343,2.786848
2421,343,2.818591
2432,343,0.248515
2433,343,0.301676
2466,28,21.456512
2493,28,21.115105
2494,28,12.582033
2495,28,11.376889
2496,28,17.931013
2246,344,4.636356
2309,344,3.982121
2433,344,1.560788
2494,29,22.333508
2432,345,3.26951
2433,345,0.824079
2434,345,4.06294
2376,346,14.479046
2378,346,25.545494
2379,346,22.123644
2399,346,19.816933
2432,346,0.3228
2433,346,0.824079
2434,346,7.955338
2375,347,12.012838
2376,347,10.512688
2377,347,19.584389
2378,347,19.288326
2398,347,5.992905
2399,347,16.392811
2400,347,22.360029
2431,347,9.19668
2432,347,3.059286
2433,347,0.89914
2466,32,4.478826
2381,348,4.108114
2398,348,5.411399
2399,348,18.395807
2400,348,21.804844
2431,348,4.233866
2432,348,15.00212
2433,348,0.906867
2361,33,9.124146
2362,33,7.061873
2363,33,10.67247
2366,33,23.908203
2466,33,7.771974
2375,34,3.127073
2376,34,3.819206
2377,34,16.594139
2466,34,1.248736
2398,349,6.902153
2399,349,18.095579
2400,349,21.097168
2431,349,7.52126
2432,349,3.432687
2433,349,1.223547
2434,349,2.119837
2361,35,0.324777
2362,35,0.318488
2363,35,0.930883
2366,35,1.946624
2374,35,9.536998
2375,35,8.025217
2376,35,8.471018
2377,35,10.357914
2378,35,9.309378
2379,35,9.488858
2398,350,5.110993
2399,350,18.068314
2400,350,23.623178
2431,350,3.390557
2432,350,0.86936
2433,350,0.525946
2434,350,1.261005
2441,350,8.136561
2361,36,1.874103
2362,36,6.579072
2363,36,2.994846
2364,36,2.866839
2365,36,2.538337
2366,36,8.066012
2374,36,6.400753
2375,36,9.003326
2376,36,8.868723
2377,36,21.077682
2379,36,26.780756
2468,36,5.341773
2284,351,6.067699
2398,351,5.347724
2399,351,16.535999
2400,351,24.735458
2433,351,6.408568
2434,351,5.88887
2439,351,11.142522
2440,351,14.783034
2441,351,9.699844
2442,351,7.451489
2443,351,11.683419
2447,351,11.4467
2380,37,10.977451
2474,37,28.080374
2483,37,8.152962
2488,37,14.213081
2398,352,4.212695
2399,352,19.517616
2433,352,4.004875
2434,352,1.42846
2473,38,24.266563
2474,38,29.485273
2484,38,3.41481
2488,38,29.297791
2489,38,12.674631
2490,38,16.12356
2275,353,18.922722
2280,353,25.681973
2398,353,7.284361
2399,353,21.579592
2432,353,4.820707
2433,353,1.400417
2434,353,2.048889
2439,353,17.497396
2440,353,24.084761
2441,353,8.143477
2442,353,27.044306
2280,354,28.078691
2398,354,5.836502
2399,354,27.293926
2400,354,27.293058
2432,354,8.925079
2433,354,2.020889
2434,354,1.698031
2439,354,13.750297
2398,355,9.701324
2399,355,24.691603
2400,355,27.63512
2414,355,0.79982
2432,355,5.0596
2433,355,6.845324
2434,355,1.890134
2443,355,6.973155
2489,39,12.878835
2490,39,18.564875
2492,39,4.317903
2493,39,7.201751
2489,40,20.78091
2490,40,23.484037
2493,40,13.136406
2494,40,14.040462
2495,40,23.28965
2496,40,14.08451
2489,41,24.372698
2246,356,1.625001
2247,356,0.241382
2398,356,17.984184
2399,356,18.15687
2400,356,23.338034
2414,356,0.642335
2432,356,1.284401
2433,356,2.620056
2434,356,2.319021
2439,356,6.486012
2440,356,5.646823
2441,356,8.749226
2442,356,10.868872
2443,356,10.012383
2444,356,3.467597
2247,357,0.20173
2397,357,27.828632
2399,357,23.444994
2414,357,0.513614
2432,357,2.788374
2433,357,5.711331
2434,357,2.008413
2439,357,22.973633
2440,357,11.927575
2441,357,22.2561
2442,357,9.434033
2443,357,15.404902
2444,357,6.855424
2445,357,6.141433
2446,357,10.59599
2447,357,7.045929
2448,357,6.757604
2449,357,9.171084
2450,357,18.758308
2247,358,0.765628
2280,358,14.426217
2413,358,0.579445
2414,358,0.601255
2432,358,4.798166
2433,358,8.27791
2434,358,2.127918
2247,359,0.161182
2414,359,0.463018
2432,359,1.70111
2433,359,0.867196
2434,359,1.692321
2439,359,5.376184
2440,359,7.176494
2441,359,7.449377
2442,359,7.98479
2443,359,12.281797
2444,359,5.225921
2445,359,4.821153
2446,359,5.0924
2447,359,5.398401
2448,359,9.507758
2449,359,13.004633
2450,359,7.07771
2432,360,1.884337
2433,360,3.34055
2434,360,1.370753
2418,363,1.413912
2419,363,1.247319
2420,363,1.263187
2421,363,2.425061
2422,363,8.117258
2438,363,2.592627
2439,363,4.164093
2415,364,4.456315
2418,364,1.121613
2419,364,0.636838
2420,364,0.510615
2421,364,0.838251
2422,364,2.087684
2424,364,3.336196
2425,364,3.316425
2426,364,2.385376
2427,364,2.526538
2438,364,1.619615
2439,364,0.824933
2368,365,22.074495
2415,365,2.164656
2426,365,1.566138
2427,365,7.3051
2428,365,2.452272
2429,365,3.137112
2430,365,2.774
2438,365,1.075797
2439,365,1.591389
2488,365,4.1421
2489,365,4.65645
2426,366,11.770409
2427,366,4.26318
2428,366,19.647442
2429,366,1.645982
2430,366,6.905031
2431,366,3.423182
2432,366,5.141918
2433,366,2.534127
2434,366,2.047205
2438,366,0.985392
2439,366,1.961337
2442,366,6.444911
2443,366,2.265651
2444,366,4.560123
2445,366,11.127999
2376,367,16.452221
2377,367,4.712362
2379,367,23.065933
2380,367,19.671064
2381,367,13.484055
2382,367,17.23126
2383,367,13.679862
2404,367,1.383075
2418,367,0.414724
2419,367,1.784637
2420,367,2.041022
2421,367,0.91431
2429,367,8.230878
2430,367,3.968675
2431,367,5.243673
2432,367,11.070733
2433,367,5.072486
2434,367,3.236195
2435,367,3.17243
2436,367,3.311061
2437,367,19.096668
2442,367,11.70234
2443,367,2.735896
2444,367,3.612441
2445,367,1.691783
2446,367,8.094254
2453,367,2.917814
2369,368,22.865913
2370,368,24.048233
2376,368,10.223065
2377,368,5.299362
2378,368,11.483168
2379,368,4.035334
2380,368,4.400474
2381,368,5.652694
2382,368,5.083383
2383,368,1.03581
2396,368,1.060438
2397,368,0.579873
2398,368,0.393023
2399,368,0.344403
2400,368,0.27348
2418,368,0.668662
2419,368,0.646928
2432,368,4.242809
2433,368,2.944811
2434,368,1.357207
2435,368,4.405055
2436,368,6.197371
2437,368,4.700418
2438,368,4.505308
2439,368,2.121356
2442,368,4.937617
2443,368,14.759474
2444,368,8.168622
2445,368,4.396886
2369,369,29.149572
2370,369,18.451418
2377,369,10.865395
2378,369,6.493807
2379,369,4.453499
2380,369,5.415679
2381,369,4.174222
2382,369,2.042252
2383,369,1.249585
2438,369,10.161334
2439,369,1.654719
2441,369,10.392409
2442,369,3.00631
2443,369,15.276491
2444,369,6.778773
2445,369,1.082624
2369,370,11.518963
2370,370,8.59009
2376,370,14.855628
2377,370,2.579826
2378,370,2.571769
2379,370,2.517976
2380,370,4.384995
2381,370,2.411292
2382,370,1.798273
2383,370,1.316194
2418,370,1.073363
2419,370,1.251296
2420,370,0.731681
2421,370,1.021828
2422,370,0.344972
2423,370,0.383182
2425,370,1.142897
2426,370,0.647553
2427,370,1.417923
2428,370,3.025708
2429,370,2.496216
2441,370,20.195908
2444,370,24.30386
2445,370,2.250571
2370,371,2.651107
2404,371,7.258308
2418,371,0.25542
2419,371,0.258513
2428,371,0.491883
2429,371,1.980074
2430,371,1.716459
2431,371,1.35912
2432,371,1.191673
2433,371,2.86634
2434,371,2.72022
2435,371,0.970253
2444,371,18.139797
2445,371,1.031503
2380,372,1.724215
2381,372,1.193492
2403,372,5.467132
2404,372,7.523989
2433,372,2.206681
2434,372,1.130937
2435,372,11.55259
2443,372,2.499143
2444,372,10.100904
2445,372,6.959506
2304,373,6.856552
2305,373,4.093908
2306,373,18.565809
2373,373,3.796156
2374,373,1.763791
2375,373,3.961612
2376,373,4.504751
2377,373,3.308837
2380,373,2.741729
2381,373,2.059959
2433,373,5.421762
2434,373,16.295004
2435,373,9.612084
2443,373,6.249426
2444,373,5.80215
2445,373,19.458416
2446,373,16.465097
2304,374,0.714737
2305,374,5.000928
2373,374,0.782626
2374,374,0.838149
2375,374,0.683086
2376,374,2.943835
2377,374,7.082369
2380,374,2.71578
2381,374,0.873587
2482,61,7.932441
2483,61,12.530708
2303,375,24.980783
2304,375,1.300796
2380,375,25.496048
2381,375,1.178553
2440,375,3.015059
2441,375,2.224839
2442,375,9.384447
2482,62,17.884594
2381,376,1.122792
2440,376,7.261996
2441,376,10.741491
2442,376,5.516937
2445,376,18.758566
2447,376,3.596668
2448,376,7.181522
2449,376,2.714687
2450,376,1.698737
2451,376,12.314365
2310,377,4.414604
2311,377,3.848674
2381,377,4.286562
2440,377,1.623535
2441,377,5.721431
2442,377,9.318298
2482,64,5.322808
2309,378,2.299764
2381,378,0.273625
2442,378,28.137295
2445,66,17.120117
2378,379,18.491457
2379,379,2.222059
2380,379,0.749691
2381,379,2.202972
2446,67,24.106783
2308,380,0.442402
2309,380,1.077993
2340,380,19.210197
2341,380,10.709069
2342,380,13.589005
2370,380,12.643203
2371,380,4.085382
2372,380,3.590618
2373,380,2.311427
2375,380,16.223053
2376,380,3.552542
2441,380,1.207676
2442,380,0.614529
2308,381,0.375542
2309,381,2.388616
2338,381,28.177296
2344,381,2.268808
2345,381,1.754389
2363,381,12.471788
2364,381,8.851637
2365,381,7.49788
2370,381,9.75061
2371,381,1.674095
2372,381,2.07896
2373,381,2.480771
2375,381,2.759048
2376,381,1.467811
2442,381,0.420675
2443,381,0.560998
2444,381,0.416699
2338,382,19.567804
2363,382,6.639389
2364,382,12.875844
2365,382,6.55282
2372,382,2.572981
2373,382,1.943689
2388,382,4.416164
2389,382,11.415197
2391,382,5.484983
2392,382,5.948054
2443,382,1.836382
2444,382,0.609637
2338,383,4.791062
2369,383,9.077104
2370,383,5.588112
2388,383,7.437009
2389,383,5.924347
2390,383,5.581984
2443,383,0.992191
2444,383,2.65652
2338,384,8.643078
2370,384,7.462073
2373,384,2.844087
2374,384,1.863067
2375,384,5.722346
2376,384,4.515059
2377,384,1.674259
2378,384,2.937381
2388,384,13.713615
2389,384,8.742669
2443,384,0.111393
2444,384,0.289891
2338,385,7.885515
2370,385,3.368259
2377,385,1.407721
2378,385,0.936966
2466,72,2.534835
2468,72,4.021567
2469,72,5.788684
2476,72,3.560043
2338,386,9.031406
2363,386,18.725924
2370,386,4.807498
2375,386,1.068695
2376,386,0.566313
2377,386,0.878935
2378,386,2.609895
2452,386,22.267679
2453,386,24.300369
2454,386,14.923008
2290,73,27.29565
2300,73,16.998438
2466,73,4.668577
2467,73,0.814767
2468,73,1.111315
2470,73,0.802846
2471,73,2.720353
2472,73,7.241391
2473,73,0.376358
2474,73,0.434827
2475,73,12.521917
2476,73,1.801993
2477,73,7.496777
2297,74,11.30916
2298,74,4.752796
2299,74,6.619354
2338,387,6.709362
2362,387,15.989904
2363,387,12.546123
2370,387,6.183927
2373,387,0.420803
2374,387,0.737975
2377,387,0.614591
2378,387,2.470622
2453,387,22.398441
2454,387,14.813041
2298,75,28.655464
2299,75,14.994316
2362,388,13.096377
2363,388,17.165688
2370,388,3.482231
2373,388,0.269622
2374,388,0.408303
2375,388,0.36537
2376,388,0.220496
2377,388,4.843908
2378,388,1.22316
2391,388,20.839643
2392,388,26.322851
2453,388,23.562357
2454,388,11.596567
2289,76,3.648209
2290,76,1.589257
2292,76,0.791772
2293,76,4.672027
2496,76,5.098485
2497,76,8.369047
2498,76,6.692857
2499,76,5.014805
2362,389,11.333541
2370,389,3.61062
2375,389,0.308882
2376,389,1.400482
2377,389,0.216749
2378,389,0.678363
2387,389,12.162434
2388,389,19.056969
2389,389,24.167576
2390,389,23.741447
2391,389,21.823429
2392,389,23.323704
2393,389,20.668051
2394,389,24.834652
2395,389,29.158407
2452,389,7.797245
2351,390,26.076679
2362,390,12.153287
2370,390,2.177852
2373,390,1.52375
2375,390,0.09663
2376,390,0.89071
2377,390,2.15063
2378,390,0.746171
2387,390,11.130441
2388,390,7.245573
2389,390,21.267786
2390,390,14.091409
2391,390,14.276017
2392,390,16.066013
2393,390,17.389868
2394,390,22.92502
2395,390,24.575697
2450,390,8.904845
2451,390,20.940777
2453,390,19.715578
2474,77,20.228809
2476,77,14.830165
2496,77,12.125149
2497,77,6.207956
2498,77,3.618726
2499,77,1.968962
2474,78,10.112112
2496,78,25.502241
2497,78,11.687511
2498,78,10.329948
2499,78,0.295367
2361,391,20.79907
2362,391,14.3117
2370,391,8.304871
2375,391,0.13296
2376,391,1.503838
2377,391,1.604397
2378,391,0.527298
2387,391,10.738373
2388,391,6.59892
2389,391,9.084086
2390,391,6.013851
2391,391,10.60181
2392,391,10.637116
2393,391,24.776377
2394,391,11.705591
2395,391,23.687832
2496,79,20.195507
2497,79,19.659082
2498,79,6.750926
2499,79,2.682604
2357,392,12.560688
2361,392,16.949768
2362,392,3.717078
2370,392,8.989337
2373,392,0.571388
2375,392,1.664303
2376,392,1.355134
2378,392,0.058863
2380,392,0.003322
2381,392,0.105711
2483,392,3.634213
2484,392,0.411464
2496,80,24.647797
2497,80,20.236813
2498,80,9.796971
2499,80,1.641846
2498,81,27.857084
2499,81,6.782552
2361,393,23.673443
2362,393,4.560818
2373,393,3.240916
2375,393,0.710558
2376,393,2.801619
2378,393,0.308686
2379,393,0.112494
2380,393,0.280471
2381,393,0.204382
2482,393,11.971479
2483,393,0.511244
2498,82,16.349756
2499,82,13.647577
2371,394,0.095299
2498,83,19.731846
2371,395,1.506818
2375,395,3.525422
2376,395,1.544597
2377,395,1.826427
2378,395,0.455782
2379,395,0.452708
2380,395,1.513917
2414,395,2.789171
2415,395,0.267193
2374,396,0.502982
2375,396,0.409058
2376,396,0.409058
2413,396,11.977108
2414,396,2.316984
2415,396,7.069287
2414,397,0.060978
2415,397,0.014085
2416,397,1.45289
2417,397,0.117497
2423,397,4.811429
2460,397,7.540489
2413,398,0.379514
2414,398,0.034662
2416,398,0.216105
2417,398,0.064069
2418,398,1.304619
2421,398,1.958351
2422,398,1.215015
2423,398,1.074396
2424,398,1.628367
2455,398,11.96765
2298,86,9.663469
2294,87,27.04855
2295,87,8.298126
2296,87,12.113031
2297,87,6.784997
2298,87,1.954116
2413,399,0.258049
2414,399,0.019737
2415,399,0.0278
2416,399,0.186159
2417,399,0.143497
2418,399,0.057211
2421,399,0.945847
2423,399,0.792913
2424,399,2.564324
2425,399,1.727933
2426,399,0.811507
2427,399,0.819777
2428,399,1.978691
2446,399,0.694121
2447,399,0.561501
2413,400,0.516263
2414,400,0.034265
2415,400,0.195761
2416,400,1.793201
2417,400,0.076629
2418,400,0.133339
2420,400,2.909321
2421,400,2.767394
2422,400,0.322622
2423,400,0.817023
2424,400,3.810883
2425,400,0.802185
2426,400,1.072399
2427,400,0.343927
2428,400,1.303038
2429,400,2.068149
2444,400,1.489191
2445,400,1.479942
2446,400,0.413186
2447,400,0.536712
2296,88,3.818557
2413,401,1.780992
2415,401,0.20787
2417,401,8.118894
2427,401,6.068845
2428,401,1.74123
2429,401,1.661962
2430,401,1.491145
2431,401,1.595217
2444,401,1.010261
2445,401,2.718463
2455,401,15.873254
2456,401,15.070065
2413,402,0.490143
2442,402,3.171311
2443,402,0.297409
2444,402,4.088607
2454,402,15.274032
2455,402,4.154332
2441,403,6.33005
2442,403,5.321643
2453,403,11.703774
2454,403,5.823749
2455,403,6.866611
2441,404,6.446162
2445,404,20.953497
2446,404,23.58353
2447,404,5.210946
2448,404,7.762321
2449,404,4.5261
2451,404,4.466052
2308,97,27.800339
2309,97,20.371675
2310,97,24.530575
2311,97,13.508923
2307,98,26.907337
2308,98,12.327126
2309,98,11.960796
2310,98,6.421615
2311,98,7.621506
2312,98,6.661708
2313,98,8.51676
2306,100,12.257784
2307,100,2.672324
2308,100,5.01113
2306,101,22.106287
2311,102,11.933501
2311,104,5.737489
2311,106,5.088207
2312,106,9.548672
2311,107,5.283937
2312,107,5.580903
2289,108,28.295078
2290,108,4.108871
2300,108,4.412234
2311,108,6.23065
2300,109,8.717472
2311,109,3.846483
2312,109,2.589393
2331,109,20.621078
2311,110,2.801493
2293,111,5.424667
2292,112,4.268573
2293,112,7.395686
2294,112,0.467554
2300,112,2.450516
2320,112,14.262847
2289,113,24.394064
2290,113,15.143721
2300,113,0.356027
2319,113,26.11755
2320,113,16.799417
2290,114,10.363192
2291,114,5.887782
2301,114,1.355449
2319,114,24.677128
2320,114,9.178363
2321,114,15.075436
2303,115,5.412767
2320,115,18.370232
2285,116,10.077419
2300,116,2.645078
2301,116,2.527276
2302,116,1.819953
2303,116,1.616997
2311,116,0.984197
2319,116,24.314371
2320,116,21.376726
2287,117,7.134055
2298,117,5.978725
2299,117,0.505436
2300,117,1.571917
2301,117,0.426412
2303,117,0.358226
2304,117,0.282498
2305,117,0.867708
2311,117,4.900507
2320,117,13.379747
2287,118,26.593861
2288,118,7.381836
2298,118,4.556531
2301,118,2.215978
2302,118,1.389649
2303,118,0.302989
2311,118,6.401793
2320,118,19.836401
2287,119,9.422147
2302,119,4.064752
2303,119,1.29474
2304,119,1.245128
2305,119,0.916757
2306,119,0.377184
2311,119,8.475524
2331,119,4.025955
2332,119,10.04003
2333,119,23.40309
2334,119,26.855419
2244,120,3.927933
2281,120,3.547996
2287,120,12.32124
2288,120,2.12247
2290,120,10.271324
2295,120,3.352221
2301,120,1.074345
2302,120,0.508228
2303,120,3.396189
2304,120,0.83444
2305,120,0.554028
2311,120,15.055485
2244,121,6.260952
2245,121,10.678015
2286,121,15.179326
2293,121,22.579403
2294,121,8.170925
2295,121,8.545403
2300,121,2.917345
2301,121,3.833593
2303,121,2.71461
2304,121,4.617739
2305,121,1.42722
2311,121,8.602507
2245,122,18.279263
2283,122,4.361425
2294,122,7.045664
2302,122,1.266118
2303,122,1.505165
2305,122,1.679429
2306,122,2.753377
2317,122,1.477002
2318,122,4.92155
2319,122,3.606506
2335,122,1.524036
2278,123,22.588249
2279,123,0.701005
2284,123,3.053626
2288,123,7.982131
2303,123,0.801579
2304,123,3.037327
2305,123,3.98407
2306,123,0.642122
2318,123,2.809881
2319,123,2.986773
2278,124,10.717368
2279,124,1.464902
2286,124,3.987022
2287,124,6.99545
2288,124,9.227674
2299,124,0.57594
2300,124,0.119363
2302,124,0.559114
2303,124,0.505397
2304,124,1.860121
2305,124,1.805109
2318,124,2.021632
2319,124,3.439782
2286,125,13.563984
2291,125,9.369499
2292,125,6.491457
2294,125,0.170682
2295,125,2.381897
2301,125,2.397367
2303,125,6.366539
2304,125,3.099188
2291,126,21.098169
2292,126,20.260962
2293,126,0.747938
2301,126,1.423848
2302,126,0.021999
2303,126,4.147154
2292,127,10.727036
2294,127,1.28148
2300,127,2.240635
2303,127,1.44675
2292,128,2.681648
2272,129,4.390456
2280,131,3.17105
2417,135,18.778452
2248,447,3.14428
2247,448,4.279228
2248,448,3.582629
2247,449,7.969352
2248,449,1.574087
2417,138,29.472898
2246,450,13.569923
2248,450,16.6283
2246,451,13.2688
2272,150,22.628349
2283,150,19.441706
2285,150,13.073494
2287,154,7.886368
2286,155,17.845211
2285,156,15.822988
2279,158,27.849943
2272,159,28.541618
2423,165,18.583862
2424,165,21.143084
2425,165,10.243226
2271,166,12.841247
2276,166,16.066736
2279,166,5.373356
2280,166,13.937075
2281,166,11.387985
2282,166,17.251671
2283,166,27.307104
2423,166,24.172155
2425,166,1.619689
2276,167,1.901274
2278,167,25.632984
2279,167,3.551023
2280,167,29.361591
2281,167,9.075637
2282,167,16.155529
2283,167,12.085732
2424,167,4.000353
2425,167,3.160928
2271,168,22.526007
2272,168,4.612938
2276,168,8.34835
2278,168,4.958997
2279,168,2.963144
2280,168,1.29045
2281,168,4.644545
2282,168,4.517081
2283,168,9.497141
2370,168,1.352667
2371,168,8.166628
2373,168,12.654982
2423,168,17.289595
2424,168,1.984466
2425,168,0.612831
2476,168,11.644852
2269,169,12.364094
2271,169,6.735289
2272,169,1.289616
2273,169,4.695155
2274,169,2.324639
2275,169,4.525036
2276,169,6.045185
2278,169,3.922312
2370,169,3.082877
2425,169,3.713661
2426,169,17.186453
2248,170,11.215051
2272,170,1.622937
2273,170,0.104535
2274,170,1.119298
2275,170,2.922181
2278,170,1.317405
2370,170,2.141305
2402,170,2.025424
2424,170,6.821561
2425,170,2.010596
2426,170,1.526255
2248,171,7.374858
2273,171,0.147605
2274,171,0.103275
2275,171,1.160641
2278,171,1.976094
2402,171,9.003668
2425,171,2.82817
2426,171,0.710658
2248,172,25.595486
2272,172,4.486674
2273,172,0.090729
2275,172,0.148787
2425,172,8.275641
2426,172,3.465611
2245,173,18.753798
2246,173,8.464212
2247,173,11.393289
2248,173,5.724519
2272,173,0.181077
2425,173,7.24761
2426,173,1.823209
2499,173,3.643538
2247,174,6.245995
2248,174,0.308428
2273,174,1.282599
2277,174,0.178179
2279,174,1.00796
2280,174,0.254442
2426,174,5.533442
2497,174,6.557473
2498,174,6.243422
2499,174,18.006397
2247,175,0.955076
2280,175,10.704535
2305,175,7.350951
2306,175,20.355839
2307,175,5.165169
2308,175,21.056051
2310,175,10.126789
2496,175,10.202801
2497,175,7.482531
2245,176,7.274584
2246,176,4.829898
2247,176,6.387386
2248,176,2.628225
2280,176,20.72072
2281,176,19.928585
2304,176,15.271396
2305,176,10.412891
2307,176,14.163764
2308,176,5.350383
2425,176,4.273966
2426,176,22.95821
2430,176,4.55361
2431,176,3.40997
2432,176,4.820276
2245,177,1.610145
2246,177,3.760774
2247,177,1.05223
2248,177,1.760646
2249,177,3.252534
2270,177,5.837035
2280,177,10.827749
2430,177,7.784887
2431,177,3.546396
2432,177,5.979252
2433,177,1.712213
2434,177,1.915936
2435,177,2.915824
2436,177,4.258424
2245,178,1.335253
2246,178,0.503496
2247,178,0.686854
2248,178,2.660064
2429,178,2.858452
2430,178,5.50262
2431,178,7.856538
2432,178,5.610334
2434,178,4.97661
2435,178,2.831682
2436,178,2.373219
2430,179,2.426439
2431,179,10.126368
2432,179,2.084047
2434,179,3.407488
2435,179,2.226057
2436,179,2.900797
2430,180,4.624348
2431,180,0.760348
2432,180,2.861183
2433,180,1.610239
2434,180,3.560705
2435,180,1.51985
2436,180,2.334803
2247,181,11.985112
2429,181,2.619846
2430,181,2.00541
2431,181,3.417764
2432,181,7.127608
2433,181,0.203724
2434,181,5.919659
2436,181,0.680132
2453,181,3.52073
2245,182,24.065348
2246,182,16.942459
2247,182,10.503708
2429,182,3.57615
2430,182,16.713581
2431,182,3.407608
2432,182,0.97187
2244,183,0.170781
2247,183,4.712007
2305,183,1.144007
2306,183,2.496898
2432,183,2.837865
2479,183,9.132863
2480,183,3.012795
2481,183,1.393763
2483,183,9.852944
2244,184,1.110003
2247,184,11.385526
2306,184,0.326598
2310,184,9.295593
2431,184,8.935013
2436,184,1.734607
2437,184,2.926533
2438,184,12.159294
2439,184,9.091132
2440,184,3.909176
2441,184,19.165104
2442,184,8.581871
2443,184,1.975952
2445,184,1.723442
2446,184,1.832253
2447,184,2.205907
2448,184,1.353431
2485,184,1.522155
2244,185,1.983844
2307,185,0.786456
2308,185,6.019812
2309,185,7.049101
2310,185,14.69148
2383,185,2.343704
2436,185,16.688343
2442,185,2.632314
2443,185,1.246509
2445,185,5.372094
2245,186,8.295771
2246,186,4.461611
2307,186,2.383406
2308,186,5.810373
2309,186,7.585282
2310,186,14.880548
2415,186,29.036654
2418,186,24.711971
2419,186,11.921501
2420,186,13.041232
2421,186,17.051233
2422,186,11.163383
2424,186,11.7649
2425,186,21.433355
2426,186,13.588742
2427,186,15.68562
2428,186,1.796657
2308,187,6.794159
2309,187,5.012581
2418,187,3.62141
2421,187,3.891548
2422,187,3.105742
2423,187,1.272882
2424,187,1.019701
2425,187,3.556329
2426,187,8.124169
2244,188,1.361802
2245,188,1.538752
2246,188,5.10368
2308,188,20.393112
2410,188,10.383425
2426,188,8.051568
2436,188,0.29089
2437,188,1.482857
2438,188,0.987179
2439,188,0.109097
2440,188,1.251662
2487,188,0.957075
2244,189,1.40077
2245,189,1.058263
2246,189,0.809353
2273,189,2.884999
2274,189,0.970072
2275,189,4.565303
2276,189,3.78634
2277,189,1.04155
2306,189,18.491083
2396,189,17.389654
2419,189,5.53086
2421,189,6.758145
2422,189,15.454064
2434,189,0.410696
2436,189,3.809962
2437,189,0.149061
2438,189,0.66795
2439,189,0.588756
2441,189,2.78793
2442,189,0.849524
2458,189,2.018812
2459,189,3.30731
2461,189,7.099835
2462,189,1.338247
2463,189,0.872325
2464,189,1.088767
2473,189,1.336399
2474,189,1.701252
2475,189,2.325643
2476,189,2.030427
2477,189,8.988761
2478,189,2.086615
2479,189,6.073555
2487,189,3.704683
2488,189,5.240242
2245,190,0.350817
2246,190,1.310676
2392,190,6.191546
2393,190,12.552884
2394,190,10.661688
2395,190,12.125081
2396,190,13.334226
2397,190,5.223862
2434,190,0.408271
2441,190,1.968612
2442,190,1.873202
2444,190,4.184222
2447,190,5.377803
2448,190,4.845988
2449,190,1.579068
2451,190,6.939449
2459,190,8.912618
2460,190,12.436878
2461,190,7.415814
2462,190,14.862635
2463,190,0.765062
2466,190,1.236101
2467,190,0.653803
2486,190,5.289639
2487,190,1.728135
2488,190,6.729418
2245,191,0.204393
2246,191,0.531517
2247,191,3.250099
2392,191,21.273695
2393,191,20.312273
2411,191,4.02055
2412,191,18.080391
2414,191,6.355201
2427,191,13.295321
2429,191,24.154327
2443,191,1.592443
2444,191,1.25261
2448,191,6.365145
2449,191,6.106178
2450,191,2.533985
2459,191,6.732327
2460,191,11.080571
2461,191,0.6296
2462,191,1.901603
2463,191,1.945576
2464,191,0.535716
2470,191,0.678891
2471,191,0.383316
2472,191,1.081437
2474,191,0.891629
2475,191,1.461802
2476,191,1.147849
2477,191,1.192653
2478,191,1.139504
2480,191,8.476392
2481,191,4.122721
2487,191,6.365678
2488,191,1.222657
2245,192,0.369871
2246,192,0.519463
2247,192,1.591585
2410,192,12.07356
2411,192,6.168396
2413,192,5.417466
2427,192,29.318581
2434,192,0.374056
2441,192,2.349
2442,192,0.908426
2443,192,1.274406
2444,192,3.60685
2445,192,4.611269
2446,192,3.638642
2449,192,6.925274
2450,192,2.951825
2457,192,9.25101
2458,192,3.667233
2459,192,24.538557
2461,192,6.50713
2463,192,13.88614
2464,192,4.750926
2465,192,1.666759
2466,192,1.02782
2467,192,16.726917
2469,192,9.335466
2470,192,2.74923
2471,192,0.586481
2472,192,1.725206
2474,192,2.018279
2475,192,2.709081
2476,192,7.985241
2477,192,7.427712
2478,192,0.659049
2479,192,4.380964
2480,192,5.390954
2487,192,19.924578
2488,192,2.177492
2245,193,0.515101
2248,193,2.606716
2431,193,15.62883
2432,193,14.699883
2434,193,0.177744
2441,193,5.68199
2442,193,4.704305
2443,193,5.396807
2444,193,7.371724
2445,193,4.019674
2446,193,1.911237
2457,193,8.499605
2458,193,20.277912
2461,193,8.227106
2469,193,3.732429
2470,193,5.168866
2471,193,3.504744
2472,193,2.101745
2475,193,7.158827
2476,193,3.688687
2477,193,2.141948
2478,193,10.574235
2479,193,3.927255
2480,193,3.923188
2487,193,4.605902
2488,193,0.596953
2414,194,6.645133
2415,194,7.980013
2417,194,13.77905
2418,194,8.966794
2437,194,15.39856
2441,194,8.647541
2442,194,4.871724
2443,194,7.71654
2452,194,18.254103
2458,194,15.425054
2459,194,23.630457
2469,194,0.799735
2471,194,0.699548
2472,194,0.779822
2487,194,1.852707
2488,194,3.854026
2245,195,2.11339
2246,195,0.317115
2247,195,0.454899
2434,195,4.321159
2435,195,6.709564
2436,195,11.641732
2437,195,8.496019
2459,195,23.719555
2464,195,23.472795
2466,195,1.556844
2467,195,3.16226
2471,195,6.308692
2480,195,19.489212
2488,195,3.667169
2244,196,3.116775
2434,196,21.674963
2436,196,15.882176
2441,196,1.487018
2456,196,19.658329
2467,196,18.584816
2471,196,10.150076
2480,196,9.046769
2489,196,3.042888
2382,197,22.661015
2431,197,5.338957
2434,197,29.600372
2435,197,14.44264
2436,197,18.612932
2437,197,13.403266
2438,197,3.535288
2441,197,2.186617
2456,197,13.453812
2471,197,0.910472
2472,197,2.827135
2489,197,2.630719
2433,198,14.773119
2434,198,14.763321
2436,198,10.86549
2437,198,20.472485
2441,198,10.873546
2476,198,10.26477
2244,199,0.683977
2245,199,0.652689
2442,199,22.684835
2447,199,2.757121
2469,199,5.835504
2476,199,15.029043
2445,200,7.75423
2446,200,10.122519
2449,200,3.893081
2487,200,0.678933
2446,201,5.475721
2447,201,8.651615
2448,201,5.100225
2470,201,21.340229
2475,201,5.661527
2476,201,6.281727
2477,201,28.250278
2478,201,5.415266
2486,201,1.309928
2487,201,0.966696
2488,201,0.50948
2396,202,11.26063
2397,202,29.666149
2442,202,9.646115
2443,202,2.164603
2444,202,10.509357
2445,202,23.432867
2446,202,18.695065
2448,202,27.680868
2449,202,4.55498
2450,202,5.824411
2451,202,6.57865
2452,202,3.990284
2470,202,10.501971
2474,202,2.558904
2475,202,0.639879
2476,202,3.735271
2477,202,8.717976
2478,202,5.504732
2479,202,8.091091
2488,202,3.557023
2398,203,4.090929
2399,203,21.424858
2400,203,11.445901
2449,203,7.243057
2450,203,11.719517
2451,203,5.781118
2452,203,5.938344
2474,203,0.935565
2475,203,4.149931
2476,203,6.455504
2477,203,2.944164
2478,203,8.436911
2481,203,10.230993
2487,203,0.302464
2488,203,4.45027
2308,204,17.642605
2399,204,7.453384
2441,204,5.61729
2442,204,0.965267
2443,204,4.367782
2444,204,1.745275
2445,204,3.792815
2446,204,8.553955
2448,204,19.494707
2449,204,22.033113
2469,204,17.067211
2470,204,0.595834
2474,204,0.513209
2475,204,0.70709
2476,204,2.865295
2477,204,6.808905
2478,204,3.613413
2479,204,4.662673
2481,204,2.55245
2442,205,2.16991
2443,205,5.700945
2444,205,4.632007
2445,205,6.133867
2446,205,2.617197
2457,205,0.392967
2469,205,3.506206
2470,205,3.430108
2474,205,0.522906
2475,205,1.814412
2476,205,6.333962
2477,205,6.735342
2478,205,0.96366
2484,205,4.469069
2488,205,1.658147
2308,206,16.763239
2309,206,25.89949
2442,206,10.428472
2443,206,7.578839
2444,206,18.895866
2445,206,2.971931
2457,206,0.283755
2474,206,5.928446
2475,206,2.66761
2476,206,5.411361
2477,206,10.648384
2478,206,1.008076
2308,207,14.169785
2309,207,28.671062
2310,207,19.636988
2433,207,1.651017
2444,207,22.462345
2445,207,15.222651
2456,207,1.558357
2474,207,16.7031
2475,207,1.251926
2478,207,3.766782
2435,208,4.278494
2445,208,8.745901
2457,208,2.541181
2468,208,23.145351
2477,208,13.567747
2478,208,4.239723
2436,209,4.422976
2474,209,3.07702
2478,209,5.858483
2479,209,11.176883
