318,643,3.70022
311,644,14.595693
316,644,1.925417
317,644,8.949522
310,645,17.449158
311,645,10.188424
312,645,3.576708
313,645,0.756431
314,645,1.308269
315,645,4.557735
316,645,5.723834
309,646,18.902527
310,646,17.561157
311,646,6.674546
312,646,0.590387
313,646,1.810936
314,646,2.975626
315,646,4.489782
309,647,12.134764
310,647,5.430869
311,647,1.166881
312,647,1.090116
313,647,2.598533
314,647,3.22439
308,648,12.897441
309,648,6.624985
310,648,0.263158
311,648,0.988571
312,648,1.810936
313,648,1.661996
314,648,4.716814
307,649,14.115452
308,649,6.636249
309,649,0.488876
310,649,0.988571
311,649,2.065308
312,649,1.727522
313,649,2.646678
306,650,22.554098
307,650,9.26685
308,650,1.33105
309,650,2.285809
310,650,2.567795
311,650,2.851812
312,650,3.079609
305,651,17.8468
306,651,5.952807
307,651,7.978825
308,651,0.440008
309,651,1.071589
310,651,1.406433
311,651,2.976516
304,652,21.566628
305,652,12.6915
306,652,11.257761
308,652,1.278917
309,652,0.698241
310,652,0.751385
311,652,3.766935
304,653,20.179003
305,653,8.055145
307,653,1.278917
308,653,2.144007
309,653,0.675995
310,653,1.408472
277,654,29.860142
280,654,0.244347
303,654,14.524447
304,654,8.503685
305,654,6.413216
306,654,0.635504
307,654,0.857127
308,654,1.921151
309,654,1.197495
277,655,2.299147
278,655,24.987284
279,655,17.631908
280,655,6.352192
281,655,0.720559
283,655,0.440332
284,655,24.476297
285,655,10.817305
303,655,9.240354
304,655,10.059623
305,655,1.204714
306,655,1.700444
307,655,1.229959
308,655,1.656094
277,656,2.677152
278,656,3.785813
282,656,1.223349
285,656,24.166042
303,656,20.618883
304,656,0.841012
305,656,1.916323
306,656,2.305703
307,656,7.246423
277,657,12.25084
278,657,1.761175
282,657,7.48743
303,657,21.508671
304,657,1.324612
305,657,3.164189
306,657,3.553351
303,658,10.06628
304,658,1.602276
305,658,2.949034
306,658,6.683136
302,659,21.410051
303,659,3.138663
304,659,2.763371
305,659,3.122263
306,659,12.103593
301,660,24.280407
302,660,13.488985
303,660,2.096572
304,660,3.153303
305,660,5.496784
302,661,15.451533
304,661,8.870943
302,662,7.096126
302,663,12.737447
307,667,10.343332
308,667,8.032089
306,668,7.596886
307,668,1.756191
308,668,1.528559
316,668,23.768543
317,668,3.134936
318,668,8.086805
307,669,6.9048
308,669,1.270665
309,669,2.884623
310,669,13.372889
311,669,25.75881
312,669,24.53656
313,669,27.414879
314,669,23.866293
315,669,2.99939
317,669,0.635095
318,669,3.543499
274,670,13.042299
309,670,22.198957
310,670,6.623849
311,670,1.537756
313,670,5.989182
314,670,3.765163
315,670,12.896775
316,670,1.964141
274,671,13.257055
297,671,23.981459
310,671,1.181018
274,672,19.991863
290,672,14.78355
294,672,26.825171
295,672,26.817587
296,672,11.764913
298,672,26.451439
308,672,7.063886
309,672,2.038722
290,673,21.363312
291,673,6.848418
292,673,26.381933
293,673,10.950669
294,673,8.001836
295,673,8.658138
296,673,5.994222
297,673,7.554023
308,673,2.659365
290,674,23.347916
291,674,6.207585
292,674,1.470616
293,674,6.80618
294,674,4.307836
295,674,2.850865
296,674,4.569796
297,674,11.994258
291,675,4.402301
292,675,0.044776
293,675,0.017241
294,675,0.623672
295,675,0.05618
296,675,11.182006
297,675,2.808081
290,676,6.853186
291,676,0.582283
292,676,0.044776
293,676,0.044776
294,676,0.051546
295,676,0.044776
296,676,0.044776
297,676,11.015279
291,677,2.427181
292,677,0.126437
293,677,0.126437
294,677,0.450704
295,677,0.450704
296,677,0.450704
297,677,0.450704
291,678,1.12745
292,678,1.12745
293,678,1.12745
295,678,1.12745
296,678,1.12745
297,678,1.12745
171,715,0.501957
168,716,0.825508
236,732,2.037069
237,732,3.517298
311,732,2.38815
235,733,6.780642
236,733,1.933255
235,734,1.073792
236,734,1.805066
235,735,3.498364
236,735,1.432087
235,736,1.276277
236,736,0.371501
309,736,10.991604
310,736,10.841635
235,737,0.653762
310,737,3.013747
313,738,5.983272
243,739,1.70887
244,739,1.628017
310,739,7.479191
311,739,9.687378
243,740,5.036227
244,740,2.140017
310,740,19.316774
311,740,28.14262
312,740,13.883139
242,741,8.303285
243,741,0.734764
244,741,0.556635
245,741,0.03709
237,742,6.484655
243,742,2.622729
244,742,1.637699
245,742,0.040885
235,743,4.213593
236,743,0.060296
237,743,12.419477
238,743,2.879339
242,743,12.281411
243,743,13.085348
244,743,11.088999
246,743,0.285195
247,743,0.023876
248,743,0.140673
295,743,14.103225
237,744,18.567152
238,744,3.63106
239,744,7.771071
245,744,18.248882
299,744,16.048624
304,748,0.028534
294,750,1.650941
294,756,3.4895
294,757,11.716482
296,757,14.749195
297,757,14.749195
298,757,14.749195
276,759,1.615493
278,759,0.04581
277,763,6.600882
274,764,0.01216
248,765,3.512044
226,766,0.031768
227,766,0.042068
228,766,0.045556
229,766,4.314582
234,766,0.033832
235,766,0.042068
236,766,0.045556
237,766,0.036947
238,766,0.021969
239,766,0.027122
240,766,0.017425
245,766,0.153055
246,766,0.024364
225,767,0.026791
226,767,0.009252
227,767,0.007102
228,767,0.112462
229,767,0.541892
232,767,0.045556
233,767,0.030383
234,767,0.021969
235,767,0.021692
236,767,0.0379
237,767,0.02282
238,767,0.028878
239,767,0.078629
240,767,0.0379
242,767,0.058359
243,767,0.467908
244,767,0.095652
245,767,0.281472
246,767,0.382462
247,767,0.055915
248,767,0.111565
249,767,0.033832
225,768,0.045556
226,768,0.018256
227,768,0.018812
228,768,0.115091
229,768,3.531163
231,768,1.084151
232,768,0.066823
233,768,0.018812
234,768,0.018812
235,768,0.023377
286,768,0.054344
225,769,0.045556
226,769,0.039393
227,769,0.024527
228,769,0.033831
229,769,0.993882
231,769,0.619539
232,769,0.084248
233,769,0.039393
234,769,0.026676
235,769,0.026676
236,769,0.0379
237,769,0.026676
238,769,0.039393
239,769,0.044216
240,769,0.026676
242,769,0.099939
243,769,0.099939
244,769,0.087222
245,769,0.087222
248,769,0.043084
249,769,0.033832
280,769,0.036947
281,769,0.009252
282,769,0.031169
286,769,0.008863
280,770,0.16838
281,770,0.005952
282,770,0.005952
226,771,0.042068
227,771,0.062981
228,771,0.054372
229,771,0.338472
231,771,0.062981
232,771,0.054372
233,771,0.054372
234,771,0.047807
235,771,0.044216
236,771,0.026791
237,771,0.026791
238,771,0.009252
239,771,0.009252
240,771,0.033315
243,771,0.082515
248,771,0.043084
249,771,0.056697
275,771,11.825071
278,771,25.206232
280,771,3.684503
168,772,5.648955
169,772,0.408704
170,772,0.702286
236,772,0.026791
237,772,0.005396
238,772,0.013828
239,772,0.027441
240,772,0.957787
243,772,0.064846
244,772,0.057543
245,772,0.085382
246,772,0.12275
247,772,0.114874
248,772,0.094944
249,772,0.036947
250,772,0.023876
281,772,13.967077
283,772,18.25017
171,773,0.540759
225,773,0.031768
226,773,0.045556
227,773,0.054372
228,773,0.054372
229,773,0.228948
231,773,0.036947
232,773,0.030383
233,773,0.030383
234,773,0.026791
235,773,0.026791
236,773,0.009252
237,773,0.170652
238,773,0.097885
239,773,0.155404
240,773,0.085438
242,773,0.136934
243,773,0.399897
244,773,0.043078
245,773,0.041789
169,774,0.52542
170,774,1.505431
171,774,0.08495
231,774,0.674087
232,774,0.0379
233,774,0.030933
234,774,0.028878
235,774,0.139592
236,774,0.211414
237,774,0.030933
238,774,0.032477
239,774,0.097535
240,774,0.08888
242,774,0.663407
243,774,0.079813
244,774,1.755577
245,774,3.481516
246,774,7.899096
247,774,1.631615
248,774,13.141963
292,774,0.602837
169,775,0.419949
170,775,0.286037
225,775,0.031768
226,775,0.045556
227,775,0.036947
228,775,0.030383
229,775,0.346458
169,776,1.180542
170,776,0.179606
223,776,0.045556
224,776,0.026791
225,776,0.009252
226,776,0.020475
227,776,0.011454
228,776,0.026368
229,776,0.164077
231,776,0.119911
232,776,0.104762
233,776,0.143032
234,776,0.143032
235,776,0.17305
236,776,0.118516
289,776,15.591025
169,777,0.058012
170,777,1.032952
224,777,0.026791
225,777,0.024314
226,777,0.026688
227,777,0.030073
228,777,0.042128
229,777,0.014347
230,777,0.346458
248,777,0.235494
290,777,29.167561
291,777,23.340895
168,778,8.099618
169,778,0.750822
170,778,0.061625
224,778,0.031768
225,778,0.038951
226,778,0.024527
227,778,0.028878
228,778,0.02282
229,778,0.017555
230,778,0.028417
231,778,0.095457
232,778,0.066832
234,778,0.040935
235,778,0.040935
240,778,2.25371
242,778,1.103888
243,778,0.089915
244,778,0.095457
245,778,0.078736
246,778,0.078736
247,778,0.078736
248,778,0.080279
249,778,0.026421
168,779,10.594823
169,779,0.692904
170,779,1.273322
229,779,0.109033
230,779,0.06858
232,779,0.059064
233,779,0.027921
234,779,0.027921
235,779,0.027921
236,779,0.032744
237,779,0.281846
238,779,0.059064
239,779,0.233694
240,779,1.141378
168,780,5.316321
169,780,0.513744
170,780,3.356929
224,780,0.031768
225,780,0.045556
226,780,0.047807
227,780,0.047807
229,780,0.10664
230,780,0.057071
231,780,0.059064
232,780,0.412362
233,780,0.029475
234,780,0.059124
235,780,0.027449
236,780,0.027449
237,780,0.147501
238,780,0.272477
239,780,1.134007
240,780,1.452066
242,780,0.079477
243,780,0.077328
244,780,0.0907
245,780,0.0907
246,780,0.0907
247,780,0.088636
248,780,0.088636
249,780,0.052243
168,781,27.861204
169,781,0.761406
170,781,5.016249
171,781,3.922002
223,781,0.042068
224,781,0.019262
229,781,0.108662
230,781,0.055203
231,781,0.029437
232,781,0.032515
233,781,0.040301
234,781,0.038026
235,781,0.036393
236,781,0.036393
237,781,0.054882
238,781,0.129641
239,781,0.708996
240,781,1.811559
169,782,15.939803
170,782,28.604187
223,782,0.030383
224,782,0.005396
225,782,0.011454
226,782,0.007102
227,782,0.024527
229,782,0.097104
230,782,0.288141
231,782,0.04697
232,782,0.027449
233,782,0.033461
234,782,0.042405
242,782,0.096758
243,782,0.065857
244,782,0.052243
245,782,0.052243
246,782,0.075403
247,782,0.076157
248,782,0.067135
249,782,20.538536
173,783,3.70713
222,783,0.033832
223,783,0.021969
224,783,0.021604
225,783,0.021061
226,783,0.546358
227,783,0.0379
229,783,0.182932
230,783,0.076225
231,783,0.063466
232,783,0.052059
233,783,0.043742
234,783,0.069137
235,783,0.087345
236,783,0.081669
237,783,0.079615
238,783,0.088636
239,783,0.092969
240,783,1.222043
242,783,1.334947
243,783,0.056124
244,783,0.056951
245,783,0.042645
246,783,0.253343
247,783,0.406067
248,783,0.921814
222,784,0.042068
223,784,0.007102
224,784,0.017962
225,784,0.009148
226,784,0.018872
227,784,0.028878
229,784,0.170215
230,784,0.065026
242,784,2.682895
243,784,0.362507
244,784,0.333113
245,784,0.345902
246,784,0.795057
222,785,0.062981
223,785,0.075177
224,785,0.040781
225,785,0.105864
226,785,0.023437
227,785,0.028878
229,785,0.094609
230,785,0.121548
231,785,0.087345
232,785,0.079615
233,785,0.079615
234,785,0.055381
235,785,0.065103
236,785,0.056835
237,785,0.065857
238,785,0.065857
239,785,0.066832
240,785,1.497484
242,785,3.408475
243,785,0.932522
244,785,1.064077
245,785,0.463484
246,785,0.33829
247,785,1.543705
248,785,0.558997
249,785,1.676126
223,786,0.132591
224,786,0.053479
225,786,0.150421
234,786,0.079615
235,786,0.05688
236,786,0.05688
237,786,0.049448
238,786,0.050991
239,786,0.486959
240,786,1.392954
220,787,0.056295
225,787,0.103444
242,787,0.096758
243,787,0.083429
244,787,0.068839
245,787,0.094815
246,787,2.576302
247,787,0.281692
248,787,0.898888
249,787,1.173975
220,788,0.530904
224,788,17.885986
228,788,28.431734
233,788,28.366966
234,788,27.185852
236,788,16.676638
237,788,0.362
238,788,0.077023
239,788,0.055381
240,788,1.714921
242,788,19.580971
243,788,27.450283
244,788,15.865731
245,788,16.595161
246,788,17.157286
182,797,0.052352
191,797,2.463103
192,797,5.381153
182,798,0.205999
183,798,0.106109
191,798,2.570038
192,798,2.861079
193,798,4.921725
173,799,10.800364
174,799,1.381111
182,799,0.046904
183,799,0.056835
190,799,0.818286
191,799,12.725954
192,799,1.291204
193,799,6.775981
173,800,18.865108
174,800,1.740728
178,800,1.057768
181,800,0.063536
182,800,0.051243
183,800,0.052484
190,800,4.100817
191,800,13.586977
193,800,22.634684
173,801,13.496586
174,801,0.212608
178,801,0.355544
180,801,0.063536
181,801,0.282239
182,801,1.476242
173,802,23.525576
174,802,8.656255
180,802,0.235305
181,802,0.401366
182,802,1.340627
183,802,4.219004
180,803,0.401994
181,803,0.273603
182,803,1.258348
183,803,4.97651
180,804,2.193548
181,804,1.155903
182,804,0.152144
183,804,0.112375
185,804,4.013733
191,804,6.295788
180,805,2.715158
181,805,2.825113
182,805,0.770576
183,805,1.954953
184,805,0.023876
185,805,0.26613
186,805,0.256053
187,805,0.199375
188,805,0.144077
189,805,0.451401
190,805,0.14532
191,805,27.436529
192,805,26.32847
