186,1167,2.471924
187,1167,16.56325
188,1167,10.279812
189,1167,9.04231
190,1167,7.067256
191,1167,10.611419
192,1167,3.432203
193,1167,3.926062
194,1167,9.786309
195,1167,2.868344
196,1167,5.092932
197,1167,4.761342
198,1167,3.879846
199,1167,4.899742
201,1167,12.951043
202,1167,7.243529
209,1167,3.308842
211,1167,8.344119
212,1167,9.130441
213,1167,4.813581
214,1167,16.437502
215,1167,18.688311
217,1167,21.414787
202,1168,6.029322
212,1168,0.39259
213,1168,0.39259
214,1168,0.395982
215,1168,0.278145
218,1168,0.305513
220,1168,0.516546
221,1168,0.635917
222,1168,0.635917
240,1168,25.83444
258,1168,29.601318
259,1168,14.640081
259,1169,26.200918
226,1182,20.841541
229,1182,3.174278
165,1183,8.500009
166,1183,10.895377
167,1183,6.862144
168,1183,7.044836
169,1183,5.515473
194,1183,0.535015
211,1183,0.803749
218,1183,2.040247
227,1183,1.261723
166,1184,0.482493
167,1184,0.488842
168,1184,0.411481
169,1184,0.407543
170,1184,0.38266
171,1184,1.085231
172,1184,0.828691
182,1184,0.040726
183,1184,0.138428
184,1184,0.10468
185,1184,0.205148
186,1184,0.182145
187,1184,0.205148
188,1184,1.735903
189,1184,1.145394
190,1184,17.631079
191,1184,1.676317
192,1184,0.149163
193,1184,0.047575
194,1184,0.292798
195,1184,0.337905
196,1184,1.584151
245,1184,15.23999
172,1185,13.074185
173,1185,1.626558
174,1185,2.387468
175,1185,2.12681
182,1185,0.048541
183,1185,0.158909
184,1185,0.158841
185,1185,0.276748
186,1185,0.441449
187,1185,0.258823
188,1185,1.683787
189,1185,1.683787
190,1185,1.808553
191,1185,4.300875
192,1185,4.044457
193,1185,1.302075
194,1185,1.83048
195,1185,5.010098
196,1185,7.068855
197,1185,4.64046
198,1185,1.436284
199,1185,2.547421
200,1185,0.971175
226,1185,17.189224
227,1185,3.102469
244,1185,15.056756
172,1186,12.556167
173,1186,5.021469
174,1186,19.831858
175,1186,0.811434
176,1186,0.187303
177,1186,0.060237
178,1186,0.37741
179,1186,0.391784
180,1186,0.360592
181,1186,0.199476
182,1186,0.472815
183,1186,0.415025
184,1186,0.452881
185,1186,0.458221
186,1186,0.458221
187,1186,0.44908
188,1186,1.187034
189,1186,0.731113
190,1186,1.677979
191,1186,1.677979
192,1186,1.519301
193,1186,1.519301
194,1186,1.130914
195,1186,1.004869
196,1186,1.285056
197,1186,5.376633
198,1186,2.522181
199,1186,3.139291
200,1186,0.335932
201,1186,0.337905
202,1186,0.400097
227,1186,6.647158
228,1186,18.691793
244,1186,19.914875
172,1187,7.108758
173,1187,11.793203
174,1187,14.350801
175,1187,11.819451
176,1187,0.267104
177,1187,0.049508
197,1187,2.149543
198,1187,11.267603
199,1187,2.84
200,1187,0.264252
201,1187,0.267208
175,1188,25.469978
176,1188,0.288739
177,1188,0.158909
197,1188,3.628091
198,1188,8.756919
199,1188,2.371111
200,1188,0.120981
201,1188,0.049508
244,1188,10.789077
176,1189,3.064287
177,1189,0.462859
198,1189,5.056832
199,1189,2.7748
200,1189,2.747973
201,1189,0.049508
176,1190,0.924411
177,1190,0.87901
178,1190,1.348906
198,1190,6.689118
199,1190,6.026893
200,1190,2.659455
201,1190,0.055857
199,1191,8.052482
200,1191,1.757033
201,1191,0.149163
198,1192,6.162935
199,1192,2.056794
200,1192,0.342352
201,1192,0.049508
197,1193,14.534136
198,1193,6.98998
199,1193,0.291638
200,1193,0.047409
209,1193,1.211762
215,1193,8.502975
216,1193,17.379971
217,1193,8.086235
218,1193,10.14991
198,1194,10.689399
199,1194,0.282321
220,1194,3.299567
198,1195,5.85988
199,1195,0.282238
235,1195,12.371608
236,1195,1.606605
199,1196,0.341623
199,1197,0.28056
244,1197,12.490475
150,1198,4.20328
151,1198,2.242156
199,1198,0.517987
200,1198,0.400097
201,1198,0.321087
244,1198,7.860445
150,1199,5.075875
151,1199,3.426297
264,1202,5.539562
267,1202,17.482983
244,1203,6.814988
264,1203,13.506806
265,1203,26.792236
266,1203,16.389759
267,1203,12.637972
209,1204,1.379604
210,1204,0.920683
213,1204,0.985177
214,1204,1.12371
219,1204,4.479832
223,1204,7.58605
234,1204,0.274451
235,1204,0.262738
236,1204,0.203793
244,1204,4.059082
264,1204,29.829521
266,1204,24.56596
267,1204,29.536476
219,1205,4.804995
220,1205,9.489107
223,1205,0.89663
227,1205,0.600355
234,1205,0.25811
244,1205,0.582127
244,1206,0.540606
169,1207,1.717099
168,1208,2.517689
169,1208,1.456644
167,1209,10.784531
168,1209,1.236266
170,1209,1.173391
171,1209,1.077805
174,1209,1.233897
184,1210,1.506873
188,1210,1.048649
189,1210,0.306002
190,1210,0.337822
191,1210,0.337822
192,1210,0.358383
156,1211,1.698179
157,1211,2.733082
158,1211,3.114367
188,1211,0.712743
189,1211,0.682773
190,1211,0.155969
191,1211,0.047575
188,1212,0.692646
189,1212,0.047575
190,1212,0.047492
191,1212,0.047492
134,1213,1.603401
222,1213,0.264753
223,1213,0.264753
221,1214,0.164345
188,1216,0.135498
191,1216,0.649848
192,1216,0.505964
193,1216,1.91207
194,1216,1.300872
195,1216,1.542791
196,1216,1.090491
210,1216,0.191736
188,1217,0.255593
189,1217,0.049508
190,1217,0.100113
191,1217,0.209364
192,1217,0.302996
193,1217,0.319732
194,1217,0.326408
195,1217,0.541543
196,1217,1.352072
197,1217,0.635583
198,1217,0.631782
199,1217,0.782941
200,1217,0.838085
201,1217,0.974391
202,1217,1.109048
205,1217,1.011281
209,1217,0.248616
210,1217,0.156031
188,1218,0.269209
189,1218,0.047409
204,1218,0.098097
205,1218,0.098097
209,1218,0.156516
188,1219,0.156742
209,1219,0.985624
147,1220,1.756352
149,1220,0.427338
185,1220,0.156031
209,1220,2.209769
149,1221,0.205931
150,1221,0.137913
151,1221,0.139882
152,1221,0.135502
153,1221,0.135502
185,1221,0.153001
209,1221,1.743688
214,1221,5.997614
148,1222,0.615206
149,1222,0.315385
150,1222,0.094544
151,1222,0.094544
152,1222,0.10471
153,1222,0.145229
154,1222,0.121802
185,1222,0.149117
188,1222,0.191163
209,1222,0.023787
149,1223,0.138623
150,1223,0.183789
151,1223,0.067536
152,1223,0.094544
153,1223,0.145229
185,1223,0.149117
209,1223,0.023787
149,1224,0.246556
150,1224,0.504077
151,1224,0.066561
152,1224,0.078137
153,1224,0.151578
154,1224,0.121802
185,1224,0.191736
209,1224,0.023704
149,1225,16.581541
150,1225,0.380492
151,1225,0.054019
152,1225,0.192135
153,1225,0.250313
154,1225,0.120787
185,1225,0.191736
209,1225,0.023704
149,1226,9.562469
150,1226,4.079709
151,1226,0.234597
152,1226,0.841728
153,1226,0.658511
154,1226,0.652505
155,1226,0.523242
166,1226,3.401414
167,1226,0.560771
168,1226,0.560714
149,1227,8.320862
150,1227,4.9033
151,1227,0.158115
152,1227,0.809042
153,1227,0.366327
154,1227,0.704615
155,1227,0.597618
166,1227,7.111024
167,1227,3.158059
168,1227,0.349834
181,1227,0.91775
182,1227,0.536378
148,1228,19.087872
149,1228,5.339743
150,1228,5.461031
151,1228,0.042315
152,1228,0.826692
153,1228,0.477057
154,1228,0.69095
155,1228,0.674079
167,1228,1.371016
168,1228,0.214638
174,1228,4.285263
175,1228,0.591778
181,1228,2.682912
182,1228,1.069144
148,1229,16.360073
149,1229,5.607706
150,1229,0.476111
151,1229,0.036594
152,1229,0.740998
153,1229,0.482637
154,1229,0.581058
155,1229,0.773213
164,1229,9.0347
165,1229,14.648404
166,1229,5.954234
167,1229,5.541475
168,1229,13.918046
171,1229,4.623108
172,1229,0.616345
173,1229,3.310885
174,1229,2.60426
175,1229,0.441853
177,1229,3.647553
178,1229,8.412558
179,1229,1.142294
180,1229,4.162983
181,1229,3.298673
182,1229,0.906682
148,1230,24.592743
149,1230,5.373722
150,1230,0.671892
151,1230,0.067804
152,1230,0.763322
153,1230,0.603946
154,1230,0.478565
155,1230,0.859464
163,1230,3.77471
164,1230,5.498535
165,1230,2.966979
166,1230,3.245723
167,1230,3.42374
168,1230,3.270663
169,1230,3.493302
170,1230,3.602932
171,1230,3.602932
172,1230,3.652422
173,1230,8.743056
174,1230,8.784001
175,1230,7.259534
176,1230,7.394093
178,1230,8.244887
179,1230,5.434709
180,1230,9.306262
183,1230,11.196587
148,1231,22.391918
149,1231,4.273757
150,1231,0.450894
151,1231,0.740571
152,1231,0.644819
153,1231,0.547112
154,1231,0.480546
155,1231,0.866329
205,1231,10.507935
206,1231,0.048458
207,1231,0.048541
208,1231,0.048541
148,1232,20.784376
149,1232,6.315197
150,1232,0.636017
151,1232,0.737038
152,1232,0.49686
153,1232,0.434884
154,1232,0.64582
155,1232,0.965456
148,1233,22.901703
149,1233,6.362555
150,1233,0.627829
151,1233,0.633388
152,1233,0.559196
153,1233,0.633815
154,1233,0.724212
155,1233,1.301938
149,1234,9.414505
150,1234,0.159005
151,1234,0.637199
152,1234,1.557652
153,1234,0.567371
154,1234,0.837655
155,1234,1.502657
149,1235,2.794561
151,1235,0.953256
152,1235,1.828821
153,1235,2.072389
154,1235,1.70747
155,1235,2.821667
149,1236,5.019868
150,1236,0.760891
151,1236,6.956514
152,1236,4.289121
153,1236,2.759845
154,1236,1.646344
155,1236,3.530416
149,1237,12.119811
150,1237,1.066405
151,1237,0.827638
152,1237,1.755937
153,1237,2.775982
154,1237,2.715147
155,1237,3.483323
207,1237,0.023704
209,1237,15.949603
149,1238,1.779717
150,1238,0.852598
151,1238,0.77971
152,1238,0.857863
153,1238,1.301923
154,1238,2.345013
155,1238,3.085247
205,1238,17.568598
206,1238,1.274754
207,1238,0.023704
209,1238,6.595762
210,1238,0.096033
212,1238,8.281032
147,1239,27.954777
149,1239,2.206637
150,1239,2.14192
151,1239,1.776893
152,1239,1.84029
153,1239,2.003963
154,1239,2.082753
205,1239,1.712912
206,1239,1.712912
207,1239,0.875839
212,1239,0.09595
213,1239,0.09595
214,1239,0.09595
215,1239,0.09595
216,1239,0.09595
217,1239,0.099064
218,1239,0.099064
219,1239,0.099147
220,1239,0.099147
221,1239,0.099147
147,1240,24.571636
223,1240,0.099064
224,1240,0.099064
225,1240,0.099064
226,1240,0.099064
227,1240,0.099147
228,1240,0.105496
229,1240,0.106463
207,1243,13.844555
208,1243,3.311506
209,1243,1.050849
232,1243,1.756902
147,1244,15.345369
208,1244,1.740588
209,1244,1.677875
232,1244,7.559188
168,1245,16.832914
169,1245,27.588045
184,1245,8.045843
208,1245,1.837179
232,1245,7.592391
169,1246,8.157837
170,1246,5.128064
181,1246,7.640158
182,1246,12.653317
183,1246,9.11234
184,1246,21.800291
208,1246,3.304967
146,1247,23.304239
152,1247,8.628741
153,1247,21.225195
154,1247,4.327423
155,1247,4.606863
169,1247,7.375077
174,1247,26.268688
175,1247,6.082803
176,1247,5.328823
177,1247,4.224985
183,1247,26.651785
184,1247,12.379288
188,1247,2.623401
189,1247,1.194125
192,1247,11.261461
193,1247,5.901421
194,1247,7.925086
195,1247,4.351161
196,1247,6.609654
197,1247,8.749806
198,1247,4.553391
199,1247,2.089
200,1247,21.269234
212,1247,5.898725
213,1247,5.950814
214,1247,4.867028
215,1247,2.341427
146,1248,16.508194
152,1248,12.604692
153,1248,15.193529
154,1248,7.669404
155,1248,3.86113
166,1248,24.171831
167,1248,27.313097
172,1248,26.598047
174,1248,26.076288
180,1248,25.06946
181,1248,15.397491
182,1248,10.581011
188,1248,3.005077
189,1248,1.557385
193,1248,1.180752
194,1248,0.998292
195,1248,0.883784
196,1248,0.751928
197,1248,0.668316
198,1248,1.168846
199,1248,0.766193
200,1248,0.859317
210,1248,25.560402
211,1248,1.955225
212,1248,1.529034
213,1248,1.670624
214,1248,1.761276
215,1248,1.814502
216,1248,3.826303
217,1248,4.896076
218,1248,2.940552
219,1248,2.570771
153,1249,3.266089
154,1249,3.802864
189,1249,1.948075
202,1249,11.448529
203,1249,1.967277
212,1249,7.057117
213,1249,4.808298
214,1249,14.043045
215,1249,5.595547
216,1249,13.71858
217,1249,1.730783
218,1249,2.102258
219,1249,4.345707
222,1249,2.271785
223,1249,2.151067
224,1249,2.151067
225,1249,2.006788
226,1249,2.006788
227,1249,2.078669
228,1249,1.952129
229,1249,1.960218
230,1249,2.055849
231,1249,2.175632
192,1250,6.891899
193,1250,16.409885
194,1250,16.671501
195,1250,27.682467
196,1250,9.783939
197,1250,11.199129
198,1250,3.400373
200,1250,12.851244
203,1250,1.967277
212,1250,13.881909
213,1250,14.649397
214,1250,6.143748
215,1250,4.539919
216,1250,4.203247
217,1250,5.509918
218,1250,20.004955
219,1250,3.942625
221,1250,3.024961
222,1250,3.56392
223,1250,3.442496
224,1250,1.637661
225,1250,1.691656
226,1250,1.528618
227,1250,1.724102
228,1250,1.961286
229,1250,1.975032
230,1250,2.205643
231,1250,2.3468
203,1251,18.222435
211,1251,15.948757
212,1251,15.075942
213,1251,13.975818
214,1251,23.055471
215,1251,8.774679
216,1251,8.096197
217,1251,10.98991
218,1251,14.604256
219,1251,28.355867
222,1251,12.765606
223,1251,12.160759
224,1251,14.168984
225,1251,17.429258
226,1251,17.219955
227,1251,14.883416
229,1251,25.608652
230,1251,1.271417
231,1251,1.945315
203,1252,1.225105
222,1252,21.642607
223,1252,16.117615
224,1252,16.119064
225,1252,21.230724
226,1252,22.695457
227,1252,21.6141
228,1252,23.094931
229,1252,23.15657
230,1252,0.781745
231,1252,1.778258
232,1252,2.022657
233,1252,1.960631
232,1253,2.866597
233,1253,23.532434
208,1254,19.189217
232,1254,2.285554
233,1254,14.862187
208,1255,1.06655
232,1255,22.714537
233,1255,16.14728
208,1256,4.510358
263,1256,23.022604
213,1259,21.061411
214,1259,26.022463
224,1259,5.791976
212,1260,16.453512
213,1260,7.385946
214,1260,7.379189
215,1260,4.315978
216,1260,4.638692
217,1260,4.675461
218,1260,4.675461
219,1260,4.605762
220,1260,4.768694
221,1260,4.340935
222,1260,4.810917
223,1260,2.255815
227,1261,5.917983
228,1261,7.165167
229,1261,7.97893
242,1261,15.792511
221,1266,5.933775
222,1266,4.911243
223,1266,6.422127
224,1266,5.906598
225,1266,3.947817
226,1266,3.947817
227,1266,3.118616
228,1266,2.848986
220,1267,1.768476
221,1267,1.337284
222,1267,20.240591
223,1267,27.52153
224,1267,3.389686
225,1267,3.191884
226,1267,3.200119
227,1267,3.84259
228,1267,0.85733
202,1268,5.442352
225,1268,9.752436
226,1268,6.778354
227,1268,4.118649
228,1268,2.117223
229,1268,0.540897
230,1268,6.617861
199,1269,8.599744
202,1269,3.524288
216,1269,23.335918
217,1269,28.542965
218,1269,17.013876
220,1269,19.626839
224,1269,10.117866
225,1269,21.498306
226,1269,4.638982
227,1269,6.94008
228,1269,7.747617
229,1269,2.944808
230,1269,0.988907
211,1270,19.121809
212,1270,20.02882
213,1270,19.745005
214,1270,21.864489
215,1270,21.775047
216,1270,23.979855
217,1270,21.401455
218,1270,16.262016
219,1270,20.944334
220,1270,23.021559
221,1270,9.943305
222,1270,14.82403
223,1270,26.907883
224,1270,3.870737
225,1270,2.525422
226,1270,17.699711
229,1270,2.472803
230,1270,1.904428
258,1270,3.596355
211,1271,6.222978
212,1271,3.646433
213,1271,7.265921
214,1271,6.227408
245,1271,8.055042
246,1271,3.979308
247,1271,1.998036
248,1271,1.514654
249,1271,1.313365
250,1271,1.313365
248,1272,5.377205
251,1272,7.47072
252,1272,25.551897
257,1272,4.541496
258,1272,6.132607
215,1282,4.380012
216,1282,5.746083
217,1282,6.799866
218,1282,5.934028
219,1282,3.940165
220,1282,3.960161
221,1282,3.930563
222,1282,3.05252
223,1282,4.518896
224,1282,4.473389
225,1282,5.879255
226,1282,5.773517
236,1283,0.936269
237,1283,0.681839
236,1284,0.688085
242,1284,2.223947
250,1289,0.700431
250,1290,0.727457
154,1291,20.165745
155,1291,25.792393
212,1291,9.787661
225,1291,1.768091
226,1291,1.657298
237,1291,2.725885
239,1291,1.753386
158,1292,10.30661
159,1292,2.971133
162,1292,1.846977
163,1292,2.548174
164,1292,4.368415
241,1293,1.429756
144,1294,1.114352
145,1294,12.754625
150,1295,6.401523
236,1295,0.360112
241,1295,2.604919
245,1295,22.789318
246,1295,0.342405
149,1296,1.541725
150,1296,3.157144
171,1296,20.708141
236,1296,0.365529
241,1296,1.247362
246,1296,0.381148
247,1296,0.360112
145,1297,1.18504
170,1297,15.521266
236,1297,0.365529
241,1297,1.253992
247,1297,0.360112
144,1298,2.889544
145,1298,1.096936
236,1298,0.370715
237,1298,0.365529
241,1298,1.404804
144,1299,2.384086
145,1299,1.642888
170,1299,4.466932
171,1299,3.934424
172,1299,5.976729
236,1299,0.658435
237,1299,0.344744
241,1299,1.216676
144,1300,2.58705
145,1300,1.030528
147,1300,29.182613
148,1300,9.123066
149,1300,28.011496
154,1300,20.348881
155,1300,15.149626
156,1300,20.376005
157,1300,8.644037
158,1300,16.952221
159,1300,15.608157
160,1300,16.680012
161,1300,15.972744
165,1300,29.707678
241,1300,1.45768
178,1301,0.462885
179,1301,5.133129
180,1301,1.445453
181,1301,2.629127
182,1301,1.502079
183,1301,1.176448
192,1301,10.118573
212,1301,4.156839
217,1301,1.581509
219,1301,1.287948
222,1301,1.560652
223,1301,1.480973
224,1301,1.505146
225,1301,1.460698
226,1301,1.404617
237,1301,5.450013
238,1301,2.315248
257,1304,8.610442
165,1306,0.362402
166,1306,1.509706
175,1306,3.764977
190,1306,16.31279
191,1306,2.442007
192,1306,1.383877
194,1306,0.707573
196,1306,0.442631
197,1306,0.542468
198,1306,0.542468
199,1306,0.481094
200,1306,0.418454
165,1307,3.673422
166,1307,1.605295
175,1307,9.038009
191,1307,1.061862
165,1308,2.082882
166,1308,3.212277
176,1308,4.215532
177,1308,10.815013
178,1308,19.824316
179,1308,14.827209
181,1308,12.18705
165,1309,5.474661
166,1309,2.309505
174,1309,0.370715
181,1309,6.018818
191,1309,1.037794
192,1309,1.146878
195,1309,0.84173
196,1309,3.269333
197,1309,0.84173
198,1309,0.83686
199,1309,1.914668
200,1309,2.471751
246,1309,4.703346
155,1310,21.36866
165,1310,2.456803
166,1310,2.345191
182,1310,3.501161
191,1310,2.802056
192,1310,0.957453
195,1310,0.741429
196,1310,0.463293
197,1310,0.695462
198,1310,0.863579
240,1310,2.721582
249,1310,2.200863
153,1311,18.336515
154,1311,12.141892
155,1311,17.534
165,1311,2.028195
191,1311,7.79081
192,1311,0.827718
195,1311,1.401821
152,1312,5.369005
153,1312,8.862821
154,1312,9.93865
155,1312,16.210497
174,1312,1.155846
175,1312,1.062893
176,1312,1.088171
177,1312,1.088171
178,1312,0.878347
152,1313,17.672131
153,1313,9.406697
154,1313,11.225033
155,1313,21.2083
162,1313,0.364961
163,1313,0.364961
164,1313,0.360112
165,1313,1.744557
174,1313,2.198455
150,1314,29.701197
154,1314,22.753849
155,1314,13.360748
189,1315,18.924118
190,1315,16.519669
190,1316,1.133641
168,1323,4.809415
171,1324,5.362264
172,1324,3.807699
263,1342,23.259705
264,1342,21.2992
150,1349,6.704857
149,1350,7.414147
144,1351,19.574726
145,1351,8.887883
146,1351,5.415813
145,1352,5.920944
146,1352,2.44575
210,1352,0.151536
143,1353,6.615635
145,1353,2.310728
146,1353,0.357867
149,1353,2.326832
150,1353,1.231963
210,1353,0.139853
139,1354,15.989077
142,1354,13.480713
143,1354,2.030417
144,1354,1.849356
145,1354,4.193309
146,1354,4.555809
139,1355,6.647295
140,1355,1.207093
141,1355,0.849531
142,1355,2.045358
143,1355,0.88441
144,1355,0.427225
145,1355,1.115968
146,1355,2.201355
157,1355,2.584754
159,1355,0.860927
160,1355,0.76877
161,1355,0.642065
162,1355,0.569959
164,1355,0.541274
165,1355,0.362074
166,1355,0.361991
167,1355,0.295777
168,1355,0.786686
172,1355,5.648983
173,1355,17.288204
138,1356,4.212023
141,1356,1.162159
142,1356,0.433753
145,1356,8.666517
146,1356,0.608742
151,1356,1.372906
152,1356,2.396724
153,1356,0.67068
154,1356,3.647376
155,1356,1.312637
159,1356,3.645452
160,1356,3.261002
161,1356,0.460421
162,1356,0.319842
164,1356,0.65903
165,1356,0.263377
166,1356,0.21145
167,1356,0.81858
168,1356,0.760956
172,1356,26.812847
173,1356,3.219536
138,1357,0.916622
146,1357,15.695004
152,1357,2.579632
154,1357,5.612714
156,1357,0.164841
157,1357,0.369779
159,1357,17.728868
160,1357,2.809202
161,1357,2.552666
162,1357,0.658423
171,1357,8.748096
174,1357,4.777472
175,1357,4.409002
177,1357,8.337364
178,1357,8.28474
179,1357,3.720594
180,1357,4.241157
181,1357,3.440649
182,1357,3.613565
183,1357,6.433082
184,1357,4.020113
185,1357,11.692932
147,1358,6.794886
148,1358,12.525928
149,1358,4.960198
150,1358,4.967574
151,1358,3.450413
152,1358,3.623298
159,1358,3.595899
160,1358,1.775922
161,1358,3.128147
162,1358,1.73876
215,1359,2.157482
142,1362,21.567398
143,1362,15.777326
145,1362,15.59683
146,1362,3.53168
147,1362,2.045158
148,1362,2.036654
149,1362,3.625867
150,1362,2.265045
151,1362,7.505387
152,1362,29.566975
178,1362,26.148405
141,1363,13.17793
143,1363,6.130077
144,1363,2.289216
145,1363,1.976828
146,1363,2.379945
150,1363,2.498838
179,1363,27.781942
181,1363,29.924099
144,1364,1.994474
145,1364,1.578878
146,1364,2.212633
165,1364,8.194141
167,1364,7.610598
168,1364,13.416213
180,1364,25.880423
165,1365,28.731983
168,1365,7.992389
147,1366,14.96423
148,1366,28.654873
183,1368,26.257761
182,1369,28.689558
188,1369,10.145171
183,1370,15.311417
182,1371,15.703416
183,1371,21.662951
184,1371,17.603426
181,1372,2.381337
182,1372,4.891898
183,1372,12.660419
179,1374,10.568776
180,1374,4.965268
181,1374,11.629401
182,1374,5.981676
183,1374,10.999509
176,1375,15.928016
177,1375,17.444927
178,1375,15.081216
179,1375,11.907272
180,1375,14.655451
182,1375,15.238588
192,1375,9.118125
193,1375,3.997742
194,1375,3.102978
195,1375,8.94637
196,1375,6.057957
197,1375,9.263111
198,1375,4.034576
199,1375,4.436794
157,1376,2.239654
178,1376,22.036709
179,1376,16.526119
190,1376,7.771544
191,1376,5.471836
192,1376,9.318973
157,1377,27.265488
216,1377,17.002308
157,1378,5.954974
216,1378,3.543892
217,1378,1.364924
157,1379,1.60351
214,1379,13.662587
215,1379,5.284925
216,1379,1.861842
217,1379,0.884969
140,1380,2.514907
141,1380,2.046007
157,1380,1.867134
215,1380,1.91495
216,1380,2.449525
138,1381,4.699869
151,1384,1.349989
152,1384,5.660517
197,1385,18.053219
197,1386,10.856767
198,1386,8.21296
197,1387,14.54552
198,1387,9.032479
199,1387,8.529069
196,1388,19.338783
197,1388,17.42342
198,1388,21.693552
200,1388,27.334414
216,1388,15.579321
216,1389,13.53185
217,1389,3.865888
218,1389,3.025707
217,1390,5.131127
218,1390,4.676858
163,1391,22.756166
216,1391,14.143199
217,1391,9.980732
160,1392,17.892698
162,1392,4.837059
163,1392,8.888492
162,1393,9.572515
163,1393,13.037731
216,1393,27.497761
161,1394,15.726284
162,1394,9.987811
163,1394,8.246803
161,1395,19.562098
162,1395,12.305985
163,1395,12.673904
163,1396,29.129326
163,1397,27.812449
171,1397,1.684047
269,1397,1.087561
270,1397,2.221736
171,1398,1.373049
164,1400,29.7136
171,1400,2.496783
172,1400,1.974767
173,1400,2.597181
174,1400,3.50686
175,1400,4.209018
176,1400,6.310709
217,1400,2.302933
171,1401,1.87097
172,1401,3.20094
173,1401,4.209517
174,1401,3.449974
175,1401,12.712914
176,1401,16.096567
177,1401,18.343208
171,1402,1.263936
172,1402,2.849
173,1402,6.643133
174,1402,10.92247
175,1402,12.686644
176,1402,7.888446
162,1403,12.204621
163,1403,12.139542
164,1403,17.380558
172,1403,0.396206
173,1403,0.60472
174,1403,0.619309
175,1403,0.814756
176,1403,20.908484
177,1403,15.761404
178,1403,2.039769
171,1404,0.338758
172,1404,0.555561
173,1404,0.59572
174,1404,0.882085
175,1404,0.850882
176,1404,1.562424
153,1405,1.75871
181,1405,1.08397
182,1405,1.064502
179,1406,1.049509
180,1406,1.504182
152,1408,0.666221
152,1409,0.435454
134,1413,0.184633
135,1413,0.369427
136,1413,0.177218
137,1413,0.441768
138,1413,0.302469
172,1413,20.283209
173,1413,23.650599
174,1413,22.846163
175,1413,19.57375
135,1414,0.493562
136,1414,0.493919
137,1414,0.512389
138,1414,2.003375
172,1414,4.442428
173,1414,6.655457
174,1414,5.968406
175,1414,5.133502
195,1414,16.210573
136,1415,0.214621
137,1415,0.796194
138,1415,0.990021
172,1415,6.208949
173,1415,12.432198
174,1415,3.756164
175,1415,3.923181
173,1416,13.472602
174,1416,4.796593
175,1416,4.361916
176,1416,4.165768
177,1416,5.027414
178,1416,4.772469
179,1416,4.653207
180,1416,5.283585
173,1417,21.35833
174,1417,8.817786
175,1417,5.739713
176,1417,4.315251
177,1417,4.466037
178,1417,5.871029
179,1417,3.488974
180,1417,5.467178
181,1417,5.620573
182,1417,7.817448
183,1417,7.426888
184,1417,6.757064
185,1417,9.150637
186,1417,8.556815
187,1417,11.792503
189,1417,21.586023
190,1417,15.280639
191,1417,23.769962
192,1417,23.246683
179,1418,19.650028
180,1418,13.100696
181,1418,10.257168
182,1418,3.274742
183,1418,3.336951
184,1418,4.090045
185,1418,6.925591
186,1418,5.463149
187,1418,8.415524
188,1418,14.573599
166,1443,18.538797
142,1444,0.845758
134,1445,16.917614
135,1445,6.025137
143,1445,1.950192
134,1446,9.891818
155,1446,8.99959
134,1447,4.738168
155,1447,0.968524
175,1447,12.341134
179,1447,12.572248
155,1448,0.771668
171,1448,11.529167
172,1448,8.97326
173,1448,7.074551
174,1448,8.051193
175,1448,3.326712
176,1448,3.308329
177,1448,2.942097
178,1448,3.12446
179,1448,2.868534
182,1448,28.289501
155,1449,0.384432
171,1449,29.200531
172,1449,10.807432
173,1449,11.805103
174,1449,9.795301
175,1449,4.547659
176,1449,6.714223
177,1449,10.939808
178,1449,8.909256
179,1449,4.809845
155,1450,14.910188
156,1450,8.280209
157,1450,4.818182
158,1450,0.542823
159,1450,1.061861
160,1450,0.368421
161,1450,0.18421
162,1450,0.18421
163,1450,0.26455
164,1450,0.26455
165,1450,0.659205
166,1450,0.283871
172,1450,28.588358
173,1450,21.081106
174,1450,13.965931
175,1450,6.483483
176,1450,6.918797
177,1450,14.006056
178,1450,15.855222
179,1450,6.780338
155,1451,1.005584
167,1451,0.12459
155,1452,1.821141
167,1452,0.115151
145,1453,2.346451
146,1453,1.229393
147,1453,12.098589
166,1453,0.172932
167,1453,0.35914
145,1454,3.380005
146,1454,5.703733
147,1454,5.508712
142,1455,16.578028
143,1455,1.59859
145,1455,0.269586
146,1455,4.056622
147,1455,3.616281
198,1155,21.41855
143,1456,0.109756
144,1456,0.109756
145,1456,0.110417
146,1456,0.072848
198,1156,24.727617
185,1157,3.981478
186,1157,3.480332
187,1157,4.983195
197,1157,3.206849
186,1158,19.568699
187,1158,18.632456
147,1458,0.084291
156,1460,23.065548
157,1460,11.128411
158,1460,5.152841
159,1460,3.805725
258,1164,27.765234
154,1463,12.173123
155,1463,1.502031
156,1463,1.216057
157,1463,0.357143
209,1165,6.751807
210,1165,5.58876
211,1165,15.403059
212,1165,5.116251
213,1165,8.015016
260,1165,15.888419
154,1464,7.73851
155,1464,1.430454
156,1464,0.435898
157,1464,0.440217
179,1464,20.753288
154,1465,1.386887
155,1465,0.645161
180,1465,25.184471
166,1466,2.431212
167,1466,2.970167
168,1466,3.287214
170,1466,2.074266
171,1466,9.106162
179,1466,9.833037
181,1466,15.188919
161,1467,0.534722
153,1469,0.909711
154,1469,0.305311
155,1469,0.645161
157,1469,2.608421
165,1469,10.46981
166,1469,6.22733
167,1469,6.22733
168,1469,3.277832
169,1469,2.315983
170,1469,2.782862
171,1469,2.782862
172,1469,2.492505
173,1469,2.0061
177,1469,1.63357
154,1470,0.778281
167,1470,4.221787
168,1470,4.724587
169,1470,0.12459
170,1470,0.239742
173,1471,0.12459
179,1471,4.772266
180,1471,4.911569
156,1472,12.804861
157,1472,12.804861
178,1472,0.272727
180,1472,0.452717
165,1477,0.115151
166,1479,0.778281
165,1480,25.607153
168,1480,1.069528
176,1480,22.975847
177,1481,1.471378
185,1166,11.029903
186,1166,15.896171
187,1166,13.792621
188,1166,16.6008
192,1166,16.146935
209,1166,10.100081
210,1166,3.625243
211,1166,3.16517
212,1166,3.250159
213,1166,4.971972
214,1166,16.488358
215,1166,22.249819
216,1166,25.351639
258,1166,11.934385
