2297,532,9.765327
2296,533,18.250858
2297,533,5.464048
2416,533,20.590866
2295,534,27.66188
2296,534,7.751456
2297,534,13.164954
2414,534,18.073418
2415,534,13.850315
2416,534,12.668784
2417,534,25.206713
2418,534,14.531047
2419,534,24.745501
2430,534,5.221326
2296,535,20.422682
2297,535,5.675892
2432,535,24.348278
2433,535,23.716429
2434,535,10.397283
2294,536,29.786539
2297,536,2.046109
2297,537,1.617321
2298,537,2.597415
2297,538,15.888308
2298,538,10.292326
2269,539,6.453887
2270,539,8.968748
2271,539,13.230266
2272,539,5.942687
2276,539,0.903674
2297,539,14.278445
2298,539,9.81656
2331,539,11.950267
2270,540,13.396625
2271,540,7.146607
2272,540,6.4359
2273,540,5.787538
2330,540,4.224432
2381,540,17.712782
2386,540,22.621689
2270,541,12.353577
2271,541,7.019248
2272,541,4.732587
2273,541,1.799043
2274,541,3.34375
2330,541,4.951909
2386,541,20.391747
2270,542,22.771267
2271,542,5.527679
2329,542,19.566322
2328,543,7.878109
2329,543,15.551255
2407,543,3.135638
2415,543,9.443424
2275,544,23.091993
2277,544,8.98098
2278,544,10.163676
2403,544,17.984919
2404,544,5.629243
2405,544,9.600815
2406,544,13.115884
2407,544,2.573146
2408,544,9.477337
2409,544,4.768106
2410,544,3.697367
2411,544,9.585331
2415,544,10.48581
2327,545,29.441317
2404,545,26.25354
2406,545,11.996127
2408,545,2.85251
2409,545,4.701814
2410,545,12.451705
2411,545,2.239216
2412,545,7.977742
2413,545,6.292255
2414,545,3.855442
2415,545,2.486166
2419,545,25.49304
2324,546,13.010804
2330,546,6.593493
2331,546,4.308969
2409,546,7.965852
2413,546,4.229033
2414,546,2.678412
2415,546,3.871972
2416,546,6.636073
2299,547,23.504459
2300,547,14.248832
2301,547,3.081107
2302,547,6.974082
2303,547,1.762627
2304,547,2.083663
2324,547,23.545269
2325,547,8.814706
2326,547,14.283925
2329,547,0.039297
2330,547,0.589839
2332,547,26.573988
2416,547,5.705914
2294,548,1.644222
2299,548,19.299517
2300,548,1.497912
2301,548,1.791584
2302,548,1.281651
2303,548,1.022526
2304,548,2.993896
2305,548,11.553522
2306,548,3.32553
2324,548,27.031313
2327,548,21.650982
2330,548,0.227922
2331,548,0.06529
2332,548,26.609642
2294,549,1.795112
2331,549,3.844008
2294,550,0.640937
2296,550,2.831957
2297,550,1.145806
2309,550,2.297344
2310,550,1.132391
2332,550,2.164591
2333,550,0.799913
2294,551,29.901608
2295,551,5.504186
2296,551,1.016887
2297,551,1.642693
2309,551,0.471053
2310,551,0.067045
2332,551,9.272792
2269,553,0.625072
2270,553,1.053244
2271,553,0.728218
2272,553,6.689145
2273,553,0.512681
2274,553,2.561837
2275,553,7.154637
2276,553,11.630296
2267,554,19.413071
2268,554,13.587874
2269,554,8.371944
2270,554,5.986564
2271,554,6.465099
2272,554,18.150606
2274,554,3.973728
2275,554,3.523072
2276,554,20.825474
2403,554,23.907938
2404,554,28.081758
2268,555,19.799986
2269,555,14.692532
2270,555,24.191433
2271,555,13.650152
2272,555,16.049793
2275,555,12.13302
2276,555,22.4851
2402,555,10.561234
2403,555,10.457751
2405,555,24.294338
2406,555,15.293223
2407,555,15.577903
2408,555,28.784157
2331,556,22.420799
2332,556,18.659521
2333,556,16.804689
2411,556,9.412442
2412,556,10.170546
2413,556,9.980185
2414,556,11.950564
2415,556,9.310935
2416,556,10.337737
2306,557,19.07226
2315,557,0.196978
2316,557,0.584313
2317,557,0.51012
2296,558,23.286423
2297,558,23.117125
2299,558,8.344138
2300,558,4.489197
2301,558,5.840458
2302,558,5.00342
2303,558,2.909858
2304,558,4.609528
2305,558,2.737654
2306,558,0.744838
2307,558,0.832447
2308,558,2.642264
2314,558,0.177483
2315,558,0.095579
2316,558,0.390624
2317,558,0.297871
2318,558,0.642268
2331,558,22.325699
2275,559,16.030621
2296,559,29.590322
2298,559,16.782326
2299,559,4.769232
2300,559,3.133559
2301,559,3.057966
2302,559,8.495433
2303,559,2.440376
2304,559,10.465521
2305,559,5.609271
2306,559,4.027681
2307,559,4.016889
2308,559,3.970721
2314,559,0.151975
2315,559,0.94097
2316,559,0.346897
2317,559,0.32678
2318,559,1.024061
2319,559,9.422251
2331,559,29.620361
2314,560,6.110739
2315,560,0.733386
2316,560,0.194376
2317,560,3.505773
2318,560,0.64681
2319,560,3.292645
2320,560,14.563535
2314,561,5.43649
2315,561,3.884175
2316,561,3.193337
2316,562,1.331631
2318,564,5.528469
2319,564,4.498284
2320,564,7.711583
2321,564,15.379406
2309,565,2.680621
2310,565,12.773575
2317,565,1.596269
2318,565,1.638124
2319,565,4.589136
2320,565,1.977043
2321,565,8.0
2322,565,4.852438
2323,565,1.99073
2293,566,26.796677
2294,566,4.82042
2295,566,0.584949
2296,566,1.281529
2297,566,0.801201
2298,566,1.10611
2301,566,1.283929
2302,566,2.195855
2303,566,6.500484
2304,566,5.287857
2305,566,2.705727
2306,566,1.98092
2307,566,2.210962
2310,566,4.136285
2311,566,3.751537
2312,566,1.775104
2313,566,1.365038
2314,566,1.065853
2318,566,0.933119
2320,566,1.331277
2321,566,4.995469
2322,566,5.945185
2323,566,2.557997
2422,566,16.786041
2294,567,7.848878
2295,567,5.327041
2296,567,16.467482
2297,567,7.147826
2298,567,3.192651
2299,567,5.731932
2300,567,8.880816
2302,567,15.17177
2303,567,23.818693
2304,567,11.54178
2305,567,22.693777
2306,567,25.467993
2317,567,9.378165
2348,567,2.840871
2421,567,16.354988
2422,567,10.332414
2297,568,15.003438
2298,568,20.5837
2348,568,3.047713
2349,568,5.245298
2421,568,10.495701
2422,568,9.88555
2423,568,6.802723
2424,568,6.377156
2425,568,4.455048
2426,568,5.204266
2427,568,11.008307
2428,568,19.006439
2350,569,6.163471
2351,569,6.928817
2352,569,15.336428
2421,569,15.726556
2422,569,6.911402
2398,570,15.740507
2403,570,29.414244
2421,570,16.887043
2422,570,15.401237
2398,571,11.314673
2405,571,7.340379
2406,571,4.144901
2407,571,13.765341
2408,571,13.972843
2421,571,6.196012
2434,571,1.442844
2435,571,20.88662
2436,571,18.464056
2437,571,9.20364
2438,571,9.707569
2439,571,13.827518
2398,572,13.867064
2404,572,9.714861
2405,572,9.499544
2406,572,1.804875
2407,572,0.45335
2421,572,5.249714
2422,572,3.868025
2431,572,8.058981
2432,572,6.811384
2434,572,5.40903
2435,572,3.468556
2436,572,11.042702
2437,572,9.663122
2438,572,26.960459
2398,573,15.726148
2404,573,18.335623
2405,573,8.788384
2406,573,0.445203
2407,573,0.130089
2408,573,0.190992
2409,573,0.14603
2410,573,0.112678
2422,573,6.578359
2431,573,4.872859
2432,573,21.81274
2436,573,24.828051
2309,574,18.509577
2310,574,2.749078
2397,574,19.190838
2398,574,9.426745
2404,574,5.105486
2406,574,0.437002
2407,574,0.023404
2408,574,0.067198
2409,574,0.235197
2410,574,0.44995
2482,574,9.622561
2483,574,10.974463
2484,574,9.401696
2293,575,1.999974
2294,575,1.537556
2295,575,2.793639
2296,575,1.517474
2297,575,1.592499
2298,575,1.992947
2300,575,1.399732
2301,575,2.717003
2302,575,3.85971
2303,575,2.382166
2304,575,6.1458
2305,575,2.839021
2306,575,2.860879
2307,575,2.394454
2310,575,13.270782
2311,575,24.615438
2312,575,7.099914
2313,575,5.962764
2314,575,7.786481
2315,575,15.780048
2321,575,13.322538
2322,575,21.270824
2397,575,15.589438
2398,575,4.476405
2401,575,5.523024
2402,575,18.510614
2406,575,2.247851
2408,575,0.909661
2409,575,0.153425
2410,575,0.497752
2422,575,6.205175
2479,575,6.715937
2483,575,8.848762
2484,575,9.501665
2485,575,4.236811
2298,576,0.384937
2299,576,1.749212
2300,576,18.774492
2303,576,12.938983
2304,576,21.289309
2305,576,8.57796
2397,576,10.048237
2398,576,0.684144
2401,576,1.00212
2402,576,12.362118
2403,576,7.118462
2404,576,7.640816
2406,576,0.894277
2408,576,0.86537
2409,576,0.203167
2410,576,0.444283
2420,576,9.993452
2421,576,5.298697
2422,576,6.635444
2423,576,5.900824
2478,576,3.526157
2479,576,10.709909
2484,576,4.77668
2485,576,3.46074
2486,576,8.862359
2396,577,12.932402
2397,577,4.310324
2398,577,0.540861
2401,577,3.389384
2402,577,4.322722
2403,577,7.425785
2404,577,8.858263
2408,577,8.610046
2409,577,0.059063
2410,577,0.150868
2420,577,11.385776
2422,577,21.848721
2423,577,12.502945
2424,577,9.087507
2478,577,3.202134
2479,577,10.086354
2485,577,7.680446
2486,577,4.310623
2395,578,22.037537
2396,578,9.038174
2397,578,8.433802
2398,578,1.269216
2403,578,3.826748
2405,578,7.536655
2419,578,15.058145
2420,578,29.066561
2478,578,4.985975
2479,578,2.574167
2480,578,3.706384
2481,578,8.903735
2482,578,14.024948
2485,578,5.295521
2486,578,2.445174
2487,578,5.807484
2394,579,28.958162
2395,579,9.58715
2396,579,3.769465
2397,579,0.928073
2398,579,0.927101
2403,579,0.587111
2407,579,5.398774
2408,579,2.664284
2409,579,6.504993
2419,579,16.395765
2478,579,6.992518
2479,579,1.607071
2480,579,1.918669
2481,579,1.474608
2482,579,1.439739
2483,579,4.78827
2484,579,4.866529
2485,579,6.892995
2486,579,2.733833
2487,579,4.352701
2393,580,17.745111
2394,580,8.51779
2395,580,6.812744
2396,580,0.986654
2397,580,0.452551
2398,580,0.501322
2403,580,2.608191
2407,580,19.998983
2478,580,21.679079
2479,580,1.304941
2480,580,1.20583
2481,580,1.875609
2482,580,2.154479
2483,580,1.446411
2484,580,0.697629
2485,580,0.628279
2486,580,5.255836
2487,580,5.254965
2403,581,4.130677
2419,581,26.698065
2420,581,12.997121
2478,581,5.059157
2479,581,1.596359
2480,581,2.622886
2481,581,3.521029
2482,581,1.386134
2483,581,1.439717
2484,581,2.221914
2485,581,5.448808
2486,581,3.348751
2407,582,2.611358
2408,582,1.166718
2409,582,1.166718
2410,582,0.24307
2420,582,22.359837
2478,582,3.878936
2479,582,4.840921
2480,582,3.898052
2481,582,1.823619
2482,582,2.65855
2483,582,3.32741
2484,582,4.490452
2485,582,5.228006
2403,583,3.146304
2404,583,2.763961
2405,583,2.806581
2406,583,3.014735
2419,583,28.42012
2420,583,14.581145
2447,583,5.785215
2478,583,10.027629
2479,583,3.350716
2478,584,1.861334
2447,585,23.196371
2478,585,11.424523
2478,586,20.924723
2479,586,18.425446
2397,587,3.718341
2304,588,2.566567
2305,588,5.284667
2306,588,4.125827
2307,588,4.856435
2396,588,2.828347
2397,588,2.678427
2343,589,4.659191
2412,589,8.445158
2343,590,18.571293
2343,591,12.472712
2344,591,11.562802
2380,591,0.833204
2343,592,0.010336
2344,592,8.068563
2345,592,3.660971
2346,592,4.92028
2347,592,5.883313
2348,592,2.553542
2350,592,0.591077
2351,592,0.186433
2352,592,4.328261
2353,592,16.46879
2379,592,4.844618
2384,592,11.79002
2385,592,0.552106
2386,592,0.372625
2422,592,14.477242
2328,593,14.57118
2329,593,13.276175
2330,593,19.370636
2384,593,7.736336
2316,594,7.152172
2317,594,5.737633
2318,594,2.339558
2320,594,4.686256
2323,594,25.876024
2324,594,18.290129
2325,594,26.99733
2326,594,15.946514
2327,594,8.647334
2328,594,6.729762
2329,594,4.555564
2330,594,3.474615
2346,594,16.005095
2347,594,9.230373
2348,594,13.065542
2350,594,11.632965
2351,594,11.22795
2352,594,17.716335
2353,594,21.225988
2354,594,28.858149
2384,594,3.111203
2315,595,5.980924
2316,595,2.128697
2317,595,2.728664
2318,595,5.288152
2319,595,0.58024
2320,595,3.796292
2321,595,2.609828
2322,595,2.395593
2323,595,3.778952
2324,595,1.016699
2325,595,1.732555
2326,595,1.813613
2327,595,8.168519
2328,595,7.01691
2329,595,0.853572
2330,595,2.988097
2338,595,1.651732
2339,595,2.499836
2340,595,0.233249
2341,595,5.648807
2342,595,8.882195
2343,595,5.205311
2344,595,6.705255
2345,595,10.668402
2346,595,3.724352
2347,595,3.139783
2348,595,8.297786
2349,595,10.281231
2350,595,9.430895
2351,595,9.607996
2352,595,10.031382
2353,595,12.103228
2384,595,1.705992
2324,596,1.290653
2325,596,0.671701
2326,596,1.048816
2327,596,0.589102
2328,596,1.573917
2329,596,3.915748
2330,596,0.391389
2339,596,0.489071
2340,596,1.158012
2341,596,19.633661
2342,596,3.774477
2343,596,1.445474
2344,596,2.66656
2345,596,1.849945
2346,596,1.088806
2347,596,2.017798
2348,596,3.517063
2349,596,3.152353
2351,596,3.058091
2352,596,5.233861
2353,596,5.334759
2375,596,22.170122
2376,596,15.982949
2377,596,3.166664
2378,596,1.903089
2384,596,1.449265
2436,596,4.46107
2437,596,4.119876
2438,596,6.140217
2440,596,6.077059
2338,597,10.199023
2339,597,1.215671
2340,597,1.31364
2341,597,13.239844
2342,597,5.698291
2343,597,1.092062
2344,597,5.497776
2345,597,1.983375
2346,597,0.983117
2347,597,0.719547
2348,597,0.98166
2349,597,0.244354
2350,597,4.530962
2351,597,1.403361
2352,597,1.400593
2353,597,12.99512
2354,597,26.545881
2384,597,0.264975
2411,597,7.453148
2338,598,5.668113
2339,598,1.757864
2340,598,0.157541
2341,598,9.912477
2342,598,9.61944
2343,598,18.080759
2344,598,12.753281
2345,598,5.674145
2346,598,2.729265
2347,598,0.659915
2348,598,2.021038
2349,598,4.97838
2350,598,0.272175
2351,598,1.193933
2352,598,3.28888
2353,598,10.665863
2354,598,22.687773
2384,598,2.216598
2411,598,2.660179
2421,598,19.770901
2271,599,4.125733
2338,599,4.577919
2339,599,0.379686
2340,599,0.232589
2341,599,0.026434
2342,599,0.009938
2343,599,0.012658
2344,599,0.030014
2345,599,0.01674
2346,599,0.445791
2347,599,0.183556
2348,599,0.791236
2349,599,0.365285
2350,599,0.728476
2351,599,0.466641
2353,599,18.234943
2384,599,2.060953
2385,599,19.918123
2411,599,3.100228
2421,599,14.74721
2269,600,24.424143
2337,600,4.328498
2338,600,1.076883
2339,600,0.615367
2340,600,0.361611
2341,600,0.048879
2342,600,0.021552
2343,600,0.029325
2344,600,0.009938
2345,600,0.017479
2346,600,0.421183
2347,600,0.013274
2348,600,1.045375
2349,600,0.952832
2350,600,2.145288
2351,600,9.848437
2352,600,1.505754
2353,600,20.754135
2354,600,24.496048
2380,600,25.172138
2381,600,10.830403
2384,600,0.662341
2385,600,24.247332
2411,600,4.788791
2422,600,10.767638
2342,601,0.031013
2343,601,0.042447
2344,601,0.039031
2345,601,0.065182
2346,601,3.60398
2347,601,0.02668
2348,601,6.155797
2349,601,0.466362
2350,601,12.335062
2351,601,5.467195
2352,601,11.132339
2379,601,11.055143
2380,601,6.333213
2381,601,0.075888
2382,601,0.362238
2342,602,0.196791
2343,602,0.086542
2344,602,0.079657
2345,602,0.17065
2346,602,4.500429
2347,602,1.045657
2348,602,17.362247
2350,602,12.818686
2351,602,12.204054
2352,602,25.982677
2378,602,17.267805
2379,602,2.84554
2380,602,4.090152
2381,602,3.164639
2382,602,2.284903
2383,602,0.403119
2395,602,1.052318
2396,602,3.157485
2397,602,1.625642
2400,602,1.304951
2401,602,0.40675
2402,602,0.772529
2403,602,2.702183
2406,602,0.430354
2407,602,3.259894
2408,602,4.48181
2409,602,10.191514
2410,602,10.617594
2411,602,4.196054
2344,603,0.181159
2345,603,8.265364
2346,603,6.30892
2347,603,5.330623
2400,603,2.801344
2401,603,0.032382
2402,603,0.04578
2403,603,0.12508
2406,603,2.373105
2407,603,0.017851
2408,603,0.067643
2409,603,1.547059
2410,603,1.569114
2411,603,3.145229
2435,605,11.045334
2436,605,1.584569
2327,606,2.552094
2328,606,3.242282
2329,606,1.807734
2330,607,10.399446
2331,607,27.96509
2332,607,11.35463
2335,607,3.02845
2332,608,27.978521
2334,608,27.664131
2335,608,23.13706
2337,608,7.687636
2382,608,21.079073
2383,608,26.878286
2398,608,3.039869
2402,608,8.444478
2404,608,9.473804
2427,608,9.115057
2429,608,12.086082
2430,608,10.062384
2336,609,18.988184
2338,609,7.221989
2339,609,7.547072
2340,609,6.800114
2383,609,25.092203
2427,609,5.755931
2439,609,0.087565
2440,609,0.034281
2441,609,0.091878
2340,610,14.86978
2341,610,16.643318
2342,610,2.054374
2343,610,2.008682
2403,610,17.009682
2409,610,8.129911
2436,610,1.433635
2437,610,0.150956
2438,610,0.264442
2439,610,0.09498
2440,610,0.030804
2441,610,0.134604
2352,611,0.22731
2353,611,1.631176
2354,611,8.290539
2355,611,3.388515
2388,611,12.483236
2406,611,9.420849
2412,611,26.733244
2426,611,25.576149
2389,612,27.544386
2390,612,5.523443
2401,612,0.181017
2402,612,0.028136
2403,612,0.41417
2404,612,0.15946
2405,612,0.102973
2406,612,26.329378
2407,612,19.446188
2408,612,12.838038
2306,613,29.108505
2307,613,12.022753
2308,613,25.215044
2309,613,6.990104
2313,613,10.6313
2314,613,6.811822
2315,613,10.142474
2317,613,8.015604
2318,613,19.890949
2327,613,0.351744
2351,613,24.807068
2390,613,14.943172
2391,613,3.650558
2393,613,2.38734
2401,613,0.186687
2402,613,0.224024
2403,613,0.206407
2404,613,0.093413
2405,613,0.053323
2406,613,0.315491
2407,613,0.095955
2408,613,17.194458
2409,613,5.045014
2410,613,10.353382
2305,614,17.931637
2311,614,5.191729
2313,614,8.959659
2327,614,0.290601
2328,614,0.098466
2354,614,24.798201
2355,614,18.471296
2404,614,28.042467
2406,614,0.036488
2407,614,0.036488
2408,614,0.262859
2409,614,0.102815
2410,614,7.944977
2411,614,9.566153
2412,614,20.351276
2417,614,21.125814
2325,615,15.626122
2326,615,0.362695
2327,615,0.337649
2328,615,0.217926
2355,615,13.505485
2408,615,0.089119
2409,615,0.054008
2410,615,2.213175
2412,615,9.694629
2413,615,9.602873
2421,615,11.965681
2426,615,0.114388
2474,615,9.59152
2269,616,0.153505
2280,616,0.207861
2281,616,0.063019
2282,616,0.202017
2325,616,13.757632
2326,616,12.631847
2327,616,0.117461
2328,616,6.193141
2333,616,25.834381
2341,616,2.175982
2342,616,7.410757
2343,616,0.927247
2356,616,20.713409
2395,616,2.852412
2403,616,9.334083
2406,616,6.312854
2407,616,6.403034
2409,616,19.15406
2410,616,0.10271
2411,616,0.030311
2412,616,0.363645
2413,616,10.136612
2414,616,12.003303
2415,616,29.136532
2426,616,0.073229
2474,616,17.172953
2280,617,0.357507
2281,617,0.138148
2282,617,0.219574
2327,617,10.958508
2328,617,11.934723
2333,617,17.364918
2334,617,5.352038
2335,617,7.887646
2336,617,3.17213
2337,617,1.120812
2338,617,0.967003
2339,617,4.273204
2340,617,10.393718
2341,617,4.803781
2342,617,7.750397
2343,617,2.186782
2344,617,14.729065
2415,617,20.948231
2416,617,14.447595
2417,617,12.883577
2419,617,15.96751
2420,617,15.023122
2421,617,21.507956
2425,617,6.788487
2275,618,0.019762
2280,618,8.387129
2281,618,0.403136
2282,618,0.319404
2283,618,0.335042
2338,618,24.621578
2339,618,20.244221
2342,618,19.679258
2275,619,0.157106
2276,619,0.051839
2281,619,1.280601
2282,619,1.201502
2274,620,6.743098
2275,620,6.48106
2311,629,19.049934
2313,629,2.400351
2315,629,6.246752
2296,630,5.84186
2297,630,4.874934
2311,630,10.155201
2312,630,2.581187
2313,630,0.159758
2314,630,0.746036
2315,630,0.516214
2316,630,0.064352
2317,630,2.131795
2287,631,10.339828
2293,631,14.516181
2294,631,8.101645
2295,631,2.889104
2296,631,2.96809
2297,631,3.838917
2312,631,3.140275
2313,631,0.118264
2314,631,1.253811
2315,631,0.113932
2316,631,0.870751
2317,631,1.463065
2421,637,25.794907
2402,638,0.942145
2475,643,24.071791
2315,644,24.382898
2470,644,5.32607
2309,645,0.394239
2310,645,1.362904
2311,645,0.888304
2312,645,0.158769
2313,645,0.197221
2315,645,17.735527
2317,645,29.718668
2314,648,21.289
2316,648,25.871908
2276,654,1.150057
2276,661,1.23052
2277,661,1.423102
2278,661,1.202345
2279,661,2.744295
2280,661,1.281536
2268,662,5.536546
2269,662,7.4832
2270,662,7.22247
2271,662,7.999822
2278,662,0.604489
2279,662,0.184815
2280,662,3.288912
2267,663,5.044031
2268,663,12.092133
2269,663,6.760979
2270,663,2.99138
2271,663,5.137578
2276,663,0.207253
2277,663,0.161469
2278,663,0.067672
2279,663,0.427051
2281,663,3.032032
2282,663,3.032032
2283,663,1.22371
2284,663,1.185254
2325,663,26.277472
2267,664,19.588453
2268,664,16.828562
2269,664,28.09943
2271,664,4.62554
2276,664,0.022881
2277,664,0.172563
2278,664,0.078615
2279,664,2.175053
2281,664,1.235222
2282,664,1.005736
2283,664,1.005736
2284,664,1.277597
2271,665,10.162332
2276,665,0.320847
2277,665,0.47094
2278,665,0.955887
2279,665,0.172558
2281,665,1.670624
2282,665,0.234198
2283,665,1.288349
2284,665,1.080484
2281,666,1.019034
2282,666,0.325064
2283,666,0.746724
2284,666,2.398028
2289,672,1.90289
2289,673,0.750107
2334,673,1.128178
2335,673,0.730307
2289,674,1.100516
2335,674,2.50695
2336,674,1.709205
2289,675,1.560054
2309,675,28.419947
2276,676,27.142683
2289,676,0.982089
2308,676,10.18471
2309,676,21.171555
2277,677,11.129403
2289,677,1.045785
2307,677,24.484343
2308,677,28.994864
2336,677,8.523129
2337,677,10.08704
2277,678,17.497648
2289,678,1.770102
2305,678,1.540461
2306,678,1.578481
2307,678,6.228702
2308,678,13.23394
2309,678,25.68107
2333,678,7.042696
2334,678,5.887471
2335,678,2.484758
2336,678,5.193037
2278,679,9.281011
2289,679,2.003522
2305,679,2.080171
2325,679,1.722901
2326,679,4.743706
2327,679,4.458201
2328,679,2.710742
2279,680,27.217936
2289,680,1.395898
2305,680,11.468049
2306,680,10.565023
2307,680,11.745367
2308,680,14.328835
2309,680,17.195745
2279,681,4.327004
2310,681,15.697891
2279,682,9.388449
2280,682,8.3311
2289,683,0.645398
2290,683,0.631435
2291,683,0.629107
2319,684,12.854362
2320,684,15.706058
2321,684,8.704966
2322,684,7.144515
2323,684,14.665845
2324,684,4.572949
2325,684,7.765564
2326,684,4.65835
2327,684,4.104286
2328,684,5.484037
2329,684,5.955166
2330,684,7.194469
2331,684,11.114927
2332,684,11.184837
2333,684,19.402664
2299,685,1.22829
2300,685,3.232814
2318,685,19.4776
2319,685,8.544818
2320,685,4.275655
2321,685,3.071962
2322,685,2.774434
2323,685,2.306847
2324,685,2.492327
2325,685,2.247126
2326,685,2.162256
2327,685,2.128199
2328,685,2.642972
2329,685,5.119069
2330,685,4.196282
2331,685,5.944144
2332,685,8.302649
2333,685,10.653069
2289,686,11.133626
2290,686,7.093232
2291,686,4.554837
2292,686,2.101153
2293,686,2.379478
2294,686,2.067508
2298,686,0.934425
2299,686,0.609439
2300,686,3.334853
2301,686,8.844923
2320,686,2.965697
2321,686,0.487641
2322,686,1.127131
2323,686,0.92832
2324,686,2.459387
2325,686,0.7691
2326,686,0.857172
2327,686,0.862341
2328,686,0.498091
2329,686,2.415079
2330,686,3.16913
2331,686,2.206697
2332,686,4.518991
2333,686,7.013793
2334,686,10.852607
2335,686,11.759272
2289,687,9.608214
2290,687,6.366065
2291,687,5.984929
2292,687,7.707058
2293,687,0.821463
2294,687,0.94241
2295,687,2.72277
2298,687,0.289946
2299,687,1.118798
2300,687,2.170387
2301,687,4.106702
2320,687,12.186007
2322,687,2.68179
2323,687,8.16253
2324,687,10.487939
2325,687,4.26128
2328,687,2.979189
2329,687,3.143245
2330,687,3.111614
2331,687,1.802188
2333,687,3.450537
2334,687,4.837904
2335,687,7.271705
2278,688,1.436414
2289,688,11.669478
2290,688,7.874273
2291,688,8.266087
2292,688,4.135081
2293,688,3.480162
2294,688,1.893558
2295,688,3.427833
2299,688,0.969303
2300,688,1.295726
2301,688,2.007892
2302,688,8.65483
2335,688,9.132651
2336,688,13.108765
2293,689,25.149975
2294,689,1.175272
2295,689,1.835563
2302,689,1.938329
2277,690,7.515434
2293,690,1.134176
2294,690,1.764981
2295,690,1.926474
2302,690,2.474917
2294,691,2.4789
2295,691,2.339908
2296,691,4.089281
2297,691,3.170612
2298,691,11.72523
2299,691,10.633602
2300,691,12.673875
2301,691,26.844328
2333,691,2.779545
2277,692,5.076572
2293,692,7.974471
2294,692,0.803137
2295,692,1.660945
2296,692,0.864824
2297,692,3.658616
2298,692,5.289085
2299,692,6.35081
2300,692,5.263531
2301,692,10.551482
2302,692,18.196833
2301,693,27.790182
2408,693,22.431694
2410,693,28.400896
2411,693,16.730379
2413,693,20.556128
2278,694,15.722423
2293,694,11.55013
2294,694,16.953829
2409,694,13.27864
2411,694,29.721815
2413,694,17.520664
2414,694,25.800486
2278,695,24.883209
2293,695,18.967049
2295,695,14.275599
2317,695,26.975794
2318,695,6.16453
2319,695,1.695516
2320,695,1.409025
2321,695,1.636098
2322,695,2.283194
2323,695,2.589589
2324,695,5.550614
2325,695,2.63966
2326,695,2.712968
2327,695,2.390988
2328,695,5.056809
2329,695,3.084104
2279,696,7.636029
2317,696,6.034033
2318,696,3.231275
2319,696,3.048619
2320,696,1.694702
2321,696,1.228461
2322,696,0.657118
2323,696,1.071497
2324,696,0.9042
2325,696,0.696754
2326,696,1.863085
2327,696,0.754609
2328,696,1.382914
2329,696,0.915783
2330,696,0.822723
2331,696,26.351835
2279,697,6.569159
2280,697,4.448668
2317,697,8.575756
2318,697,7.904591
2319,697,5.941393
2320,697,1.604133
2321,697,0.71749
2322,697,0.918404
2323,697,1.188257
2324,697,0.633252
2325,697,0.50321
2326,697,0.365925
2327,697,0.532604
2328,697,0.6417
2329,697,0.368475
2330,697,1.407448
2331,697,0.408394
2332,697,2.916743
2488,697,1.553329
2318,698,10.495032
2319,698,12.649683
2320,698,6.477135
2332,698,1.283234
2333,698,1.278637
2334,698,6.535502
2288,699,7.226673
2289,699,0.998014
2290,699,0.653476
2291,699,1.041285
2288,700,27.911818
2289,700,0.549832
2290,700,0.750965
2291,700,1.511357
2306,700,1.393933
2307,700,1.300851
2308,700,1.11051
2309,700,0.610237
2310,700,0.428096
2311,700,0.450362
2306,701,1.680189
2307,701,1.031304
2308,701,0.92822
2309,701,0.234847
2310,701,0.177823
2311,701,0.946351
2312,701,1.170215
2289,702,7.660275
2290,702,8.622474
2291,702,4.457533
2292,702,2.591823
2293,702,2.903892
2305,702,0.57932
2306,702,0.726348
2307,702,0.358372
2308,702,0.113492
2309,702,0.098974
2310,702,0.0222
2311,702,0.135567
2312,702,0.132226
2333,702,2.211316
2278,703,9.405189
2305,703,4.4824
2311,703,0.053119
2312,703,0.014158
2334,703,1.157229
2295,704,1.233185
2296,704,1.339606
2297,704,4.562104
2308,704,1.544049
2309,704,0.02149
2310,704,0.013729
2311,704,0.062283
2335,704,2.513606
2336,704,2.566274
2294,705,15.941204
2295,705,1.287572
2296,705,3.015945
2297,705,4.563199
2294,706,0.424343
2295,706,0.554489
2296,706,0.816592
2297,706,1.331167
2308,706,3.732164
2309,706,0.173612
2318,706,18.202789
2319,706,10.69484
2320,706,17.653028
2321,706,9.860394
2322,706,11.36293
2323,706,10.634548
2324,706,9.531609
2325,706,10.8576
2326,706,10.742061
2327,706,9.55976
2328,706,12.786728
2329,706,8.384066
2330,706,10.25584
2331,706,22.516787
2332,706,20.830547
2333,706,15.664563
2293,707,28.831717
2301,707,1.206769
2308,707,6.051075
2309,707,0.1826
2310,707,1.597889
2311,707,3.055599
2317,707,27.054983
2318,707,7.908809
2319,707,5.739644
2320,707,12.822764
2321,707,9.405978
2322,707,8.925337
2323,707,6.996397
2324,707,6.544934
2325,707,8.652982
2326,707,6.500968
2327,707,11.048012
2328,707,23.008291
2329,707,25.961834
2330,707,10.520677
2331,707,12.270934
2332,707,12.10231
2333,707,12.475597
2334,707,23.867008
2293,708,6.669641
2301,708,1.900534
2306,708,17.586798
2307,708,10.750583
2308,708,27.898363
2309,708,5.786157
2310,708,12.267522
2311,708,1.406678
2317,708,6.030546
2318,708,4.386497
2319,708,8.879226
2320,708,4.919919
2321,708,3.946454
2322,708,3.852041
2323,708,3.995429
2324,708,3.460171
2325,708,15.458683
2326,708,13.591437
2327,708,20.954916
2329,708,7.845565
2330,708,12.699175
2331,708,11.213122
2332,708,8.670927
2333,708,6.221491
2334,708,9.488698
2335,708,18.897797
2292,709,20.287928
2293,709,4.950048
2300,709,1.563144
2322,709,9.486629
2323,709,8.960927
2324,709,10.125464
2325,709,23.768326
2334,709,8.158717
2335,709,4.576838
2336,709,10.806048
2337,709,15.524642
2300,710,3.306444
2327,710,0.131631
2333,710,25.33469
2335,710,15.457896
2336,710,7.381266
2487,715,1.980352
2488,715,10.070936
2489,715,8.232906
2490,715,2.987086
2489,716,6.450582
2490,716,5.980324
2290,413,0.930515
2291,413,0.491765
2292,413,1.458773
2293,413,0.650171
2492,719,0.223519
2493,719,0.245104
2279,414,0.180233
2291,414,1.664726
2292,414,1.436482
2293,414,0.646196
2280,415,0.025948
2281,415,0.092314
2282,415,0.866584
2283,415,3.719654
2284,415,0.374259
2288,415,2.950368
2290,415,2.230542
2291,415,0.761873
2292,415,0.768061
2273,416,13.205247
2274,416,15.64411
2279,416,0.307231
2280,416,0.045575
2281,416,0.015432
2282,416,0.4633
2283,416,0.50291
2284,416,0.885443
2288,416,1.996002
2290,416,1.537288
2291,416,0.436763
2292,416,2.179744
2293,416,1.867904
2294,416,6.843938
2295,416,0.505952
2296,416,26.316811
2492,720,0.137454
2482,721,9.510549
2483,721,1.156087
2274,417,20.287252
2277,417,0.37362
2278,417,0.147294
2279,417,0.247386
2280,417,0.136846
2281,417,0.033712
2282,417,0.141936
2283,417,0.18077
2284,417,1.753615
2285,417,0.911762
2286,417,1.80551
2295,417,0.684656
2335,417,3.517887
2273,418,3.292152
2275,418,0.170257
2276,418,0.038019
2277,418,0.132517
2278,418,0.194442
2279,418,0.09959
2280,418,0.198811
2281,418,0.409003
2282,418,0.095556
2283,418,0.20722
2284,418,0.228089
2285,418,0.770395
2286,418,0.09835
2301,418,1.261632
2302,418,0.4668
2303,418,0.651093
2304,418,0.614856
2305,418,0.645685
2306,418,0.776685
2335,418,0.472699
2273,419,6.51298
2274,419,5.630231
2275,419,8.303969
2276,419,0.070375
2277,419,0.045935
2278,419,0.378835
2279,419,0.43721
2280,419,0.218781
2281,419,0.117377
2282,419,0.078521
2283,419,0.205733
2284,419,0.124818
2285,419,1.533735
2286,419,5.543269
2287,419,3.100518
2302,419,1.793643
2303,419,26.892771
2304,419,1.977676
2305,419,1.79255
2306,419,1.517916
2307,419,0.939023
2308,419,3.629077
2342,419,3.022971
2343,419,1.210265
2344,419,0.426112
2345,419,2.624863
2273,420,6.165412
2274,420,5.896163
2275,420,4.136061
2276,420,13.270927
2277,420,9.022038
2278,420,0.191801
2279,420,0.139746
2280,420,0.102857
2281,420,0.037037
2282,420,0.166667
2283,420,0.134739
2284,420,0.108091
2285,420,0.213881
2286,420,0.683991
2287,420,2.79281
2289,420,0.19036
2305,420,4.045897
2306,420,2.075449
2307,420,13.398204
2308,420,28.928099
2348,420,0.928103
2273,421,8.878527
2274,421,4.794588
2275,421,5.344835
2276,421,11.947527
2277,421,0.406839
2278,421,0.044129
2281,421,1.380952
2282,421,0.416667
2283,421,0.077031
2284,421,0.889424
2285,421,2.388372
2286,421,2.800582
2287,421,1.085402
2353,421,2.809356
2273,422,11.82745
2274,422,7.969267
2275,422,7.900059
2276,422,0.023025
2277,422,0.014184
2279,422,0.880797
2282,422,1.583333
2283,422,0.100251
2284,422,0.851345
2285,422,3.87065
2286,422,0.835298
2287,422,3.16781
2342,422,0.461647
2353,422,1.224108
2354,422,1.096161
2273,423,9.464234
2274,423,6.804938
2275,423,0.019698
2276,423,0.388348
2277,423,0.087157
2281,423,0.200565
2283,423,0.029412
2284,423,0.170824
2285,423,0.639945
2286,423,1.668847
2287,423,13.048753
2288,423,2.998484
2314,423,29.496164
2315,423,29.735788
2328,423,2.050543
2329,423,2.063434
2330,423,18.657513
2341,423,1.1066
2344,423,3.815884
2345,423,3.687101
2346,423,7.248066
2347,423,5.065046
2348,423,6.33992
2349,423,6.144994
2350,423,28.853279
2273,424,11.472345
2274,424,0.395843
2275,424,0.209387
2276,424,0.179071
2278,424,0.193537
2279,424,1.0541
2280,424,0.008696
2281,424,0.506803
2282,424,0.032225
2283,424,0.018219
2284,424,0.175339
2285,424,0.168859
2286,424,0.222708
2287,424,4.12808
2288,424,3.647979
2289,424,3.225002
2290,424,2.628284
2291,424,4.325292
2320,424,22.832951
2324,424,11.718829
2325,424,19.527613
2326,424,7.978033
2327,424,11.337353
2328,424,3.280528
2329,424,3.334205
2330,424,12.592683
2331,424,14.890673
2334,424,27.497406
2341,424,2.267207
2344,424,8.386424
2345,424,15.033852
2346,424,3.11156
2347,424,2.48193
2348,424,2.127497
2349,424,2.339533
2350,424,9.306108
2351,424,12.214968
2352,424,11.560185
2274,425,0.452869
2275,425,0.54405
2276,425,0.06202
2277,425,0.364147
2278,425,0.290196
2279,425,0.03919
2280,425,0.018219
2281,425,0.334759
2282,425,0.257577
2283,425,0.257577
2284,425,0.263845
2285,425,0.700435
2286,425,1.878391
2316,425,27.786884
2317,425,24.830763
2321,425,15.868145
2322,425,6.340834
2323,425,5.100402
2324,425,2.173815
2325,425,8.925053
2326,425,11.521307
2327,425,4.070283
2328,425,1.335469
2329,425,0.725433
2330,425,24.770126
2341,425,2.185767
2344,425,2.633862
2345,425,2.244081
2346,425,2.314529
2347,425,1.484275
2348,425,1.546074
2349,425,3.721323
2350,425,18.931944
2351,425,5.595881
2352,425,15.427386
2325,730,5.597633
2326,730,3.986557
2278,426,1.975881
2279,426,0.31235
2280,426,0.288914
2281,426,0.398821
2282,426,0.124995
2283,426,0.214321
2284,426,1.21469
2285,426,3.19583
2319,426,5.813551
2320,426,6.555982
2321,426,1.786577
2322,426,2.849699
2323,426,2.082496
2324,426,1.302424
2325,426,1.096186
2326,426,0.676388
2327,426,0.671865
2328,426,0.269298
2329,426,0.348152
2330,426,3.722789
2331,426,6.109261
2341,426,0.212736
2346,426,2.625607
2347,426,1.23112
2348,426,1.935914
2349,426,2.979744
2350,426,5.948084
2351,426,6.088561
2352,426,21.929089
2278,427,1.254672
2279,427,0.339482
2280,427,0.087046
2281,427,0.204174
2321,427,2.444926
2322,427,0.792583
2323,427,2.472434
2324,427,0.852313
2325,427,0.213533
2326,427,0.281091
2327,427,1.223762
2328,427,0.253585
2329,427,0.868552
2330,427,0.397981
2333,427,27.439432
2345,427,1.941002
2346,427,1.405964
2347,427,1.143002
2348,427,0.831891
2349,427,3.638756
2350,427,3.031683
2351,427,4.443782
2352,427,6.205247
2468,731,7.987501
2469,731,18.404196
2470,731,27.104065
2471,731,1.51666
2469,732,1.533755
2278,428,4.585094
2279,428,2.218361
2280,428,0.366839
2320,428,12.227699
2321,428,5.979495
2322,428,15.778071
2323,428,1.372729
2324,428,0.855226
2325,428,0.329993
2326,428,0.126603
2327,428,0.278705
2328,428,0.549445
2329,428,1.809269
2330,428,1.852424
2341,428,3.017849
2342,428,0.145221
2345,428,8.135663
2346,428,1.869559
2347,428,0.513907
2348,428,0.313102
2349,428,5.334259
2350,428,0.67732
2351,428,3.244513
2407,428,18.181513
2324,733,6.763139
2469,733,3.736246
2470,733,1.512479
2471,733,0.600776
2472,733,3.820759
2473,733,4.281204
2483,733,19.285107
2484,733,1.587958
2485,733,26.270205
2487,733,0.032326
2322,429,3.240515
2323,429,2.586886
2324,429,1.892596
2325,429,1.855043
2326,429,1.410804
2327,429,1.18639
2328,429,1.432893
2329,429,7.297958
2341,429,1.630614
2342,429,1.843422
2345,429,8.491423
2346,429,1.246564
2347,429,0.776905
2348,429,0.33122
2349,429,4.45059
2350,429,1.088231
2351,429,0.79346
2352,429,2.755278
2424,429,4.20417
2425,429,3.506684
2426,429,1.198929
2427,429,18.031609
2326,734,4.734143
2327,734,7.544067
2468,734,9.185226
2469,734,10.204501
2470,734,0.941811
2471,734,1.212121
2472,734,2.169974
2473,734,5.789532
2483,734,1.896059
2486,734,0.088213
2487,734,0.021685
2341,430,2.907297
2342,430,0.084797
2345,430,5.833269
2346,430,1.854633
2347,430,1.254527
2348,430,7.927835
2351,430,4.110382
2424,430,1.391757
2426,430,6.34367
2323,431,27.132454
2324,431,11.425561
2325,431,16.343405
2341,431,3.461504
2346,431,1.398817
2360,431,0.52096
2361,431,0.401187
2406,431,25.133932
2434,431,13.477691
2468,735,16.295156
2469,735,5.851386
2470,735,5.310447
2471,735,0.7
2472,735,3.442688
2473,735,4.2868
2474,735,2.916666
2483,735,2.75167
2487,735,1.56657
2488,735,2.630174
2494,735,15.295316
2341,432,2.009091
2345,432,2.696914
2346,432,1.027041
2361,432,0.039477
2468,736,16.199556
2469,736,12.339861
2470,736,2.10888
2471,736,0.333333
2472,736,0.600776
2473,736,3.299082
2474,736,4.281204
2486,736,2.124534
2487,736,9.831479
2488,736,18.544851
2494,736,7.952441
2341,433,4.540023
2365,433,0.169445
2366,433,0.149172
2367,433,0.140677
2368,433,0.077605
2369,433,0.026411
2415,433,0.24822
2424,433,1.421823
2425,433,0.72191
2341,434,5.172997
2372,434,0.101812
2423,434,2.512856
2424,434,1.89038
2425,434,1.363394
2426,434,0.929243
2427,434,5.90759
2428,434,2.682444
2429,434,6.428624
2430,434,4.187143
2431,434,5.693343
2432,434,6.437057
2433,434,12.895253
2434,434,10.477055
2448,434,12.450803
2449,434,14.132046
2450,434,10.890719
2468,737,9.608098
2469,737,6.798576
2470,737,2.0
2471,737,0.333333
2472,737,2.219164
2473,737,2.906516
2474,737,5.556551
2481,737,0.216475
2487,737,23.421249
2495,737,12.476454
2341,435,1.04939
2342,435,0.237415
2367,435,2.340706
2368,435,3.064595
2424,435,0.580525
2425,435,1.08676
2426,435,1.187495
2427,435,3.050713
2428,435,3.557526
2429,435,3.184112
2430,435,7.075493
2431,435,7.103413
2432,435,6.106405
2433,435,7.184022
2434,435,16.493153
2446,435,19.629601
2450,435,16.454424
2451,435,9.3182
2452,435,8.980593
2455,435,9.486864
2456,435,12.733654
2465,435,3.97802
2469,738,9.521254
2470,738,6.0
2471,738,1.856061
2472,738,8.163295
2473,738,1.938864
2481,738,0.843394
2486,738,3.137351
2487,738,2.053578
2488,738,8.517741
2495,738,6.024797
2341,436,0.325699
2342,436,0.46766
2424,436,11.41604
2425,436,1.836445
2426,436,3.877351
2431,436,5.809089
2433,436,9.339239
2444,436,11.02364
2447,436,2.145007
2451,436,8.78575
2455,436,6.695123
2459,436,10.075735
2460,436,19.640099
2465,436,10.503297
2395,739,29.230026
2469,739,5.114327
2473,739,1.022807
2474,739,0.07419
2481,739,0.406907
2487,739,13.647498
2493,739,2.426001
2494,739,3.297577
2495,739,11.371809
2496,739,10.076775
2338,740,26.711716
2340,740,28.144512
2468,740,9.94895
2469,740,4.952814
2470,740,3.653562
2471,740,2.333916
2474,740,0.249116
2475,740,0.018692
2481,740,0.979686
2487,740,2.147447
2335,437,1.565163
2341,437,0.365493
2342,437,0.115235
2363,437,2.163149
2364,437,2.146105
2365,437,0.909928
2366,437,1.666663
2367,437,3.943411
2368,437,2.415492
2369,437,8.239155
2370,437,5.097332
2332,438,0.764741
2334,438,1.033112
2335,438,0.471225
2337,438,0.175035
2341,438,0.150605
2362,438,2.902025
2363,438,2.238776
2364,438,1.711559
2365,438,0.446105
2366,438,2.163235
2367,438,0.83748
2368,438,3.442476
2369,438,5.627036
2339,741,26.611891
2468,741,4.443998
2469,741,3.141943
2470,741,1.849977
2471,741,0.536057
2474,741,0.021148
2481,741,0.563448
2326,742,29.583117
2333,742,18.902424
2334,742,15.43255
2335,742,13.18548
2336,742,23.111794
2337,742,27.96027
2338,742,12.773046
2340,742,28.428261
2341,742,24.302301
2468,742,5.384439
2469,742,4.606252
2470,742,1.449872
2471,742,0.830613
2472,742,0.952751
2473,742,1.798296
2474,742,2.8336
2298,743,2.002352
2326,743,26.423738
2327,743,26.639637
2328,743,29.158333
2329,743,14.798623
2330,743,12.442178
2331,743,11.520752
2332,743,11.387825
2333,743,18.114017
2334,743,13.880556
2335,743,14.565454
2336,743,25.62594
2468,743,4.830435
2469,743,3.319002
2470,743,1.688632
2471,743,2.289503
2472,743,2.183535
2473,743,4.855923
2474,743,6.937966
2332,439,1.679322
2333,439,8.41243
2334,439,0.303825
2337,439,1.508327
2341,439,0.452906
2362,439,4.448981
2363,439,2.010588
2364,439,2.493484
2365,439,0.807287
2366,439,0.781218
2367,439,2.692391
2368,439,2.98863
2369,439,1.421134
2298,744,1.115208
2299,744,0.534474
2329,744,29.645039
2468,744,12.580122
2469,744,7.168515
2470,744,1.449872
2471,744,2.799257
2472,744,3.784814
2473,744,4.342573
2474,744,4.191333
2475,744,5.396503
2476,744,6.026246
2477,744,23.078903
2484,744,5.527237
2485,744,6.094754
2486,744,1.283551
2332,440,0.726468
2333,440,2.272999
2334,440,0.187069
2341,440,0.490799
2362,440,10.845189
2364,440,3.249771
2365,440,0.862827
2367,440,13.011756
2368,440,16.882938
2369,440,3.400014
2388,440,10.182305
2389,440,4.191734
2390,440,5.984007
2391,440,16.106682
2392,440,15.649693
2298,745,0.054067
2299,745,10.030789
2300,745,10.841109
2414,745,0.386681
2469,745,3.316047
2470,745,6.148828
2471,745,7.029108
2472,745,5.18369
2473,745,5.556785
2474,745,4.209904
2475,745,6.378743
2476,745,5.735394
2477,745,1.299707
2478,745,29.410486
2484,745,2.448102
2485,745,1.435314
2486,745,10.495884
2331,441,0.364378
2332,441,1.494237
2333,441,2.434111
2334,441,0.193684
2341,441,0.585008
2363,441,0.335789
2364,441,2.689545
2368,441,3.35868
2370,441,14.736158
2387,441,10.102405
2388,441,3.733756
2389,441,1.921861
2390,441,4.563099
2391,441,1.759512
2392,441,9.503627
2413,746,22.790024
2414,746,0.311769
2470,746,20.135817
2471,746,8.701513
2472,746,7.067393
2473,746,5.98704
2474,746,11.447648
2475,746,6.559571
2476,746,9.047839
2477,746,4.21735
2482,746,3.80785
2483,746,1.878492
2331,442,3.526481
2332,442,6.221784
2333,442,2.004227
2334,442,1.022738
2341,442,0.28584
2362,442,12.906174
2363,442,0.521337
2364,442,3.805936
2390,442,1.109354
2391,442,16.332764
2472,747,14.907643
2473,747,13.029193
2474,747,8.326082
2475,747,8.992148
2476,747,12.474236
2477,747,6.292293
2478,747,12.218391
2483,747,4.241081
2474,748,5.905929
2475,748,5.525504
2477,748,7.242929
2483,748,2.320696
2332,443,1.902329
2333,443,5.676763
2334,443,0.524273
2340,443,8.322576
2341,443,1.100926
2347,443,8.806295
2348,443,4.430561
2349,443,4.546822
2363,443,0.738332
2391,443,11.799541
2332,444,2.450866
2333,444,2.698883
2334,444,2.076228
2340,444,7.850246
2341,444,1.080935
2347,444,3.842535
2348,444,1.981088
2349,444,4.075436
2363,444,0.599
2364,444,7.329948
2427,444,7.935048
2430,444,5.594374
2483,749,2.411068
2483,750,4.054534
2332,445,1.636573
2333,445,6.631242
2340,445,0.435899
2341,445,2.487399
2346,445,1.914142
2347,445,2.088881
2348,445,2.251216
2349,445,2.010531
2363,445,1.334468
2364,445,6.483145
2427,445,4.051764
2428,445,4.739198
2429,445,13.259244
2430,445,1.89864
2431,445,8.430202
2432,445,4.62532
2433,445,8.192541
2434,445,5.755977
2435,445,1.409811
2436,445,5.322528
2439,445,6.037864
2330,446,1.980401
2332,446,2.990441
2333,446,2.698883
2334,446,1.15709
2341,446,0.460935
2342,446,0.382565
2343,446,1.344507
2346,446,2.307987
2347,446,1.139148
2348,446,1.539526
2349,446,1.613307
2363,446,0.318724
2364,446,4.688323
2431,446,11.917112
2433,446,5.591926
2434,446,4.202623
2435,446,2.010074
2436,446,1.082985
2438,446,3.23072
2439,446,6.363603
2330,447,1.59877
2331,447,2.109638
2332,447,2.451476
2333,447,1.170192
2334,447,4.286767
2341,447,0.939721
2342,447,0.225903
2343,447,0.16118
2347,447,3.449387
2348,447,2.871502
2349,447,2.251911
2363,447,13.304252
2451,447,8.695468
2452,447,7.686526
2453,447,3.997895
2457,447,3.899059
2483,751,3.559464
2341,448,0.235946
2342,448,0.621103
2343,448,0.167889
2348,448,5.893706
2349,448,1.798671
2350,448,3.703784
2351,448,4.504007
2363,448,0.399507
2364,448,0.723127
2365,448,1.007994
2367,448,1.205103
2368,448,3.964721
2456,448,18.737736
2457,448,22.982155
2458,448,3.098386
2459,448,6.776824
2483,752,3.676821
2341,449,0.255557
2342,449,0.172059
2349,449,7.226132
2350,449,8.267112
2351,449,2.238178
2365,449,1.988855
2366,449,1.908302
2367,449,1.715634
2368,449,4.556634
2369,449,4.358465
2370,449,11.211411
2371,449,14.877638
2332,753,19.417768
2333,753,24.24584
2325,450,1.938702
2334,450,19.522205
2341,450,0.333411
2342,450,0.18649
2351,450,6.981332
2366,450,9.9835
2369,450,1.756627
2370,450,1.453862
2371,450,1.052158
2372,450,11.268689
2373,450,8.607204
2380,450,4.256706
2381,450,4.302264
2332,451,24.227686
2333,451,6.718656
2334,451,12.38197
2341,451,0.210009
2342,451,0.468073
2368,451,2.214906
2369,451,3.150367
2370,451,5.029575
2371,451,3.066129
2372,451,3.101113
2373,451,5.611112
2374,451,3.326168
2375,451,4.872905
2376,451,3.4389
2377,451,6.983288
2378,451,2.378253
2379,451,3.443148
2380,451,3.460924
2381,451,7.055055
2382,451,2.719516
2383,451,2.003378
2316,755,29.501225
2317,755,18.820501
2326,755,4.032943
2327,755,9.899736
2328,755,13.64305
2423,756,27.213411
2332,452,29.244905
2333,452,4.982164
2334,452,6.392784
2341,452,0.304968
2342,452,3.399642
2368,452,11.564108
2369,452,13.094472
2370,452,8.487922
2371,452,6.726748
2372,452,9.018517
2373,452,9.36548
2374,452,3.079553
2375,452,3.594636
2376,452,4.977307
2377,452,0.976375
2378,452,6.69786
2379,452,7.589561
2380,452,4.309825
2381,452,2.339834
2382,452,17.847065
2383,452,15.068363
2384,452,10.833684
2385,452,16.652248
2489,757,23.696211
2332,453,2.781818
2333,453,1.586413
2334,453,9.246416
2340,453,1.167688
2341,453,0.273231
2342,453,2.027271
2343,453,5.961963
2370,453,6.947563
2372,453,4.746291
2373,453,4.297558
2374,453,7.14982
2375,453,4.429668
2376,453,7.971025
2377,453,3.818187
2378,453,5.722623
2379,453,15.67639
2380,453,13.125091
2381,453,6.241538
2382,453,9.989115
2383,453,4.398281
2384,453,2.069474
2385,453,2.909329
2386,453,3.614525
2387,453,2.802046
2388,453,8.628792
2415,453,15.116056
2419,453,15.452554
2492,758,29.575115
2493,758,6.129373
2333,454,3.555983
2340,454,0.737842
2341,454,0.275004
2342,454,1.293049
2343,454,8.952939
2372,454,15.4349
2374,454,16.236832
2376,454,5.960855
2377,454,9.215175
2384,454,4.584261
2416,454,6.591135
2417,454,8.433357
2418,454,6.664815
2327,455,1.733381
2333,455,9.669425
2489,759,29.2852
2490,759,16.072893
2491,759,5.436429
2492,759,3.742316
2493,759,4.898715
2313,456,7.39169
2315,456,7.296856
2319,456,25.641363
2320,456,9.551369
2327,456,5.214243
2332,456,16.877769
2333,456,7.418858
2350,456,0.361565
2351,456,3.48775
2489,760,27.737865
2490,760,10.763079
2491,760,13.445246
2492,760,3.811176
2493,760,1.305459
2315,457,8.114471
2316,457,5.941063
2317,457,7.09744
2318,457,13.303809
2319,457,14.916418
2320,457,1.848229
2327,457,3.583212
2333,457,6.90111
2351,457,8.486682
2352,457,19.280691
2455,457,8.089501
2489,761,27.155876
2490,761,15.009281
2491,761,16.731997
2492,761,3.041931
2493,761,1.454519
2391,762,20.617762
2490,762,14.822721
2491,762,5.834496
2327,458,3.300879
2341,458,11.772153
2342,458,4.498719
2343,458,6.280419
2345,458,0.469263
2346,458,0.293256
2347,458,0.399234
2348,458,0.497251
2349,458,0.411564
2350,458,1.052773
2351,458,1.158133
2352,458,3.505381
2452,458,9.180469
2453,458,14.897456
2455,458,11.72864
2456,458,6.176066
2458,458,27.836325
2459,458,16.331886
2329,459,5.944838
2341,459,12.067505
2342,459,3.10947
2344,459,5.662729
2346,459,6.270319
2347,459,24.496571
2352,459,8.192492
2353,459,12.870229
2490,763,20.902153
2495,763,15.485914
2496,763,1.44774
2497,763,0.837307
2498,763,8.857055
2499,763,8.734322
2489,764,29.238958
2495,764,10.000632
2496,764,26.02809
2497,764,17.763115
2498,764,21.886019
2499,764,15.615355
2335,460,6.787488
2339,460,4.818815
2341,460,5.039457
2326,461,0.147812
2327,461,0.14006
2328,461,7.606145
2329,461,4.873266
2330,461,5.249818
2331,461,2.557805
2332,461,0.10833
2333,461,0.153777
2335,461,4.041917
2336,461,0.144724
2339,461,9.451589
2289,462,20.62554
2327,462,0.041073
2328,462,2.907529
2329,462,1.841107
2330,462,2.92347
2331,462,3.365791
2332,462,0.079276
2333,462,0.092812
2335,462,4.185549
2336,462,3.903993
2339,462,0.93665
2360,462,0.376825
2361,462,0.881083
2289,463,9.195383
2290,463,5.205652
2328,463,0.122787
2329,463,0.181521
2330,463,2.869148
2331,463,3.942659
2332,463,8.79085
2333,463,0.331422
2334,463,0.167976
2339,463,0.500486
2340,463,0.682984
2341,463,0.166393
2342,463,0.98565
2359,463,0.221516
2360,463,3.510168
2361,463,1.387742
2339,464,4.011018
2340,464,0.571239
2341,464,1.355009
2342,464,0.683138
2344,466,1.38701
2345,466,0.774432
2337,769,11.784914
2344,467,4.217033
2345,467,0.539364
2345,468,5.082868
2360,468,11.841006
2454,468,27.475571
2345,469,11.206386
2349,469,27.934263
2356,469,0.10864
2359,469,9.984774
2361,469,9.340795
2362,469,5.476665
2295,772,23.536631
2345,470,1.987286
2348,470,9.043282
2351,470,6.893373
2356,470,0.825356
2288,471,17.367725
2345,471,7.820281
2356,471,1.260706
2295,774,28.852245
2344,474,22.835907
2345,474,1.289312
2345,475,0.39918
2344,476,2.871769
2345,476,2.35297
2349,477,0.900412
2350,477,0.615037
2351,477,0.414606
2382,478,6.053196
2453,478,29.378284
2454,478,17.355091
2455,478,16.967194
2456,478,2.583108
2457,478,0.516564
2379,479,27.115429
2380,479,2.392986
2382,479,4.195048
2386,479,21.763115
2388,479,6.911591
2389,479,18.034809
2455,479,14.784052
2456,479,9.845335
2457,479,10.656601
2380,480,12.781317
2381,480,10.05414
2382,480,11.423597
2385,480,1.020033
2386,480,10.721316
2387,480,4.008511
2388,480,7.795983
2389,480,12.373232
2456,480,14.550456
2457,480,19.752075
2458,480,12.568964
2467,480,0.109983
2374,481,0.831854
2375,481,5.234308
2381,481,29.414404
2385,481,3.065004
2386,481,1.330644
2387,481,2.540275
2388,481,4.616138
2389,481,11.238958
2467,481,0.035165
2374,482,4.22525
2375,482,0.684259
2385,482,2.563273
2386,482,2.13454
2387,482,11.1437
2388,482,6.822315
2389,482,12.599572
2390,482,29.971384
2374,483,2.18839
2375,483,0.093107
2387,483,3.498925
2388,483,11.94981
2389,483,12.047269
2375,484,14.653556
2388,484,10.18611
2389,484,15.714891
2397,487,1.12584
2398,487,2.685569
2399,487,2.689118
2397,488,4.071886
2330,489,1.404277
2397,489,6.558241
2330,490,1.194352
2363,490,17.152178
2364,490,24.177681
2365,490,18.388306
2398,490,10.217686
2467,490,20.014246
2468,490,4.257066
2330,491,6.326152
2380,491,22.476957
2381,491,14.534218
2440,491,28.851267
2442,491,7.328466
2445,491,7.113888
2464,491,8.099056
2466,491,16.439129
2467,491,3.105237
2381,492,8.020028
2382,492,4.917212
2398,492,19.617931
2441,492,6.2823
2442,492,5.062478
2443,492,0.442782
2464,492,0.644394
2466,492,2.584637
2304,493,17.668852
2441,493,21.637897
2442,493,4.149284
2445,493,2.483129
2464,493,1.397414
2466,493,2.539251
2303,494,20.869909
2304,494,6.172446
2305,494,3.903004
2306,494,9.018349
2307,494,7.171849
2308,494,5.937804
2309,494,5.277861
2310,494,3.921906
2311,494,3.013376
2312,494,3.530527
2313,494,3.246104
2314,494,1.190996
2315,494,1.488319
2316,494,1.298621
2317,494,2.142698
2384,494,10.397266
2400,495,11.118324
2401,495,2.352875
2402,495,0.114478
2407,495,0.774101
2384,496,2.476677
2385,496,9.042049
2399,496,6.69453
2400,496,16.45447
2401,496,3.637184
2402,496,6.876335
2403,496,0.107664
2405,496,0.133777
2406,496,0.14053
2407,496,0.142894
2408,496,4.859357
2383,497,2.78608
2384,497,7.103474
2398,497,15.039956
2399,497,19.371433
2400,497,13.261701
2402,497,16.445509
2403,497,20.371161
2404,497,8.603009
2405,497,8.556031
2406,497,9.404211
2302,498,3.206567
2303,498,0.316976
2304,498,0.584584
2305,498,0.21455
2306,498,1.360256
2307,498,0.429317
2308,498,0.08024
2383,498,3.966829
2398,498,14.366738
2399,498,15.093231
2400,498,27.057158
2401,498,19.547647
2402,498,22.21195
2403,498,16.536934
2404,498,13.4217
2302,499,0.317662
2303,499,0.075077
2319,499,0.447092
2320,499,0.279704
2321,499,0.279704
2322,499,11.915397
2323,499,2.161212
2401,499,22.524157
2402,499,14.383842
2403,499,25.54146
2323,501,3.164729
2324,501,5.514367
2301,502,0.079494
2302,502,0.113552
2303,502,0.997845
2304,502,0.55553
2323,502,2.451833
2324,502,6.528827
2272,503,29.882317
2273,503,24.868343
2275,503,20.324638
2276,503,26.894793
2277,503,16.423128
2278,503,23.540092
2301,503,0.099223
2302,503,0.064136
2303,503,1.030281
2304,503,0.713252
2305,503,0.330013
2306,503,0.267669
2307,503,0.326922
2308,503,0.241737
2309,503,0.276653
2323,503,7.149625
2324,503,12.777589
2272,504,23.451313
2273,504,9.366968
2275,504,14.560168
2278,504,14.70197
2279,504,16.372522
2280,504,16.551538
2286,504,23.107182
2301,504,0.044444
2302,504,0.050136
2303,504,2.739403
2304,504,1.384638
2305,504,0.79398
2306,504,0.24685
2307,504,0.236538
2308,504,0.266289
2309,504,0.2839
2310,504,0.446016
2316,504,1.867595
2317,504,6.693438
2272,505,13.418395
2273,505,12.808556
2274,505,6.880578
2275,505,20.042494
2276,505,18.789402
2277,505,26.591959
2280,505,18.460274
2283,505,25.452473
2285,505,27.810339
2286,505,28.765131
2287,505,24.096254
2289,505,22.492371
2290,505,16.038107
2291,505,22.929935
2292,505,19.190935
2293,505,24.607143
2294,505,17.213331
2295,505,27.034924
2301,505,0.22081
2302,505,0.01543
2303,505,3.506559
2304,505,2.620589
2305,505,3.242014
2301,506,0.623508
2302,506,1.008985
2303,506,3.417822
2304,506,3.36704
2305,506,6.795699
2306,506,2.532106
2318,506,8.589499
2319,506,11.261459
2320,506,1.627692
2290,507,0.174915
2291,507,0.211321
2292,507,0.174732
2293,507,0.174732
2294,507,0.403183
2301,507,1.653296
2302,507,0.452523
2303,507,7.756661
2304,507,11.490249
2305,507,5.104404
2306,507,1.470796
2307,507,1.968289
2308,507,2.656612
2318,507,3.685184
2319,507,2.558779
2320,507,4.182444
2372,507,19.268444
2373,507,15.445168
2443,507,8.248954
2466,507,0.555158
2301,508,3.043766
2302,508,1.740619
2303,508,12.972054
2304,508,13.499795
2305,508,5.858883
2306,508,1.84979
2307,508,1.069373
2318,508,3.308624
2319,508,1.52558
2320,508,2.540171
2372,508,4.474277
2373,508,8.758539
2467,508,7.404132
2303,509,6.036039
2304,509,9.552555
2305,509,14.533769
2306,509,0.677504
2307,509,2.01207
2312,509,5.76519
2318,509,2.398841
2319,509,1.397323
2320,509,1.58643
2321,509,27.082121
2371,509,24.677355
2372,509,6.991056
2373,509,28.698452
2304,510,4.614918
2305,510,19.456039
2306,510,4.331081
2307,510,0.16855
2308,510,1.101266
2312,510,2.550151
2318,510,3.392817
2319,510,1.2269
2320,510,3.241595
2325,510,14.183862
2305,511,15.185078
2306,511,10.090777
2307,511,0.67693
2308,511,0.996908
2309,511,1.258002
2311,511,7.933856
2312,511,6.676046
2317,511,1.824007
2318,511,2.445799
2319,511,2.696168
2320,511,2.729337
2321,511,23.5923
2325,511,8.548938
2305,512,21.340904
2306,512,2.430266
2307,512,3.277338
2308,512,1.38428
2309,512,1.338684
2310,512,1.983765
2312,512,9.557618
2313,512,6.744109
2317,512,2.861824
2318,512,4.366827
2319,512,2.903106
2320,512,4.118463
2321,512,11.967001
2325,512,7.264308
2371,512,22.13019
2467,512,11.182193
2304,513,2.449665
2305,513,2.720829
2306,513,7.169652
2307,513,5.185718
2308,513,3.464213
2309,513,2.44812
2310,513,3.197445
2312,513,3.030865
2313,513,2.925985
2317,513,9.531452
2318,513,1.487743
2319,513,1.582628
2320,513,3.462182
2321,513,7.92321
2325,513,3.760268
2409,513,19.031048
2410,513,14.200147
2411,513,12.914762
2412,513,12.087914
2413,513,15.848551
2467,513,7.738058
2325,514,2.078889
2330,514,24.722038
2340,514,7.888075
2341,514,3.58782
2340,515,7.276381
2341,515,2.694784
2466,515,9.619178
2330,516,18.307224
2340,516,3.799166
2341,516,1.792656
2466,516,29.367939
2330,517,17.664242
2340,517,1.565836
2341,517,1.065823
2345,517,11.120804
2330,518,24.992113
2340,518,1.344762
2341,518,5.283808
2345,518,7.564746
2340,519,1.481455
2341,519,3.511643
2340,520,3.295698
2341,520,7.939333
2296,521,3.986389
2297,521,10.127026
2298,521,7.073022
2299,521,6.543404
2300,521,19.935135
2340,521,9.349574
2333,522,2.891031
2334,522,2.847707
2335,522,2.847707
2336,522,2.904142
2337,522,6.855721
2337,523,4.247942
2338,523,6.612225
2448,525,15.738928
2449,525,5.498785
2450,525,2.960494
2423,526,20.027784
2424,527,26.792477
