2264,1486,0.387435
2310,1486,1.297466
2311,1486,3.793166
2312,1486,5.699562
2313,1486,6.896721
2314,1486,6.132258
2315,1486,5.709706
2316,1486,6.028274
2213,1487,1.257875
2214,1487,0.202448
2310,1487,1.122864
2311,1487,0.880031
2312,1487,2.427101
2313,1487,3.617411
2314,1487,3.012453
2315,1487,3.437752
2316,1487,2.547765
2317,1487,1.375446
2318,1487,1.938302
2319,1487,1.567599
2320,1487,14.515831
2310,1488,1.147472
2311,1488,0.392795
2312,1488,1.553183
2313,1488,1.84142
2314,1488,1.360734
2315,1488,1.970012
2316,1488,8.57694
2317,1488,19.828333
2318,1488,15.111648
2319,1488,15.295775
2320,1488,3.592707
2310,1489,2.982986
2316,1489,3.272692
2317,1489,2.697635
2318,1489,2.069931
2319,1489,1.487406
2253,1492,27.976496
2256,1492,9.294087
2259,1492,8.324368
2260,1492,26.73741
2252,1493,29.708324
2253,1493,25.55685
2254,1493,6.323588
2255,1493,2.164026
2256,1493,1.37422
2258,1493,7.266284
2259,1493,3.267718
2260,1493,5.601198
2261,1493,10.962658
2248,1494,21.527727
2249,1494,13.609941
2250,1494,9.052955
2251,1494,8.983666
2252,1494,10.620203
2253,1494,1.388625
2254,1494,0.843325
2255,1494,11.599793
2256,1494,14.05607
2258,1494,0.86363
2259,1494,1.113872
2260,1494,1.466065
2261,1494,2.084521
2262,1494,1.627201
2263,1494,1.856627
2264,1494,1.636469
2265,1494,1.713372
2266,1494,1.305263
2267,1494,1.454145
2268,1494,1.644698
2269,1494,1.533476
2270,1494,1.531368
2291,1494,4.127647
2253,1495,1.117869
2254,1495,0.6621
2255,1495,0.690393
2256,1495,1.535724
2257,1495,0.957536
2258,1495,1.067162
2259,1495,2.728259
2260,1495,4.617756
2261,1495,4.584514
2262,1495,3.229796
2263,1495,3.299497
2264,1495,3.090735
2265,1495,2.993672
2266,1495,2.208589
2267,1495,2.902119
2268,1495,2.946574
2269,1495,2.463152
2270,1495,2.236627
2271,1495,2.11431
2272,1495,3.781109
2273,1495,3.602741
2274,1495,5.39788
2276,1495,2.514753
2277,1495,2.490442
2278,1495,1.685053
2279,1495,1.642015
2280,1495,1.32567
2281,1495,1.36132
2254,1496,2.40079
2255,1496,1.754275
2256,1496,25.871029
2257,1496,3.240541
2258,1496,1.023613
2264,1496,5.755406
2265,1496,5.52114
2266,1496,5.241001
2267,1496,5.165122
2268,1496,4.085183
2269,1496,3.502218
2270,1496,2.74224
2271,1496,2.128678
2280,1496,3.253891
2281,1496,2.713169
2294,1496,5.025551
2301,1496,17.611929
2302,1496,5.88464
2303,1496,5.464546
2304,1496,4.634738
2319,1496,19.318727
2320,1496,6.952353
2321,1496,7.663991
2322,1496,11.421059
2259,1497,28.344076
2261,1497,2.840777
2262,1497,2.984593
2264,1497,20.222456
2265,1497,0.626937
2267,1497,3.354563
2301,1497,19.160576
2303,1497,14.331236
2304,1497,14.768265
2307,1497,1.983295
2308,1497,3.221759
2312,1497,7.620927
2319,1497,6.601275
2320,1497,7.583986
2321,1497,4.632095
2322,1497,9.441665
2324,1497,14.024715
2325,1497,20.468647
2312,1498,10.129951
2315,1498,7.250177
2317,1498,9.605058
2318,1498,8.643447
2319,1498,2.584669
2320,1498,19.76832
2321,1498,10.575333
2322,1498,5.248243
2324,1498,16.686092
2325,1498,9.878587
2326,1498,3.64705
2319,1499,4.046146
2321,1499,3.485366
2322,1499,4.140236
2325,1499,3.115922
2327,1499,2.062713
2319,1500,5.474971
2321,1500,3.686306
2326,1500,4.285046
2205,1502,26.633501
2204,1504,24.115805
2205,1504,19.729647
2248,1506,5.877883
2247,1507,16.38658
2248,1507,4.246446
2301,1509,22.054764
2328,1510,0.560403
2335,1510,1.055543
2289,1511,0.016
2290,1511,0.022727
2291,1511,0.015228
2335,1511,0.10861
2280,1512,28.706341
2281,1512,27.185135
2289,1512,0.015228
2290,1512,0.099498
2291,1512,0.066632
2211,1513,12.931183
2225,1513,6.767955
2267,1513,23.921438
2271,1513,3.019064
2274,1513,8.252562
2275,1513,7.053704
2276,1513,8.357946
2277,1513,12.437946
2278,1513,12.300566
2279,1513,10.109337
2280,1513,19.403761
2281,1513,19.820768
2282,1513,18.381483
2301,1513,25.342688
2302,1513,18.939106
2221,1514,0.671532
2257,1514,25.73782
2258,1514,19.648975
2259,1514,18.866629
2260,1514,18.753685
2261,1514,19.043875
2262,1514,7.361461
2263,1514,7.148551
2264,1514,7.199856
2265,1514,5.431878
2266,1514,4.365847
2267,1514,3.281628
2268,1514,2.086236
2269,1514,1.346013
2271,1514,5.433159
2272,1514,10.47569
2273,1514,5.538077
2274,1514,5.445757
2275,1514,5.732079
2276,1514,10.188211
2277,1514,8.446429
2278,1514,12.943487
2280,1514,19.552441
2281,1514,28.383272
2282,1514,23.396057
2302,1514,10.494974
2303,1514,22.954449
2257,1515,3.507453
2258,1515,3.17901
2259,1515,3.331539
2260,1515,4.723303
2261,1515,15.141756
2262,1515,14.834818
2263,1515,3.377498
2264,1515,2.456771
2265,1515,2.122009
2266,1515,2.147071
2267,1515,1.653674
2268,1515,2.564045
2269,1515,1.233088
2274,1515,12.743093
2275,1515,10.42378
2276,1515,13.148548
2277,1515,13.047427
2278,1515,25.393595
2302,1515,13.375145
2220,1517,0.669903
2211,1518,5.099244
2211,1519,3.445841
2209,1520,6.517385
2212,1520,28.279785
2209,1521,1.88424
2213,1522,23.426655
2370,1522,2.463092
2213,1523,16.483845
2212,1524,10.22374
2213,1524,27.870319
2213,1525,7.070315
2214,1525,1.125361
2219,1525,2.580525
2221,1529,7.079953
2222,1529,13.666662
2351,1529,5.975475
2291,1531,6.816533
2292,1531,4.575746
2293,1531,2.369539
2294,1531,2.470476
2295,1531,1.38092
2296,1531,0.432501
2290,1532,10.100271
2291,1532,8.166493
2292,1532,6.657084
2293,1532,7.79431
2294,1532,9.073599
2295,1532,9.407375
2296,1532,7.191292
2283,1533,11.604921
2288,1533,11.501495
2289,1533,17.634174
2290,1533,11.222315
2291,1533,10.840256
2292,1533,9.729347
2293,1533,7.366249
2294,1533,7.248971
2295,1533,6.236068
2296,1533,9.578124
2303,1533,4.127377
2296,1534,6.45557
2297,1534,5.009712
2302,1534,0.436435
2303,1534,3.585581
2373,1534,1.925903
2375,1534,25.098539
2289,1535,4.972667
2290,1535,7.825022
2291,1535,7.291092
2292,1535,24.803066
2293,1535,6.689876
2294,1535,3.386622
2297,1535,11.911546
2299,1535,9.890701
2367,1535,24.563156
2368,1535,14.313873
2369,1535,11.303907
2370,1535,18.198275
2371,1535,6.718655
2301,1536,1.98351
2302,1536,2.739645
2366,1536,9.694683
2367,1536,4.02596
2368,1536,4.472625
2369,1536,7.683024
2370,1536,8.588719
2371,1536,11.47118
2334,1537,11.565967
2335,1538,10.307549
2336,1538,17.378771
2335,1539,8.895252
2336,1539,9.08687
2293,1549,28.700884
2294,1549,22.641861
2295,1549,25.12466
2296,1549,23.946859
2297,1549,26.350071
2298,1549,29.440376
2317,1549,14.180701
2318,1549,29.682735
2321,1549,24.99411
2322,1549,29.395733
2293,1550,23.150707
2294,1550,23.582499
2295,1550,12.073915
2296,1550,11.574492
2297,1550,20.701704
2298,1550,15.090472
2299,1550,15.197816
2301,1550,28.873501
2303,1550,19.805084
2304,1550,20.91074
2305,1550,25.732143
2306,1550,28.882673
2315,1550,8.02952
2316,1550,8.278906
2317,1550,8.909988
2319,1550,13.742463
2321,1550,15.283435
2207,1551,1.930463
2211,1551,18.520004
2212,1551,26.550943
2260,1551,0.225765
2261,1551,0.20835
2262,1551,4.487381
2263,1551,17.468687
2264,1551,11.782264
2265,1551,18.216688
2266,1551,16.681244
2267,1551,16.61508
2275,1551,22.735764
2278,1551,13.799682
2296,1551,3.426392
2297,1551,15.81723
2298,1551,22.688114
2301,1551,26.281767
2302,1551,21.378025
2310,1551,13.398665
2311,1551,23.905909
2312,1551,15.876538
2313,1551,22.03632
2314,1551,5.294783
2315,1551,5.227913
2316,1551,7.165111
2317,1551,8.143452
2318,1551,14.122491
2319,1551,16.462597
2320,1551,15.346802
2337,1551,10.21379
2338,1551,6.936504
2339,1551,5.160466
2340,1551,2.2
2206,1552,4.964378
2264,1552,0.458501
2267,1552,4.775446
2268,1552,11.149448
2269,1552,12.147557
2270,1552,8.078731
2271,1552,4.219674
2272,1552,6.135453
2275,1552,16.085196
2276,1552,6.688273
2277,1552,23.647783
2278,1552,25.130756
2293,1552,27.63686
2294,1552,24.850945
2295,1552,18.399006
2296,1552,5.060574
2297,1552,26.338049
2298,1552,19.923855
2312,1552,29.274086
2314,1552,23.837631
2315,1552,1.920465
2316,1552,1.002041
2317,1552,0.802646
2319,1552,2.533333
2320,1552,5.392532
2322,1552,22.677944
2336,1552,24.264809
2337,1552,3.090961
2338,1552,2.25
2206,1553,6.877615
2267,1553,1.447922
2268,1553,2.048611
2269,1553,2.231037
2273,1553,2.109028
2274,1553,23.058655
2313,1553,26.472042
2315,1553,4.979855
2316,1553,2.463958
2317,1553,0.932635
2318,1553,1.203373
2319,1553,12.299999
2320,1553,2.400181
2321,1553,11.949486
2336,1553,28.250166
2337,1553,1.838886
2314,1554,8.470523
2315,1554,3.282704
2317,1554,8.349427
2318,1554,3.985483
2319,1554,3.04338
2320,1554,22.4669
2321,1554,6.049751
2336,1554,13.916841
2337,1554,2.10988
2204,1555,9.677907
2316,1555,24.47117
2317,1555,11.744121
2318,1555,1.83417
2319,1555,1.752228
2321,1555,5.141587
2322,1555,21.396927
2334,1555,20.947752
2336,1555,12.608192
2337,1555,2.192638
2338,1555,0.375
2339,1555,0.625
2204,1556,9.479034
2317,1556,11.118912
2318,1556,2.989078
2319,1556,10.656319
2320,1556,0.930705
2321,1556,2.010509
2335,1556,13.344951
2336,1556,10.646463
2337,1556,2.421464
2338,1556,0.5
2339,1556,1.921773
2204,1557,8.528502
2240,1557,28.524794
2316,1557,10.840109
2317,1557,8.551395
2318,1557,1.870787
2319,1557,16.233553
2320,1557,24.057863
2321,1557,7.582793
2337,1557,7.636162
2338,1557,0.789729
2339,1557,5.309356
2204,1558,19.394045
2241,1558,0.136842
2242,1558,0.077957
2316,1558,29.575577
2317,1558,3.644015
2318,1558,3.51473
2319,1558,11.445206
2320,1558,2.303836
2336,1558,19.352465
2337,1558,6.921857
2204,1559,15.288695
2213,1559,17.111952
2241,1559,0.077957
2316,1559,3.176024
2317,1559,3.33229
2318,1559,4.612654
2319,1559,19.400673
2320,1559,7.894663
2336,1559,28.315144
2337,1559,3.876423
2213,1560,4.015241
2241,1560,0.077957
2272,1560,9.441662
2316,1560,8.668404
2317,1560,2.966403
2318,1560,9.916896
2319,1560,23.5644
2320,1560,9.534584
2337,1560,5.289744
2212,1561,0.761017
2213,1561,0.477943
2272,1561,7.875607
2316,1561,11.901735
2317,1561,4.968632
2318,1561,5.300148
2319,1561,17.211103
2320,1561,19.93849
2204,1562,11.676422
2212,1562,1.370332
2213,1562,0.53581
2272,1562,3.388373
2273,1562,29.89077
2317,1562,9.376329
2318,1562,14.371213
2319,1562,8.745272
2320,1562,14.66151
2336,1562,15.034212
2337,1562,5.167058
2339,1562,11.916752
2204,1563,11.407904
2212,1563,1.438635
2213,1563,1.144223
2214,1563,24.62442
2272,1563,4.776099
2273,1563,19.874226
2274,1563,26.939213
2319,1563,20.395967
2337,1563,5.728621
2339,1563,11.702279
2203,1564,13.334269
2212,1564,11.29844
2213,1564,1.835376
2214,1564,8.820189
2245,1564,22.530838
2272,1564,1.581698
2273,1564,19.698782
2337,1564,6.24805
2339,1564,10.977898
2212,1565,10.336435
2213,1565,4.968792
2214,1565,0.065789
2215,1565,6.67653
2240,1565,0.045249
2258,1565,2.965513
2259,1565,2.965513
2260,1565,2.965513
2261,1565,4.079997
2263,1565,5.294113
2264,1565,5.294113
2269,1565,10.312475
2270,1565,3.935481
2337,1565,7.669293
2204,1566,16.263187
2212,1566,19.04023
2213,1566,0.092025
2214,1566,0.088889
2216,1566,0.136842
2263,1566,2.529419
2264,1566,2.529419
2265,1566,2.529419
2266,1566,2.965513
2267,1566,3.935481
2268,1566,2.965513
2269,1566,2.529419
2270,1566,2.529419
2337,1566,18.339378
2337,1567,27.226376
2240,1568,18.231466
2337,1569,2.252286
2220,1570,24.600384
2338,1570,3.275282
2339,1570,8.282086
2241,1571,7.5625
2336,1571,6.402598
2338,1571,3.948572
2339,1571,3.617154
2340,1571,3.660226
2275,1572,8.105968
2276,1572,14.402762
2277,1572,20.945202
2335,1572,4.518385
2336,1572,16.359426
2337,1572,13.60912
2339,1572,7.465279
2340,1572,16.959787
2341,1572,4.68646
2342,1572,20.567743
2343,1572,12.382455
2351,1572,3.472225
2352,1572,2.284286
2358,1572,6.438741
2272,1573,1.507109
2274,1573,2.809403
2275,1573,6.108476
2276,1573,24.852024
2277,1573,12.82185
2278,1573,24.099161
2335,1573,5.990946
2336,1573,17.484955
2337,1573,18.365906
2339,1573,13.674301
2340,1573,11.651057
2341,1573,10.249092
2342,1573,8.323488
2343,1573,13.22909
2344,1573,9.206972
2345,1573,7.454481
2350,1573,5.397982
2352,1573,25.275719
2353,1573,10.005239
2356,1573,2.480027
2358,1573,6.761903
2366,1573,1.178075
2266,1574,10.529907
2334,1574,12.53867
2335,1574,2.965252
2350,1574,29.850325
2351,1574,14.330456
2353,1574,9.785605
2356,1574,5.642089
2357,1574,7.995364
2358,1574,4.783478
2261,1575,0.136842
2262,1575,0.195214
2263,1575,0.216356
2264,1575,0.216356
2265,1575,0.216356
2301,1575,20.967537
2302,1575,23.531687
2334,1575,4.666642
2335,1575,4.05059
2336,1575,2.365534
2263,1576,0.184982
2264,1576,2.295123
2303,1576,24.213217
2334,1576,3.941368
2335,1576,0.332352
2336,1576,1.492436
2204,1577,17.137138
2205,1577,29.248552
2262,1577,0.514323
2263,1577,19.919914
2334,1577,4.247856
2335,1577,0.332352
2336,1577,0.265193
2204,1578,9.17944
2261,1578,0.587839
2334,1578,7.951734
2335,1578,2.189676
2336,1578,2.306653
2255,1579,15.127657
2256,1579,0.528626
2260,1579,4.007835
2261,1579,1.44017
2334,1579,1.404783
2335,1579,5.434359
2336,1579,0.785287
2248,1580,0.178669
2249,1580,0.136842
2250,1580,0.136842
2251,1580,0.136842
2253,1580,0.237554
2254,1580,0.136842
2255,1580,0.160784
2256,1580,0.099841
2257,1580,0.099841
2258,1580,0.099841
2259,1580,0.236684
2260,1580,0.099841
2261,1580,0.045249
2262,1580,0.08427
2334,1580,2.114431
2335,1580,1.666088
2336,1580,0.808702
2205,1581,3.017674
2256,1581,25.440491
2257,1581,27.519463
2258,1581,25.184036
2259,1581,22.018936
2334,1581,2.725407
2335,1581,3.629601
2336,1581,4.176899
2205,1582,1.444134
2334,1582,1.732566
2335,1582,7.541621
2336,1582,6.129882
2335,1583,15.137795
2286,1584,0.642857
2359,1585,19.097349
2360,1585,22.203163
2341,1586,16.607941
2342,1586,13.681396
2343,1586,12.222388
2344,1586,8.646136
2345,1586,8.558747
2346,1586,11.907278
2347,1586,9.485277
2348,1586,11.631661
2349,1586,14.747705
2350,1586,13.666457
2351,1586,14.074426
2205,1587,3.468093
2284,1588,7.222813
2297,1592,7.192598
2298,1592,9.888947
2295,1593,0.25905
2296,1593,12.239402
2296,1594,1.508011
2265,1595,18.016512
2266,1595,18.242844
2296,1595,1.560601
2296,1596,5.711342
2258,1597,20.390335
2296,1597,4.217237
2297,1597,6.854484
2212,1611,0.009009
2217,1611,0.304762
2207,1612,6.146476
2208,1612,7.217051
2220,1612,22.547646
2220,1613,0.543337
2245,1613,0.44776
2246,1613,0.44776
2262,1613,3.697627
2263,1613,1.870238
2264,1613,1.049019
2277,1613,8.903666
2278,1613,6.492463
2312,1613,24.597843
2207,1614,13.613372
2208,1614,2.29412
2220,1614,0.540292
2221,1614,3.846254
2236,1614,22.894659
2245,1614,0.025862
2264,1614,5.567865
2276,1614,5.195203
2277,1614,9.374575
2207,1615,13.613372
2208,1615,1.595239
2220,1615,0.540292
2221,1615,0.578378
2222,1615,12.213333
2224,1615,28.886253
2234,1615,17.299313
2235,1615,23.397551
2236,1615,28.019508
2237,1615,5.931833
2240,1615,0.586207
2241,1615,0.586207
2276,1615,5.560261
2278,1615,23.813866
2285,1615,26.172232
2207,1616,0.727273
2220,1616,0.540292
2221,1616,0.578378
2222,1616,5.463333
2223,1616,15.202537
2224,1616,28.700008
2238,1616,4.964277
2261,1616,2.988254
2262,1616,1.667188
2276,1616,5.523849
2277,1616,15.36997
2278,1616,22.854328
2282,1616,7.403058
2283,1616,9.587162
2284,1616,19.567444
2206,1617,0.371429
2207,1617,0.371429
2208,1617,0.371429
2220,1617,0.540292
2221,1617,3.846254
2222,1617,0.133333
2224,1617,0.333333
2265,1617,7.395255
2276,1617,2.314745
2277,1617,8.435173
2278,1617,24.259233
2283,1617,6.255589
2284,1617,7.450019
2206,1618,0.293333
2207,1618,0.293333
2208,1618,0.306452
2209,1618,0.306452
2210,1618,0.293333
2214,1618,0.417085
2219,1618,0.467143
2220,1618,0.866153
2221,1618,0.123288
2222,1618,0.340909
2224,1618,0.340909
2225,1618,0.340909
2265,1618,1.785883
2266,1618,5.201547
2267,1618,4.346019
2276,1618,7.093095
2277,1618,2.09153
2279,1618,17.378456
2280,1618,14.354706
2282,1618,29.983925
2283,1618,5.991887
2284,1618,13.005583
2204,1619,3.287885
2221,1619,0.433962
2222,1619,0.433962
2263,1619,0.383889
2264,1619,1.012305
2265,1619,6.55005
2267,1619,7.646797
2280,1619,23.325655
2281,1619,5.849996
2282,1619,6.548648
2290,1620,24.797319
2214,1637,0.312643
2215,1637,0.393185
2208,1676,8.696244
2209,1677,4.454543
2194,1683,2.075678
2195,1683,2.132312
2196,1683,2.132312
2197,1683,2.387087
2206,1684,4.454543
2200,1686,0.304762
2204,1688,0.304762
2205,1689,9.333333
2205,1699,5.095237
2205,1700,5.095237
2211,1702,4.454543
2228,1705,12.303949
2200,1706,0.904524
2201,1708,1.0
2202,1708,0.785714
2203,1708,4.210527
2202,1709,1.142857
2203,1709,6.210524
2214,1712,4.454543
2221,1713,3.285713
2215,1714,7.051435
2249,1439,11.783832
2248,1445,4.607904
2344,1445,2.21558
2345,1445,1.468178
2347,1445,0.448553
2348,1445,1.179988
2345,1446,1.790115
2346,1446,1.236843
2347,1446,0.530537
2348,1446,1.100946
2349,1446,0.84426
2344,1447,8.780107
2345,1447,5.691474
2346,1447,1.592604
2347,1447,1.141277
2348,1447,15.711076
2349,1447,1.05306
2344,1448,5.456983
2345,1448,7.390403
2346,1448,4.276023
2347,1448,6.325572
2348,1448,2.560794
2349,1448,8.238342
2345,1449,8.648386
2346,1449,16.246452
2347,1449,14.374315
2348,1449,4.401413
2349,1449,4.767003
2400,1449,9.914971
2404,1449,20.16441
2405,1449,12.782632
2346,1450,14.74893
2347,1450,9.186385
2348,1450,2.952166
2349,1450,8.337397
2401,1450,5.245663
2402,1450,13.376596
2403,1450,16.644541
2404,1450,4.761947
2405,1450,6.175384
2406,1450,3.211724
2419,1450,28.049892
2277,1451,9.743339
2278,1451,4.38395
2346,1451,9.808856
2347,1451,7.38032
2348,1451,3.081511
2206,1452,0.26498
2276,1452,4.11697
2277,1452,1.189284
2278,1452,7.286056
2344,1452,19.935534
2345,1452,12.030889
2346,1452,6.296045
2347,1452,5.188779
2348,1452,2.688845
2207,1453,8.626839
2276,1453,1.892814
2277,1453,0.995894
2278,1453,2.630102
2344,1453,7.856442
2345,1453,6.768621
2346,1453,7.316468
2347,1453,1.952601
2348,1453,3.653027
2250,1454,18.38628
2275,1454,2.927722
2276,1454,0.881903
2277,1454,1.380624
2343,1454,3.323589
2344,1454,5.383067
2345,1454,3.907908
2346,1454,7.081974
2347,1454,1.352465
2348,1454,2.356702
2207,1771,10.343722
2212,1455,2.248663
2249,1455,17.750387
2250,1455,0.919548
2251,1455,5.183285
2262,1455,5.915562
2275,1455,2.534951
2276,1455,2.687489
2343,1455,14.189344
2344,1455,2.600349
2345,1455,11.317481
2346,1455,2.0029
2347,1455,2.510918
2348,1455,23.095367
2212,1456,4.223448
2249,1456,0.670657
2250,1456,0.880787
2263,1456,24.069181
2344,1456,5.93878
2345,1456,8.739336
2347,1456,1.803236
2348,1456,1.072817
2349,1456,5.73335
2212,1457,6.359634
2248,1457,25.690968
2249,1457,0.537717
2250,1457,0.929359
2263,1457,6.644177
2264,1457,21.21699
2344,1457,18.031139
2345,1457,25.876196
2346,1457,9.537615
2347,1457,1.579984
2349,1457,5.537112
2235,1458,10.358541
2237,1458,1.329789
2249,1458,0.213929
2250,1458,3.4903
2262,1458,0.693199
2263,1458,1.019579
2343,1458,13.058676
2344,1458,15.267617
2345,1458,3.497854
2346,1458,26.558643
2347,1458,4.651517
2206,1459,19.05739
2207,1459,24.052006
2212,1459,25.017963
2234,1459,22.66082
2235,1459,11.739496
2236,1459,9.131802
2237,1459,6.616022
2249,1459,0.193654
2250,1459,0.005525
2263,1459,8.239864
2343,1459,10.885207
2344,1459,7.828924
2345,1459,8.169457
2346,1459,9.942042
2347,1459,7.017279
2205,1460,17.998047
2207,1460,15.133133
2208,1460,27.262981
2210,1460,25.007341
2233,1460,6.807756
2234,1460,0.011429
2235,1460,28.257956
2236,1460,4.607019
2237,1460,28.437536
2249,1460,1.349623
2250,1460,0.063352
2263,1460,8.600104
2264,1460,26.360065
2234,1461,18.929653
2235,1461,0.087117
2236,1461,0.29426
2237,1461,0.27529
2238,1461,0.312934
2249,1461,0.375097
2250,1461,0.149357
2263,1461,8.840089
2264,1461,25.841526
2347,1461,6.688378
2348,1461,10.569616
2235,1462,7.038408
2236,1462,4.941973
2237,1462,0.278424
2238,1462,0.353094
2249,1462,0.440212
2250,1462,0.215962
2263,1462,1.531283
2344,1462,15.085232
2345,1462,16.705566
2234,1463,23.336414
2235,1463,13.830408
2236,1463,0.96122
2237,1463,0.60019
2249,1463,0.551502
2250,1463,0.295137
2263,1463,4.363856
2235,1464,10.109947
2236,1464,0.895848
2237,1464,0.391056
2248,1464,29.543079
2249,1464,0.502492
2250,1464,0.262809
2263,1464,4.008996
2305,1464,8.67849
2307,1464,24.984856
2235,1465,2.864166
2236,1465,3.518186
2237,1465,0.6387
2248,1465,24.962164
2249,1465,0.368124
2250,1465,0.262809
2263,1465,3.402224
2305,1465,5.119867
2306,1465,12.926335
2237,1466,1.410748
2248,1466,23.517591
2249,1466,0.496112
2250,1466,0.327896
2251,1466,0.002773
2257,1466,5.618105
2263,1466,2.988697
2306,1466,7.451613
2249,1467,0.524587
2250,1467,0.367305
2253,1467,1.853548
2254,1467,3.5694
2255,1467,3.128168
2256,1467,3.442807
2257,1467,3.263439
2258,1467,6.095273
2263,1467,1.701422
2264,1467,19.275219
2274,1467,8.302029
2276,1467,2.230235
2277,1467,5.234097
2279,1467,8.455997
2280,1467,4.792125
2306,1467,13.412374
2249,1468,0.488558
2250,1468,0.490831
2251,1468,2.009018
2252,1468,2.77661
2253,1468,17.375217
2254,1468,1.918815
2255,1468,2.340016
2256,1468,2.566641
2257,1468,3.199687
2263,1468,2.688312
2264,1468,17.291992
2274,1468,3.799507
2276,1468,3.09069
2277,1468,9.761141
2282,1468,2.584792
2249,1469,0.455775
2250,1469,0.441124
2251,1469,0.782569
2252,1469,0.401526
2253,1469,0.744301
2254,1469,1.590027
2255,1469,1.098282
2256,1469,1.875543
2263,1469,5.989927
2274,1469,2.578582
2275,1469,2.220556
2276,1469,4.898655
2277,1469,12.958271
2249,1470,0.714276
2250,1470,0.550909
2251,1470,0.745107
2252,1470,0.444364
2253,1470,0.735082
2254,1470,0.157752
2255,1470,1.062153
2256,1470,2.753418
2262,1470,1.240675
2263,1470,10.090232
2273,1470,17.230045
2274,1470,1.777991
2275,1470,4.147642
2276,1470,18.151794
2249,1471,0.723566
2250,1471,0.565486
2251,1471,1.20518
2252,1471,0.40161
2253,1471,0.316463
2254,1471,0.301694
2262,1471,3.347723
2263,1471,5.451988
2273,1471,1.404403
2274,1471,2.650523
2275,1471,8.632538
2249,1472,0.417522
2250,1472,1.789686
2251,1472,0.907628
2252,1472,0.643192
2253,1472,1.446227
2254,1472,0.294081
2262,1472,3.16338
2263,1472,7.176465
2273,1472,0.797189
2274,1472,2.358488
2275,1472,8.511582
2249,1473,0.416749
2250,1473,4.47049
2251,1473,0.829874
2252,1473,1.86757
2253,1473,0.488619
2254,1473,0.402545
2255,1473,0.186389
2262,1473,4.819593
2263,1473,13.844071
2273,1473,1.170968
2274,1473,2.214211
2275,1473,11.984559
2285,1473,16.289536
2249,1474,0.577895
2250,1474,3.904676
2251,1474,1.324133
2252,1474,1.83728
2253,1474,0.829874
2254,1474,1.182666
2262,1474,4.424679
2263,1474,5.237988
2264,1474,22.347702
2273,1474,5.110605
2274,1474,4.943012
2275,1474,24.420761
2249,1475,16.557571
2250,1475,0.770261
2252,1475,1.324133
2253,1475,1.323079
2254,1475,0.935704
2255,1475,0.272281
2262,1475,4.3456
2263,1475,5.532231
2220,1476,4.667008
2249,1476,18.943998
2250,1476,5.481153
2254,1476,1.031556
2262,1476,3.838414
2263,1476,6.611728
2277,1476,12.059709
2250,1477,15.908838
2262,1477,13.318884
2251,1478,10.238554
2252,1478,0.916818
2251,1479,20.870613
2252,1479,1.820162
2253,1479,4.2542
2258,1479,14.174535
2259,1479,5.825005
2260,1479,11.051548
2259,1480,11.484347
2260,1480,5.382254
2236,1481,1.436871
2271,1481,19.609655
2272,1481,20.622957
2273,1481,10.345854
2274,1481,9.957026
2275,1481,6.118654
2276,1481,5.689143
2277,1481,6.427941
2278,1481,7.352803
2279,1481,8.457551
2280,1481,8.396559
2281,1481,17.20722
2282,1481,8.649076
2283,1481,11.339604
2284,1481,24.065172
2285,1481,12.620202
2271,1482,3.87306
2272,1482,7.783386
2273,1482,8.369807
2274,1482,2.921935
2275,1482,2.333891
2276,1482,2.476436
2277,1482,5.131126
2278,1482,3.016951
2279,1482,14.149979
2280,1482,8.165664
2281,1482,13.606496
2282,1482,8.526713
2283,1482,19.760078
2284,1482,6.311314
2285,1482,9.609885
2286,1482,14.688937
2287,1482,19.757385
2271,1483,12.553137
2272,1483,14.140758
2273,1483,13.927969
2274,1483,2.526879
2275,1483,3.070738
2276,1483,3.300393
2277,1483,3.360266
2278,1483,8.807104
2279,1483,4.590688
2280,1483,1.108397
2281,1483,1.662965
2282,1483,6.393862
2283,1483,8.847236
2284,1483,2.103004
2285,1483,2.876887
2286,1483,3.017827
2287,1483,7.486219
2288,1483,10.744357
2267,1484,0.245388
2272,1484,6.575477
2273,1484,3.532345
2274,1484,7.01308
2275,1484,22.90472
2280,1484,13.644779
2285,1484,18.866245
2345,1484,16.71706
2265,1485,1.879163
2305,1485,3.211572
2310,1485,6.370334
2311,1485,7.637054
