1123,547,2.188823
1131,548,1.640304
1132,548,1.019611
1133,548,0.849375
1134,548,0.021459
1132,549,1.181239
1133,549,3.269778
1111,550,13.742583
1114,550,14.71808
1113,551,14.998463
1114,551,8.585894
1115,551,12.676313
993,556,22.64238
994,556,11.644126
1029,556,8.553853
1115,556,0.476863
994,557,27.506647
996,557,23.721479
1029,557,5.70098
1029,558,5.886288
1030,558,5.317323
1029,559,5.405134
1030,560,6.024963
1130,560,25.74258
1151,560,6.643039
1131,561,20.869865
1132,561,13.365748
1146,561,13.172611
1157,561,16.629995
1158,561,6.56719
1161,561,6.308097
1133,562,19.849844
1132,563,16.468143
1133,563,24.071974
1143,563,7.485875
1026,564,16.543344
1132,564,20.437548
1133,564,14.756145
1144,564,16.77247
1132,565,20.993561
1133,565,10.504782
1132,566,19.804838
1133,567,19.630997
1131,568,12.515169
1132,568,12.094038
1133,568,8.698779
1131,569,22.084415
1132,569,25.995377
1131,570,19.711864
1133,570,19.197262
1134,570,8.384855
1156,570,24.881321
1133,571,20.956728
1151,571,4.996387
1152,571,12.428917
1037,573,15.5957
1038,573,18.962372
1039,573,9.759626
1087,573,4.42455
1088,573,4.308927
1011,575,24.475189
1012,575,26.418177
1013,575,27.191338
1133,577,27.807852
1049,578,23.799675
1132,578,27.810953
1133,578,7.382589
1134,578,10.570329
1084,579,7.065883
1086,579,7.595209
1087,579,11.078791
1130,579,10.497151
1132,579,17.325281
1133,579,7.972627
1175,579,10.402946
1077,580,26.618904
1083,580,9.4664
1084,580,11.588825
1085,580,6.490149
1086,580,7.283343
1087,580,9.309625
1088,580,9.871592
1089,580,26.449486
1090,580,12.198977
1091,580,10.8048
1107,580,20.256256
1129,580,24.825306
1130,580,22.148676
1131,580,3.689806
1078,581,26.188719
1079,581,18.651932
1080,581,12.623354
1081,581,10.497899
1083,581,10.237771
1084,581,15.555565
1085,581,21.957211
1086,581,9.252788
1087,581,8.743519
1088,581,15.098944
1089,581,14.666783
1090,581,17.314157
1091,581,11.567816
1092,581,14.427407
1111,581,23.49931
1131,581,8.002356
1083,582,9.741424
1084,582,4.614563
1085,582,5.758121
1086,582,1.665211
1087,582,1.270834
1088,582,8.831211
1089,582,0.685747
1090,582,18.366127
1091,582,14.685534
1078,584,10.742253
1081,584,2.089687
1082,584,1.973332
1083,584,1.254723
1084,584,2.727355
1078,585,10.259436
1079,585,13.583218
1080,585,8.443263
1081,585,8.245054
1082,585,12.082727
1083,585,22.778107
1084,585,1.430175
1110,590,28.996899
1111,590,10.465591
1121,592,4.269461
1122,592,6.159773
1132,592,23.993338
1133,592,26.248703
1080,593,19.080786
1121,593,15.726254
1122,593,22.032757
1081,594,5.612527
1086,594,21.488247
1088,594,10.256224
1121,594,9.339951
1143,594,0.37379
1080,595,3.274797
1081,595,5.102418
1087,595,8.029063
1089,595,26.246735
1090,595,28.011667
1098,595,20.745974
1121,595,18.504232
1122,595,7.941019
1143,595,4.082755
1080,596,10.064192
1081,596,12.745425
1086,596,21.201408
1090,596,7.068282
1098,596,18.524094
1120,596,4.666762
1121,596,7.047883
1122,596,7.471904
1132,596,16.453678
1133,596,17.073
1143,596,9.882113
1085,597,13.261333
1086,597,1.259909
1099,597,26.339918
1119,597,5.740524
1120,597,3.481201
1121,597,9.461827
1132,597,24.017385
1141,597,25.364977
1142,597,24.913855
1118,598,2.526983
1119,598,1.87333
1141,598,29.624954
1142,598,5.952707
1143,598,11.270706
1173,599,6.747475
1147,603,22.094215
1148,603,8.874483
1149,603,10.912943
1150,603,12.345663
1151,603,16.656727
1152,603,14.355946
1153,603,13.001823
1154,603,10.895924
1155,603,12.801719
1164,603,7.643709
1147,604,25.051199
1148,604,5.515744
1150,604,6.227354
1151,604,13.920939
1152,604,2.26198
1154,604,2.038177
1155,604,11.300166
1165,604,0.617868
1166,604,1.602951
1167,604,2.286159
1168,604,0.723968
1169,604,1.713428
1170,604,3.753545
1171,604,6.067626
1149,605,22.936741
1152,605,4.500339
1153,605,6.024064
1154,605,2.719255
1155,605,2.642182
1156,605,8.715231
1163,605,2.989714
1164,605,0.168761
1165,605,1.672022
1166,605,29.831898
1167,605,9.444634
1168,605,4.585836
1169,605,11.69353
1170,605,19.793314
1171,605,16.432667
1155,606,16.08625
1163,606,1.663713
1169,606,11.507944
1170,606,21.006731
1146,613,1.646193
1147,613,2.412124
1148,613,1.172311
1149,613,1.502013
1150,613,2.646179
1151,613,4.147872
1152,613,7.79939
1153,613,3.889811
1156,613,4.580439
1157,613,13.005001
1146,614,10.13342
1147,614,8.981916
1148,614,8.126416
1149,614,8.241543
1150,614,13.545245
1151,614,14.91549
1152,614,1.336422
1153,614,0.349743
1155,614,23.096771
1156,614,2.443957
1157,614,4.886241
1162,614,13.4053
1159,615,22.077484
1177,615,23.558414
1062,624,5.859241
996,625,17.778477
1042,625,18.298931
1100,629,2.091577
1101,629,8.274834
1102,629,16.272573
1103,629,20.306757
1104,629,7.928313
1161,629,16.051052
1162,629,6.398205
1163,629,7.993015
1164,629,6.312745
1165,629,3.941911
1100,630,13.198758
1101,630,13.904489
1158,630,21.373648
1159,630,1.71001
1160,630,2.002012
1161,630,4.042642
1162,630,3.288996
1163,630,4.018471
1164,630,7.601028
1165,630,8.091686
1166,630,9.688547
1167,630,14.133452
1168,630,23.115107
1170,630,4.350397
1170,331,6.429269
1172,331,2.238456
1173,331,2.322579
1174,331,4.253171
1183,331,5.148703
1184,331,1.988455
1185,331,0.752905
1186,331,2.266901
1187,331,10.307732
1188,331,1.207577
1189,331,0.660067
1190,331,2.888533
1191,331,9.419117
1170,332,2.880644
1172,332,4.372285
1173,332,4.98886
1181,332,8.650437
1182,332,6.496665
1183,332,1.916313
1184,332,3.610697
1185,332,4.910117
1186,332,0.903903
1187,332,3.774545
1188,332,6.276076
1189,332,2.970406
1143,639,1.768366
1144,639,3.20004
1145,639,20.803951
1146,639,4.368981
1147,639,5.816536
1148,639,10.342189
1149,639,8.189145
1180,333,10.408113
1181,333,3.404278
1182,333,1.751626
1183,333,1.977845
1184,333,4.870918
1185,333,4.924558
1186,333,8.681736
1187,333,3.477597
1188,333,5.477551
998,640,22.059462
1000,640,17.84408
1165,640,1.440384
1166,640,1.258155
1167,640,0.867495
1168,640,0.10378
1173,640,9.547235
997,641,0.428006
998,641,23.023212
999,641,14.065043
1000,641,8.675279
1001,641,7.363824
1002,641,18.922188
1084,641,11.982726
1087,641,17.731075
1092,641,28.56019
1094,641,20.309477
1165,641,1.14219
1166,641,2.078766
996,642,13.240833
997,642,4.131239
998,642,8.20188
999,642,4.40563
1000,642,3.945352
1001,642,2.871398
1002,642,8.580568
1003,642,16.671803
1086,642,26.052395
1087,642,4.982372
1096,334,19.682964
1172,334,7.561783
1173,334,4.314766
1174,334,3.716412
1180,334,2.900267
1181,334,2.166205
1182,334,2.58361
1183,334,5.115023
1184,334,16.34269
1185,334,14.445313
1186,334,14.220381
1095,335,9.372634
1096,335,9.737651
1097,335,11.04499
1099,335,20.392025
1100,335,9.410704
1101,335,8.66744
1179,335,1.080113
1180,335,2.798133
1181,335,1.082454
1182,335,6.881131
1183,335,2.054012
997,643,0.138605
1001,643,1.732919
1002,643,7.354949
1003,643,14.450054
1004,643,12.12677
1079,643,11.609359
997,644,5.383741
998,644,1.30608
999,644,1.367766
1000,644,5.655299
1001,644,2.857852
1002,644,7.675147
1003,644,4.127865
1004,644,8.417295
1080,644,8.278975
1081,644,24.761921
1083,644,11.360551
1183,644,21.826231
1099,336,8.209589
1100,336,7.113696
1101,336,7.36707
1179,336,2.402975
1180,336,1.713819
1181,336,6.917754
1182,336,2.685764
1183,336,15.061085
1107,337,24.734518
1174,337,21.987024
1179,337,8.372321
1180,337,2.42842
1181,337,12.971608
1108,338,17.905003
1171,338,14.764586
1172,338,12.566851
1174,338,5.288531
1175,338,3.157066
1176,338,22.469343
1180,338,1.2836
1189,338,11.832159
1190,338,13.269412
1191,338,21.684952
999,645,19.792458
1000,645,24.541286
1001,645,7.896893
1002,645,6.092133
1003,645,6.831557
1004,645,8.623129
1005,645,7.968058
1173,339,3.245776
1174,339,0.745372
1175,339,1.409759
1176,339,27.95775
1180,339,0.379845
1187,339,12.054021
1188,339,10.414473
1189,339,8.977672
1190,339,4.643401
1191,339,17.117004
1192,339,10.719237
997,646,29.798326
1000,646,19.582363
1001,646,11.626353
1003,646,13.182858
1086,646,18.673504
1173,340,6.22899
1174,340,0.574692
1175,340,2.084604
1176,340,6.30011
1186,340,15.605733
1187,340,4.405087
1189,340,2.927231
1190,340,2.3125
1191,340,5.012879
1192,340,16.958292
1193,340,14.143474
1173,341,12.083277
1174,341,2.097204
1175,341,0.417039
1176,341,2.082682
1186,341,20.910664
1187,341,10.187494
1188,341,3.779374
1189,341,4.003726
1190,341,6.157633
1191,341,4.036235
1192,341,9.799797
1090,648,24.56459
1176,342,0.008584
1177,342,0.099153
1178,342,0.190713
1179,342,0.325674
1180,342,0.65643
1181,342,1.68527
1186,342,15.289831
1187,342,4.372899
1188,342,6.526676
1189,342,8.524359
1190,342,4.58187
1191,342,10.423347
1192,342,9.617471
1084,649,13.920193
1090,649,29.058224
1145,649,7.123636
1146,649,26.86478
1148,649,7.417753
1156,649,0.930789
1166,649,0.613727
1167,649,0.329759
1168,649,29.697622
1078,650,15.244739
1159,650,0.191427
1161,650,3.925331
1162,650,0.315316
1176,343,0.007762
1177,343,0.648409
1178,343,1.027239
1179,343,0.713973
1180,343,0.669491
1181,343,1.449997
1186,343,21.600801
1187,343,15.299632
1188,343,10.060508
1189,343,9.473557
1190,343,13.138397
1191,343,13.838044
1192,343,22.841118
1167,346,27.903618
1168,346,28.923277
1202,348,4.787443
1203,348,0.658929
1204,348,2.182328
1205,348,0.905082
1206,348,9.755062
1207,348,10.775357
1202,349,1.965852
1203,349,2.062043
1204,349,5.525007
1205,349,11.495445
1182,350,8.353555
1182,351,6.492571
1183,351,3.378607
1184,351,5.549123
1189,351,29.260511
1182,352,8.667486
1183,352,3.545073
1184,352,1.71695
1188,352,18.351366
1189,352,16.484377
1182,353,17.417595
1183,353,4.16291
1184,353,2.479954
1187,353,18.113899
1189,353,16.278967
1190,353,20.706226
1192,353,19.97389
1151,659,16.306538
1184,354,1.049209
1187,354,24.378376
1188,354,14.805021
1189,354,6.464885
1190,354,2.896755
1191,354,9.375813
1192,354,18.357512
1193,354,19.301819
1202,354,0.369018
1189,355,11.290347
1190,355,6.891587
1191,355,7.837662
1192,355,17.458118
1202,355,2.376261
997,662,22.022942
1186,356,16.700182
1188,356,18.214811
1190,356,18.336456
1191,356,7.98372
1202,356,5.285901
1190,357,29.081207
1202,357,1.08113
1202,358,0.434873
1203,359,1.247031
995,672,6.012559
1004,672,23.524837
996,673,5.767651
997,673,0.609816
997,674,3.309945
998,674,17.888454
1092,675,10.752991
997,682,15.167548
1028,377,18.839874
1028,378,12.214042
1003,684,2.03688
1004,684,5.521113
1005,684,20.895065
1007,684,6.281822
1012,684,5.413723
1093,684,17.2202
1002,685,3.917726
1003,685,2.424108
1004,685,5.232164
1005,685,5.420704
1007,685,1.260973
1008,685,18.059317
1011,685,24.48283
1006,382,5.166513
1027,383,22.188585
1007,386,4.713404
1044,693,4.803923
1045,693,5.411712
1079,694,5.196813
1090,695,28.000029
1091,695,10.176385
1093,695,11.700113
1094,695,16.629656
1096,695,9.781638
1072,391,8.131123
1073,391,24.445189
1158,696,14.067324
1073,392,7.374835
1074,392,10.375691
1077,392,11.908982
1004,393,1.705635
1005,393,1.902939
1073,393,26.289162
1076,393,28.26643
1077,393,7.589938
1081,393,20.478781
1014,395,13.255983
1015,395,29.993551
1000,702,23.871037
1001,702,8.948176
1002,702,19.170855
1003,702,19.326178
1185,702,17.509705
1005,703,7.276632
1008,703,10.324618
1009,703,14.357098
1010,703,15.457898
1040,703,5.759656
1041,703,2.899501
1008,704,12.52375
1009,704,10.157057
1010,704,21.164112
1089,400,6.159311
1106,400,23.147491
1109,400,20.654963
1113,400,19.487495
1114,400,16.038555
1115,400,15.734756
1010,705,23.827499
1011,705,12.879172
1012,705,15.952545
1146,705,24.173101
1149,705,19.019781
1150,705,5.947518
1096,401,28.113195
1010,706,10.16515
1011,706,14.992891
1013,706,2.771827
1141,706,8.923887
1142,706,2.286908
1143,706,0.312244
1144,706,1.019429
1147,706,2.060869
1148,706,1.699132
1149,706,4.791005
1151,706,7.665238
1152,706,11.264851
1153,706,8.588466
1154,706,5.916958
1155,706,9.463674
1157,706,18.798635
1160,706,18.903347
1184,706,26.972366
1060,402,28.597881
1096,402,19.956579
1039,707,3.489193
1040,707,2.759212
1041,707,2.016653
1097,707,22.531345
1098,707,16.064411
1105,707,6.673337
1107,707,2.52805
1111,707,29.980427
1114,707,22.225801
1119,707,27.288273
1120,707,21.736883
1125,707,13.674031
1141,707,11.008064
1142,707,14.86433
1143,707,0.701428
1144,707,0.899044
1146,707,6.518647
1147,707,5.076318
1148,707,9.016357
1149,707,18.597897
1151,707,12.153964
1152,707,21.000217
1153,707,5.142717
1154,707,6.554938
1155,707,12.389736
1157,707,6.890455
1158,707,5.140487
1159,707,7.913327
1012,403,26.357533
1039,708,8.980737
1145,708,0.775953
1146,708,1.097839
1147,708,1.3562
1148,708,17.220095
1153,708,8.081182
1154,708,9.340701
1155,708,22.746033
1157,708,9.581587
1159,708,1.993261
1077,709,26.711981
1145,709,19.586336
1146,709,11.106028
1147,709,1.722202
1150,709,8.44144
1151,709,1.747154
1152,709,1.271786
1153,709,1.271786
1154,709,1.266011
1155,709,1.266011
1156,709,1.538363
1157,709,1.538363
1158,709,0.393583
1159,709,0.442857
1162,709,0.288519
1145,710,28.686663
1146,710,6.436759
1147,710,6.64063
1148,710,2.314877
1149,710,3.897058
1150,710,5.68865
1151,710,9.63774
1152,710,9.706238
1153,710,2.880735
1154,710,2.940638
1155,710,1.920575
1156,710,2.164261
1157,710,4.15238
1158,710,2.618734
1159,710,0.603878
1160,710,0.434992
1163,710,0.383322
1051,712,19.36533
1053,712,6.662395
1058,712,9.34134
1059,712,9.027441
1089,712,9.098788
1092,712,6.164871
1093,712,6.950508
1094,712,10.322021
1095,712,10.283644
1096,712,10.283644
1097,712,10.283644
1053,713,5.954497
1058,713,7.619973
1059,713,9.669207
1076,713,12.669233
1077,713,12.041032
1078,713,9.34311
1086,713,5.511506
1087,713,6.029108
1088,713,4.645606
1089,713,3.831021
1090,713,4.564767
1091,713,4.911405
1092,713,3.897099
1093,713,3.276854
1094,713,2.201431
1095,713,2.201431
1096,713,1.201432
1097,713,1.861894
1098,713,1.887942
1099,713,7.786019
1100,713,7.257836
1101,713,6.825614
1102,713,9.754543
1103,713,3.933771
1115,713,12.117255
1116,713,17.361557
1117,713,19.062384
1118,713,26.200792
1120,713,20.172638
1121,713,14.691142
1122,713,8.651819
1125,713,12.72022
1126,713,4.074136
1127,713,11.794617
1019,408,12.126858
1089,408,16.28521
1095,408,27.357082
1099,408,14.942571
1086,409,23.500759
1088,409,13.868961
1089,409,16.348392
1094,409,21.692951
1095,409,28.813778
1096,409,20.850525
1098,409,15.054052
1099,409,12.405001
1109,409,7.026974
1110,409,2.189627
1111,409,2.329678
1112,409,2.34305
1115,409,4.451114
1116,409,10.783516
1053,714,6.22535
1055,714,6.978693
1056,714,6.506682
1057,714,6.138124
1058,714,7.375103
1059,714,10.508101
1104,714,4.860469
1114,714,6.628456
1115,714,5.560024
1116,714,4.276275
1117,714,6.214912
1118,714,7.329218
1119,714,7.963809
1120,714,7.95085
1121,714,6.203856
1122,714,5.902728
1123,714,18.859154
1124,714,4.065564
1125,714,4.993168
1126,714,2.30288
1127,714,2.469575
1128,714,12.06719
1053,715,7.907151
1067,715,9.805355
1068,715,9.282454
1069,715,11.494911
1070,715,11.212945
1071,715,11.175679
1072,715,13.01128
1073,715,18.198021
1074,715,22.512939
1076,715,13.055258
1077,715,13.547116
1078,715,15.594832
1122,715,16.949532
1123,715,10.642054
1124,715,5.472131
1125,715,6.910374
1126,715,4.010867
1127,715,3.237612
1128,715,12.611562
1021,410,10.627306
1086,410,26.051922
1088,410,26.048014
1089,410,11.650692
1090,410,11.27318
1099,410,14.654324
1107,410,22.330627
1111,410,27.463436
1112,410,22.50075
1113,410,22.61586
1114,410,7.002322
1115,410,9.328864
1018,411,27.551285
1020,411,13.039718
1087,411,25.377903
1088,411,11.468239
1089,411,7.822413
1090,411,11.572225
1095,411,14.028423
1096,411,24.340275
1099,411,21.042183
1110,411,18.243164
1111,411,15.6757
1058,717,23.775457
1059,717,24.664619
1079,717,28.601269
1091,717,3.137612
1154,717,17.690216
1018,412,12.373517
1020,412,15.457257
1021,412,9.017929
1062,412,27.881607
1063,412,25.096008
1064,412,9.37803
1087,412,22.341228
1088,412,10.073319
1089,412,22.125574
1090,412,17.305408
1095,412,20.680824
1096,412,8.069782
1097,412,22.704277
1098,412,13.110416
1099,412,22.480474
1102,718,23.721786
1103,718,8.983677
1161,718,19.628477
1162,718,28.520485
1021,413,10.122541
1023,413,17.267265
1026,413,4.857951
1096,413,21.547842
1097,413,24.094843
1098,413,7.260513
1099,413,13.241787
1079,719,8.474227
1160,719,28.493351
1161,719,15.214033
1023,414,12.665236
1026,414,3.535298
1090,414,15.21918
1095,414,13.230248
1096,414,10.597655
1097,414,5.599647
1098,414,6.269338
1099,414,3.797457
1026,415,6.139294
1088,415,22.903473
1089,415,18.258163
1090,415,15.437444
1091,415,24.136053
1092,415,21.11746
1096,415,25.146383
1097,415,6.080428
1098,415,3.918671
1099,415,16.214382
1104,415,15.08639
1105,415,5.887776
1106,415,6.108101
1026,416,4.621921
1091,416,19.080496
1092,416,23.69104
1095,416,18.503763
1096,416,17.8424
1097,416,16.283943
1099,416,19.026821
1080,721,8.058711
1104,721,5.507007
1114,721,20.769979
1115,721,18.364056
1116,721,9.773403
1117,721,8.00009
1118,721,12.981626
1119,721,8.21699
1120,721,18.635736
1121,721,15.483628
1122,721,9.346754
1123,721,10.91281
1125,721,7.506336
1126,721,17.248318
1162,721,26.455694
1163,721,27.944513
1066,722,11.193344
1067,722,12.473657
1068,722,4.612273
1072,722,3.87683
1073,722,4.197327
1074,722,5.925344
1075,722,19.397345
1079,722,19.017679
1115,722,3.580664
1117,722,2.665129
1118,722,2.877071
1124,722,3.111912
1125,722,3.772967
1126,722,9.440335
1127,722,12.656162
1026,417,7.770637
1098,417,16.092884
1105,417,4.287553
1106,417,2.840848
1065,723,28.754097
1073,723,6.288784
1074,723,7.417434
1075,723,3.947963
1077,723,1.907008
1078,723,9.110888
1026,418,16.136652
1046,724,7.739727
1047,724,6.388296
1064,724,15.103548
1065,724,11.614615
1074,724,20.013176
1077,724,7.881105
1078,724,4.662863
1106,420,25.204273
1117,420,10.495295
1045,725,4.625834
1046,725,13.773203
1047,725,10.450657
1048,725,8.672942
1049,725,10.669653
1065,725,11.753218
1074,725,22.393827
1077,725,15.847573
1106,725,15.408951
1107,725,9.221673
1107,421,24.750874
1112,421,20.279734
1115,421,27.303251
1116,421,27.509804
1109,422,5.364825
1110,422,11.407459
1115,422,4.287344
1045,726,5.945369
1046,726,13.146816
1047,726,26.855761
1065,726,7.908224
1077,726,13.080025
1106,726,20.453121
1107,726,14.379713
1113,726,12.072296
1114,726,9.248683
1065,727,12.805487
1070,727,0.585271
1071,727,1.122934
1084,727,3.524412
1085,727,3.850012
1086,727,0.409275
1094,727,12.571107
1095,727,9.066665
1096,727,11.886367
1106,727,22.792511
1107,727,5.927658
1113,727,8.197392
1114,727,1.172611
1115,727,2.912263
1116,727,2.55747
1117,727,0.889042
1118,727,0.922555
1121,727,1.138996
1054,728,20.571766
1055,728,25.447945
1064,728,22.610838
1065,728,13.650854
1070,728,0.085271
1077,728,29.294029
1078,728,21.026115
1084,728,5.602453
1085,728,1.245773
1086,728,0.116199
1107,728,6.855081
1119,728,1.332864
1121,728,2.3732
1123,728,1.518965
1124,728,1.360022
1125,728,1.126614
1061,729,3.330805
1062,729,5.45553
1063,729,7.138369
1064,729,3.20236
1078,729,12.250971
1085,729,4.703743
1086,729,0.858731
1061,730,26.906805
1062,730,2.865655
1063,730,6.615186
1064,730,6.917377
1065,730,3.592379
1069,730,9.89571
1071,730,4.196599
1072,730,13.989027
1078,730,8.160732
1107,730,11.94318
1148,426,0.624902
1125,427,24.388243
1149,427,1.642372
1068,731,23.309649
1069,731,13.89196
1078,731,21.132843
1072,732,25.385422
1125,428,28.19309
1126,428,1.452667
1149,428,0.831609
1151,733,14.953553
1063,429,5.679723
1064,429,18.839603
1067,429,28.877953
1068,429,21.066225
1071,429,28.22134
1072,429,22.29933
1125,429,17.108475
1157,429,0.02451
1201,429,9.955633
1202,429,8.219276
1150,734,28.768339
1064,430,8.188078
1065,430,7.272311
1066,430,6.831477
1092,430,29.606802
1102,430,25.760283
1125,430,18.232441
1194,430,15.385616
1198,430,3.74482
1201,430,20.873814
1202,430,19.821918
1203,430,2.159564
1204,430,1.322651
1205,430,3.377959
1096,431,27.073563
1097,431,24.844723
1099,431,24.009346
1100,431,12.549698
1101,431,26.517025
1102,431,26.615503
1103,431,25.505831
1125,431,15.423632
1150,431,2.174519
1199,431,9.80024
1203,431,13.023931
1204,431,3.821666
998,432,13.779529
999,432,15.641895
1079,432,27.890293
1092,432,29.683014
1093,432,14.966058
1094,432,8.140386
1095,432,7.985202
1096,432,4.763864
1097,432,4.914457
1098,432,9.228217
1099,432,3.615915
1100,432,4.148957
1101,432,6.225965
1102,432,6.334146
1103,432,15.433543
1104,432,8.904617
1115,432,27.719105
1116,432,24.580023
1119,432,22.097136
1125,432,14.635525
1126,432,1.880401
1150,432,0.898991
1156,432,0.033755
1201,432,9.630981
998,433,14.434956
1061,433,3.887349
1082,433,22.864567
1083,433,26.480778
1085,433,6.889036
1101,433,7.939703
1102,433,5.904904
1103,433,7.849195
1104,433,10.010725
1115,433,25.07258
1116,433,11.932258
1117,433,12.544259
1118,433,17.824308
1119,433,4.698464
1125,433,12.199894
1126,433,0.351519
1150,433,0.691937
1151,433,1.077298
1156,433,0.005747
1202,433,8.194878
1061,434,5.350058
1082,434,15.874738
1101,434,9.807161
1102,434,7.332886
1103,434,23.636616
1113,434,21.9165
1114,434,15.765826
1115,434,29.211887
1116,434,19.773939
1117,434,17.869909
1118,434,21.898876
1125,434,25.785452
1126,434,6.031488
1151,434,4.236408
1155,434,0.02451
1156,434,0.02451
1203,434,3.724909
1061,435,6.476891
1082,435,27.247404
1101,435,15.281395
1102,435,20.012859
1103,435,4.470031
1113,435,10.713324
1114,435,23.69977
1115,435,13.333364
1116,435,6.446444
1117,435,1.883318
1118,435,7.928936
1125,435,29.273472
1126,435,24.650764
1150,435,0.676311
1151,435,0.01436
1156,435,0.935877
1157,435,0.517655
1202,435,22.955099
1203,435,7.790488
1204,435,9.900609
1061,436,3.015891
1076,436,6.291255
1077,436,7.833721
1082,436,21.483471
1102,436,28.693659
1113,436,4.749978
1114,436,24.717941
1115,436,4.46004
1116,436,1.191064
1117,436,1.354668
1125,436,20.393122
1126,436,10.132815
1127,436,3.200596
1150,436,1.655287
1151,436,1.870473
1152,436,0.037531
1203,436,7.000973
1061,437,6.664513
1076,437,6.516929
1077,437,6.922101
1079,437,21.659079
1080,437,15.551269
1081,437,17.534473
1082,437,21.994877
1115,437,3.674656
1116,437,1.606208
1117,437,11.558938
1125,437,25.741865
1127,437,1.929023
1150,437,1.133574
1151,437,1.316106
1158,437,1.069222
1203,437,7.252703
1017,438,29.084021
1063,438,18.234804
1064,438,18.728779
1076,438,9.144703
1077,438,1.10665
1082,438,3.656662
1084,438,2.81108
1151,438,2.515308
1158,438,1.888536
1203,438,13.481186
1061,439,0.113413
1064,439,9.249611
1065,439,10.208582
1066,439,16.322798
1069,439,21.495422
1076,439,1.21118
1077,439,3.246574
1082,439,2.934294
1102,439,16.640511
1151,439,0.861586
1152,439,0.037531
1157,439,0.809124
1158,439,1.281359
1159,439,2.495507
1160,439,0.037531
1203,439,6.053568
1207,439,0.043289
1208,439,0.015954
1017,440,25.613216
1064,440,5.97594
1065,440,7.863821
1066,440,7.281683
1067,440,7.238404
1068,440,5.001004
1069,440,3.95976
1070,440,3.70779
1071,440,2.420858
1078,440,14.377576
1079,440,19.957977
1080,440,20.164248
1081,440,20.538799
1082,440,9.969281
1101,440,24.659863
1102,440,2.606282
1151,440,1.044012
1152,440,1.745164
1153,440,1.093595
1158,440,2.33124
1159,440,3.896135
1160,440,0.005747
1161,440,6.320322
1162,440,26.813612
1207,440,4.43713
1208,440,0.014992
1066,441,7.003547
1076,441,0.674814
1077,441,9.315304
1078,441,3.013417
1079,441,3.37347
1080,441,3.343808
1081,441,3.420292
1082,441,5.431723
1083,441,14.641663
1084,441,27.989277
1093,441,27.772106
1094,441,28.052473
1100,441,13.310919
1101,441,11.003923
1102,441,3.653987
1103,441,1.598796
1115,441,7.710716
1116,441,5.912134
1117,441,3.972127
1118,441,1.126206
1119,441,4.059344
1152,441,0.824797
1153,441,5.195603
1158,441,2.33124
1159,441,2.734936
1160,441,0.011259
1161,441,0.032083
1162,441,1.336315
1205,441,8.52873
1206,441,20.414278
1207,441,5.503565
1208,441,0.173014
1209,441,19.808601
1093,442,24.530233
1095,442,3.255446
1096,442,5.154233
1097,442,2.839063
1098,442,2.966963
1099,442,5.14827
1100,442,1.990485
1101,442,0.248861
1113,442,8.659389
1115,442,9.777568
1116,442,6.997066
1117,442,7.682824
1118,442,13.045574
1119,442,9.906858
1120,442,11.868489
1153,442,1.824255
1158,442,0.751063
1159,442,2.485807
1165,442,0.607168
1208,442,6.596584
1209,442,0.034963
1098,443,2.45605
1099,443,3.419118
1100,443,4.169761
1101,443,0.812055
1102,443,0.066875
1112,443,14.4825
1113,443,9.604963
1114,443,4.529349
1116,443,4.642067
1117,443,3.730597
1118,443,13.721744
1119,443,8.405493
1120,443,10.656849
1121,443,9.725024
1153,443,0.764083
1158,443,1.404529
1159,443,0.619243
1160,443,0.619243
1161,443,0.571509
1165,443,0.621048
1209,443,3.25659
1210,443,0.368296
1114,444,5.283039
1116,444,1.518026
1117,444,1.465168
1119,444,1.395623
1120,444,1.399015
1121,444,1.507163
1122,444,1.554977
1153,444,0.594693
1154,444,0.540602
1155,444,0.609011
1165,444,0.713318
1208,444,5.060019
1210,444,10.480082
998,445,28.112185
999,445,15.434983
1061,445,6.089247
1076,445,1.08745
1077,445,2.62609
1078,445,2.917802
1079,445,2.402867
1080,445,3.377914
1081,445,2.7306
1082,445,0.719727
1113,445,10.244465
1114,445,1.792426
1210,445,1.844276
1076,446,1.583265
1077,446,0.877287
1078,446,0.73375
1079,446,0.688868
1080,446,0.785221
1081,446,1.03796
1082,446,1.416367
1083,446,6.579133
1101,446,13.9388
1102,446,2.407308
1113,446,3.605338
1114,446,2.277435
1211,446,16.153271
1083,447,9.380054
1101,447,6.161979
1102,447,5.031703
1113,447,2.433244
1114,447,2.343361
1159,447,0.647785
1212,447,11.958508
1083,448,9.757462
1101,448,3.851265
1113,448,2.520584
1114,448,2.021067
1129,448,1.106816
999,449,9.545155
1079,449,12.105904
1080,449,9.798494
1081,449,18.011026
1082,449,13.165687
1083,449,16.409496
1101,449,3.318494
1113,449,1.72088
1129,449,8.350092
1130,449,0.64516
1155,449,0.662124
1064,450,10.965248
1065,450,9.108644
1066,450,7.31376
1079,450,15.137762
1080,450,13.734606
1081,450,26.220886
1082,450,12.903904
1083,450,14.399507
1113,450,2.786552
1114,450,2.08237
1129,450,10.309543
1130,450,0.590686
1217,450,6.633546
999,451,18.180075
1069,451,3.493051
1070,451,7.842249
1071,451,2.358025
1079,451,3.872346
1080,451,3.589808
1081,451,8.220407
1082,451,11.650806
1083,451,20.332565
1113,451,3.323818
1114,451,2.703973
1129,451,18.635006
1130,451,1.714116
1159,451,0.594499
1160,451,0.653411
1070,452,2.660486
1081,452,0.975732
1097,452,17.678759
1113,452,2.955464
1114,452,12.286748
1115,452,4.710852
1116,452,5.560724
1117,452,9.164287
1118,452,13.402767
1119,452,8.144227
1120,452,16.618937
1121,452,8.566158
1122,452,1.760674
1129,452,11.659661
1130,452,0.339631
1113,453,2.715337
1114,453,6.797551
1115,453,3.247362
1116,453,6.657766
1117,453,6.592775
1118,453,7.651577
1119,453,11.220841
1120,453,13.151939
1121,453,6.73328
1122,453,3.534616
1129,453,9.37995
1161,453,0.66835
1162,453,0.625894
1113,454,3.453367
1114,454,2.931181
1115,454,2.676002
1116,454,3.692135
1117,454,5.66411
1118,454,7.573408
1119,454,10.761018
1120,454,11.718766
1121,454,2.654295
1122,454,1.914006
1130,454,5.781575
1158,454,0.636429
1159,454,0.638448
1027,455,7.040101
1102,455,0.907889
1113,455,2.326929
1120,455,2.969844
1121,455,2.199475
1129,455,12.504412
1130,455,5.615923
1023,456,4.095933
1024,456,2.098532
1025,456,0.65379
1129,456,28.137119
1130,456,8.251111
1131,456,2.836354
1023,457,0.461212
1024,457,2.523001
1026,457,5.245447
1132,457,2.63723
1064,461,7.28184
1070,461,9.772184
1062,462,7.060388
1063,462,4.180491
1064,462,5.880558
1065,462,7.173165
1066,462,6.259477
1067,462,6.761294
1068,462,5.895756
1069,462,6.428393
1070,462,6.858625
1071,462,4.325341
1098,462,26.852104
1099,462,27.877769
1100,462,15.500083
1101,462,5.109868
1063,463,4.506731
1064,463,3.098667
1066,463,2.736019
1070,463,2.814881
1099,463,4.954696
1100,463,10.170694
1101,463,5.576942
1113,463,12.113534
1114,463,13.053172
1115,463,19.04953
1116,463,16.984375
1119,463,23.288218
1120,463,16.356073
1122,463,2.1678
1100,464,3.271112
1101,464,4.340598
1102,464,2.36399
1112,464,6.638038
1121,464,9.507223
1122,464,11.670649
1123,464,5.853203
1124,464,3.150901
1059,465,6.25569
1060,465,5.932514
1100,465,4.289115
1101,465,3.211827
1102,465,4.408371
1123,465,2.330209
1124,465,2.363132
1125,465,2.535242
1059,466,3.868183
1060,466,5.029618
1112,466,3.770545
1059,467,5.167027
1060,467,4.844571
1059,468,3.707794
1101,468,7.404199
1134,468,11.405091
1166,468,27.501266
1176,468,0.765507
1007,469,28.293806
1008,469,21.155783
1009,469,21.073204
1010,469,19.402237
1011,469,17.840008
1012,469,18.902834
1014,469,22.780819
1060,469,3.783444
1101,469,5.955112
1102,469,2.957678
1112,469,12.624135
1134,469,11.956243
1135,469,4.156343
1163,469,16.544477
1165,469,7.909801
1166,469,4.402279
1173,469,0.010442
1174,469,0.012806
1175,469,0.042402
1007,470,27.724443
1008,470,21.269915
1009,470,25.219917
1010,470,19.615261
1011,470,13.277632
1012,470,13.365014
1013,470,15.49774
1016,470,17.457518
1062,470,4.32849
1063,470,7.917098
1066,470,6.875635
1101,470,7.188543
1102,470,2.316336
1111,470,7.271135
1124,470,0.541615
1135,470,5.284207
1162,470,6.385073
1163,470,9.501287
1164,470,3.227848
1165,470,0.28488
1166,470,5.273602
1176,470,2.027209
1177,470,0.021712
1242,470,11.362439
1011,471,24.796118
1012,471,19.267931
1013,471,19.247864
1014,471,28.949728
1060,471,5.307131
1061,471,5.806395
1062,471,5.860805
1063,471,6.015125
1064,471,7.588715
1065,471,8.441994
1066,471,5.2972
1067,471,6.552701
1068,471,8.221007
1069,471,6.196192
1070,471,5.991884
1111,471,7.540933
1112,471,2.771262
1124,471,0.566315
1135,471,4.21276
1136,471,2.290584
1162,471,24.934093
1163,471,18.286327
1164,471,9.990136
1165,471,10.048267
1166,471,0.968382
1174,471,1.246553
1175,471,4.195878
1176,471,0.0162
1177,471,0.012806
1242,471,18.107616
1062,472,2.012705
1063,472,7.54314
1064,472,8.564286
1065,472,8.004074
1066,472,9.595388
1067,472,5.819456
1068,472,6.282431
1069,472,6.548154
1070,472,4.987453
1071,472,9.330885
1135,472,5.482643
1136,472,1.19173
1163,472,14.041754
1164,472,9.585363
1165,472,7.796187
1166,472,0.20814
1167,472,3.202943
1174,472,1.801627
1175,472,2.509329
1176,472,0.029152
1062,473,4.039508
1063,473,5.495125
1064,473,7.697803
1065,473,5.996192
1066,473,5.321165
1067,473,4.835757
1068,473,4.74566
1069,473,5.021342
1070,473,3.829266
1078,473,3.004813
1079,473,8.798742
1080,473,2.070376
1120,473,4.176244
1122,473,2.511421
1123,473,3.720995
1135,473,6.279847
1136,473,1.363487
1163,473,22.688175
1164,473,15.079121
1165,473,2.410988
1166,473,2.719749
1167,473,0.872973
1168,473,1.475666
1176,473,1.604007
1177,473,2.013958
1178,473,1.395451
1179,473,0.012457
1063,474,6.225229
1065,474,5.419376
1066,474,5.66003
1067,474,8.085453
1078,474,3.529313
1079,474,1.913254
1120,474,5.924475
1121,474,4.329041
1122,474,4.573703
1123,474,4.51766
1124,474,7.143953
1125,474,6.203075
1126,474,8.007369
1127,474,7.170266
1135,474,8.231884
1136,474,1.352445
1163,474,23.436708
1164,474,6.856015
1165,474,2.452574
1166,474,5.076062
1167,474,1.417251
1168,474,0.974155
1175,474,3.415775
1176,474,3.751646
1177,474,0.012457
1179,474,0.202524
1078,475,1.867625
1124,475,2.659686
1125,475,2.240304
1126,475,2.530552
1127,475,2.622869
1135,475,5.542267
1136,475,2.941124
1164,475,23.130087
1165,475,1.584065
1166,475,3.295366
1167,475,5.026825
1175,475,3.230763
1176,475,1.63971
1177,475,0.0162
1179,475,2.593291
1180,475,0.0162
1057,476,3.44769
1058,476,11.630159
1135,476,6.500989
1136,476,5.845804
1176,476,2.936533
1177,476,3.13509
1178,476,0.0162
1179,476,0.806369
1000,477,9.480083
1001,477,11.574889
1055,477,14.972349
1056,477,0.637323
1057,477,18.476343
1058,477,14.202871
1136,477,3.763367
1137,477,3.779806
1176,477,1.931955
1177,477,2.325508
1178,477,2.242049
998,478,13.888391
999,478,14.40236
1000,478,3.290513
1056,478,1.649509
1058,478,23.243221
999,479,16.768984
1000,479,9.377633
1001,479,9.218719
1055,479,9.847647
1056,479,1.84185
999,480,4.939703
1000,480,4.509858
1001,480,8.875307
1148,480,4.57461
999,481,0.986046
1000,481,3.905254
1001,481,9.678249
1054,481,6.364043
1055,481,5.636207
1056,481,3.054443
1182,481,2.026253
1183,481,2.097419
999,482,1.226716
1000,482,2.015837
1001,482,8.061869
1055,482,5.514269
1177,482,3.334726
1180,482,2.326832
1000,483,6.434806
1001,483,9.289245
1064,483,18.259272
1078,483,7.949885
1084,483,23.74876
999,484,3.822404
1000,484,5.059052
1001,484,8.994802
1063,484,19.496084
1064,484,12.10923
1123,484,9.882422
1168,484,16.400393
1169,484,2.200963
1170,484,2.108436
1171,484,3.90687
999,485,2.383714
1000,485,4.675217
1064,485,10.829363
1171,485,13.872731
1172,485,19.391977
999,486,5.573148
1000,486,4.440742
1135,486,13.064116
1136,486,6.541834
1137,486,9.158051
1138,486,4.606919
1139,486,4.166931
998,487,1.108781
999,487,10.390141
1000,487,14.536383
1137,487,5.752425
1138,487,7.782832
1139,487,5.475639
998,488,1.606362
999,488,13.606982
1149,488,18.436226
1149,489,14.454095
1150,489,0.034899
1184,489,3.669726
1185,489,1.335948
1186,489,2.197054
1149,490,12.524189
1181,490,1.987547
1182,490,1.35685
1170,491,4.565623
1179,491,1.403613
1180,491,2.453184
1181,491,0.922528
1067,492,3.506217
1068,492,3.365963
1069,492,3.405949
1080,492,6.533581
1081,492,6.388518
1082,492,5.46287
1170,492,1.920576
1176,492,2.09265
1177,492,1.847364
1178,492,2.708157
1179,492,1.570984
1180,492,1.702863
1067,493,3.619252
1068,493,4.066715
1069,493,3.401139
1081,493,6.464274
1082,493,5.38156
1083,493,4.563413
1084,493,3.798122
1085,493,3.084673
1176,493,4.650578
1177,493,1.079002
1178,493,3.201235
1067,494,3.233641
1153,494,7.067927
1120,495,2.394273
1121,495,2.582084
1122,495,2.760235
1123,495,2.599114
1124,495,2.591843
1152,495,6.315368
1153,495,9.05082
1127,496,5.137428
1128,496,5.920905
1129,496,7.317535
1130,496,7.426922
1131,496,6.867641
1132,496,7.140783
1133,496,6.9209
1134,496,8.774245
1135,496,12.545761
1136,496,1.927065
1137,496,1.951456
1138,496,1.780811
1153,496,4.151887
1184,496,1.300559
1047,497,5.877164
1048,497,12.288173
1049,497,18.57164
1050,497,2.032096
1051,497,3.422861
1052,497,2.524931
1053,497,3.294333
1140,497,8.946293
1141,497,1.021088
1153,497,4.408499
1154,497,0.254065
1178,497,3.353707
1179,497,4.469144
1180,497,1.817445
1181,497,1.659641
1182,497,2.685065
1183,497,0.205732
1184,497,0.531372
1047,498,11.935723
1048,498,26.428408
1152,498,5.320309
1153,498,3.817862
1154,498,0.038448
1179,498,8.421956
1180,498,3.338096
1181,498,5.225234
1182,498,2.560118
1183,498,0.054328
1047,499,12.363758
1048,499,5.862746
1052,499,19.226063
1053,499,28.155176
1152,499,6.978425
1153,499,4.314349
1154,499,0.033921
1179,499,5.989102
1180,499,4.681648
1181,499,4.022978
1182,499,1.279588
1183,499,1.09609
1047,500,10.615923
1048,500,9.557617
1053,500,26.840405
1152,500,5.338674
1153,500,6.693357
1154,500,0.734927
1155,500,0.215682
1180,500,6.679488
1181,500,4.09083
1182,500,3.376911
1183,500,6.910756
1052,501,14.264433
1053,501,23.65062
1152,501,5.485658
1153,501,4.946571
1154,501,3.595464
1155,501,0.392126
1180,501,23.667511
1181,501,2.830326
1182,501,0.687099
1183,501,0.091597
1151,502,9.84931
1152,502,4.822724
1153,502,5.154769
1154,502,7.283818
1181,502,29.273333
1182,502,14.495838
1183,502,3.025045
1184,502,4.142999
1154,503,5.145976
1155,503,9.031878
1182,503,15.142804
1183,503,7.091892
1184,503,1.348792
1182,504,19.251839
1183,504,23.92865
1184,504,11.346897
1184,505,18.702162
1185,505,0.10575
1183,506,22.714922
1184,506,14.028983
1185,506,17.514101
1186,506,7.706053
1034,507,28.070477
1036,507,25.412714
1186,507,12.637292
1038,508,18.972086
1040,508,22.687223
1041,508,16.755907
1042,508,29.891617
1186,508,15.006123
1187,509,0.482744
1187,510,2.90426
1041,515,6.218381
