2136,623,19.432259
2139,623,4.282403
2152,624,27.819836
2116,628,17.168224
2117,628,13.398592
2125,628,5.048227
2174,628,10.360636
2205,628,0.397087
2206,628,2.133089
2207,628,5.336485
2208,628,8.395945
2124,629,4.43175
2174,629,8.848254
2176,629,8.422778
2180,629,6.998187
2182,629,2.613926
2204,629,4.013772
2205,629,1.457531
2206,629,1.086669
2240,629,5.393648
2125,630,2.009344
2174,630,6.838965
2175,630,17.793167
2176,630,6.202516
2177,630,12.3535
2178,630,4.142997
2179,630,2.856965
2180,630,4.100834
2181,630,7.445037
2182,630,12.593731
2205,630,4.585432
2240,630,6.278322
2241,630,3.905064
2133,631,1.257536
2134,631,1.045188
2137,631,2.054393
2138,631,1.697458
2139,631,1.814231
2141,631,2.099323
2142,631,2.086817
2165,631,0.359573
2174,631,0.551975
2175,631,7.091557
2176,631,2.127091
2177,631,4.12741
2178,631,4.988404
2179,631,2.003678
2180,631,10.238837
2240,631,10.279824
2241,631,7.65006
2117,632,5.574554
2137,632,6.839955
2141,632,9.270928
2174,632,2.023404
2175,632,0.387038
2176,632,3.139622
2177,632,1.855575
2178,632,1.927386
2240,632,8.488965
2241,632,7.090621
2174,633,0.772154
2175,633,1.274448
2176,633,0.400733
2177,633,2.581842
2178,633,1.9139
2179,633,4.222441
2240,633,9.391789
2241,633,6.833737
2094,634,8.603065
2096,634,1.951617
2174,634,0.422705
2175,634,2.316104
2176,634,1.054197
2177,634,0.164036
2178,634,0.64119
2240,634,3.999702
2241,634,1.532947
2096,635,8.545382
2116,635,22.984657
2125,635,4.074562
2126,635,0.454312
2130,635,2.282197
2174,635,1.230439
2175,635,0.571021
2176,635,1.901792
2177,635,0.755426
2240,635,1.247412
2174,636,0.455153
2175,636,0.663635
2176,636,0.710973
2177,636,0.890672
2174,637,0.975122
2175,637,0.51599
2176,637,1.539027
2130,638,11.663748
2137,638,6.123377
2138,638,4.975852
2174,638,2.178658
2175,638,2.444623
2176,638,1.834514
2091,639,6.100662
2092,639,7.283324
2093,639,6.048938
2094,639,22.814552
2135,639,0.009975
2138,639,29.701574
2139,639,3.595146
2140,639,6.350163
2147,639,13.21909
2148,639,14.818089
2149,639,14.41432
2174,639,0.992884
2175,639,0.7154
2092,640,2.827967
2094,640,12.948267
2131,640,5.911396
2135,640,0.026517
2138,640,29.192579
2139,640,4.53741
2140,640,7.065381
2147,640,7.53427
2148,640,8.96772
2149,640,13.520688
2150,640,13.953007
2151,640,19.661463
2174,640,1.516846
2175,640,1.153223
2192,640,19.627645
2193,640,14.519011
2194,640,15.274407
2130,641,10.698824
2131,641,11.076833
2132,641,4.755685
2133,641,0.027333
2135,641,0.140357
2139,641,3.790271
2140,641,5.571015
2147,641,8.469966
2148,641,7.649543
2149,641,3.474149
2150,641,3.891099
2174,641,1.139715
2193,641,2.83768
2201,641,7.422958
2239,641,14.6982
2120,642,22.193892
2133,642,0.223882
2138,642,3.121384
2139,642,4.126654
2140,642,5.008521
2147,642,7.600235
2148,642,2.308194
2149,642,7.034934
2150,642,12.602847
2174,642,1.631032
2238,642,15.779545
2239,642,10.152925
2240,642,4.34681
2118,643,6.592598
2119,643,3.370355
2120,643,7.754923
2121,643,12.605817
2122,643,12.743658
2124,643,4.068291
2129,643,14.604525
2132,643,21.389168
2133,643,1.070838
2137,643,7.700717
2138,643,2.991903
2139,643,5.154899
2140,643,9.49919
2174,643,2.374122
2194,643,9.144556
2202,643,5.830263
2239,643,9.151736
2240,643,7.367809
2118,644,16.786251
2121,644,12.727071
2122,644,15.404224
2123,644,26.153408
2124,644,13.861972
2125,644,12.845162
2126,644,9.494843
2127,644,19.427999
2128,644,16.789059
2129,644,24.807487
2130,644,21.327419
2131,644,28.63072
2132,644,15.692118
2133,644,2.601265
2137,644,16.725004
2138,644,1.341786
2139,644,7.255373
2175,644,1.74014
2191,644,10.167066
2192,644,5.476236
2201,644,2.743323
2202,644,4.098998
2203,644,6.495064
2204,644,3.718484
2205,644,1.925626
2206,644,15.901573
2207,644,4.712145
2137,645,13.249517
2138,645,4.008047
2139,645,5.139119
2175,645,1.324556
2201,645,1.863462
2202,645,4.246812
2203,645,9.14628
2204,645,10.282733
2205,645,11.670941
2206,645,2.875493
2207,645,1.23125
2222,645,12.946954
2223,645,20.002869
2224,645,8.119349
2118,646,0.522849
2137,646,26.806156
2138,646,13.776241
2174,646,8.036343
2175,646,1.852026
2176,646,0.804556
2177,646,1.56007
2181,646,1.596898
2182,646,0.908708
2183,646,1.424045
2201,646,2.662386
2202,646,8.466867
2203,646,10.398765
2205,646,4.022123
2206,646,6.118546
2207,646,5.295498
2208,646,22.091064
2222,646,5.484853
2223,646,2.537485
2099,647,7.268048
2118,647,0.573599
2175,647,2.32034
2176,647,0.537807
2183,647,1.894083
2201,647,0.841131
2202,647,2.628865
2203,647,2.060241
2204,647,1.588109
2092,648,7.182212
2116,648,8.931108
2117,648,0.309712
2118,648,1.757158
2125,648,8.983334
2126,648,7.689003
2175,648,0.918242
2176,648,1.479895
2200,648,4.676502
2201,648,4.898314
2202,648,6.390224
2203,648,6.489792
2206,648,7.96117
2207,648,8.658941
2208,648,1.713791
2115,649,24.439373
2175,649,2.704555
2193,649,7.402689
2200,649,2.203609
2201,649,5.762372
2202,649,2.148884
2203,649,6.699993
2204,649,3.48215
2205,649,2.325481
2206,649,2.379839
2207,649,3.111382
2208,649,1.630358
2192,650,5.433193
2193,650,3.292855
2200,650,3.697813
2201,650,10.149633
2203,650,7.218477
2204,650,2.492455
2205,650,0.481546
2206,650,0.648063
2207,650,2.103345
2208,650,5.761542
2222,650,0.126909
2113,651,18.647041
2191,651,1.308511
2192,651,7.663521
2193,651,8.921397
2200,651,13.133473
2208,651,6.776614
2209,651,2.160922
2113,652,3.171169
2188,652,2.813371
2189,652,0.938232
2190,652,1.308511
2191,652,1.420225
2186,653,1.20263
2187,653,2.52277
2188,653,1.22233
2189,653,0.652908
2190,653,2.163413
2183,654,0.406081
2184,654,2.453233
2185,654,1.296456
2186,654,0.519719
2187,654,0.67803
2188,654,4.048544
2189,654,2.291898
2190,654,5.155112
2243,654,0.007426
2114,655,2.880495
2182,655,0.323026
2183,655,2.268089
2184,655,4.445268
2185,655,0.451935
2187,655,4.20422
2188,655,1.797798
2189,655,5.988054
2190,655,9.240074
2191,655,13.478771
2204,655,0.927411
2208,655,0.065702
2242,655,0.375333
2243,655,0.233828
2115,656,1.284144
2140,656,27.144384
2179,656,1.32447
2180,656,3.922276
2181,656,4.138325
2182,656,4.510677
2183,656,1.019957
2184,656,0.661916
2187,656,4.347456
2188,656,5.093917
2203,656,0.473989
2220,656,0.065569
2221,656,0.152384
2222,656,0.13242
2223,656,0.271385
2242,656,0.983861
2243,656,1.223932
2179,657,3.520986
2180,657,1.758692
2181,657,2.391915
2182,657,7.498956
2183,657,1.765553
2194,657,11.043621
2103,658,7.109869
2102,659,10.940478
2101,660,3.798594
2102,660,3.876778
2141,660,1.775558
2142,660,0.917279
2084,661,8.324022
2103,661,7.808726
2110,661,1.344317
2112,661,2.25671
2117,661,26.625332
2118,661,16.05485
2127,661,25.357956
2129,661,13.956966
2141,661,0.374136
2142,661,6.879124
2200,661,2.471314
2201,661,1.995437
2202,661,0.559108
2203,661,0.416873
2205,661,0.61491
2206,661,0.234543
2084,662,5.743832
2142,662,9.439287
2205,662,0.321761
2206,662,0.439689
2084,663,5.042366
2100,663,7.641959
2101,664,28.060965
2100,665,1.509719
2084,666,10.605746
2100,666,2.814182
2102,666,6.134905
2100,667,1.627512
2101,667,0.595717
2102,667,1.665958
2103,667,3.52616
2116,667,13.589846
2117,667,22.794407
2100,668,1.565411
2101,668,3.132344
2102,668,0.602175
2103,668,2.957695
2116,668,17.109894
2117,668,6.801883
2113,670,29.005655
2099,671,8.937197
2100,671,2.597207
2101,671,6.349861
2102,671,5.323742
2103,671,9.723354
2112,671,21.440269
2113,671,9.225298
2119,671,27.132963
2099,672,8.384005
2100,672,8.798871
2101,672,5.430564
2102,672,4.845946
2103,672,5.288309
2104,672,6.615165
2105,672,7.433807
2106,672,23.718191
2108,672,11.641929
2112,672,12.271468
2113,672,6.090345
2112,673,2.306974
2113,673,12.961173
2118,673,5.188996
2228,673,0.858377
2229,673,0.72666
2119,674,2.77375
2220,674,0.200097
2228,674,0.088656
2229,674,0.090796
2233,674,0.078044
2234,674,0.124353
2235,674,0.579748
2099,675,22.018349
2118,675,7.422574
2119,675,6.637423
2120,675,20.738766
2220,675,0.219997
2232,675,0.009303
2233,675,0.115379
2234,675,0.123936
2235,675,0.134335
2099,676,12.595082
2100,676,2.915074
2101,676,6.114894
2102,676,9.083493
2103,676,2.133294
2105,676,0.574636
2106,676,6.286748
2114,676,7.729431
2115,676,2.950962
2118,676,1.857367
2119,676,4.374228
2120,676,10.385987
2123,676,25.231339
2209,676,0.089721
2212,676,9.446539
2213,676,11.882742
2214,676,15.99221
2216,676,0.403712
2097,677,8.96631
2100,677,7.640679
2101,677,4.154028
2102,677,3.387101
2103,677,1.489302
2104,677,0.830228
2105,677,0.010204
2114,677,4.724839
2115,677,0.830252
2118,677,1.076739
2119,677,11.017417
2120,677,17.418392
2210,677,1.942376
2211,677,7.97429
2213,677,10.772963
2214,677,0.879876
2239,677,0.934469
2099,678,26.881924
2100,678,8.116079
2101,678,4.209507
2102,678,3.128041
2103,678,0.754287
2114,678,1.349842
2115,678,2.050328
2118,678,2.120725
2119,678,4.659898
2120,678,18.243862
2239,678,2.897114
2100,679,8.229153
2101,679,7.533206
2102,679,8.715528
2103,679,5.173248
2118,679,4.354264
2239,679,2.978839
2239,680,0.172578
2239,681,0.51201
2226,682,0.832336
2236,682,0.015345
2101,683,15.642907
2102,683,4.748865
2104,683,3.907163
2118,683,9.426011
2127,683,21.828991
2128,683,22.904974
2130,683,8.080666
2131,683,13.738245
2196,683,5.818342
2197,683,2.637788
2225,683,0.196637
2238,683,0.043031
2239,683,0.007426
2102,684,7.32304
2104,684,0.191289
2116,684,13.11172
2124,684,25.824648
2125,684,14.029105
2126,684,16.515368
2127,684,14.67103
2195,684,2.428532
2196,684,1.649671
2197,684,1.179212
2198,684,0.515586
2200,684,4.988909
2201,684,6.043148
2206,684,0.076923
2238,684,0.010309
2239,684,0.007426
2193,685,8.190617
2194,685,3.592592
2195,685,9.890691
2196,685,2.21169
2197,685,0.660608
2201,685,10.690373
2212,685,0.015345
2213,685,0.258997
2240,685,0.535585
2097,686,18.664581
2192,686,29.696922
2193,686,9.150193
2194,686,6.216548
2195,686,8.61412
2196,686,12.11317
2197,686,5.598705
2100,687,28.531099
2101,687,14.748327
2102,687,17.114185
2103,687,14.349236
2193,687,22.901663
2194,687,20.67654
2196,687,23.03632
2197,687,15.428789
2198,687,20.787075
2231,687,0.022013
2234,687,0.024773
2236,687,0.41436
2140,688,5.739519
2141,688,20.228901
2142,688,8.848828
2228,689,7.928264
2229,689,7.331326
2230,689,7.95799
2231,689,5.591221
2232,689,9.426439
2233,689,5.805681
2233,690,24.916252
2234,690,15.763352
2235,690,4.101641
2236,690,6.741338
2198,691,1.510054
2197,692,5.895725
2198,692,0.076076
2199,692,0.038362
2239,692,0.158351
2103,693,1.747617
2104,693,1.713419
2106,693,7.955376
2107,693,29.767136
2191,693,8.141177
2192,693,9.009991
2194,693,10.134487
2195,693,5.861009
2196,693,0.536473
2197,693,2.559062
2198,693,0.028679
2199,693,0.085027
2101,694,0.444555
2103,694,0.13341
2105,694,0.24508
2106,694,0.288625
2127,694,10.690742
2128,694,20.563396
2130,694,23.362305
2131,694,7.636041
2132,694,11.349399
2133,694,4.660308
2134,694,4.824914
2135,694,8.661461
2136,694,4.185041
2137,694,2.396815
2138,694,3.445976
2139,694,4.04302
2140,694,4.424646
2191,694,15.269738
2192,694,9.41742
2193,694,6.398122
2194,694,2.641636
2195,694,5.009571
2196,694,4.680098
2197,694,1.559736
2198,694,0.699641
2199,694,0.06761
2102,695,0.360293
2103,695,2.679632
2104,695,2.162834
2105,695,1.176486
2106,695,0.966395
2123,695,4.203537
2124,695,0.072707
2125,695,0.002697
2130,695,16.444767
2131,695,19.100821
2132,695,10.242796
2133,695,6.035861
2134,695,6.452659
2135,695,24.084122
2136,695,2.499881
2137,695,2.270479
2189,695,16.517361
2190,695,6.229216
2192,695,17.250927
2193,695,25.836866
2194,695,14.712433
2195,695,27.915213
2198,695,1.126863
2199,695,2.479514
2210,695,2.103159
2211,695,5.555352
2212,695,5.915142
2103,696,11.838831
2104,696,2.898875
2105,696,2.756048
2119,696,1.364109
2120,696,0.203296
2121,696,3.082196
2122,696,4.234067
2123,696,4.91481
2124,696,4.433781
2125,696,4.054361
2189,696,20.862751
2190,696,24.608992
2193,696,16.972565
2194,696,9.129493
2195,696,12.065983
2196,696,23.476267
2197,696,19.956017
2198,696,7.315197
2199,696,14.328623
2209,696,18.289017
2210,696,11.110767
2211,696,12.503037
2212,696,10.400965
2192,697,0.574849
2193,697,1.31584
2194,697,2.076972
2195,697,4.835163
2197,697,1.319878
2198,697,0.339609
2211,697,29.037735
2223,697,15.843829
2234,697,1.539515
2236,697,1.05366
2187,698,22.828182
2234,698,2.912165
2236,698,1.496969
2234,699,1.912161
2236,699,15.960953
2236,700,9.276432
2236,701,6.119864
2160,702,11.76045
2159,703,13.568438
2160,703,6.410184
2125,704,5.647017
2126,704,4.209211
2132,704,0.740155
2158,704,23.623339
2159,704,11.040437
2160,704,13.832441
2220,704,4.436554
2126,705,2.326906
2132,705,2.076365
2219,705,0.375859
2111,706,8.695333
2112,706,3.446414
2113,706,27.142195
2119,706,25.168346
2120,706,7.730688
2121,706,6.315818
2122,706,7.263077
2123,706,15.578347
2124,706,19.470051
2125,706,9.794951
2128,706,11.289766
2130,706,25.693209
2131,706,24.998583
2147,706,5.43948
2219,706,0.899309
2114,707,4.366965
2113,708,10.418806
2114,708,3.390679
2115,708,13.310179
2112,709,7.214412
2113,709,5.229758
2114,709,4.795506
2115,709,1.770798
2113,710,4.323443
2114,710,13.423485
2117,710,1.693119
2118,710,1.906049
2119,710,0.884328
2120,710,6.760258
2121,710,14.293692
2122,710,19.267815
2124,710,5.822821
2125,710,7.17487
2126,710,0.801057
2127,710,0.23922
2128,710,0.134615
2129,710,0.134615
2130,710,1.708603
2133,710,10.391651
2121,711,3.89521
2122,711,18.481701
2123,711,26.109674
2124,711,5.690042
2125,711,2.57779
2126,711,0.140326
2127,711,0.706033
2128,711,1.093716
2129,711,0.706033
2130,711,2.775459
2131,711,6.748206
2169,712,22.412174
2170,712,23.2495
2172,712,11.743362
2173,712,7.969931
2174,712,8.456676
2175,712,7.869374
2223,712,1.721113
2173,713,28.119202
2176,713,22.86725
2140,715,8.332583
2140,716,14.879094
2197,716,2.790701
2199,716,1.017397
2200,716,1.862911
2201,716,2.459291
2202,716,5.812454
2203,716,2.338556
2086,717,0.194293
2187,717,6.35146
2188,717,12.652463
2189,717,1.428576
2190,717,1.201898
2191,717,1.581813
2192,717,1.989282
2196,717,6.924804
2086,718,1.060101
2087,718,0.022288
2088,718,0.707674
2087,719,0.178216
2088,719,0.64694
2089,719,0.399466
2088,720,0.318497
2089,720,0.316359
2128,722,1.755381
2179,722,25.975918
2184,722,5.676846
2185,722,7.335841
2128,723,5.844874
2173,723,13.027086
2174,723,9.380259
2179,723,20.313112
2184,723,6.493634
2185,723,7.445411
2084,724,5.906369
2128,724,23.596077
2129,724,2.203131
2173,724,7.502831
2174,724,6.858982
2184,724,2.94768
2185,724,4.6771
2232,724,13.026613
2084,725,3.782741
2085,725,7.803309
2173,725,22.333084
2174,725,16.6465
2184,725,9.898835
2084,726,10.92269
2120,734,12.342532
2121,734,14.719272
2177,734,11.347554
2178,734,8.685514
2179,734,11.850371
2180,734,1.886757
2180,735,1.858188
2181,735,2.771928
2116,737,11.232619
2118,737,2.448339
2121,737,18.510798
2178,737,1.49747
2184,737,26.057396
2187,737,11.593561
2188,737,15.059019
2189,737,12.35781
2190,737,15.789586
2191,737,10.068414
2192,737,5.128146
2193,737,13.969584
2194,737,17.613615
2195,737,8.635311
2196,737,0.091161
2197,737,0.560311
2187,738,29.784832
2188,738,28.068666
2189,738,16.770342
2190,738,16.31595
2191,738,22.574764
2192,738,22.760178
2193,738,19.163662
2196,738,4.402039
2197,738,4.083395
2198,738,1.442599
2115,739,14.148849
2116,739,26.828291
2184,739,6.335292
2185,739,2.640318
2186,739,2.342422
2187,739,5.4637
2188,739,4.38789
2189,739,2.765431
2190,739,7.047923
2191,739,4.568076
2192,739,5.872182
2193,739,4.715396
2194,739,5.107725
2195,739,4.407344
2196,739,4.407344
2197,739,11.260355
2113,740,21.464966
2114,740,18.926542
2115,740,12.242736
2116,740,3.550499
2113,741,8.78204
2114,741,5.092916
2115,741,12.322483
2116,741,10.972047
2116,742,3.517659
2131,744,2.225708
2133,744,8.236582
2162,744,13.900144
2182,744,7.264597
2183,744,5.537711
2184,744,6.788347
2130,745,2.855372
2154,745,0.44288
2156,745,4.420191
2157,745,3.807013
2158,745,16.294916
2159,745,7.242408
2160,745,29.635935
2167,745,14.686248
2182,745,6.066531
2183,745,4.347517
2184,745,12.680218
2185,745,2.470706
2186,745,3.58775
2187,745,0.305034
2188,745,0.737746
2189,745,0.428255
2190,745,1.024798
2192,745,10.231691
2153,746,4.3256
2154,746,3.652357
2155,746,5.208782
2156,746,5.327336
2157,746,1.1356
2158,746,1.412554
2159,746,3.222041
2167,746,9.481192
2157,747,8.52932
2158,747,6.704108
2159,747,17.01976
2167,747,9.925237
2197,747,17.84347
2200,747,21.946735
2202,747,13.148352
2203,747,15.389243
2157,748,26.421038
2158,748,10.124989
2159,748,13.906748
2198,748,0.167153
2199,748,0.857845
2200,748,6.452034
2201,748,8.870774
2202,748,0.496793
2203,748,4.479574
2199,749,3.591294
2200,749,14.863431
2202,749,29.813972
2203,749,13.687309
2113,750,19.151064
2116,750,17.579906
2152,750,16.436773
2211,750,24.013872
2213,750,25.993717
2216,750,16.165125
2080,752,12.317728
2102,752,27.802446
2113,753,0.902851
2098,754,5.609992
2107,754,24.452652
2113,754,2.958574
2114,754,0.153629
2115,754,0.342507
2116,754,0.020619
2117,754,0.020619
2198,754,11.765825
2199,754,12.09167
2201,754,28.702652
2208,754,26.855953
2209,754,23.524618
2113,755,1.855112
2114,755,0.23156
2115,755,0.012048
2116,755,0.020619
2117,755,0.020619
2118,755,0.020619
2120,755,0.449823
2204,755,18.956287
2205,755,24.436935
2120,756,0.618969
2200,757,7.523937
2201,757,18.208366
2202,757,10.573235
2203,757,8.469359
2204,757,5.01815
2162,758,4.992594
2194,758,14.432162
2199,758,8.368011
2200,758,3.789729
2201,758,8.111732
2202,758,12.665458
2203,758,9.227506
2204,758,11.334276
2205,758,16.32288
2207,758,26.613525
2161,759,5.17531
2162,759,8.084567
2199,759,4.034111
2200,759,6.174786
2202,759,28.792923
2203,759,13.473508
2204,759,25.348118
2205,759,27.261181
2206,759,15.660176
2206,760,28.582842
2087,761,14.367518
2172,761,13.314828
2215,761,28.409691
2083,762,5.739007
2084,762,5.739007
2087,762,0.231327
2088,762,0.231327
2089,762,29.212736
2090,762,7.826585
2145,762,4.738451
2146,762,4.476821
2147,762,0.896762
2156,762,13.133218
2172,762,11.68242
2100,763,18.174849
2101,763,10.480918
2103,763,12.631983
2145,763,6.171359
2146,763,2.994887
2147,763,1.014893
2148,763,2.489799
2149,763,1.946981
2150,763,0.995647
2157,763,13.523915
2172,763,1.237193
2094,764,6.742586
2100,764,2.467448
2103,764,2.604612
2145,764,3.261651
2146,764,2.673117
2147,764,1.03137
2148,764,2.184907
2149,764,2.186063
2171,764,23.688311
2212,764,13.367658
2213,764,9.898636
2214,764,23.289314
2146,765,1.610965
2171,765,10.888694
2212,765,3.166216
2213,765,12.642798
2214,765,9.815438
2157,766,7.608171
2158,766,19.552431
2171,766,0.240873
2172,766,0.934292
2154,767,4.438556
2172,767,5.653593
2173,767,15.758881
2080,768,0.513343
2081,768,0.779069
2082,768,1.263773
2083,768,1.653519
2084,768,1.694974
2085,768,7.682198
2086,768,2.049079
2088,768,0.160198
2087,770,0.537152
2088,770,0.537152
2103,770,1.019048
2104,770,2.613941
2081,771,0.031915
2083,771,0.151568
2084,771,0.527946
2086,771,6.997252
2087,771,6.61714
2088,771,19.192789
2104,771,0.411068
2105,771,0.019048
2106,771,0.137567
2108,771,0.192382
2083,772,0.894642
2104,772,0.072937
2105,772,0.082646
2106,772,0.054423
2108,772,0.665728
2109,772,0.014184
2110,772,0.014184
2111,772,0.546892
2112,772,0.113162
2113,772,5.660329
2114,772,3.41343
2115,772,2.974368
2116,772,2.516025
2117,772,0.402944
2122,772,26.30814
2080,773,25.308376
2081,773,24.752087
2082,773,10.407666
2083,773,1.145446
2084,773,2.730011
2085,773,14.000776
2108,773,1.849414
2109,773,1.688522
2111,773,3.528238
2112,773,0.603885
2117,773,0.073875
2119,773,1.04893
2120,773,0.423304
2122,773,22.481579
2123,773,13.293263
2124,773,14.554505
2125,773,11.318465
2126,773,24.281515
2081,774,7.990503
2082,774,4.92383
2085,774,5.833304
2089,774,19.009192
2090,774,0.061944
2103,774,0.246095
2104,774,0.343415
2105,774,0.178383
2108,774,0.065395
2109,774,2.044412
2110,774,0.413067
2111,774,1.182817
2112,774,5.945284
2114,774,6.497668
2115,774,8.286321
2116,774,3.292541
2118,774,0.164249
2119,774,0.002697
2120,774,0.11369
2122,774,2.147071
2079,775,7.282693
2088,775,3.145434
2089,775,1.75927
2090,775,13.712364
2091,775,4.76049
2092,775,2.149281
2093,775,0.658536
2094,775,0.622549
2095,775,2.288192
2108,775,0.054423
2109,775,0.204876
2110,775,2.014009
2112,775,1.017095
2113,775,4.809536
2114,775,0.054423
2115,775,0.054423
2116,775,0.054423
2117,775,0.073875
2118,775,0.969235
2119,775,0.510407
2120,775,0.855321
2122,775,1.2518
2123,775,0.692495
2085,776,9.968609
2086,776,5.94725
2094,776,0.658536
2095,776,9.571864
2102,776,0.237126
2109,776,2.638301
2110,776,2.276975
2111,776,0.657636
2122,776,0.722655
2123,776,1.264573
2124,776,2.191016
2125,776,2.191016
2085,777,5.99677
2086,777,3.58016
2087,777,4.567874
2088,777,1.220581
2089,777,2.25248
2090,777,0.35217
2091,777,13.239931
2092,777,6.467336
2093,777,5.211422
2094,777,3.259274
2102,777,0.347225
2103,777,12.634024
2107,777,0.435306
2108,777,3.179051
2109,777,5.474394
2110,777,3.726786
2111,777,0.716114
2114,777,2.076443
2115,777,0.155234
2116,777,11.66116
2117,777,0.012048
2118,777,0.086207
2119,777,0.39981
2120,777,0.464806
2122,777,3.393604
2123,777,2.527907
2124,777,2.156992
2125,777,0.520861
2088,778,3.545574
2089,778,12.482136
2095,778,0.23091
2096,778,1.357838
2097,778,0.658536
2101,778,5.661954
2102,778,2.244623
2107,778,6.684918
2108,778,0.047648
2109,778,0.325293
2114,778,0.073875
2116,778,0.130556
2118,778,0.055556
2119,778,0.218888
2120,778,0.079139
2122,778,1.28117
2082,779,14.210417
2097,779,11.782992
2098,779,0.136364
2099,779,0.760235
2101,779,10.573199
2102,779,3.088378
2103,779,7.254505
2107,779,2.515166
2108,779,0.036952
2109,779,2.092508
2110,779,5.091127
2111,779,0.325293
2114,779,0.063062
2116,779,3.047648
2117,779,0.048714
2118,779,0.026333
2119,779,0.040419
2120,779,0.065395
2086,780,5.12582
2087,780,24.602478
2088,780,0.414157
2089,780,0.948805
2090,780,0.956024
2100,780,2.692442
2105,780,1.299006
2106,780,0.625653
2107,780,1.582608
2108,780,0.026333
2109,780,0.026333
2110,780,0.173146
2111,780,0.116425
2115,780,0.048714
2116,780,0.159732
2117,780,0.067532
2118,780,0.073942
2119,780,0.054423
2089,781,1.394478
2090,781,6.694896
2091,781,8.059094
2092,781,9.559052
2093,781,0.066952
2094,781,0.761375
2095,781,0.761375
2098,781,2.326162
2099,781,6.187848
2106,781,4.546734
2108,781,0.073942
2109,781,0.073942
2110,781,1.02706
2111,781,0.073942
2112,781,0.073942
2113,781,0.067532
2114,781,0.067532
2115,781,0.067532
2116,781,0.067532
2120,781,0.260213
2122,781,0.629592
2092,782,19.240843
2095,782,22.129576
2096,782,4.487128
2098,782,6.231287
2099,782,17.359116
2100,782,28.635094
2101,782,2.896139
2106,782,0.073942
2121,782,26.802191
2122,782,24.297329
2123,782,28.341652
2124,782,26.196625
2096,783,17.020554
2102,783,20.612974
2104,783,6.720185
2106,783,12.017608
2107,783,9.491653
2108,783,0.043478
2109,783,0.925946
2110,783,1.925946
2111,783,0.333333
2113,783,0.160149
2104,784,26.804882
2106,784,26.41238
2110,784,13.571391
2112,784,0.083593
2113,784,0.22713
2114,784,0.313405
2115,784,0.108873
2116,784,0.463071
2118,784,0.112492
2120,784,0.27452
2121,784,1.105571
2122,784,0.837718
2123,784,0.546259
2124,784,1.635008
2125,784,0.610939
2110,785,11.501638
2111,785,4.489105
2112,785,4.920883
2113,785,6.316011
2114,785,6.659263
2115,785,9.289494
2116,785,2.708735
2118,785,2.098842
2119,785,4.663038
2120,785,8.889987
2121,785,18.615351
2122,785,10.300953
2123,785,9.346098
2124,785,0.623835
2125,785,1.111026
2126,785,0.52542
2127,785,6.793334
2110,786,8.828897
2111,786,18.977467
2112,786,12.00063
2113,786,15.8543
2114,786,14.896249
2115,786,12.696067
2116,786,21.652679
2118,786,2.13988
2119,786,2.228711
2120,786,1.22412
2121,786,24.617573
2122,786,21.195086
2125,786,15.368803
2126,786,17.675478
2127,786,7.833604
2128,786,1.298658
2129,786,1.442454
2130,786,0.863715
2131,786,2.325006
2132,786,17.070526
2124,787,28.620132
2127,787,19.59659
2128,787,13.080069
2129,787,28.578672
2130,787,1.805101
2131,787,1.805101
2132,787,4.189838
2134,787,6.337173
2100,797,20.75201
2105,798,9.82462
2109,800,14.114057
