107,848,0.09882
108,848,0.05191
109,848,0.069828
108,849,0.190963
109,849,0.154723
110,849,1.153516
6,850,0.118746
7,850,0.041237
71,850,2.88247
102,850,4.805507
103,850,3.47471
104,850,1.235974
110,850,0.140205
111,850,0.075372
112,850,1.128332
71,851,5.361403
72,851,2.129108
73,851,0.092164
102,851,5.161078
103,851,4.666703
104,851,3.892296
105,851,1.902654
111,851,1.149232
112,851,1.416076
113,851,0.427147
114,851,0.506825
4,852,0.12105
6,852,0.104654
7,852,0.035197
72,852,3.885334
73,852,1.284017
74,852,1.593462
106,852,2.954012
107,852,1.676702
113,852,0.558686
114,852,0.825424
115,852,2.140504
116,852,1.756142
2,853,0.035197
3,853,0.470542
4,853,1.956114
5,853,2.25545
6,853,5.037177
7,853,0.101039
74,853,3.761872
84,853,0.079655
85,853,0.046036
107,853,3.005086
108,853,1.3811
109,853,0.37827
115,853,3.835229
116,853,28.755127
122,853,1.577294
2,854,1.249886
3,854,3.310644
74,854,5.343584
83,854,0.897236
84,854,1.700327
85,854,0.612315
86,854,0.101493
87,854,0.043606
108,854,1.743155
109,854,0.89251
110,854,0.317754
122,854,10.817804
123,854,0.205847
124,854,1.61987
76,855,27.904308
83,855,3.501565
84,855,2.529593
85,855,2.136506
86,855,1.2957
87,855,10.75924
88,855,1.559575
109,855,6.013425
110,855,4.242326
111,855,0.444019
112,855,1.326792
121,855,8.798046
122,855,4.669438
123,855,12.63158
124,855,0.379022
78,856,5.801225
84,856,5.914047
85,856,4.363227
86,856,3.766073
87,856,4.417434
88,856,19.731491
89,856,2.602445
90,856,0.17227
111,856,0.455314
112,856,0.461204
113,856,3.15348
114,856,0.375679
122,856,21.633734
124,856,18.364183
125,856,1.780339
8,857,8.758101
88,857,11.031113
89,857,14.369466
90,857,2.759643
91,857,1.719373
92,857,0.112937
113,857,0.897101
114,857,0.430931
115,857,0.443532
125,857,13.119331
126,857,20.45443
127,857,9.699625
90,858,23.037073
92,858,9.143855
93,858,1.445243
94,858,1.21526
108,858,1.241873
115,858,1.705186
116,858,0.942517
126,858,21.810163
92,859,22.359884
93,859,20.552641
94,859,3.234369
95,859,3.092108
108,859,5.197918
109,859,3.346074
110,859,2.003868
111,859,0.286848
94,860,29.431801
95,860,15.661027
96,860,26.613335
111,860,4.454023
112,860,0.638878
111,861,5.644329
112,861,6.011031
113,861,0.483213
112,862,17.583702
113,862,12.890016
116,862,0.800063
117,862,0.541905
48,863,9.694874
116,863,3.437141
117,863,0.351203
118,863,1.279643
119,863,0.695842
115,864,5.315589
116,864,1.722925
117,864,2.552531
118,864,3.050145
119,864,1.178695
120,864,0.439411
118,865,2.20428
119,865,9.302279
120,865,1.319015
121,865,0.776493
112,868,12.046209
113,868,2.355614
112,869,8.568739
113,869,2.445899
114,869,2.785587
113,870,9.135466
114,870,9.722727
115,870,3.721043
144,870,24.545666
87,871,4.878946
88,871,1.644638
89,871,3.105947
90,871,2.300416
115,871,14.060517
116,871,18.130915
87,872,11.689058
88,872,4.236658
89,872,5.133183
90,872,14.71067
117,872,7.094723
80,875,6.412602
2,876,3.415223
80,876,8.034141
81,876,3.074605
82,876,1.047698
2,877,3.465781
80,877,4.055022
81,877,0.947267
82,877,0.159435
3,878,2.11549
57,878,1.994001
58,878,3.087788
59,878,8.234255
80,878,2.100662
81,878,0.233208
82,878,0.646198
58,879,0.064961
59,879,3.753136
60,879,6.519223
61,879,0.080359
80,879,3.42073
27,880,16.184416
28,880,4.684453
29,880,4.693332
58,880,0.164419
59,880,0.515599
60,880,0.341202
61,880,1.590353
62,880,0.102365
63,880,2.289369
79,880,4.765496
80,880,4.120365
33,881,0.547931
57,881,0.976883
58,881,0.035197
59,881,0.31467
60,881,1.123078
61,881,1.107379
62,881,0.590446
63,881,0.896293
64,881,1.471691
65,881,5.61108
79,881,3.025527
80,881,3.513756
33,882,3.252003
34,882,0.93597
47,882,3.587982
57,882,0.225437
58,882,0.276313
59,882,0.887086
61,882,3.491745
62,882,3.945622
63,882,2.111261
64,882,2.869277
65,882,6.671483
27,883,6.771559
28,883,5.327017
29,883,4.247511
30,883,5.006249
33,883,0.097143
34,883,0.163744
48,883,2.691191
49,883,2.994724
50,883,0.680873
51,883,0.256406
56,883,2.167603
57,883,0.039175
58,883,0.264714
59,883,2.22793
28,884,11.133823
29,884,1.439789
30,884,2.579034
33,884,0.091009
34,884,0.226728
50,884,7.436666
51,884,1.598577
52,884,3.20979
55,884,0.052971
56,884,0.10143
57,884,0.17703
58,884,0.318009
59,884,1.050721
60,884,2.213263
28,885,1.325592
29,885,0.476657
30,885,1.388489
32,885,0.251332
33,885,0.417339
34,885,0.198465
52,885,5.802687
54,885,1.741461
55,885,0.146016
57,885,0.887181
58,885,0.407705
59,885,0.230831
60,885,4.929372
61,885,3.121691
69,885,0.390161
27,886,1.276269
28,886,0.154897
29,886,0.765414
30,886,2.372451
31,886,0.251332
54,886,3.65824
55,886,5.18548
56,886,2.345676
57,886,0.431998
59,886,0.221432
60,886,0.203845
61,886,0.562351
69,886,0.619016
72,886,1.105398
27,887,2.756809
28,887,0.590891
29,887,2.208364
30,887,2.798728
31,887,1.17594
32,887,2.550648
33,887,0.367361
57,887,14.591598
58,887,0.221432
61,887,0.605297
69,887,0.414635
70,887,0.415799
71,887,0.354041
122,887,2.225613
31,888,8.390944
32,888,0.392593
33,888,0.47401
38,888,0.147023
39,888,0.079612
40,888,0.12061
60,888,1.45501
68,888,0.414635
70,888,0.103377
71,888,0.259607
72,888,0.337807
27,889,3.799668
28,889,2.077011
31,889,2.19708
32,889,0.365973
33,889,0.536908
37,889,4.208441
40,889,0.146629
41,889,0.434072
42,889,0.445085
67,889,0.593357
68,889,0.286842
69,889,0.184078
70,889,0.153458
71,889,0.01216
73,889,3.736022
74,889,2.425523
27,890,2.234184
28,890,0.402695
31,890,0.980659
32,890,0.336327
33,890,0.42536
36,890,4.365203
37,890,4.64351
38,890,3.756105
39,890,12.027884
40,890,20.006565
41,890,0.113198
42,890,0.109435
43,890,0.130887
44,890,0.492821
67,890,0.251505
68,890,0.239682
69,890,0.181289
70,890,0.233199
71,890,1.661661
72,890,0.920389
27,891,1.385547
28,891,0.299809
30,891,15.624201
31,891,1.028141
32,891,0.30521
33,891,1.369309
36,891,7.560135
37,891,4.502857
38,891,6.212925
39,891,5.382919
40,891,5.41269
42,891,18.692371
43,891,0.20463
44,891,0.031447
45,891,0.159252
46,891,0.269551
67,891,0.220521
69,891,0.181289
70,891,0.493235
71,891,0.687378
72,891,1.696502
119,891,3.812163
27,892,1.390635
28,892,0.406533
31,892,0.519556
32,892,1.769084
33,892,2.977559
36,892,3.573629
37,892,0.842957
38,892,3.454644
39,892,3.649377
40,892,1.838424
41,892,2.233658
42,892,2.054114
44,892,27.351131
45,892,0.160436
46,892,0.246334
47,892,0.135631
69,892,0.366969
71,892,0.803748
72,892,0.352979
75,892,8.668418
119,892,2.504827
27,893,1.370102
28,893,1.496487
30,893,13.172486
31,893,1.276735
32,893,3.076876
36,893,6.594672
37,893,1.82643
38,893,3.834337
39,893,1.802734
40,893,2.696384
41,893,1.332178
42,893,12.090328
44,893,4.756959
47,893,0.219647
48,893,0.330885
49,893,0.273455
75,893,0.752792
118,893,3.455573
119,893,1.351966
6,894,15.243092
27,894,2.08688
28,894,0.529319
31,894,0.416071
32,894,4.623255
38,894,4.573632
39,894,3.406674
40,894,1.600213
41,894,1.869356
42,894,2.038296
43,894,2.1849
44,894,2.155224
45,894,4.730333
49,894,0.155187
50,894,0.10041
51,894,2.712416
118,894,1.884474
4,895,15.692688
5,895,17.940479
6,895,11.128191
27,895,1.370102
28,895,0.458447
30,895,0.776506
31,895,0.510884
32,895,1.22148
33,895,2.388303
34,895,2.341964
39,895,0.806615
40,895,0.857531
41,895,0.503962
42,895,0.598399
43,895,1.028349
44,895,2.501231
45,895,4.411944
46,895,8.48287
47,895,12.053949
50,895,0.139463
51,895,0.124988
52,895,0.323369
53,895,4.382291
117,895,1.993792
118,895,1.175337
5,896,22.494038
27,896,1.401282
28,896,0.855005
30,896,0.529834
31,896,0.480835
32,896,5.128812
33,896,1.82947
34,896,3.285209
38,896,1.305687
40,896,0.559905
41,896,0.875515
42,896,0.886405
43,896,1.004955
44,896,1.482483
45,896,3.153558
46,896,3.718588
47,896,4.309744
48,896,8.465955
49,896,9.506016
52,896,0.285343
53,896,0.233175
54,896,0.37953
55,896,17.428648
86,896,4.771303
116,896,2.212198
117,896,1.26252
27,897,5.162589
28,897,1.599439
30,897,2.530136
31,897,8.214651
32,897,2.221767
33,897,3.920777
39,897,0.70969
40,897,0.303755
42,897,0.785299
43,897,0.933733
44,897,2.455515
45,897,4.735548
46,897,3.841486
47,897,4.10568
48,897,2.43894
49,897,4.775745
50,897,6.819588
51,897,11.374788
54,897,0.290317
55,897,1.757542
56,897,10.870725
78,897,17.183344
85,897,1.665516
86,897,5.847284
116,897,1.272295
117,897,1.005296
27,898,2.152158
28,898,2.482131
30,898,8.393594
31,898,6.782028
32,898,11.238329
38,898,0.273397
40,898,1.65557
41,898,3.029293
42,898,1.319731
43,898,3.106103
44,898,3.995532
48,898,3.506276
49,898,2.741467
50,898,3.061193
51,898,4.088543
52,898,4.209369
53,898,9.444204
56,898,0.980717
57,898,1.610744
58,898,28.240072
80,898,11.07627
81,898,9.066625
115,898,4.244246
116,898,1.941377
38,899,0.479016
39,899,0.522582
40,899,0.66457
42,899,3.727463
43,899,1.848345
44,899,1.670422
49,899,1.911579
50,899,2.083683
51,899,4.348244
52,899,2.049105
53,899,4.506051
54,899,14.614286
58,899,3.383807
59,899,2.751887
82,899,3.015746
84,899,0.704456
115,899,2.071771
30,900,7.792732
31,900,6.846006
32,900,19.256929
38,900,2.619171
39,900,0.293836
40,900,0.254116
41,900,0.525452
49,900,0.814462
50,900,5.744874
51,900,3.192633
52,900,2.095498
53,900,2.86891
54,900,6.669262
55,900,6.761272
56,900,24.509724
82,900,1.10175
83,900,1.676792
114,900,3.382309
115,900,3.317761
30,901,3.116056
31,901,1.367391
32,901,1.416392
37,901,3.235865
40,901,0.679273
41,901,0.315695
42,901,3.363962
49,901,0.874329
50,901,1.867669
51,901,1.007367
52,901,1.17755
54,901,5.718053
64,901,13.616115
114,901,3.130708
30,902,3.452681
31,902,4.40804
34,902,3.126475
36,902,2.793297
37,902,2.58505
38,902,1.936479
39,902,0.679273
41,902,1.730886
42,902,0.599692
43,902,0.245853
49,902,4.007831
64,902,0.902563
85,902,20.995312
114,902,2.002792
28,903,3.11292
29,903,12.739457
30,903,10.420881
31,903,3.652183
34,903,3.244139
39,903,6.424697
40,903,2.32988
41,903,1.44346
61,903,13.885354
62,903,1.632328
63,903,0.638469
66,903,0.985533
113,903,4.518234
114,903,0.699784
28,904,6.812652
29,904,5.459833
30,904,14.695396
60,904,3.856591
61,904,2.278186
62,904,1.132663
63,904,0.159152
64,904,0.514701
65,904,2.538477
71,904,12.257675
82,904,5.960106
32,905,11.317757
33,905,11.354123
60,905,0.339424
64,905,0.414875
65,905,0.4462
66,905,1.153358
67,905,2.222633
81,905,19.876406
82,905,11.922997
83,905,1.682891
84,905,0.432658
35,906,6.136895
36,906,4.538085
59,906,2.364829
65,906,0.262392
66,906,0.504351
67,906,0.112266
68,906,0.712873
69,906,2.07353
81,906,2.43225
82,906,1.848705
83,906,4.316325
84,906,1.003007
85,906,9.065931
86,906,2.190159
114,906,1.537248
59,907,2.253964
66,907,1.593725
67,907,0.253335
68,907,0.341684
69,907,0.205178
70,907,0.766204
71,907,1.164337
83,907,1.677929
84,907,1.748524
85,907,2.154171
86,907,11.504755
87,907,14.971004
128,907,2.527684
132,907,7.131209
69,908,0.430607
70,908,0.37037
71,908,1.184666
72,908,0.954869
73,908,2.431635
84,908,2.045878
85,908,2.819737
86,908,0.563338
87,908,1.010011
88,908,6.521767
89,908,7.031717
125,908,0.389752
128,908,0.799096
129,908,2.072534
130,908,2.269292
131,908,0.444094
132,908,3.693644
143,908,0.407484
69,909,0.289936
70,909,0.144873
71,909,0.062733
72,909,2.156728
73,909,0.855879
74,909,1.283814
75,909,0.164873
78,909,2.296578
79,909,7.555101
85,909,2.79095
86,909,3.558229
87,909,0.877875
88,909,0.950849
89,909,0.427522
90,909,18.431866
91,909,8.924623
125,909,1.463792
126,909,0.548936
127,909,0.648709
128,909,3.339038
129,909,0.705507
130,909,0.153255
131,909,0.434963
143,909,0.516585
67,910,0.064516
68,910,0.083089
69,910,0.073459
70,910,0.180722
71,910,0.319412
72,910,0.371883
73,910,0.533843
74,910,1.113313
75,910,0.590261
76,910,0.695755
77,910,2.629832
86,910,1.50763
87,910,1.975685
88,910,2.495392
89,910,2.033089
90,910,0.458853
91,910,0.74947
92,910,15.885159
125,910,2.069743
126,910,0.628281
127,910,1.847498
128,910,0.802521
129,910,0.460941
130,910,0.193285
131,910,0.899932
132,910,0.365322
144,910,0.656013
66,911,1.61849
67,911,0.025
68,911,0.431779
69,911,0.180722
70,911,0.289151
71,911,0.466812
75,911,0.58814
76,911,0.49083
77,911,0.624957
78,911,2.902558
88,911,1.512565
89,911,2.05559
90,911,1.736736
91,911,1.8618
92,911,1.32567
93,911,4.139054
126,911,2.375685
127,911,2.964872
128,911,0.829649
129,911,0.283194
130,911,0.414613
131,911,0.899932
132,911,0.251137
144,911,1.600966
65,912,1.459851
66,912,0.119976
67,912,1.025
68,912,0.112138
69,912,0.319412
70,912,0.382175
91,912,5.141357
92,912,1.488248
126,912,1.705571
127,912,2.181978
128,912,0.53686
129,912,0.302236
130,912,0.768793
131,912,1.016514
132,912,0.299565
144,912,0.954585
64,913,1.048675
65,913,0.081835
66,913,0.094853
67,913,0.025
68,913,0.155127
69,913,0.274523
92,913,10.825316
93,913,3.562897
94,913,1.359267
100,913,1.776686
108,913,3.761582
126,913,1.705571
127,913,1.709557
128,913,0.789287
129,913,0.329385
130,913,1.162993
131,913,1.188914
132,913,0.307011
144,913,1.342594
64,914,0.843535
65,914,0.527129
66,914,0.089656
67,914,0.522563
68,914,0.100276
69,914,0.025
70,914,0.337553
71,914,0.308405
72,914,2.769526
83,914,1.450642
94,914,11.241722
95,914,2.656888
101,914,0.992272
109,914,8.456968
127,914,2.066519
128,914,0.624234
129,914,0.329385
130,914,1.173684
131,914,1.188914
132,914,0.300954
144,914,1.342594
65,915,0.237398
66,915,2.329087
67,915,0.642081
68,915,0.195886
69,915,0.13366
70,915,0.349781
71,915,0.332007
72,915,1.216769
127,915,4.03068
128,915,0.733935
129,915,0.56487
130,915,0.588517
131,915,1.188914
132,915,0.931065
144,915,0.293508
68,916,0.509015
69,916,0.071956
70,916,0.076989
71,916,1.745128
127,916,2.878239
128,916,0.733935
129,916,0.351575
130,916,0.588517
131,916,1.346789
132,916,1.262308
144,916,0.727197
68,917,4.2116
69,917,1.848964
70,917,0.225299
71,917,1.344765
82,917,3.71041
127,917,3.671547
128,917,0.91777
129,917,0.753126
130,917,0.278188
131,917,1.131416
132,917,1.275496
144,917,0.931065
70,918,0.438963
83,918,2.260588
85,918,0.742571
92,918,0.725849
103,918,1.399305
104,918,1.827293
105,918,2.492737
127,918,2.801625
128,918,1.283371
129,918,1.321859
130,918,0.292846
131,918,1.131416
132,918,2.380941
144,918,0.931065
86,919,0.937916
87,919,1.918871
88,919,1.93985
99,919,1.693558
106,919,2.801525
127,919,2.774609
128,919,1.227485
129,919,0.946929
130,919,0.219215
131,919,1.431597
132,919,3.394594
144,919,3.156799
88,920,0.600265
89,920,1.26002
90,920,2.446787
91,920,0.749283
96,920,0.972778
106,920,1.148916
107,920,1.217175
127,920,2.40422
128,920,1.247246
129,920,0.91887
130,920,0.265458
131,920,1.310322
132,920,2.629793
144,920,3.156799
29,921,24.938478
31,921,21.53311
41,921,21.791029
97,921,1.753085
104,921,5.33739
105,921,0.421172
127,921,2.217744
128,921,1.212319
129,921,0.354444
130,921,0.280604
131,921,1.405552
132,921,1.58385
144,921,3.394594
30,922,19.266193
31,922,9.29618
40,922,26.649118
94,922,0.439571
104,922,3.869056
105,922,7.116126
106,922,18.523542
127,922,2.347171
128,922,1.062118
129,922,0.639263
130,922,0.37789
131,922,0.614953
132,922,1.479687
133,922,1.061227
143,922,1.061227
144,922,1.479687
31,923,7.809479
40,923,15.940032
41,923,7.790516
96,923,1.971977
103,923,8.633553
104,923,1.477151
105,923,1.979378
126,923,0.778021
127,923,4.105072
128,923,1.50365
129,923,1.471616
130,923,0.23977
131,923,0.594003
132,923,1.479687
133,923,1.061227
143,923,2.561227
144,923,2.146449
29,924,29.693243
30,924,17.993351
31,924,19.6444
40,924,18.776556
41,924,24.898781
98,924,0.638992
99,924,0.520499
103,924,3.919087
104,924,0.398198
105,924,3.566253
126,924,1.294746
127,924,1.537985
128,924,1.916736
129,924,0.581675
130,924,0.468081
131,924,0.800677
132,924,1.84621
133,924,1.061227
143,924,1.416089
144,924,1.897799
30,925,22.314569
31,925,21.040606
41,925,28.514761
79,925,0.038909
85,925,9.407571
86,925,5.105034
99,925,1.22002
100,925,11.738867
101,925,5.274192
102,925,7.398644
103,925,1.655773
104,925,4.402269
126,925,0.627481
127,925,0.348329
128,925,1.158431
129,925,0.700169
130,925,1.368799
131,925,0.534418
132,925,2.35953
133,925,1.58395
143,925,1.542598
144,925,3.328739
85,926,9.674593
86,926,0.766765
100,926,13.568892
101,926,15.449054
102,926,19.059137
103,926,24.41144
112,926,0.534718
113,926,0.366432
125,926,0.730387
126,926,0.415681
127,926,1.228418
128,926,2.150522
129,926,1.691634
130,926,1.218763
131,926,8.574838
132,926,2.54153
133,926,1.801673
144,926,2.255907
86,927,6.793273
100,927,2.380169
101,927,15.606842
102,927,18.163551
129,927,9.666281
130,927,2.459354
131,927,0.847766
132,927,10.346254
133,927,1.842893
144,927,26.068937
86,928,16.057949
87,928,24.560368
100,928,2.031177
101,928,23.065275
113,928,1.211604
130,928,4.325227
3,930,29.73221
51,930,2.436764
2,931,15.845564
3,931,8.656279
51,931,8.330462
113,931,5.47588
2,932,9.954875
3,932,12.276139
113,932,8.596946
3,933,9.260991
95,936,1.165826
25,937,1.127431
26,937,1.302756
3,938,10.229584
4,938,15.575474
25,938,0.737314
26,938,0.172146
3,939,8.243871
4,939,6.288314
24,939,3.974747
25,939,1.76693
26,939,0.176189
119,939,8.635971
24,940,4.620229
25,940,0.544703
26,940,3.255573
24,941,5.426158
25,941,3.287049
26,941,4.488614
50,941,4.38181
79,941,1.798478
122,941,18.765289
79,942,0.024231
84,942,13.905581
79,943,1.209248
84,943,16.904339
85,943,0.980127
86,943,0.190797
87,943,0.600972
88,943,0.754908
89,943,1.852493
129,943,17.976917
130,943,23.052998
131,943,18.615255
132,943,22.702736
73,944,16.001839
80,944,2.220584
84,944,3.78267
85,944,0.388138
86,944,0.15569
87,944,0.27023
88,944,1.33614
89,944,21.804375
128,944,15.099918
129,944,20.11577
130,944,25.460968
131,944,11.863026
132,944,8.090596
133,944,6.678576
135,944,6.443743
73,945,24.486109
80,945,0.01216
81,945,0.040492
84,945,0.557315
85,945,1.164152
86,945,0.101042
87,945,0.262917
88,945,0.031796
89,945,0.161685
90,945,7.357753
128,945,8.674762
130,945,12.958351
131,945,17.120632
132,945,10.653439
133,945,3.24588
134,945,4.003153
135,945,3.827886
80,946,0.013614
81,946,0.096131
84,946,4.368464
85,946,0.54941
86,946,0.313432
87,946,0.044188
88,946,0.021158
89,946,0.028203
90,946,0.050072
132,946,12.730616
133,946,21.436443
134,946,9.314603
135,946,21.758739
136,946,6.890605
137,946,8.680642
73,947,5.165787
74,947,1.074091
80,947,0.013614
81,947,0.017425
84,947,0.675966
85,947,0.189425
86,947,0.155712
87,947,0.033945
88,947,0.096158
89,947,0.029179
90,947,0.040726
131,947,20.241529
133,947,22.544884
73,948,0.580235
74,948,0.294399
80,948,0.034815
81,948,0.017425
84,948,2.480444
85,948,0.317999
86,948,0.17078
87,948,0.087381
88,948,0.096158
89,948,0.029179
90,948,0.040726
71,949,3.848204
72,949,0.112687
73,949,0.176444
74,949,0.157743
79,949,3.605843
80,949,0.134773
81,949,0.048893
83,949,3.404086
84,949,0.602742
85,949,0.194427
86,949,0.141726
87,949,0.200496
88,949,0.045548
89,949,0.029179
90,949,0.040726
94,949,16.208485
2,950,21.376915
71,950,5.957744
72,950,0.103944
73,950,0.249417
74,950,0.285038
79,950,6.817203
80,950,0.116186
81,950,0.174598
83,950,5.251129
84,950,0.548644
85,950,0.167258
86,950,1.465277
87,950,0.057593
88,950,0.018297
89,950,0.026749
90,950,0.043516
94,950,1.185396
2,951,18.497187
80,951,0.428838
81,951,0.190321
83,951,2.860966
84,951,1.179631
85,951,0.262878
86,951,1.642685
87,951,0.09811
88,951,0.018297
89,951,0.3362
90,951,0.241336
70,952,2.076857
71,952,1.773182
72,952,0.173068
81,952,0.483795
83,952,0.669085
84,952,0.885649
85,952,0.191033
86,952,0.141874
87,952,0.193001
88,952,0.782304
89,952,0.518
90,952,0.237363
70,953,28.557909
71,953,21.536766
72,953,0.907191
84,953,0.723321
85,953,0.390701
86,953,0.278876
87,953,1.34614
89,953,1.317558
90,953,1.25775
84,954,0.939751
85,954,2.167247
84,955,3.648727
86,956,0.334512
31,957,2.156492
32,957,3.392177
118,957,19.951082
119,957,23.923973
33,958,0.137132
69,958,0.258378
70,958,2.301438
72,958,1.825711
73,958,0.277927
111,958,5.724141
113,958,11.041319
114,958,5.176384
115,958,8.267911
116,958,8.207681
117,958,26.011255
118,958,5.711344
119,958,8.478835
120,958,24.315762
33,959,1.463932
34,959,2.48322
111,959,3.879071
112,959,5.421361
113,959,4.074721
114,959,4.229846
115,959,2.659947
116,959,4.644312
117,959,6.607053
118,959,2.541825
119,959,3.077687
120,959,5.745351
121,959,16.125711
122,959,28.122372
123,959,23.461182
34,960,5.097213
35,960,4.333564
111,960,5.285951
112,960,3.604396
113,960,10.258368
114,960,1.279992
115,960,1.624508
116,960,1.586985
117,960,0.765063
119,960,0.826419
120,960,2.923856
121,960,7.010399
122,960,10.173999
123,960,29.747705
69,961,0.325351
70,961,5.148087
73,961,0.300513
76,961,0.871924
82,961,0.387209
83,961,1.091173
111,961,17.329607
112,961,6.486388
113,961,10.746603
114,961,9.455419
115,961,8.258089
116,961,3.454448
117,961,3.787923
118,961,2.971102
119,961,1.657398
120,961,1.307928
121,961,0.721564
122,961,3.355341
123,961,12.830952
124,961,18.675158
77,962,0.924775
81,962,1.298548
82,962,0.379098
75,963,1.729593
76,963,0.574743
78,963,0.544296
79,963,0.210612
81,963,1.520623
82,963,3.704268
90,963,5.334262
91,963,1.208001
69,964,2.894442
73,964,1.018084
76,964,0.624393
79,964,0.482251
80,964,0.603883
81,964,0.464827
82,964,0.017425
90,964,3.403042
81,965,0.042425
80,966,0.121762
81,966,0.990529
86,968,3.361023
87,968,2.718401
88,968,1.477094
41,985,10.929488
42,985,7.669983
43,985,6.717103
44,985,8.112884
45,985,28.654844
29,986,15.26884
39,986,26.385733
40,986,8.740592
41,986,5.211561
42,986,14.581744
78,986,13.34506
79,986,3.726085
80,986,4.619853
79,987,7.504353
80,987,11.282804
81,987,22.257879
36,988,26.816437
114,988,13.595389
115,988,9.605659
116,988,27.875717
117,988,20.599333
118,988,17.262964
32,989,24.179676
34,989,23.526308
35,989,8.635418
36,989,18.69099
118,989,23.622471
119,989,26.475967
120,989,23.063965
30,990,19.998362
32,990,18.614199
33,990,8.983963
34,990,7.589396
35,990,5.498461
29,991,28.022863
30,991,8.797668
31,991,7.396511
32,991,10.283142
33,991,5.775947
34,991,8.020312
35,991,7.426565
36,991,15.206366
29,992,26.641077
31,992,18.751095
32,992,10.400035
33,992,20.627632
34,992,13.680859
35,992,10.760323
71,992,2.623955
72,992,0.859292
73,992,1.372067
74,992,1.712271
75,992,2.517196
76,992,2.557887
77,992,2.138659
78,992,8.982925
29,993,25.028
31,993,0.106479
32,993,0.514697
35,993,18.923952
56,993,13.323327
71,993,0.719307
72,993,0.796048
73,993,0.209845
74,993,0.966276
75,993,1.113692
76,993,1.543233
77,993,0.364996
78,993,0.325679
79,993,3.901676
128,993,24.023182
29,994,2.070439
30,994,0.242064
31,994,0.182568
54,994,21.94998
55,994,9.901076
56,994,8.875712
57,994,26.37273
71,994,0.83741
72,994,0.209845
73,994,0.092147
74,994,0.602988
75,994,0.359943
76,994,0.374992
77,994,1.557482
78,994,1.827337
127,994,11.841146
29,995,1.468357
30,995,0.588346
31,995,1.450566
52,995,12.064314
53,995,13.35485
54,995,6.713663
55,995,18.804184
56,995,14.173457
71,995,0.720827
72,995,0.291652
73,995,0.115136
74,995,0.282942
75,995,0.307942
76,995,0.091175
77,995,0.592303
78,995,3.094078
100,995,0.654283
101,995,2.092912
102,995,9.286741
127,995,0.26513
128,995,0.414029
29,996,1.014557
30,996,0.978152
31,996,1.641391
71,996,0.746135
72,996,0.330773
73,996,0.108597
74,996,4.387445
75,996,0.025459
76,996,0.025459
77,996,1.017781
78,996,13.239148
101,996,0.355794
102,996,3.028875
127,996,2.961682
128,996,0.941737
129,996,0.857021
29,997,2.449554
30,997,1.291691
31,997,1.556682
71,997,0.765104
72,997,0.416276
73,997,0.115766
74,997,0.021758
75,997,0.327794
76,997,0.835427
77,997,5.796337
101,997,0.29153
102,997,0.568038
127,997,20.93187
128,997,6.139476
29,998,8.324477
30,998,1.181754
102,998,0.306282
103,998,0.384038
104,998,0.589535
106,998,4.337762
107,998,1.260335
111,998,6.253051
112,998,5.564595
114,998,4.20086
115,998,13.093997
116,998,13.777049
117,998,6.666476
118,998,6.771932
119,998,5.433283
120,998,8.039504
121,998,4.648645
122,998,5.938208
123,998,8.425047
125,998,5.811224
126,998,2.666276
127,998,4.320512
128,998,1.703876
29,999,4.515742
30,999,2.091425
103,999,0.132485
104,999,0.132568
105,999,0.136189
106,999,0.234471
107,999,0.342825
108,999,0.488374
109,999,0.392859
110,999,0.380148
111,999,0.301144
112,999,0.267993
113,999,0.295497
114,999,0.1945
115,999,0.284933
116,999,0.178301
117,999,0.442057
118,999,0.512138
119,999,0.512138
120,999,0.863434
121,999,1.463995
122,999,1.823624
123,999,1.400809
124,999,2.129837
125,999,2.287804
126,999,1.530962
127,999,1.451093
128,999,2.836187
28,1000,3.348796
29,1000,0.54548
30,1000,2.471466
105,1000,0.153865
106,1000,0.316339
107,1000,0.558709
108,1000,1.107915
112,1000,0.524519
113,1000,0.286287
114,1000,0.239896
115,1000,0.376146
118,1000,1.153407
119,1000,1.005493
120,1000,1.586611
121,1000,2.217034
122,1000,2.173633
123,1000,2.401133
131,1000,0.111675
132,1000,1.43451
28,1001,8.405303
29,1001,0.548238
30,1001,1.953404
31,1001,1.768069
132,1001,12.285053
28,1002,3.574786
29,1002,0.519317
30,1002,2.83292
132,1002,1.270644
28,1003,2.941921
29,1003,1.47509
30,1003,3.046196
28,1004,3.19035
29,1004,1.358805
30,1004,2.513657
69,1004,12.135323
70,1004,12.653042
78,1004,15.648846
82,1004,16.813745
124,1004,0.021758
130,1004,0.01216
28,1005,4.128962
29,1005,1.975974
30,1005,2.758004
66,1005,4.872004
67,1005,3.236434
68,1005,3.997113
69,1005,4.238508
70,1005,4.667985
71,1005,4.8296
72,1005,3.552929
73,1005,4.821058
74,1005,5.185461
75,1005,4.214416
76,1005,5.38188
77,1005,5.30832
78,1005,5.007441
79,1005,4.7761
80,1005,6.736574
81,1005,5.821706
82,1005,5.144863
83,1005,7.831947
98,1005,0.189015
130,1005,0.46602
131,1005,0.012009
28,1006,3.296319
29,1006,3.233128
30,1006,9.877284
31,1006,1.495331
65,1006,4.118133
66,1006,2.126355
67,1006,1.656654
68,1006,1.434545
69,1006,1.408843
70,1006,13.295982
71,1006,1.65856
72,1006,1.816733
73,1006,1.561399
74,1006,1.27788
75,1006,1.50973
76,1006,1.255477
77,1006,1.796325
78,1006,2.414772
79,1006,1.786333
80,1006,1.599184
81,1006,3.167334
82,1006,2.17708
83,1006,6.078319
130,1006,0.48061
131,1006,0.07618
28,1007,3.167001
29,1007,2.719265
30,1007,8.2141
31,1007,1.726832
66,1007,1.309846
67,1007,0.503299
68,1007,0.338543
69,1007,0.467542
70,1007,0.55064
71,1007,0.556512
72,1007,0.553047
73,1007,0.663192
74,1007,0.932447
75,1007,0.846523
76,1007,0.872481
77,1007,0.860451
78,1007,0.679286
79,1007,0.927657
80,1007,0.759794
81,1007,0.908181
82,1007,2.292952
130,1007,0.462692
131,1007,0.196623
28,1008,6.76877
29,1008,2.551961
30,1008,7.836169
66,1008,1.325332
67,1008,0.247656
68,1008,0.049439
69,1008,0.037351
70,1008,0.082897
71,1008,0.134607
72,1008,0.231994
73,1008,0.235962
74,1008,0.94405
75,1008,0.317418
76,1008,0.337569
77,1008,0.324666
78,1008,0.349438
79,1008,0.437757
80,1008,0.473859
81,1008,0.519642
82,1008,1.560591
130,1008,0.477811
131,1008,0.180932
29,1009,7.138656
30,1009,8.196663
58,1009,0.85036
66,1009,0.077615
67,1009,0.077615
68,1009,0.040726
69,1009,0.052886
70,1009,0.052886
71,1009,0.067476
72,1009,0.096654
73,1009,0.111244
74,1009,0.140423
75,1009,0.139447
76,1009,0.139447
77,1009,0.139447
78,1009,0.174129
79,1009,0.313971
80,1009,0.834299
81,1009,1.2356
130,1009,0.797354
131,1009,0.217182
29,1010,3.333643
30,1010,13.523883
58,1010,0.48343
68,1010,0.077615
69,1010,0.077615
70,1010,0.071266
71,1010,0.090234
72,1010,0.133751
73,1010,0.155509
74,1010,0.196235
75,1010,0.202585
76,1010,0.202585
77,1010,0.202585
78,1010,0.273217
79,1010,0.506567
80,1010,1.832462
130,1010,1.033724
131,1010,0.709397
29,1011,1.858604
30,1011,16.214737
130,1011,0.979598
131,1011,0.915894
29,1012,1.974389
51,1012,2.032404
52,1012,3.72646
53,1012,24.441532
54,1012,24.761433
56,1012,24.792196
57,1012,19.909637
58,1012,9.950068
130,1012,8.965267
131,1012,1.671101
51,1013,1.711569
52,1013,1.58284
53,1013,1.578974
54,1013,8.67329
55,1013,20.305969
56,1013,23.230457
57,1013,7.234321
58,1013,14.037106
59,1013,19.296339
130,1013,9.812197
131,1013,0.396129
51,1014,5.16277
52,1014,4.731474
53,1014,0.437653
54,1014,0.628409
55,1014,0.626345
57,1014,4.349086
58,1014,5.868679
130,1014,24.292805
131,1014,7.502164
34,1015,17.333511
51,1015,9.328849
52,1015,0.258096
53,1015,0.300284
54,1015,0.110326
55,1015,0.131659
56,1015,0.266709
57,1015,6.710413
58,1015,5.133592
130,1015,26.309759
131,1015,5.25222
50,1016,7.808092
51,1016,0.557148
52,1016,0.282682
53,1016,1.141495
54,1016,0.692305
55,1016,0.692305
56,1016,0.758972
57,1016,1.703118
58,1016,0.83308
59,1016,6.222826
130,1016,23.279085
131,1016,1.775446
49,1017,12.419043
57,1017,1.446296
58,1017,1.347153
59,1017,2.296382
30,1019,1.788464
31,1019,0.240175
97,1019,0.613423
123,1019,0.829791
124,1019,1.560345
30,1020,3.326607
44,1020,10.41235
45,1020,3.244189
46,1020,2.215341
47,1020,0.637945
98,1020,1.091187
99,1020,0.356488
123,1020,1.720155
126,1020,28.638388
42,1021,22.133526
43,1021,14.881735
44,1021,4.859623
45,1021,3.952058
46,1021,1.317042
47,1021,0.851806
96,1021,1.061479
97,1021,0.586169
98,1021,0.404062
99,1021,0.33565
100,1021,1.321029
101,1021,3.059892
126,1021,20.294518
127,1021,8.504364
41,1022,14.263538
42,1022,4.423254
43,1022,5.537682
44,1022,1.304641
45,1022,0.362196
46,1022,0.372547
47,1022,0.121122
96,1022,1.174634
97,1022,17.688202
99,1022,0.195744
100,1022,0.745023
101,1022,2.421808
126,1022,5.47515
45,1023,7.690638
46,1023,3.555777
47,1023,5.378714
60,1023,0.028732
61,1023,0.116288
62,1023,0.167764
63,1023,2.978372
64,1023,1.656162
65,1023,0.742633
66,1023,1.557022
67,1023,0.193556
68,1023,0.758273
69,1023,0.741045
70,1023,0.354197
71,1023,0.445256
72,1023,1.27286
73,1023,3.497672
74,1023,3.939309
75,1023,6.798839
76,1023,7.539795
77,1023,7.033116
78,1023,9.869432
95,1023,0.854334
96,1023,0.105298
97,1023,0.285422
98,1023,0.970107
99,1023,1.089653
100,1023,3.644599
101,1023,1.885584
102,1023,2.886223
124,1023,21.808144
125,1023,10.562497
126,1023,0.067178
128,1023,10.543314
129,1023,4.341279
59,1024,0.151506
60,1024,0.11986
61,1024,0.11577
62,1024,0.148805
63,1024,0.107445
64,1024,0.168457
65,1024,0.217037
66,1024,0.107037
67,1024,3.7865
68,1024,1.027694
69,1024,0.977771
70,1024,0.983547
71,1024,1.01588
72,1024,0.089934
73,1024,0.127262
74,1024,0.471099
75,1024,0.43952
76,1024,0.11906
77,1024,0.613287
78,1024,2.386066
79,1024,0.463247
80,1024,1.899594
95,1024,0.487596
96,1024,0.279145
97,1024,12.735351
98,1024,25.941336
99,1024,3.171021
100,1024,4.325678
101,1024,3.893221
102,1024,2.253298
103,1024,5.820326
122,1024,15.046531
124,1024,6.295455
125,1024,0.415855
126,1024,15.832151
127,1024,21.683821
129,1024,10.875354
59,1025,0.320019
60,1025,0.32558
61,1025,0.329184
62,1025,0.045333
63,1025,0.070632
64,1025,0.434945
65,1025,0.081633
67,1025,0.478835
68,1025,1.0322
69,1025,0.625137
70,1025,0.876277
71,1025,1.885234
72,1025,2.88599
73,1025,0.868456
76,1025,1.601234
77,1025,0.119061
78,1025,0.01286
79,1025,0.932628
95,1025,4.248047
96,1025,1.091306
97,1025,2.734355
98,1025,4.06573
99,1025,4.458049
100,1025,7.155295
101,1025,5.113099
102,1025,6.972733
103,1025,2.59039
104,1025,0.024754
105,1025,0.726169
106,1025,18.067993
107,1025,6.305241
108,1025,3.392285
109,1025,11.715272
110,1025,7.880827
111,1025,16.42042
113,1025,24.633299
122,1025,1.862114
123,1025,13.954606
124,1025,0.160732
125,1025,2.765666
126,1025,21.529791
59,1026,1.244727
60,1026,0.469108
61,1026,2.359706
64,1026,4.2307
67,1026,22.692984
68,1026,15.091298
72,1026,16.915998
73,1026,14.304299
74,1026,19.410799
75,1026,1.102846
78,1026,0.59947
95,1026,15.292644
96,1026,3.269514
97,1026,21.967789
102,1026,5.961352
103,1026,2.983294
104,1026,16.107183
108,1026,28.68111
110,1026,3.646244
111,1026,0.772013
112,1026,1.633061
113,1026,1.780879
114,1026,7.092393
115,1026,24.613586
116,1026,16.801001
117,1026,18.481731
118,1026,23.748053
119,1026,17.111923
120,1026,2.624676
121,1026,1.703699
122,1026,0.812878
123,1026,0.041744
78,1027,8.746533
80,1027,0.021758
104,1027,28.233116
105,1027,0.76154
106,1027,1.635879
111,1027,0.637739
112,1027,1.301874
115,1027,9.396407
119,1027,3.364884
80,1028,0.023787
81,1028,0.023787
111,1028,2.667937
32,1046,4.118814
32,1047,9.896237
45,1047,19.502548
94,1047,21.691376
32,1048,18.434265
45,1048,0.792203
76,1048,12.773865
94,1048,24.891521
111,1048,28.28581
114,1048,28.762287
115,1048,27.680643
4,1049,0.240175
38,1049,4.140989
45,1049,0.185424
71,1049,0.397048
72,1049,0.79619
77,1049,18.70842
94,1049,0.886975
109,1049,28.429544
111,1049,23.641592
113,1049,16.777033
114,1049,25.141129
118,1049,22.118916
119,1049,29.024065
128,1049,12.019888
4,1050,26.166111
37,1050,3.309776
58,1050,0.614223
59,1050,0.83684
62,1050,4.513199
66,1050,0.488585
67,1050,11.13393
68,1050,0.248716
69,1050,0.179165
70,1050,1.341237
71,1050,1.195458
110,1050,12.294253
111,1050,12.152295
127,1050,6.508741
128,1050,5.949566
129,1050,16.57201
4,1051,1.928451
32,1051,3.100954
37,1051,0.543209
58,1051,0.190244
65,1051,1.692376
67,1051,2.37475
68,1051,0.337672
69,1051,0.421395
128,1051,2.301489
129,1051,0.830792
4,1052,2.032823
28,1052,0.092391
32,1052,1.328066
62,1052,26.322763
65,1052,1.27981
67,1052,3.991705
68,1052,2.108507
129,1052,1.376322
4,1053,8.257915
5,1053,5.583734
28,1053,0.080882
128,1053,1.614666
129,1053,1.832571
4,1054,12.764318
129,1054,1.818519
104,721,25.859421
105,721,2.92743
2,1055,0.240175
4,1055,2.726731
57,1055,0.133791
66,1055,0.665779
104,1055,4.748999
105,1055,3.399353
129,1055,1.546407
2,1056,1.656864
66,1056,0.635316
67,1056,0.063657
128,1056,0.805304
129,1056,1.93307
2,1057,0.192213
3,1057,10.873515
68,1057,3.018419
128,1057,0.772403
129,1057,1.769271
2,1058,0.823368
35,1058,0.033333
69,1058,4.597079
129,1058,0.158094
2,1059,0.604527
32,1059,0.275042
35,1059,0.1125
39,1059,0.199493
43,1059,0.231429
66,1059,0.765706
67,1059,0.800714
68,1059,0.978997
69,1059,3.476212
32,1060,0.2968
35,1060,0.169535
36,1060,0.028796
39,1060,0.272567
43,1060,0.850702
54,1060,24.405422
69,1060,9.370363
32,1061,0.304176
35,1061,2.687083
36,1061,1.25125
37,1061,4.758214
38,1061,4.206224
39,1061,3.366055
40,1061,1.270493
41,1061,1.214702
42,1061,0.957822
44,1061,0.347792
69,1061,9.368055
32,1062,0.743419
35,1062,1.4086
36,1062,4.929407
37,1062,3.738768
38,1062,3.686452
39,1062,2.951828
40,1062,3.483811
41,1062,10.521198
42,1062,1.525028
43,1062,1.161121
57,1062,15.084709
69,1062,1.022964
129,1062,4.613371
32,1063,1.138187
104,1063,3.944999
105,1063,3.314282
106,1063,2.244423
107,1063,9.073368
129,1063,12.952671
69,1064,4.258638
107,1064,12.334
128,1064,0.017425
129,1064,5.65422
127,1065,0.031103
128,1065,0.031103
129,1065,1.476387
3,1066,2.828521
4,1066,0.899168
5,1066,3.401385
3,1067,1.054551
4,1067,1.618808
5,1067,13.903821
6,1067,11.641516
68,1067,0.068987
69,1067,7.287762
129,1067,17.298687
4,1068,0.438118
5,1068,19.743877
39,1068,0.018968
40,1068,0.020836
45,1068,10.767149
65,1068,4.594041
66,1068,3.891855
68,1068,6.945181
69,1068,7.56006
129,1068,12.690994
5,1069,21.241282
37,1069,0.015015
39,1069,12.441453
42,1069,3.365419
44,1069,2.716052
65,1069,2.981568
66,1069,2.277978
67,1069,3.817274
68,1069,8.506768
69,1069,11.794878
129,1069,9.336326
3,1070,26.571388
4,1070,5.459504
5,1070,24.52586
39,1070,25.343006
40,1070,19.644535
42,1070,3.98494
44,1070,22.938211
65,1070,2.840807
66,1070,3.08674
67,1070,10.171119
68,1070,9.587763
69,1070,26.339216
129,1070,14.459911
5,1071,17.122568
64,1071,5.737193
65,1071,23.043453
66,1071,18.86372
67,1071,24.779215
70,1071,27.203255
129,1071,13.020904
146,738,2.644668
129,1072,20.149635
146,739,0.550507
147,739,1.326559
148,739,1.493718
149,739,1.72424
150,739,0.578697
151,739,1.685205
36,740,6.248459
38,740,10.6406
39,740,16.993553
151,740,0.659596
152,740,1.04796
35,741,26.476538
36,741,3.176052
37,741,0.93322
38,741,1.844727
39,741,13.242931
37,742,0.488276
38,742,1.625704
39,742,15.716342
36,743,27.017595
37,743,0.717079
38,743,3.4667
39,743,15.151031
35,744,29.878279
36,744,3.119449
37,744,6.404385
38,744,7.067017
39,744,13.738779
40,744,18.738474
118,744,2.968645
119,744,0.564493
120,744,3.654624
139,744,18.987276
141,744,16.064388
142,744,7.974577
143,744,14.065025
144,744,22.558784
71,1077,14.514349
72,1077,9.330831
35,745,8.922194
36,745,8.797304
37,745,26.485277
38,745,26.632668
39,745,13.893716
40,745,29.965569
46,745,4.038517
48,745,2.057494
50,745,2.993007
51,745,1.355637
117,745,1.349325
118,745,0.784173
119,745,1.577489
120,745,1.774951
121,745,7.853043
139,745,8.974298
140,745,1.728425
141,745,2.606642
142,745,4.655096
143,745,7.138178
108,1078,1.181046
122,1078,0.086309
123,1078,0.086309
34,746,29.782564
35,746,20.975115
36,746,19.224384
39,746,27.135933
40,746,15.605652
46,746,6.860999
47,746,6.781011
48,746,2.075298
50,746,0.727976
51,746,6.349831
117,746,0.626116
118,746,0.240521
119,746,0.562418
120,746,3.071417
46,747,2.581028
47,747,0.059537
48,747,0.35256
117,747,0.380967
118,747,0.271055
119,747,1.298632
120,747,1.149513
121,747,5.178492
47,748,0.627306
48,748,2.528904
115,748,3.534655
116,748,0.247999
117,748,0.329391
118,748,0.130362
119,748,1.442668
120,748,1.151248
121,748,3.524168
122,748,2.622438
115,749,3.971592
116,749,1.419371
117,749,0.1209
118,749,0.163645
119,749,0.191871
120,749,0.410308
121,749,0.863498
122,749,1.435033
123,749,4.596929
124,749,3.390152
144,749,1.003754
145,749,0.872745
146,749,0.872745
147,749,0.296495
115,750,4.766191
116,750,0.174553
117,750,1.170793
118,750,0.183682
119,750,0.676539
120,750,0.717414
121,750,0.607932
122,750,0.938744
123,750,1.569931
124,750,1.908498
137,750,11.035524
144,750,1.447016
145,750,1.283921
146,750,1.460733
147,750,0.608757
137,751,8.656768
137,752,15.031853
138,752,14.661911
142,752,1.651381
2,1085,0.053394
137,753,5.412074
138,753,5.284852
142,753,1.994859
2,1086,0.143354
136,754,2.244161
137,754,2.315719
142,754,0.944453
2,1087,0.48044
136,755,1.682364
141,755,12.499602
135,756,5.663772
136,756,2.768841
2,1088,2.168346
60,757,4.848023
135,757,4.71272
136,757,4.83243
59,758,0.703562
135,758,1.972319
136,758,6.150985
135,759,2.718915
135,760,1.795063
66,761,16.444073
135,761,10.343382
3,762,0.11352
50,762,10.141095
53,762,14.684598
60,762,3.16704
61,762,3.719619
62,762,5.080713
67,762,4.853263
68,762,9.268517
70,762,11.446111
2,763,5.712186
51,763,10.715993
52,763,7.803487
53,763,21.601246
60,763,0.574823
61,763,1.92967
62,763,3.862381
66,763,5.944383
67,763,3.966967
68,763,2.516075
69,763,7.337807
70,763,3.156905
71,763,11.911767
94,763,16.445858
3,1093,0.806295
4,1093,0.092391
50,764,17.066092
51,764,7.485235
52,764,5.35765
53,764,19.617462
60,764,1.083388
61,764,1.491588
62,764,2.107791
67,764,1.501721
68,764,2.588677
69,764,3.286009
70,764,1.494751
71,764,27.89027
94,764,7.812325
49,765,21.116165
50,765,10.739769
51,765,4.514891
52,765,4.00614
53,765,3.488581
54,765,15.079746
60,765,1.952432
61,765,1.332825
62,765,4.848413
67,765,2.068932
68,765,0.573782
69,765,1.234969
71,765,25.379646
94,765,3.92852
50,766,15.339866
51,766,2.409611
52,766,3.432068
53,766,3.713943
60,766,3.006732
61,766,3.664411
62,766,8.54136
67,766,4.177268
68,766,1.953787
69,766,3.295682
94,766,13.072535
49,767,21.695154
50,767,5.961035
51,767,3.777878
52,767,6.154078
53,767,6.992022
54,767,6.827289
67,767,27.683231
68,767,0.53583
69,767,2.788046
70,767,7.93699
90,767,17.541656
91,767,17.549774
92,767,17.812284
93,767,4.407631
94,767,1.970861
48,768,26.412096
49,768,19.770185
50,768,6.573446
51,768,20.587297
52,768,17.501978
53,768,17.606575
54,768,11.239769
55,768,25.747114
66,768,7.161956
67,768,4.535803
68,768,2.016418
70,768,10.438982
90,768,4.318144
91,768,4.043975
92,768,3.327336
93,768,1.94267
94,768,5.09391
50,769,28.038338
51,769,24.334108
66,769,6.003247
67,769,4.86352
68,769,15.766157
69,769,17.136169
70,769,11.573689
2,770,4.595236
110,1102,2.159995
111,1102,1.764111
112,1102,1.551647
113,1102,1.403072
114,1102,1.422925
115,1102,13.431445
116,1102,18.442078
117,1102,18.442078
118,1102,9.845185
119,1102,9.845185
120,1102,20.47913
121,1102,13.788849
122,1102,13.001479
123,1102,13.414047
124,1102,22.780283
2,771,4.388606
28,1103,1.406409
29,1103,1.730363
30,1103,1.388834
31,1103,2.62919
32,1103,2.840087
33,1103,1.655239
34,1103,6.262709
112,1103,0.591413
113,1103,0.640858
114,1103,0.559226
115,1103,2.182506
116,1103,3.076427
117,1103,3.076427
118,1103,2.503277
119,1103,3.076427
120,1103,4.202905
121,1103,5.805273
122,1103,6.029736
123,1103,17.83239
124,1103,15.661723
29,1104,0.773842
30,1104,3.347189
31,1104,2.621496
32,1104,3.235187
33,1104,7.07367
46,1104,20.65066
47,1104,2.982595
48,1104,8.826166
109,1104,12.430926
110,1104,18.431885
111,1104,6.171666
112,1104,6.743536
113,1104,4.63557
114,1104,0.20389
115,1104,0.41029
116,1104,1.004651
117,1104,1.004651
118,1104,1.095773
119,1104,1.095773
120,1104,1.215244
121,1104,1.262226
122,1104,2.885834
123,1104,20.943167
2,772,6.381247
30,1105,2.395742
31,1105,5.421121
32,1105,1.856974
33,1105,5.472911
110,1105,8.353519
111,1105,15.574774
112,1105,7.068004
113,1105,3.516244
114,1105,2.756691
115,1105,0.097784
116,1105,0.129296
117,1105,0.129296
118,1105,0.20774
119,1105,0.327138
120,1105,0.659802
121,1105,1.48861
122,1105,19.765142
123,1105,13.684226
2,773,4.397948
3,773,7.392712
34,773,17.275311
100,773,9.927162
111,1106,7.841983
112,1106,4.320931
113,1106,10.133936
114,1106,5.864511
115,1106,0.865824
116,1106,0.572258
117,1106,0.572258
118,1106,0.731438
119,1106,0.41235
120,1106,0.28148
121,1106,3.360966
122,1106,15.098747
2,774,0.75353
3,774,7.924039
100,774,7.658547
101,774,10.252869
102,774,3.196338
103,774,4.868806
104,774,1.284318
105,774,1.109383
2,775,1.527232
3,775,4.504575
130,775,3.571041
131,775,7.221104
113,1107,15.265075
114,1107,9.809859
115,1107,4.390061
116,1107,0.860572
117,1107,0.344624
118,1107,0.186539
119,1107,0.275786
120,1107,0.222582
121,1107,2.192955
122,1107,6.619781
113,1108,7.004015
114,1108,4.328429
115,1108,4.828645
116,1108,0.86563
117,1108,0.549084
118,1108,0.098925
119,1108,0.20961
120,1108,0.857444
80,776,23.241327
81,776,12.440079
101,776,0.817705
102,776,0.050776
103,776,0.083265
104,776,0.370271
105,776,4.849314
115,776,4.622826
116,776,4.651684
127,776,24.124403
130,776,0.254051
131,776,1.927082
80,777,11.443394
112,777,18.80854
114,777,15.434402
115,777,3.420038
116,777,1.744733
117,777,3.311256
120,777,4.110611
121,777,4.166358
122,777,3.554581
123,777,3.681043
124,777,4.96096
125,777,6.79896
126,777,6.906867
130,777,0.42857
131,777,3.744292
113,1109,8.59445
114,1109,10.066785
115,1109,5.12332
116,1109,1.034897
117,1109,1.211225
118,1109,0.82861
119,1109,0.086312
120,1109,0.262831
121,1109,0.857019
113,1110,6.309227
114,1110,5.337203
115,1110,10.620621
116,1110,2.166806
118,1110,0.6
119,1110,0.447464
120,1110,0.754906
121,1110,5.466428
122,1110,8.91683
123,1110,21.997766
79,778,0.830131
80,778,0.438799
81,778,0.030718
82,778,0.069823
112,778,8.566085
114,778,10.246871
115,778,1.145025
116,778,1.429626
117,778,1.870058
118,778,3.262924
119,778,1.483508
120,778,2.313661
121,778,1.983568
122,778,2.428138
123,778,1.225997
124,778,1.204004
125,778,2.05672
126,778,4.947797
127,778,16.491507
130,778,0.415523
131,778,0.845838
79,779,3.176024
80,779,0.893259
81,779,0.030718
82,779,0.069823
83,779,6.365141
84,779,3.555956
114,779,2.110092
115,779,1.449713
116,779,1.399062
117,779,0.820077
118,779,1.320933
119,779,0.242603
120,779,1.817332
121,779,0.567509
122,779,0.55769
123,779,0.330011
124,779,0.327649
125,779,2.012027
126,779,5.229787
127,779,6.461059
128,779,0.297545
129,779,0.433802
130,779,0.17308
131,779,2.804918
34,1111,10.17428
113,1111,15.921388
114,1111,9.154552
115,1111,6.170029
116,1111,3.700133
117,1111,0.508456
118,1111,0.125
119,1111,1.167822
120,1111,2.012083
121,1111,5.553826
122,1111,25.885576
113,1112,21.825819
114,1112,15.896088
115,1112,8.536629
116,1112,1.036436
117,1112,0.746753
118,1112,0.810257
119,1112,0.673712
120,1112,1.501274
121,1112,15.322087
122,1112,18.66148
78,780,2.363224
80,780,0.755129
81,780,0.03582
82,780,0.042958
83,780,0.763379
84,780,9.387875
114,780,7.767686
115,780,0.761577
116,780,0.30544
117,780,1.444755
118,780,1.002194
119,780,5.900363
120,780,0.512268
121,780,0.86263
122,780,1.041912
123,780,0.222746
124,780,0.23706
125,780,0.219648
126,780,0.382148
127,780,1.266948
114,1113,15.504953
115,1113,1.271256
116,1113,2.492072
117,1113,2.069998
118,1113,0.904397
119,1113,2.032401
120,1113,7.480842
121,1113,29.336622
78,781,4.746922
82,781,3.229783
83,781,1.766
84,781,26.574146
114,781,1.769036
115,781,0.417685
116,781,1.464513
117,781,0.90732
118,781,0.671068
119,781,0.536617
120,781,0.44914
121,781,0.357121
122,781,0.344105
123,781,0.042108
124,781,1.253161
125,781,0.192262
126,781,0.269044
127,781,0.463838
128,781,6.252492
130,781,12.10775
43,1114,11.94121
48,1114,3.530644
114,1114,8.583975
115,1114,5.612932
116,1114,4.633342
117,1114,11.989011
118,1114,4.7804
119,1114,5.554915
120,1114,1.432275
121,1114,24.234434
77,782,9.457431
78,782,8.518279
79,782,5.006427
80,782,2.772408
81,782,1.919464
82,782,4.486131
83,782,5.04271
84,782,17.042641
97,782,4.643503
98,782,7.644621
99,782,5.625388
100,782,0.335261
116,782,9.422956
117,782,0.393376
118,782,0.377217
119,782,0.386741
120,782,0.366247
121,782,12.36031
122,782,0.626432
123,782,0.113911
125,782,0.168464
126,782,0.236774
127,782,0.25497
128,782,0.75754
129,782,2.272534
130,782,7.576542
77,783,4.192027
78,783,5.358141
79,783,10.52615
80,783,4.677944
81,783,5.360579
82,783,5.458729
83,783,4.075014
84,783,12.576121
85,783,9.472864
97,783,1.761347
98,783,0.569834
99,783,0.737773
100,783,0.460089
116,783,4.444037
117,783,0.40489
118,783,0.393376
119,783,0.553143
120,783,0.562668
121,783,0.380623
122,783,0.381061
123,783,0.113408
124,783,0.393304
126,783,0.239581
127,783,0.239561
128,783,1.014171
129,783,3.613095
114,1115,21.819489
115,1115,23.809105
116,1115,17.642963
118,1115,5.879931
119,1115,8.330577
120,1115,11.276522
121,1115,1.784822
77,784,21.036987
78,784,15.603242
79,784,12.987617
80,784,8.479082
81,784,7.62618
82,784,14.159021
83,784,21.416613
84,784,17.064611
116,784,0.945582
117,784,0.587399
118,784,0.54355
119,784,0.532248
120,784,0.377217
121,784,0.525402
122,784,0.380623
123,784,0.129507
124,784,0.255951
125,784,0.125019
126,784,0.30389
127,784,0.104932
128,784,1.653933
129,784,6.059927
118,1116,14.060025
119,1116,14.020237
120,1116,17.059837
121,1116,5.172942
122,1116,7.323035
58,785,6.591933
59,785,7.458616
108,785,10.732984
116,785,0.739601
117,785,0.694825
118,785,1.018995
119,785,0.934043
120,785,0.685081
121,785,0.377217
122,785,0.295292
123,785,0.042857
124,785,0.378574
125,785,0.151919
126,785,0.218272
127,785,0.505839
128,785,11.225616
129,785,15.121677
130,785,7.442171
2,786,1.355331
56,786,7.993605
58,786,8.788132
59,786,1.620466
81,786,7.725064
82,786,12.434166
83,786,15.89804
95,786,8.634392
96,786,1.740317
97,786,0.610153
98,786,1.981045
99,786,1.621223
100,786,4.866934
101,786,4.095124
102,786,1.751306
103,786,2.069499
104,786,2.306969
114,786,0.213836
115,786,0.153998
116,786,0.985807
117,786,0.403694
118,786,0.419606
119,786,0.213269
120,786,0.239444
121,786,0.298555
122,786,0.149012
123,786,0.235403
124,786,0.498435
125,786,0.22187
126,786,0.372723
127,786,1.308993
120,1117,17.124367
122,1117,13.71694
58,787,6.40505
59,787,3.446882
81,787,8.266682
95,787,0.977775
96,787,1.198513
97,787,0.645264
98,787,0.723773
99,787,1.397241
100,787,3.34921
101,787,3.586405
102,787,0.804605
103,787,0.696833
104,787,4.433556
112,787,17.155264
113,787,6.923088
114,787,0.080838
115,787,0.451299
116,787,0.046011
117,787,0.164716
118,787,0.187665
119,787,0.188818
120,787,0.169732
121,787,0.279678
122,787,0.205701
123,787,0.379437
124,787,0.779624
125,787,0.157584
126,787,1.319546
127,787,0.197981
130,787,0.65029
123,1118,20.065989
37,788,24.408176
59,788,10.539753
60,788,15.81113
61,788,6.644937
101,788,0.571795
102,788,17.882191
103,788,15.169788
104,788,2.560968
112,788,17.175011
113,788,2.653849
114,788,1.775273
115,788,0.051178
116,788,0.115445
117,788,0.259121
118,788,0.276608
119,788,0.274807
120,788,0.486763
121,788,0.5123
122,788,0.333895
123,788,0.320346
124,788,0.325797
125,788,0.201841
126,788,0.241495
127,788,0.183807
130,788,4.584591
104,789,2.273279
112,789,11.093997
113,789,2.859131
114,789,1.061314
115,789,1.204313
116,789,1.500335
117,789,0.351278
118,789,0.398182
119,789,0.40955
120,789,0.507777
121,789,0.269923
122,789,0.276167
123,789,0.269894
124,789,0.193954
125,789,1.330897
126,789,0.279016
127,789,0.832374
130,789,2.791142
103,790,0.65681
104,790,1.344617
109,790,6.470942
112,790,9.119593
113,790,2.405031
114,790,1.581378
115,790,2.269899
116,790,0.806595
117,790,1.70333
118,790,0.336151
119,790,1.536306
120,790,1.002927
121,790,0.666781
122,790,0.411176
123,790,0.20185
124,790,0.221064
125,790,0.171289
126,790,0.365702
127,790,3.85864
130,790,1.657462
39,791,7.232396
40,791,11.841366
41,791,8.329493
53,791,27.758627
64,791,6.428383
65,791,5.116293
67,791,1.706163
68,791,1.131214
69,791,3.317312
103,791,0.693448
104,791,1.400275
113,791,0.438065
114,791,0.361882
115,791,0.698246
116,791,1.02983
117,791,0.622514
118,791,0.675323
119,791,3.933237
120,791,3.933237
121,791,1.613875
122,791,2.496491
123,791,5.916224
125,791,20.787172
126,791,2.524087
130,791,2.92132
40,792,1.463602
41,792,1.018009
42,792,3.773649
43,792,4.32426
44,792,10.614069
45,792,10.342265
46,792,10.618151
47,792,9.573445
51,792,20.703203
52,792,16.205196
53,792,12.053943
54,792,17.891634
64,792,4.53315
65,792,1.231666
67,792,4.699661
68,792,5.597747
69,792,7.175133
103,792,0.391944
104,792,2.621734
40,793,5.090622
41,793,5.028577
42,793,0.992609
43,793,1.654219
44,793,2.352399
45,793,1.06133
46,793,1.361263
47,793,0.785377
50,793,29.627211
51,793,5.797707
52,793,8.986757
53,793,6.868452
54,793,18.39749
64,793,15.818136
65,793,3.193443
66,793,0.910997
67,793,3.739559
68,793,3.166763
69,793,6.229312
100,793,0.31931
101,793,0.241518
102,793,0.094459
103,793,0.118319
104,793,0.811836
112,793,1.023985
113,793,2.123899
114,793,2.035043
115,793,4.148591
116,793,6.15214
117,793,5.52497
118,793,3.703932
119,793,4.020467
120,793,4.193538
121,793,10.520155
122,793,20.048491
123,793,1.235913
124,793,1.15673
125,793,4.111929
126,793,1.199804
127,793,0.626268
128,793,3.633827
129,793,3.529441
130,793,11.581602
42,794,1.006648
43,794,0.801628
44,794,0.369549
45,794,2.155863
46,794,1.695763
50,794,17.659527
51,794,14.353581
52,794,5.138598
53,794,4.964768
54,794,28.956417
64,794,12.637052
65,794,5.844969
66,794,1.523401
67,794,2.650982
68,794,2.785446
69,794,7.394972
100,794,1.054419
101,794,0.022386
102,794,0.078016
103,794,0.413821
104,794,1.962851
112,794,1.240647
113,794,3.629957
114,794,9.443802
115,794,0.560176
116,794,3.808432
117,794,0.997528
118,794,4.185336
119,794,0.604817
120,794,4.151653
121,794,8.059628
122,794,9.716333
123,794,19.844154
124,794,2.111124
125,794,1.47853
126,794,0.30492
127,794,0.796382
128,794,0.803325
129,794,2.746495
130,794,4.656045
50,795,24.525629
51,795,28.503654
52,795,5.02183
53,795,4.125169
54,795,7.799316
64,795,22.632309
65,795,6.521934
66,795,5.10311
67,795,0.812187
68,795,2.87652
69,795,10.47855
76,795,8.72137
77,795,4.694087
78,795,2.486021
79,795,2.090097
80,795,2.270639
81,795,11.429469
100,795,0.401486
101,795,1.066363
107,795,0.92458
108,795,0.351065
109,795,1.54884
110,795,5.228291
112,795,2.155136
113,795,0.362841
114,795,1.62034
115,795,4.126557
116,795,1.791008
117,795,1.465662
118,795,1.171671
119,795,1.216646
120,795,0.858322
121,795,1.234243
122,795,2.455754
123,795,1.487221
124,795,10.534044
125,795,6.193003
126,795,0.200803
127,795,0.448948
128,795,0.469868
129,795,2.628649
130,795,14.787155
64,796,24.520426
65,796,8.101287
66,796,2.039514
67,796,20.661989
68,796,4.636285
69,796,21.560534
76,796,12.544328
77,796,6.043844
78,796,2.289053
79,796,2.0979
80,796,1.438756
81,796,2.199436
100,796,0.48432
101,796,0.371693
103,796,2.353606
104,796,0.473519
110,796,2.70545
112,796,4.653218
113,796,6.299595
114,796,0.624934
115,796,1.029045
116,796,1.074893
117,796,1.071069
118,796,1.06611
119,796,1.586352
120,796,1.20292
121,796,1.444524
122,796,0.763065
123,796,14.473805
124,796,14.087605
125,796,4.46866
126,796,0.120892
127,796,0.225699
128,796,2.447772
129,796,3.80744
64,797,29.787699
65,797,15.028924
69,797,21.424984
77,797,6.365226
78,797,3.045687
79,797,4.350206
80,797,3.318003
81,797,8.979199
112,797,1.451154
118,797,1.125492
119,797,0.978669
120,797,1.863185
121,797,1.685354
122,797,1.421364
123,797,1.421364
124,797,1.064489
125,797,1.193611
126,797,0.097541
127,797,0.048783
128,797,0.938287
129,797,7.310959
77,798,11.076008
107,798,0.274473
108,798,0.200691
109,798,0.046203
110,798,0.641633
112,798,8.759933
113,798,1.890459
114,798,0.726931
115,798,0.726931
116,798,0.698052
117,798,0.505163
118,798,0.415346
119,798,0.407913
120,798,0.713735
121,798,0.961791
123,798,11.071732
124,798,0.563338
125,798,3.127743
126,798,16.554081
130,798,9.281852
107,799,1.222273
108,799,0.051521
109,799,0.037431
110,799,7.076705
113,799,0.917848
114,799,0.445748
115,799,0.729235
116,799,0.796982
117,799,0.932588
118,799,0.870463
119,799,0.855489
120,799,0.723168
121,799,0.918294
122,799,1.298166
123,799,1.285912
124,799,1.224884
125,799,2.340508
107,800,0.95433
108,800,2.261457
109,800,0.036585
110,800,0.455207
113,800,27.904087
114,800,7.430926
115,800,3.820252
116,800,4.050536
117,800,5.141646
118,800,9.018969
119,800,2.239006
120,800,0.661981
121,800,0.646456
122,800,1.188963
123,800,0.375837
124,800,0.310847
125,800,1.261001
126,800,1.189902
127,800,6.351764
108,801,1.259302
109,801,0.051558
110,801,16.554775
115,801,16.057976
116,801,18.976768
117,801,26.754597
118,801,15.979088
119,801,3.50939
120,801,5.32158
121,801,9.58195
122,801,6.851446
123,801,2.328859
124,801,9.216184
125,801,15.366179
126,801,2.137901
127,801,1.784992
128,801,5.295494
130,801,0.197585
108,802,0.568406
109,802,0.074624
110,802,16.056808
112,802,0.139899
113,802,0.122678
121,802,28.233557
122,802,24.581606
123,802,16.917479
124,802,24.732119
126,802,26.886883
127,802,2.561958
128,802,6.519688
130,802,0.098065
72,803,3.82723
109,803,0.14865
110,803,6.462515
112,803,0.469076
127,803,3.014284
128,803,3.060741
130,803,1.974056
72,804,3.319569
110,804,5.382216
112,804,1.109228
127,804,16.640024
128,804,4.127329
127,805,14.904102
128,805,5.493279
127,806,17.594229
128,806,7.940438
127,807,28.591106
128,807,12.038845
103,808,0.254634
107,808,0.084592
108,808,0.062227
109,808,1.072638
110,808,0.058109
111,808,24.746254
112,808,1.057355
113,808,0.101367
114,808,0.133001
115,808,0.101367
116,808,0.109272
117,808,0.109272
118,808,0.131516
119,808,0.170894
120,808,0.14865
121,808,0.14865
122,808,1.148649
123,808,0.111701
124,808,21.855047
128,808,29.679409
104,809,14.562331
112,809,0.16583
113,809,0.053556
114,809,0.053556
115,809,0.053556
116,809,0.053556
117,809,0.051073
118,809,0.027059
119,809,0.027059
120,809,0.027059
121,809,0.05839
122,809,0.102942
123,809,0.182739
109,810,0.169295
117,810,0.040555
118,810,0.032458
119,810,0.032458
120,810,0.031482
121,810,0.06882
122,810,0.082874
123,810,0.667497
124,810,1.432977
125,810,0.155512
126,810,0.762121
127,810,0.741836
128,810,7.533727
109,811,0.281854
110,811,1.886369
111,811,0.040555
113,811,22.957935
122,811,0.20833
123,811,0.563208
124,811,0.105982
125,811,0.116296
126,811,0.113216
127,811,2.549605
128,811,5.74916
110,812,0.370363
111,812,0.026474
112,812,0.042166
113,812,9.236822
115,812,29.607159
122,812,0.076869
123,812,0.141438
124,812,0.118433
125,812,0.162406
126,812,0.429455
127,812,1.340483
128,812,11.497932
111,813,0.14632
112,813,18.865763
113,813,10.236811
123,813,0.131064
124,813,0.271941
112,814,18.338894
113,814,5.843104
114,814,15.619183
115,814,11.56774
116,814,6.603121
123,814,0.195091
113,815,0.036099
114,815,25.796564
115,815,29.144253
116,815,11.3472
117,815,0.263107
122,815,0.027402
123,815,0.205918
92,816,0.226014
93,816,0.254368
94,816,0.248199
114,816,28.598297
115,816,29.879431
116,816,18.04565
117,816,0.170048
118,816,0.717236
119,816,0.268187
120,816,0.28726
121,816,0.836438
122,816,0.854801
123,816,0.676975
124,816,0.661808
125,816,1.765503
126,816,1.798176
127,816,8.304817
92,817,0.380842
93,817,0.161264
94,817,0.161443
118,817,1.436334
119,817,0.640378
120,817,2.153773
121,817,0.647074
122,817,1.050888
123,817,1.113257
124,817,1.968096
125,817,4.792595
126,817,2.721628
127,817,17.804296
128,817,5.618069
50,818,17.274574
51,818,16.355904
52,818,16.978868
54,818,16.6756
55,818,10.515619
56,818,17.167936
57,818,19.347197
119,818,1.301983
120,818,0.571368
121,818,7.39222
122,818,4.570853
123,818,5.386802
124,818,5.386993
125,818,4.150704
126,818,21.356279
128,818,0.93525
130,818,2.260879
131,818,17.788965
89,819,0.196952
128,819,0.78292
130,819,10.236247
84,820,7.563869
88,820,2.346304
89,820,1.749218
107,820,0.268481
123,820,0.17552
124,820,4.774683
125,820,1.387308
85,821,8.565575
86,821,6.666723
87,821,4.638947
88,821,5.156564
89,821,2.563539
105,821,0.472096
106,821,0.118805
107,821,0.197455
108,821,1.137846
109,821,0.433682
123,821,6.579301
124,821,13.017532
125,821,10.812089
128,821,2.311212
129,821,7.154211
130,821,10.343
86,822,4.623065
88,822,14.872641
89,822,3.955443
104,822,0.496853
105,822,0.283145
106,822,2.534728
107,822,0.54281
108,822,0.459772
109,822,0.432495
110,822,0.17241
128,822,1.613913
129,822,0.587301
130,822,19.533714
105,823,1.580753
106,823,2.150191
107,823,1.106378
108,823,0.732628
109,823,0.254727
110,823,0.136221
111,823,0.154811
112,823,0.340313
130,823,18.64286
107,824,5.295865
108,824,1.909153
109,824,0.213043
110,824,1.08202
111,824,0.361775
112,824,0.131608
113,824,0.150615
114,824,0.473644
130,824,29.561699
108,825,4.997758
109,825,2.711589
110,825,1.260234
111,825,0.15338
112,825,0.083047
113,825,0.169283
114,825,0.428071
115,825,0.319549
116,825,9.685373
117,825,2.186201
118,825,11.405467
128,825,0.071806
110,826,0.673057
111,826,0.587848
112,826,0.110785
113,826,1.146738
114,826,0.085202
115,826,0.177671
116,826,0.233603
117,826,0.193109
128,826,20.679756
129,826,10.070305
130,826,21.806391
112,827,1.268411
113,827,0.618597
114,827,0.152846
115,827,0.070451
116,827,0.124113
117,827,0.40428
118,827,1.248742
113,828,0.160615
114,828,0.162549
115,828,0.139894
116,828,0.123785
117,828,0.257404
118,828,1.339912
119,828,3.248134
120,828,0.938171
100,829,15.762878
101,829,27.526693
108,829,0.031447
115,829,0.170685
116,829,1.788562
117,829,0.50061
118,829,0.814336
119,829,1.527241
120,829,2.05113
121,829,3.985343
100,830,4.456832
101,830,10.704177
107,830,0.2046
108,830,0.113447
109,830,0.022687
116,830,1.11834
117,830,4.175321
118,830,0.894285
119,830,4.260906
120,830,1.156974
121,830,9.640478
100,831,7.523859
101,831,9.301567
108,831,0.147729
110,831,1.258306
118,831,0.716742
119,831,1.004221
120,831,2.085962
99,832,25.147379
100,832,8.767843
101,832,19.939943
109,832,5.325762
110,832,0.816315
119,832,1.362137
120,832,3.923991
100,833,13.51457
108,833,7.803444
109,833,8.277793
110,833,5.087592
111,833,3.350183
107,834,5.707474
108,834,2.202294
110,834,24.603167
111,834,5.29061
112,834,6.090776
89,835,0.048571
90,835,0.022816
91,835,0.054745
107,835,2.0962
109,835,21.483027
112,835,2.932857
113,835,1.560385
114,835,1.465706
79,836,0.961965
80,836,0.739803
81,836,0.092164
88,836,0.031447
89,836,0.039016
90,836,2.932288
106,836,14.319685
110,836,4.532301
111,836,3.904571
112,836,26.241266
113,836,16.732986
114,836,10.534809
116,836,19.451578
117,836,17.436052
79,837,5.325945
80,837,2.584802
81,837,1.268103
82,837,0.648019
83,837,0.139448
88,837,0.048571
89,837,0.238391
90,837,2.883723
108,837,0.167131
109,837,0.217425
110,837,0.01216
111,837,8.927186
112,837,7.039749
113,837,15.251496
114,837,27.617876
118,837,23.29483
80,838,5.332216
81,838,1.439461
82,838,1.466064
83,838,2.840235
107,838,0.01216
108,838,1.495755
109,838,0.09781
110,838,0.648701
111,838,0.135791
112,838,4.800357
113,838,7.92908
82,839,2.063824
83,839,0.867931
107,839,9.156387
108,839,7.160279
109,839,0.093145
110,839,0.167131
111,839,0.296374
112,839,16.718033
113,839,15.186495
115,839,10.808685
117,839,19.942867
118,839,17.728045
87,840,0.31622
110,840,15.499962
111,840,0.01216
114,840,13.251927
116,840,19.551451
117,840,15.565348
87,841,2.277439
88,841,0.145074
109,841,20.463537
115,841,21.364223
117,841,15.166058
118,841,18.085163
120,841,4.504622
121,841,8.531291
122,841,8.112124
88,842,1.081315
89,842,0.683186
90,842,0.60406
115,842,28.150627
116,842,27.483212
117,842,23.350513
119,842,16.78215
120,842,2.15554
121,842,0.350671
124,842,15.660567
3,843,4.061056
91,843,0.139497
112,843,27.257889
119,843,14.441554
120,843,5.216681
121,843,0.958132
123,843,2.995813
124,843,8.874283
83,844,0.537001
84,844,0.054745
91,844,1.386841
92,844,4.521685
93,844,1.606626
117,844,27.618481
118,844,11.324752
120,844,7.424265
121,844,2.287189
122,844,1.901424
83,845,1.122481
84,845,0.076636
85,845,0.166601
93,845,1.871047
94,845,1.772094
115,845,25.991137
116,845,25.854361
120,845,6.65897
121,845,7.964531
122,845,10.314631
123,845,5.529159
3,846,1.13705
5,846,0.525912
84,846,0.482065
85,846,1.218825
101,846,0.549048
120,846,5.811271
121,846,12.705436
123,846,26.569639
106,847,0.436057
120,847,23.2955
121,847,18.070501
