2202,2124,6.670859
2218,2124,0.886076
2221,2124,4.993304
2264,2124,2.858397
2267,2124,1.251942
2272,2124,1.056124
2297,2124,1.338709
2298,2124,1.227933
2299,2124,1.301471
2300,2124,11.356856
2301,2124,27.230867
2351,2124,2.15887
2354,2124,5.134017
2355,2124,1.841271
2218,2125,1.399572
2264,2125,2.858397
2265,2125,1.214756
2266,2125,0.881551
2267,2125,0.784126
2272,2125,1.128098
2297,2125,8.298887
2298,2125,1.991667
2299,2125,1.285714
2300,2125,15.47852
2301,2125,11.356856
2302,2125,15.452216
2343,2125,6.224802
2347,2125,6.708186
2350,2125,0.151515
2351,2125,5.446375
2352,2125,5.159708
2354,2125,5.134017
2355,2125,3.828052
2218,2126,1.905364
2264,2126,3.434076
2265,2126,3.521424
2266,2126,0.815873
2272,2126,0.696309
2273,2126,1.002976
2296,2126,0.330128
2298,2126,0.422222
2299,2126,0.056604
2300,2126,6.577766
2301,2126,4.409091
2302,2126,5.28656
2303,2126,19.196114
2350,2126,0.385714
2354,2126,5.08646
2355,2126,4.57619
2218,2127,1.852245
2264,2127,3.474816
2265,2127,4.377692
2266,2127,1.045823
2267,2127,0.861327
2268,2127,0.441631
2269,2127,1.295601
2271,2127,1.147591
2272,2127,1.108833
2297,2127,2.071045
2298,2127,0.444444
2299,2127,0.056604
2300,2127,7.395999
2301,2127,3.559469
2302,2127,1.482839
2303,2127,4.683792
2350,2127,0.151515
2355,2127,3.828052
2217,2128,2.263306
2218,2128,0.897117
2253,2128,2.251791
2264,2128,2.969364
2265,2128,1.249713
2266,2128,0.497652
2267,2128,0.902851
2268,2128,0.929393
2269,2128,0.434451
2270,2128,0.475709
2271,2128,3.047388
2297,2128,0.330128
2298,2128,0.454545
2299,2128,0.463768
2302,2128,0.211539
2303,2128,0.003448
2347,2128,4.204895
2348,2128,0.425
2349,2128,0.151515
2350,2128,0.425
2352,2128,7.849725
2355,2128,14.932575
2356,2128,15.936307
2252,2129,4.269782
2264,2129,1.575555
2265,2129,1.973546
2266,2129,0.522727
2271,2129,0.98429
2272,2129,1.320725
2274,2129,1.333105
2347,2129,8.126712
2349,2129,12.806378
2350,2129,12.806378
2351,2129,17.176384
2352,2129,15.577303
2354,2129,4.642191
2355,2129,10.025156
2356,2129,10.025156
2357,2129,10.641298
2218,2130,2.032162
2252,2130,2.645502
2271,2130,1.408557
2272,2130,0.63609
2274,2130,1.20278
2219,2131,1.623253
2252,2131,25.269258
2255,2131,5.699356
2265,2131,1.782223
2266,2131,2.739239
2271,2131,0.418689
2272,2131,0.65557
2345,2131,11.928582
2346,2131,6.665396
2347,2131,0.211539
2348,2131,7.278614
2349,2131,7.535538
2350,2131,0.385714
2351,2131,11.736181
2218,2132,4.076002
2252,2132,22.29299
2255,2132,6.889576
2256,2132,5.064608
2257,2132,5.519626
2258,2132,4.542085
2259,2132,3.766575
2263,2132,1.450818
2264,2132,1.450818
2265,2132,0.939397
2266,2132,1.878884
2271,2132,0.402483
2272,2132,0.65557
2347,2132,8.920312
2350,2132,10.479102
2351,2132,7.834093
2354,2132,19.730297
2247,2133,2.976078
2252,2133,22.214338
2255,2133,6.061235
2256,2133,2.959353
2257,2133,2.720083
2258,2133,2.376801
2259,2133,1.878117
2260,2133,0.648213
2261,2133,0.648213
2262,2133,0.648213
2263,2133,0.407407
2264,2133,0.886076
2265,2133,1.604824
2266,2133,1.685942
2272,2133,0.847265
2274,2133,0.9907
2275,2133,1.351193
2276,2133,0.794521
2346,2133,12.790652
2347,2133,17.707439
2348,2133,9.321136
2351,2133,15.711588
2352,2133,7.849725
2353,2133,14.618078
2354,2133,13.717719
2355,2133,7.849725
2356,2133,2.855143
2244,2134,16.529902
2245,2134,5.900675
2246,2134,3.380651
2247,2134,1.862148
2248,2134,1.604085
2252,2134,1.737211
2255,2134,6.095056
2256,2134,2.053834
2257,2134,0.788092
2258,2134,0.788092
2259,2134,0.827268
2260,2134,0.835629
2261,2134,0.836925
2262,2134,2.38469
2263,2134,1.44331
2264,2134,0.575758
2265,2134,0.900851
2266,2134,0.891284
2271,2134,0.330128
2272,2134,0.739469
2274,2134,0.940707
2346,2134,9.922863
2241,2135,14.060026
2242,2135,9.28755
2245,2135,2.183962
2246,2135,15.843075
2247,2135,1.969835
2248,2135,16.328894
2262,2135,13.388215
2263,2135,10.626297
2264,2135,0.626765
2265,2135,0.900851
2266,2135,0.948236
2270,2135,0.305263
2271,2135,0.501597
2272,2135,0.696171
2274,2135,0.402483
2351,2135,3.627526
2353,2135,13.120856
2354,2135,2.179104
2201,2136,4.794739
2241,2136,14.082401
2242,2136,9.666547
2252,2136,0.358824
2264,2136,0.05829
2265,2136,0.145581
2266,2136,0.406665
2272,2136,0.415088
2274,2136,0.881346
2275,2136,1.375299
2346,2136,13.627944
2354,2136,21.042507
2241,2137,3.693272
2244,2137,1.070512
2246,2137,0.955128
2247,2137,1.122269
2248,2137,4.855681
2249,2137,7.652778
2251,2137,0.437476
2252,2137,0.296957
2253,2137,0.289389
2254,2137,2.208045
2257,2137,0.003448
2258,2137,0.003448
2259,2137,0.067551
2260,2137,0.067551
2261,2137,0.067551
2264,2137,0.003393
2354,2137,10.479102
2247,2138,13.022794
2248,2138,0.499429
2249,2138,0.462925
2250,2138,0.457576
2269,2138,0.324742
2270,2138,0.035354
2271,2138,0.043659
2272,2138,0.829874
2273,2138,1.168308
2274,2138,0.882368
2275,2138,0.419388
2276,2138,0.660572
2354,2138,10.479102
2245,2139,2.668378
2247,2139,14.972456
2249,2139,1.065489
2251,2139,1.442095
2288,2139,0.082044
2354,2139,9.110798
2355,2139,9.110798
2247,2140,13.556607
2251,2140,1.459718
2252,2140,0.941853
2268,2140,0.37795
2269,2140,0.078652
2270,2140,0.522727
2272,2140,0.409479
2347,2140,3.872944
2239,1822,21.987499
2249,2141,0.596647
2250,2141,7.14582
2251,2141,6.808806
2255,2141,4.481334
2256,2141,1.633205
2257,2141,1.589707
2267,2141,0.458335
2268,2141,0.350164
2269,2141,0.500874
2272,2141,0.794521
2273,2141,0.330827
2274,2141,0.330827
2275,2141,0.522522
2276,2141,0.374486
2244,2142,1.160382
2245,2142,3.648467
2249,2142,0.596128
2255,2142,3.868683
2256,2142,4.47777
2268,2142,0.409989
2269,2142,1.275753
2270,2142,0.056911
2272,2142,0.371429
2273,2142,0.371429
2274,2142,0.371429
2275,2142,0.605202
2276,2142,0.874063
2278,2142,1.30472
2290,2142,0.082474
2235,1823,23.299873
2238,1823,26.573109
2239,1823,21.987499
2235,1824,5.453783
2236,1824,5.554759
2238,1824,9.847845
2187,2143,2.161922
2188,2143,6.412165
2255,2143,0.096154
2268,2143,0.409989
2269,2143,0.409989
2270,2143,13.087996
2271,2143,3.598574
2272,2143,4.566025
2273,2143,5.657382
2274,2143,15.328558
2275,2143,0.851705
2276,2143,0.406782
2278,2143,0.647971
2215,1825,1.994551
2233,1825,24.845757
2235,1825,10.658024
2238,1825,27.75111
2187,2144,4.045894
2188,2144,4.025578
2243,2144,1.991942
2244,2144,2.176643
2246,2144,0.592341
2249,2144,13.228489
2250,2144,0.035354
2251,2144,0.233623
2268,2144,0.317664
2271,2144,0.212247
2272,2144,0.145581
2273,2144,8.212327
2274,2144,7.034923
2275,2144,0.473193
2276,2144,0.917361
2186,2145,3.418343
2187,2145,9.171344
2188,2145,3.700974
2189,2145,8.147525
2192,2145,25.507402
2243,2145,1.400862
2244,2145,1.012965
2246,2145,0.16728
2249,2145,0.746933
2250,2145,5.198209
2251,2145,1.470097
2267,2145,0.324549
2273,2145,13.937249
2274,2145,5.688485
2275,2145,0.453903
2276,2145,0.522522
2187,2146,2.602052
2242,2146,16.162743
2243,2146,0.441428
2244,2146,0.407407
2245,2146,0.486059
2246,2146,0.126133
2249,2146,0.224232
2254,2146,10.106221
2273,2146,4.898941
2274,2146,0.277225
2275,2146,0.035354
2276,2146,0.883082
2283,2146,10.439834
2284,2146,0.409479
2285,2146,0.60247
2286,2146,0.410775
2229,1826,22.260323
2230,1826,17.931511
2231,1826,11.855457
2221,1827,28.958015
2224,1827,28.538679
2225,1827,20.356953
2226,1827,13.062532
2227,1827,10.270477
2228,1827,12.675527
2229,1827,10.134731
2245,2147,0.130337
2246,2147,0.18223
2247,2147,0.18924
2249,2147,0.224232
2250,2147,0.513542
2265,2147,1.271584
2271,2147,0.268048
2273,2147,0.035354
2274,2147,0.082474
2275,2147,0.082044
2244,2148,2.728247
2245,2148,14.235535
2249,2148,0.516478
2265,2148,1.947115
2267,2148,0.171222
2270,2148,0.268048
2271,2148,0.155228
2272,2148,0.119398
2275,2148,1.113086
2277,2148,0.698813
2278,2148,0.794521
2221,1828,20.654705
2222,1828,6.855899
2223,1828,5.992172
2224,1828,2.540031
2225,1828,1.512253
2226,1828,1.494829
2227,1828,1.419829
2228,1828,2.759622
2220,1829,8.138891
2221,1829,12.308332
2222,1829,5.016666
2223,1829,4.461111
2224,1829,3.725
2225,1829,0.6
2226,1829,0.627778
2227,1829,0.516667
2243,2149,2.728247
2244,2149,2.463344
2245,2149,10.468493
2249,2149,0.545661
2252,2149,2.077596
2264,2149,15.650173
2265,2149,20.728828
2267,2149,0.119398
2276,2149,1.113086
2219,1830,21.883059
2220,1830,19.963852
2221,1830,16.327377
2222,1830,16.152376
2223,1830,7.949996
2224,1830,6.809527
2225,1830,5.89286
2226,1830,5.89286
2229,1830,11.461544
2224,1831,21.840942
2225,1831,17.138851
2226,1831,17.138851
2227,1831,17.138851
2228,1831,17.513851
2229,1831,16.198376
2242,2150,1.229011
2243,2150,9.343957
2244,2150,0.123982
2245,2150,0.123982
2246,2150,0.213629
2247,2150,0.088561
2250,2150,0.043659
2252,2150,1.694651
2263,2150,11.725904
2264,2150,0.588538
2267,2150,0.074428
2276,2150,0.082474
2316,2150,15.289528
2225,1832,27.202772
2226,1832,27.202772
2227,1832,27.202772
2242,2151,1.186529
2247,2151,0.172482
2250,2151,7.697292
2251,2151,0.276172
2252,2151,0.53487
2265,2151,1.046546
2266,2151,8.441667
2267,2151,0.0693
2276,2151,0.223146
2287,2151,28.959381
2242,2152,4.920816
2247,2152,0.071498
2248,2152,0.082474
2249,2152,2.770323
2250,2152,3.592139
2251,2152,5.151281
2252,2152,10.773224
2266,2152,0.155977
2300,2152,0.528099
2301,2152,5.330326
2303,2152,3.438633
2307,2152,9.152473
2235,1834,9.090901
2251,1834,2.983331
2252,1834,3.620687
2253,1834,5.508771
2242,2153,6.312305
2247,2153,0.114796
2248,2153,0.064103
2249,2153,15.572527
2250,2153,8.293724
2251,2153,3.456511
2252,2153,6.720591
2262,2153,0.616742
2263,2153,0.213146
2264,2153,6.769801
2265,2153,2.003351
2266,2153,0.650452
2267,2153,0.650452
2268,2153,0.111075
2269,2153,0.111075
2270,2153,0.111075
2271,2153,2.727089
2276,2153,0.640767
2277,2153,3.413609
2278,2153,13.022943
2301,2153,4.421839
2336,2153,0.180934
2236,1835,17.903265
2237,1835,21.185881
2238,1835,9.768342
2239,2154,25.047607
2240,2154,0.229968
2241,2154,1.778676
2242,2154,0.164857
2247,2154,0.010204
2249,2154,0.085106
2250,2154,4.351025
2251,2154,9.560871
2254,2154,1.130031
2263,2154,3.449429
2264,2154,3.393501
2265,2154,3.393501
2266,2154,4.259449
2267,2154,4.078005
2268,2154,4.078005
2269,2154,4.384305
2239,2155,0.656922
2240,2155,4.657251
2241,2155,5.693154
2242,2155,0.16633
2243,2155,0.16633
2244,2155,0.018182
2245,2155,4.141087
2246,2155,4.141087
2247,2155,0.135714
2249,2155,0.148148
2254,2155,0.139408
2256,1836,2.290321
2257,1836,23.732506
2207,2157,19.107605
2283,2157,3.755027
2284,2157,3.385398
2291,2157,17.707096
2292,2157,9.797785
2271,1837,27.221031
2207,2158,14.460117
2255,2158,15.302824
2267,2158,0.663241
2285,2158,3.23645
2290,2158,5.65609
2207,2159,11.284208
2249,2159,1.534163
2264,2159,0.658375
2284,2159,4.133917
2232,2160,4.370208
2233,2160,7.880192
2250,2160,1.484007
2252,2160,0.332707
2215,2161,2.920044
2232,2161,10.204905
2233,2161,5.238514
2234,2161,2.259552
2239,2161,10.952533
2248,2161,0.623721
2249,2161,1.275508
2251,2161,0.230314
2255,2161,1.245449
2256,2161,1.198437
2284,2161,2.63581
2285,2161,1.323928
2287,2161,2.874316
2288,2161,3.960143
2291,2161,11.33065
2311,2161,7.028564
2327,2161,15.266714
2215,2162,1.086824
2221,2162,5.474296
2222,2162,5.84496
2232,2162,5.421546
2234,2162,0.449668
2235,2162,0.395088
2255,2162,2.773352
2256,2162,3.434506
2271,2162,0.066667
2272,2162,1.749116
2288,2162,3.735101
2293,2162,2.231315
2209,2163,18.656528
2223,2163,6.243801
2224,2163,7.603523
2228,2163,1.740497
2229,2163,26.103254
2232,2163,0.633155
2233,2163,4.798625
2238,2163,0.357143
2249,2163,0.547239
2255,2163,3.15
2256,2163,0.989784
2270,2163,0.21513
2271,2163,0.284481
2272,2163,7.111118
2273,2163,3.158584
2288,2163,3.11553
2294,2163,3.973152
2324,2163,2.61413
2350,1842,8.432138
2218,2164,10.33317
2219,2164,12.969854
2221,2164,24.826738
2222,2164,6.787926
2224,2164,15.319507
2225,2164,22.562162
2229,2164,3.072745
2231,2164,6.108883
2232,2164,1.233794
2233,2164,6.568939
2237,2164,19.713045
2238,2164,11.131407
2249,2164,0.93941
2256,2164,7.15915
2271,2164,2.417693
2272,2164,1.2175
2293,2164,5.159708
2324,2164,2.771908
2201,2165,20.68504
2202,2165,2.120022
2217,2165,12.557934
2218,2165,7.040133
2219,2165,2.213385
2220,2165,11.394001
2221,2165,6.16663
2231,2165,2.99079
2232,2165,28.276644
2233,2165,4.80883
2237,2165,0.299134
2238,2165,0.138243
2255,2165,5.64444
2256,2165,28.443169
2271,2165,13.96317
2293,2165,27.897717
2228,2166,4.917509
2230,2166,7.579786
2232,2166,4.798625
2234,2166,0.104301
2235,2166,0.179764
2236,2166,0.142887
2237,2166,2.181177
2296,2166,5.159708
2202,2167,6.803533
2212,2167,9.790392
2213,2167,13.8879
2214,2167,16.605675
2231,2167,8.292742
2232,2167,0.661918
2233,2167,0.094097
2241,2167,24.580278
2242,2167,0.362992
2230,2168,5.521328
2231,2168,3.51786
2233,2168,11.969864
2223,2169,12.566057
2224,2169,3.17483
2207,2170,11.63012
2222,2170,14.620708
2278,2171,0.025641
2304,2171,9.990034
2305,2171,10.171799
2222,2173,19.623466
2295,2180,10.377847
2184,2182,1.682367
2184,2183,22.975901
2187,2185,1.144646
2187,2186,0.781275
2188,2186,1.385062
2187,2187,1.053316
2201,2187,24.867561
2187,2188,1.662868
2196,2188,23.370932
2249,2189,2.792406
2260,2189,0.088561
2248,2190,23.654755
2262,2190,0.025641
2193,2192,15.731452
2268,2199,0.785714
2291,2201,3.10388
2292,2201,2.008651
2291,2202,1.082551
2292,2202,2.60388
2183,2206,26.484955
2267,2207,4.973932
2336,2207,24.970623
2227,1889,10.199993
2210,1890,5.499996
2279,2209,0.006803
2206,1891,27.202772
2209,1891,3.125
2210,1891,5.89286
2279,2210,0.006803
2210,1892,6.888892
2211,1892,14.388851
2279,2211,0.006803
2352,2211,5.345085
2211,1893,17.7857
2186,2212,17.294123
2187,2212,0.232701
2188,2212,3.270244
2351,2212,18.373146
2189,2213,0.707375
2213,1894,24.98274
2338,1894,2.647061
2349,1894,3.319079
2348,1895,10.07563
2349,1895,12.628565
2350,1895,10.399992
2351,1895,7.847057
2193,2215,25.091623
2335,2217,19.384022
2336,2217,4.188674
2345,2217,26.61186
2346,2217,5.519977
2190,2218,0.181257
2192,2218,22.022333
2345,2218,4.864939
2349,2218,5.227885
2186,2219,21.156315
2190,2219,7.224041
2193,2219,2.131065
2195,2219,0.29832
2196,2219,0.343889
2197,2219,0.345985
2316,2219,1.041348
2317,2219,1.862413
2318,2219,16.493498
2338,2219,18.672125
2344,2219,4.083256
2345,2219,8.777345
2346,2219,7.849725
2349,2219,10.459394
2350,2219,4.112353
2351,2219,3.872944
2195,2220,0.143397
2318,2220,3.647953
2319,2220,19.548712
2336,2220,4.067245
2337,2220,0.089925
2338,2220,0.03829
2341,2220,12.18244
2342,2220,0.770418
2343,2220,7.164642
2344,2220,8.310953
2345,2220,8.914512
2346,2220,7.528201
2347,2220,7.155082
2352,2220,11.405782
2183,2221,7.316667
2194,2221,21.016115
2320,2221,5.144766
2337,2221,2.631279
2341,2221,5.551933
2342,2221,0.074042
2343,2221,0.056911
2355,1901,1.34375
2183,2222,1.93617
2203,2222,21.806505
2205,2222,4.332505
2206,2222,7.140318
2320,2222,4.646601
2330,2222,4.067245
2337,2222,2.631279
2341,2222,0.152663
2342,2222,0.114366
2183,2223,1.534482
2186,2223,28.402771
2187,2223,20.412928
2190,2223,8.32018
2291,2223,0.088629
2332,2223,3.852993
2336,2223,11.33065
2337,2223,4.058794
2341,2223,28.246355
2342,2223,1.161977
2189,2224,3.477006
2190,2224,7.923067
2191,2224,3.475406
2332,2224,7.388934
2335,2224,4.067245
2336,2224,2.600863
2337,2224,3.413118
2340,2224,21.665579
2341,2224,26.500343
2342,2224,1.828644
2343,2224,0.064103
2183,2225,0.207101
2331,2225,4.850393
2337,2225,2.631279
2339,2225,23.712811
2341,2225,24.972654
2342,2225,15.49531
2343,2225,0.082474
2348,2225,5.159708
2335,2226,3.071286
2336,2226,2.631279
2337,2226,2.778711
2339,2226,4.255295
2340,2226,2.777464
2341,2226,1.303144
2343,2226,27.500977
2344,2226,5.288381
2345,2226,5.345085
2348,2226,8.2889
2185,2227,0.179856
2217,2227,7.302583
2316,2227,2.67555
2317,2227,4.567046
2326,2227,3.198258
2333,2227,2.973054
2336,2227,2.638082
2339,2227,2.304849
2340,2227,2.789218
2341,2227,0.304143
2348,2227,10.203898
2349,2227,3.900675
2185,2228,0.179856
2220,2228,27.004221
2313,2228,2.607797
2318,2228,4.567046
2323,2228,4.49906
2325,2228,4.268878
2327,2228,15.266714
2336,2228,3.074222
2339,2228,2.299419
2340,2228,1.830898
2343,2228,14.789059
2350,2228,12.957164
2186,2229,4.757348
2192,2229,16.492369
2213,2229,12.346059
2217,2229,4.978909
2220,2229,5.412705
2233,2229,8.306623
2313,2229,2.145531
2314,2229,2.561928
2327,2229,4.614297
2328,2229,7.033944
2333,2229,4.393132
2334,2229,11.337453
2335,2229,3.074222
2336,2229,4.844887
2337,2229,13.671581
2338,2229,2.583505
2352,2229,26.493156
2187,2230,6.785698
2192,2230,3.066664
2200,2230,6.786994
2201,2230,17.376856
2204,2230,29.172861
2305,2230,0.145581
2313,2230,2.641627
2316,2230,2.607797
2327,2230,4.090026
2328,2230,4.012281
2333,2230,2.561928
2337,2230,0.088629
2338,2230,2.171451
2347,2230,5.159575
2348,2230,10.622211
2192,2231,4.99999
2193,2231,15.966595
2198,2231,10.207085
2199,2231,13.039635
2203,2231,8.340419
2229,2231,7.838766
2313,2231,4.393132
2316,2231,2.917433
2327,2231,13.524555
2328,2231,5.159708
2331,2231,2.917433
2334,2231,2.631279
2335,2231,2.63263
2346,2231,4.338267
2348,2231,24.848749
2188,2232,16.198
2191,2232,4.00118
2199,2232,12.963117
2214,2232,13.797075
2218,2232,9.844378
2224,2232,7.38281
2227,2232,4.143715
2228,2232,6.577669
2229,2232,3.872127
2232,2232,20.553595
2313,2232,2.607797
2331,2232,2.641627
2333,2232,2.641627
2334,2232,1.65652
2335,2232,2.189268
2336,2232,2.617066
2337,2232,2.63263
2338,2232,2.145531
2339,2232,2.641627
2340,2232,2.67555
2346,2232,2.67555
2350,2232,12.234465
2351,2232,10.028584
2213,2233,25.52346
2214,2233,9.134159
2216,2233,15.578364
2217,2233,7.346312
2220,2233,0.959194
2221,2233,13.699313
2222,2233,9.341719
2224,2233,28.789061
2225,2233,25.714642
2226,2233,11.8859
2303,2233,0.088561
2313,2233,2.641627
2314,2233,2.557992
2332,2233,2.641627
2333,2233,2.164649
2334,2233,2.131899
2338,2233,0.088561
2339,2233,1.140345
2340,2233,2.167584
2341,2233,2.63263
2342,2233,2.641627
2343,2233,2.67555
2348,2233,1.655223
2349,2233,1.88493
2350,2233,9.36731
2352,2233,11.888721
2186,2234,16.170675
2187,2234,7.017103
2188,2234,3.475406
2190,2234,16.198
2191,2234,3.475406
2192,2234,15.966595
2193,2234,16.492369
2194,2234,16.889671
2196,2234,16.889671
2199,2234,9.988111
2210,2234,5.4553
2213,2234,8.828031
2215,2234,0.212121
2216,2234,17.987534
2217,2234,7.760746
2219,2234,3.203778
2224,2234,5.215041
2225,2234,21.781733
2303,2234,0.088629
2313,2234,0.088629
2314,2234,0.088629
2315,2234,0.088629
2316,2234,11.33065
2327,2234,2.970286
2328,2234,2.561928
2331,2234,2.641627
2333,2234,4.476499
2337,2234,0.145581
2342,2234,1.140345
2343,2234,2.148479
2344,2234,2.63263
2346,2234,1.69545
2197,2235,3.066664
2200,2235,3.066664
2201,2235,6.785698
2204,2235,3.066664
2207,2235,6.785698
2210,2235,2.871795
2213,2235,0.174603
2214,2235,6.97001
2215,2235,0.174603
2216,2235,0.301887
2217,2235,0.507769
2218,2235,5.314449
2220,2235,0.301887
2223,2235,0.177539
2226,2235,29.839481
2303,2235,0.145581
2316,2235,4.476499
2323,2235,3.028789
2327,2235,0.088629
2333,2235,3.546781
2343,2235,15.078231
2303,2236,1.339942
2318,2236,1.639017
2319,2236,3.852993
2326,2236,3.028789
2338,2236,2.145531
2183,2237,3.066664
2185,2237,5.923067
2186,2237,4.124845
2187,2237,4.398483
2189,2237,4.00118
2190,2237,4.00118
2191,2237,4.00118
2192,2237,4.00118
2193,2237,7.708776
2194,2237,7.708776
2195,2237,6.785698
2196,2237,6.785698
2197,2237,9.004797
2198,2237,3.066664
2310,2237,6.335536
2313,2237,4.804358
2314,2237,2.576702
2315,2237,2.607797
2322,2237,2.917433
2323,2237,2.917433
2324,2237,2.561928
2326,2237,2.67555
2330,2237,3.028789
2334,2237,4.567046
2341,2237,2.613812
2342,2237,3.636834
2192,2238,4.185189
2209,2238,10.243856
2212,2238,17.256214
2212,2239,28.34252
2215,2239,25.816254
2216,2239,17.540865
2217,2239,12.98192
2218,2239,20.003744
2219,2239,22.531706
2221,2239,29.37051
2230,2239,3.780885
2192,2240,4.99999
2213,2240,13.871687
2209,2241,7.063324
2210,2241,0.082474
2211,2241,1.392857
2212,2241,0.215514
2213,2241,6.588937
2214,2241,5.397327
2217,2241,6.138998
2218,2241,6.142391
2219,2241,4.426135
2223,2241,19.335501
2231,2241,8.699081
2328,2241,0.155319
2331,2241,19.95525
2339,2241,11.155471
2192,2242,3.475406
2195,2242,20.575436
2202,2242,8.370002
2203,2242,0.215514
2209,2242,2.873091
2210,2242,2.873091
2213,2242,1.478724
2214,2242,3.929841
2217,2242,2.871795
2218,2242,0.487264
2219,2242,6.657736
2222,2242,17.372192
2231,2242,6.851114
2328,2242,0.188514
2339,2242,7.135723
2342,2242,1.595874
2343,2242,4.141264
2346,2242,2.623192
2347,2242,7.682628
2348,2242,9.778364
2349,2242,11.581506
2185,2243,3.066664
2193,2243,3.475406
2195,2243,11.633287
2199,2243,6.785698
2207,2243,1.773395
2208,2243,3.621924
2214,2243,21.981354
2316,1923,4.861691
2219,2243,21.117887
2229,2243,24.398697
2230,2243,9.127954
2326,2243,0.236127
2327,2243,0.262889
2328,2243,0.171969
2329,2243,0.232331
2330,2243,0.262889
2331,2243,0.29347
2332,2243,0.055151
2333,2243,21.41209
2334,2243,16.094757
2335,2243,0.008099
2339,2243,4.665814
2341,2243,7.059438
2342,2243,25.595398
2343,2243,4.991989
2344,2243,2.94579
2346,2243,6.608365
2350,2243,9.026358
2351,2243,11.467633
2351,1924,7.315426
2352,1924,21.530996
2194,2244,25.42557
2195,2244,5.612393
2199,2244,3.475406
2200,2244,4.99999
2201,2244,4.185189
2202,2244,1.125
2203,2244,0.215514
2207,2244,1.517397
2208,2244,9.421639
2212,2244,0.038328
2213,2244,1.125
2214,2244,8.279671
2215,2244,29.865013
2216,2244,7.786065
2217,2244,1.431184
2218,2244,3.674082
2219,2244,21.835695
2229,2244,6.993493
2230,2244,5.566571
2301,2244,0.761073
2315,2244,21.584768
2321,2244,4.435011
2322,2244,0.078652
2323,2244,0.088561
2325,2244,0.234141
2326,2244,0.157664
2327,2244,0.133463
2328,2244,0.008099
2330,2244,0.233513
2331,2244,0.087277
2332,2244,0.021582
2334,2244,0.784945
2335,2244,0.004689
2336,2244,0.582979
2337,2244,0.268153
2339,2244,2.234188
2343,2244,3.857211
2344,2244,2.486603
2350,2244,18.895353
2351,2244,11.114147
2352,1925,6.143052
2353,1925,12.533603
2354,1925,14.767263
2355,1925,22.167458
2185,2245,3.066664
2197,2245,14.399674
2199,2245,3.475406
2200,2245,6.105524
2201,2245,2.875188
2202,2245,2.875188
2203,2245,0.487264
2207,2245,2.997928
2213,2245,2.25
2214,2245,8.028387
2215,2245,17.75518
2216,2245,6.778387
2217,2245,0.056911
2218,2245,0.101124
2229,2245,1.278984
2230,2245,3.594455
2231,2245,7.546601
2313,2245,0.088629
2314,2245,2.68856
2315,2245,13.528004
2316,2245,5.426673
2321,2245,24.860327
2322,2245,1.864419
2325,2245,0.043659
2326,2245,0.001296
2327,2245,0.008099
2328,2245,0.008099
2330,2245,1.341966
2331,2245,0.087277
2332,2245,0.021582
2334,2245,0.183799
2335,2245,0.046953
2336,2245,0.013131
2337,2245,0.045899
2338,2245,1.01467
2339,2245,0.03373
2343,2245,7.206394
2350,2245,6.228053
2352,1926,20.129463
2357,1926,24.796799
2186,2246,3.066664
2199,2246,3.475406
2200,2246,7.669056
2207,2246,0.519224
2208,2246,1.883696
2209,2246,1.42821
2210,2246,0.078652
2212,2246,0.301887
2213,2246,0.714286
2214,2246,0.714286
2315,2246,1.69545
2316,2246,14.825512
2321,2246,0.091497
2322,2246,1.895834
2330,2246,0.821183
2331,2246,0.205714
2332,2246,0.004232
2334,2246,1.349295
2335,2246,0.024479
2336,2246,0.048872
2338,2246,2.717895
2347,2246,4.94397
2348,2246,5.432392
2349,2246,6.016056
2351,1927,14.75
2199,2247,24.567848
2200,2247,3.332763
2207,2247,1.431184
2208,2247,0.604999
2209,2247,2.332474
2210,2247,1.46084
2211,2247,0.483871
2212,2247,0.714286
2325,2247,0.206027
2326,2247,0.166931
2327,2247,0.210229
2328,2247,0.254431
2329,2247,1.271657
2330,2247,0.796558
2331,2247,0.158987
2332,2247,0.004744
2333,2247,0.18768
2334,2247,0.124669
2335,2247,0.048872
2338,2247,1.771335
2339,2247,29.486511
2346,2247,2.57941
2347,2247,3.51753
2348,2247,4.266171
2349,2247,5.283069
2350,2247,6.011947
2199,2248,9.852363
2200,2248,1.280143
2207,2248,2.871795
2208,2248,1.589132
2210,2248,0.551366
2212,2248,2.910122
2323,2248,1.612058
2324,2248,0.346982
2325,2248,0.226662
2326,2248,0.004689
2327,2248,0.008099
2328,2248,0.021582
2329,2248,0.017715
2330,2248,0.110121
2331,2248,0.12074
2332,2248,0.007329
2333,2248,0.015282
2334,2248,0.036661
2335,2248,0.009739
2338,2248,0.134528
2339,2248,7.687394
2346,2248,0.214399
2347,2248,11.085465
2348,2248,14.242418
2349,2248,7.804635
2350,2248,5.035821
2328,1929,9.230766
2333,1929,15.279763
2334,1929,7.779074
2200,2249,0.549362
2201,2249,0.301887
2202,2249,0.390448
2207,2249,1.198157
2208,2249,3.294017
2209,2249,0.483871
2210,2249,0.212121
2212,2249,0.253255
2251,2249,2.555812
2317,2249,14.588614
2321,2249,0.254363
2323,2249,0.2172
2324,2249,0.009739
2325,2249,0.021582
2326,2249,0.008099
2330,2249,3.394843
2331,2249,0.102882
2332,2249,0.007274
2333,2249,0.036661
2340,2249,0.589173
2341,2249,3.691139
2342,2249,3.006261
2343,2249,1.241847
2345,2249,3.661747
2346,2249,1.349652
2347,2249,2.804222
2348,2249,1.985073
2350,2249,16.49268
2351,2249,7.458298
2330,1930,29.545719
2333,1930,25.93622
2333,1931,25.182381
2199,2250,0.174603
2200,2250,0.301887
2207,2250,3.32937
2209,2250,0.714286
2210,2250,0.301887
2211,2250,0.174603
2212,2250,2.871795
2213,2250,0.483871
2214,2250,0.212121
2215,2250,1.125
2216,2250,0.714286
2314,2250,4.909163
2315,2250,1.134207
2316,2250,1.00581
2317,2250,0.736304
2318,2250,1.283379
2319,2250,2.500746
2320,2250,1.717365
2321,2250,0.054474
2323,2250,0.123744
2326,2250,0.003393
2327,2250,0.008099
2328,2250,0.008099
2329,2250,0.004232
2330,2250,0.110121
2331,2250,0.151648
2332,2250,0.00857
2333,2250,0.045899
2335,2250,0.047766
2336,2250,0.047766
2337,2250,0.125055
2341,2250,12.317535
2342,2250,0.035354
2343,2250,0.053206
2344,2250,0.111238
2345,2250,4.526962
2346,2250,3.951009
2347,2250,13.129787
2348,2250,2.958897
2349,2250,16.49268
2350,2250,6.545067
2214,2251,2.871795
2215,2251,0.174603
2216,2251,0.301887
2293,2251,0.544219
2311,2251,0.016822
2312,2251,0.024081
2313,2251,2.094344
2314,2251,0.312308
2315,2251,0.104703
2316,2251,3.618923
2317,2251,5.182573
2318,2251,0.064087
2319,2251,0.047876
2320,2251,1.007329
2321,2251,0.031838
2323,2251,0.046426
2326,2251,0.008099
2330,2251,0.276472
2332,2251,0.003881
2333,2251,0.013986
2338,2251,0.089857
2339,2251,0.107059
2340,2251,0.107059
2341,2251,0.054709
2342,2251,0.01105
2343,2251,0.021523
2345,2251,4.050717
2359,1933,3.658939
2360,1933,11.026751
2213,2252,0.301887
2267,2252,2.251686
2268,2252,2.251686
2269,2252,2.251686
2270,2252,4.336782
2271,2252,0.006803
2310,2252,0.016
2311,2252,0.049304
2312,2252,5.972592
2313,2252,6.066772
2314,2252,5.50627
2315,2252,0.063934
2316,2252,0.075944
2317,2252,0.047463
2318,2252,0.056433
2319,2252,0.102171
2321,2252,0.032995
2323,2252,0.109841
2324,2252,0.015271
2325,2252,0.105005
2326,2252,0.003393
2327,2252,0.001296
2328,2252,0.011822
2329,2252,0.004232
2330,2252,0.130952
2331,2252,0.054054
2332,2252,0.003881
2333,2252,0.003393
2334,2252,0.012924
2338,2252,0.014053
2210,2253,0.174603
2211,2253,0.301887
2267,2253,0.213417
2268,2253,0.215514
2269,2253,1.538437
2323,2253,0.767412
2324,2253,0.036911
2325,2253,0.051557
2326,2253,0.001296
2330,2253,0.390755
2331,2253,0.118266
2332,2253,0.002551
2333,2253,0.012736
2334,2253,0.040842
2335,2253,0.031197
2336,2253,0.081108
2337,2253,0.014053
2339,2253,0.047703
2340,2253,0.015873
2210,2254,0.301887
2267,2254,0.185944
2268,2254,0.26428
2323,2254,0.036911
2326,2254,0.013919
2327,2254,0.004689
2328,2254,0.045026
2329,2254,0.021523
2330,2254,0.015873
2331,2254,0.021721
2333,2254,0.037449
2334,2254,0.051731
2335,2254,0.024276
2336,2254,0.036075
2337,2254,0.024276
2339,2254,0.00565
2344,2254,4.65501
2360,1934,21.472553
2302,2255,0.088629
2303,2255,1.4445
2323,2255,0.045643
2326,2255,0.01105
2327,2255,0.122101
2329,2255,0.021721
2333,2255,0.149905
2334,2255,0.024276
2337,2255,2.267215
2358,1935,6.321427
2357,1936,22.088131
2323,2256,0.087402
2327,2256,0.00565
2334,2256,0.03748
2323,2257,2.877643
2239,2260,17.975826
2315,2261,5.904298
2255,2262,0.875503
2276,2262,6.687104
2365,1943,11.611072
2312,1944,8.691109
2328,1944,19.530998
2329,1944,4.861691
2330,1944,7.58536
2364,1944,8.860953
2365,1944,11.951357
2251,2263,1.435796
2312,1945,4.861691
2250,2264,1.516625
2251,2264,1.854649
2263,2264,28.868156
2330,1946,8.691109
2364,1946,7.779074
2208,2265,0.174603
2249,2265,0.300682
2251,2265,2.311729
2252,2265,1.854649
2255,2265,1.484422
2264,2265,4.037723
2270,2265,3.017413
2304,2265,1.078098
2250,2266,0.089857
2251,2266,0.03665
2252,2266,0.342021
2253,2266,0.088629
2254,2266,0.088629
2255,2266,0.044955
2256,2266,0.339925
2257,2266,0.795391
2258,2266,1.041565
2263,2266,3.017413
2265,2266,6.626332
2267,2266,6.626332
2275,2266,0.001296
2276,2266,0.001296
2277,2266,0.001296
2278,2266,0.001296
2279,2266,0.009398
2295,2266,0.561538
2301,2266,0.658143
2344,2266,2.958897
2329,1947,4.861691
2331,1947,4.861691
2332,1947,7.58536
2253,2267,0.001296
2254,2267,0.001803
2255,2267,0.001803
2256,2267,0.001296
2257,2267,1.669603
2264,2267,0.871358
2267,2267,0.731331
2274,2267,0.152383
2275,2267,0.021867
2276,2267,0.021867
2277,2267,0.089992
2278,2267,0.099901
2301,2267,0.508979
2342,2267,2.477153
2201,2268,0.212121
2249,2268,0.044955
2250,2268,0.089925
2252,2268,0.089857
2258,2268,1.84018
2264,2268,0.042366
2265,2268,2.097165
2266,2268,0.172578
2294,2268,0.100975
2329,1949,8.691109
2202,2269,0.212121
2253,2269,0.092021
2255,2269,0.089925
2258,2269,0.145581
2203,2270,0.174603
2249,2270,0.043659
2250,2270,0.047107
2251,2270,0.145581
2252,2270,0.047107
2253,2270,0.089857
2254,2270,0.088629
2255,2270,0.089857
2256,2270,0.089925
2257,2270,0.148517
2258,2270,0.091497
2274,2270,0.556236
2287,2270,3.071083
2310,2270,0.049309
2329,1952,8.691109
2330,1952,8.666654
2204,2271,1.978437
2250,2271,0.038746
2252,2271,0.044955
2254,2271,0.044955
2256,2271,0.002936
2281,2271,0.145581
2282,2271,0.088629
2283,2271,0.092021
2284,2271,0.097968
2287,2271,0.099969
2312,2271,16.334044
2313,2271,0.056828
2314,2271,0.00565
2310,1953,16.191381
2331,1953,8.691109
2204,2272,1.236098
2252,2272,0.089925
2258,2272,0.089925
2259,2272,1.809156
2274,2272,0.100804
2282,2272,0.047107
2283,2272,0.091954
2295,2272,0.175951
2296,2272,0.103677
2297,2272,0.060649
2298,2272,0.099969
2299,2272,0.116145
2300,2272,0.115527
2301,2272,3.593118
2302,2272,0.099155
2303,2272,0.564857
2304,2272,0.497519
2309,2272,18.103605
2310,2272,0.100394
2338,2272,1.985073
2339,2272,2.47845
2340,2272,2.006572
2341,2272,1.985073
2311,1954,17.297131
2203,2273,0.714286
2249,2273,0.035354
2250,2273,0.04754
2251,2273,0.088561
2252,2273,0.047052
2253,2273,0.089925
2257,2273,0.092021
2258,2273,0.102023
2259,2273,0.094543
2269,2273,1.263697
2272,2273,0.109365
2273,2273,0.094407
2282,2273,26.519295
2283,2273,4.102096
2284,2273,0.089857
2302,2273,0.183875
2303,2273,0.411841
2341,2273,2.490248
2342,2273,2.155874
2344,2273,2.483314
2345,2273,2.665729
2346,2273,1.658432
2347,2273,3.300303
2348,2273,2.492013
2349,2273,0.00565
2312,1955,10.924976
2203,2274,0.301887
2204,2274,3.750088
2250,2274,0.085867
2251,2274,0.0821
2252,2274,0.035354
2253,2274,0.145581
2257,2274,0.159043
2265,2274,0.088561
2266,2274,0.377798
2267,2274,0.387783
2269,2274,0.471229
2272,2274,0.677802
2273,2274,0.138499
2274,2274,0.174979
2283,2274,0.092021
2284,2274,0.092021
2302,2274,0.099155
2303,2274,0.172793
2304,2274,0.781104
2343,2274,2.970236
2348,2274,2.958897
2312,1956,15.786667
2332,1956,8.691109
2331,1957,4.861691
2203,2275,1.585714
2204,2275,2.259998
2249,2275,0.038746
2253,2275,0.088561
2254,2275,0.145581
2256,2275,0.145581
2257,2275,0.092021
2258,2275,0.902642
2259,2275,1.751567
2266,2275,0.082533
2267,2275,0.589857
2268,2275,0.475194
2269,2275,0.481482
2272,2275,7.297318
2273,2275,0.556415
2274,2275,0.399719
2284,2275,0.077154
2285,2275,0.121545
2286,2275,5.784329
2294,2275,0.116444
2295,2275,0.103673
2296,2275,0.160625
2299,2275,0.180827
2301,2275,0.119856
2302,2275,0.088561
2303,2275,0.099087
2304,2275,5.761557
2337,2275,0.021498
2338,2275,0.011339
2339,2275,0.003443
2343,2275,2.46875
2249,2276,0.091954
2252,2276,0.038328
2253,2276,0.038746
2255,2276,0.043659
2256,2276,0.043659
2257,2276,0.035354
2258,2276,0.0396
2266,2276,1.275252
2267,2276,3.134732
2268,2276,0.387783
2270,2276,0.475975
2274,2276,0.567444
2275,2276,0.562131
2276,2276,0.48091
2303,2276,0.104502
2304,2276,0.107247
2336,2276,0.003443
2337,2276,0.011339
2343,2276,2.109433
2344,2276,1.988516
2348,2276,1.755875
2249,2277,0.088629
2252,2277,0.038802
2255,2277,0.0821
2266,2277,0.088629
2267,2277,0.538328
2268,2277,1.942208
2269,2277,0.615052
2338,2277,0.003443
2340,2277,1.647889
2343,2277,0.001296
2344,2277,2.012414
2347,2277,2.46875
2249,2278,0.043659
2251,2278,0.088629
2253,2278,5.535353
2254,2278,0.092009
2257,2278,0.384847
2258,2278,2.124951
2259,2278,8.20911
2265,2278,0.473897
2266,2278,0.921548
2267,2278,0.101283
2268,2278,0.526491
2275,2278,3.400715
2276,2278,0.820877
2333,2278,0.023138
2334,2278,0.023138
2338,2278,0.018569
2339,2278,0.027005
2340,2278,0.01676
2341,2278,1.651459
2342,2278,0.006803
2348,2278,0.00565
2349,2278,1.057873
2335,1960,5.279072
2275,2281,0.403566
2276,2281,0.477184
2331,2281,0.001296
2334,2281,2.888686
2335,2281,2.870123
2336,2281,0.002936
2337,2281,2.514047
2338,2281,2.514047
2339,2281,2.514047
2340,2281,0.003443
2341,2281,0.01676
2342,2281,0.01676
2343,2281,2.47606
2344,2281,2.46875
2345,2281,2.46875
2346,2281,5.431879
2347,2281,5.44869
2348,2281,3.910098
2349,2281,1.750408
2350,2281,5.855288
2329,1964,4.861691
2277,2282,0.109365
2286,2282,6.401995
2287,2282,0.152383
2288,2282,0.152383
2289,2282,13.550965
2298,2282,0.057763
2345,2282,0.031252
2346,2282,2.929544
2277,2283,1.944305
2278,2283,0.082044
2279,2283,0.081588
2282,2283,3.42517
2286,2283,2.771778
2290,2283,1.524906
2291,2283,0.094578
2292,2283,0.003443
2294,2283,0.37908
2300,2283,3.076926
2301,2283,0.563261
2331,2283,0.011628
2345,2283,0.480528
2346,2283,10.245162
2347,2283,2.134333
2349,2283,0.022389
2350,2283,2.472143
2330,1966,10.924976
2331,1966,5.404761
2333,1966,1.625
2275,2284,0.615999
2276,2284,1.940912
2277,2284,1.578652
2278,2284,0.067984
2279,2284,0.079948
2282,2284,0.591497
2286,2284,4.196426
2290,2284,0.043659
2291,2284,0.086355
2292,2284,0.08377
2293,2284,0.475786
2294,2284,0.44949
2301,2284,0.563261
2332,2284,0.016967
2334,2284,0.003881
2335,2284,0.019582
2336,2284,0.396612
2337,2284,3.341031
2339,2284,1.242398
2346,2284,1.356202
2347,2284,1.647889
2349,2284,0.008403
2350,2284,0.014564
2329,1967,4.861691
2183,2285,0.831169
2257,2285,26.260653
2274,2285,11.640797
2276,2285,29.345154
2277,2285,17.909597
2278,2285,0.086355
2279,2285,0.03665
2283,2285,0.547052
2284,2285,0.047102
2286,2285,0.092004
2290,2285,0.043659
2291,2285,0.041776
2292,2285,0.015071
2293,2285,0.02241
2294,2285,0.465573
2297,2285,0.483599
2334,2285,0.019266
2335,2285,0.008586
2336,2285,0.351081
2337,2285,1.36318
2339,2285,0.76896
2256,2286,5.459797
2279,2286,13.148521
2280,2286,5.542178
2281,2286,0.088629
2282,2286,0.043659
2283,2286,0.082533
2284,2286,0.03829
2286,2286,0.091497
2290,2286,0.088561
2291,2286,1.292779
2292,2286,0.012663
2339,2286,0.200711
2340,2286,0.353538
2347,2286,16.839138
2352,2286,17.445898
2254,2287,10.24782
2255,2287,0.706896
2256,2287,1.431736
2257,2287,22.604071
2282,2287,14.845916
2283,2287,7.934621
2284,2287,0.03829
2290,2287,0.091565
2291,2287,0.081588
2292,2287,0.022886
2301,2287,0.432742
2329,2287,0.394685
2339,2287,0.863639
2340,2287,0.679613
2330,1969,10.924976
2255,2288,8.405647
2256,2288,2.209198
2283,2288,14.842961
2287,2288,0.047052
2288,2288,0.091954
2289,2288,0.091565
2293,2288,0.050673
2294,2288,0.289979
2297,2288,0.136134
2298,2288,0.081588
2299,2288,0.015873
2334,2288,0.011628
2337,2288,0.450761
2340,2288,1.090475
2257,2289,2.200001
2278,2289,4.59419
2280,2289,25.666668
2281,2289,14.845114
2282,2289,9.798893
2283,2289,7.934621
2284,2289,0.04172
2285,2289,0.088561
2286,2289,1.137361
2287,2289,0.049368
2288,2289,0.080338
2289,2289,0.003393
2290,2289,0.001296
2291,2289,0.120772
2292,2289,0.038328
2293,2289,0.067551
2294,2289,0.05467
2297,2289,0.091565
2334,2289,0.015076
2336,2289,0.264318
2337,2289,0.379106
2340,2289,1.062004
2350,2289,0.904814
2269,2290,0.035354
2278,2290,21.88068
2282,2290,7.403298
2283,2290,7.403298
2285,2290,0.078652
2288,2290,0.001296
2289,2290,0.001296
2291,2290,0.525641
2292,2290,0.36779
2293,2290,0.079033
2294,2290,0.087237
2298,2290,0.043659
2299,2290,0.057649
2300,2290,0.020031
2334,2290,0.008586
2335,2290,0.002936
2350,2290,11.600384
2269,2291,0.035354
2291,2291,5.826395
2292,2291,0.39193
2293,2291,0.067984
2294,2291,0.097917
2295,2291,0.052701
2296,2291,0.107894
2297,2291,0.056005
2343,2291,8.084539
2286,2292,0.038328
2287,2292,0.01105
2291,2292,0.0821
2292,2292,0.001296
2294,2292,0.065789
2295,2292,0.09521
2296,2292,0.142037
2297,2292,0.008403
2343,2292,6.875802
2344,2292,10.43165
2350,2292,16.493835
2283,2293,0.257758
2284,2293,0.082474
2291,2293,0.079948
2294,2293,0.001296
2295,2293,0.001296
2298,2293,0.008403
2304,2293,0.087237
2350,2293,0.639068
2183,2294,2.259998
2283,2294,1.391774
2291,2294,1.395786
2296,2294,0.01105
2297,2294,0.012924
2334,2294,0.456925
2283,2295,1.290805
2291,2295,0.035354
2293,2295,0.053404
2299,2295,0.008403
2303,2295,0.094858
2334,2295,2.341527
2343,2295,18.736433
2327,1976,13.32667
2333,1976,5.279072
2291,2296,0.035354
2293,2296,0.049955
2328,2296,8.134117
2327,1977,28.18891
2277,2297,8.691474
2279,2297,16.089317
2284,2297,0.118189
2285,2297,0.082474
2286,2297,0.038328
2287,2297,0.078652
2288,2297,0.078652
2289,2297,0.078652
2290,2297,0.035354
2291,2297,0.135974
2292,2297,0.043977
2297,2297,0.041003
2298,2297,0.094525
2350,2297,0.943904
2327,1978,6.439995
2277,2298,7.56966
2278,2298,0.461354
2279,2298,0.17298
2283,2298,0.117243
2292,2298,0.011628
2293,2298,0.00565
2294,2298,0.079976
2295,2298,0.094525
2296,2298,0.046981
2343,2298,26.594858
2347,2298,0.740366
2348,2298,0.886756
2230,2299,9.028731
2277,2299,2.198297
2278,2299,3.966212
2279,2299,0.079635
2280,2299,1.043482
2283,2299,0.117243
2293,2299,0.064103
2295,2299,0.4541
2333,2299,0.329967
2334,2299,0.202807
2231,2300,3.457893
2276,2300,3.801671
2277,2300,2.314453
2278,2300,1.981317
2279,2300,17.739025
2283,2300,0.117243
2284,2300,0.062893
2295,2300,1.166283
2333,2300,1.163006
2334,2300,0.247092
2232,2301,0.3039
2272,2301,9.284131
2273,2301,6.653555
2274,2301,4.230286
2275,2301,3.801671
2276,2301,2.577419
2277,2301,1.323699
2278,2301,1.171351
2279,2301,4.701317
2280,2301,28.96546
2283,2301,0.143912
2284,2301,0.290169
2295,2301,1.382489
2332,2301,0.00565
2333,2301,0.023392
2334,2301,0.011628
2232,2302,8.635436
2273,2302,5.268216
2274,2302,2.657143
2275,2302,1.380952
2276,2302,0.877193
2277,2302,0.307717
2278,2302,1.6971
2279,2302,0.802364
2280,2302,1.358053
2283,2302,0.143912
2284,2302,0.290169
2300,2302,3.027316
2303,2302,2.04946
2331,2302,0.019147
2332,2302,0.01105
2333,2302,0.008403
2334,2302,0.122101
2348,1982,6.108706
2355,1982,8.690839
2274,2303,1.119563
2277,2303,0.381988
2278,2303,0.556137
2279,2303,1.270682
2283,2303,1.028497
2284,2303,0.183336
2287,2303,3.366956
2288,2303,6.689845
2289,2303,11.474254
2290,2303,8.498172
2293,2303,15.428694
2300,2303,2.503671
2301,2303,0.487143
2302,2303,0.804214
2328,2303,9.90521
2331,2303,0.008403
2332,2303,0.010526
2333,2303,0.010526
2334,2303,0.023392
2343,2303,0.600651
2292,1983,13.467712
2275,2304,20.72381
2276,2304,1.666667
2277,2304,1.843663
2278,2304,0.640869
2279,2304,1.075629
2283,2304,1.028497
2284,2304,0.034965
2286,2304,3.14628
2287,2304,5.555786
2329,2304,0.841548
2330,2304,0.377138
2331,2304,3.583367
2332,2304,0.26087
2333,2304,0.011628
2334,2304,0.01105
2339,2304,0.00565
2274,2305,26.71912
2275,2305,13.437222
2276,2305,6.159483
2277,2305,1.139193
2278,2305,2.952113
2279,2305,6.048409
2284,2305,0.560161
2287,2305,1.799464
2288,2305,4.255863
2315,2305,22.680702
2317,2305,2.969126
2318,2305,4.435468
2329,2305,1.028553
2330,2305,0.683494
2331,2305,3.973431
2332,2305,3.578755
2333,2305,0.011628
2339,2305,1.396042
2293,1984,19.616085
2294,1984,17.382217
2296,1984,4.861691
2300,1984,15.53767
2301,1984,20.070629
2250,2306,2.200001
2251,2306,1.085106
2252,2306,1.085106
2253,2306,4.26829
2254,2306,5.663417
2255,2306,10.638165
2275,2306,6.305072
2276,2306,2.33687
2277,2306,1.377128
2278,2306,2.150565
2279,2306,20.166899
2284,2306,0.560161
2287,2306,1.823291
2288,2306,3.442036
2294,2306,0.869332
2295,2306,0.027725
2296,2306,0.26091
2300,2306,0.187415
2301,2306,0.232719
2302,2306,0.024995
2314,2306,0.742924
2316,2306,2.66344
2317,2306,3.103371
2318,2306,5.822181
2319,2306,3.310099
2330,2306,10.897942
2331,2306,4.190108
2332,2306,0.377662
2333,2306,1.089238
2339,2306,2.952706
2300,1985,9.723382
2302,1985,5.191819
2249,2307,15.115976
2250,2307,2.563634
2251,2307,3.033978
2252,2307,1.314286
2253,2307,3.649519
2254,2307,6.036967
2255,2307,8.081216
2275,2307,3.20842
2276,2307,0.860113
2277,2307,3.022862
2278,2307,9.535176
2279,2307,13.404363
2284,2307,0.049342
2286,2307,1.221501
2294,2307,3.351822
2295,2307,0.015733
2296,2307,0.1295
2297,2307,0.50095
2298,2307,0.445619
2299,2307,0.198175
2300,2307,0.150113
2301,2307,0.693124
2302,2307,0.380352
2303,2307,0.411382
2314,2307,0.086932
2330,2307,12.341681
2331,2307,1.031557
2332,2307,0.377662
2333,2307,1.19667
2250,2308,20.947182
2251,2308,6.489352
2254,2308,18.058527
2255,2308,6.148863
2256,2308,5.840886
2257,2308,6.171537
2274,2308,29.513584
2275,2308,2.689508
2276,2308,2.606351
2277,2308,1.776718
2278,2308,10.396522
2284,2308,0.365441
2285,2308,2.168063
2286,2308,18.774305
2287,2308,14.880036
2294,2308,2.140762
2295,2308,1.743503
2296,2308,1.163688
2297,2308,1.408424
2298,2308,5.273821
2299,2308,6.373987
2300,2308,3.121273
2301,2308,1.39503
2302,2308,1.861486
2303,2308,1.984576
2304,2308,3.176333
2313,2308,1.587732
2314,2308,0.251865
2321,2308,8.581776
2331,2308,1.609645
2332,2308,0.756448
2333,2308,6.827803
2334,2308,0.308386
2348,2308,1.371706
2282,1987,4.861691
2285,1987,4.861691
2286,1987,4.861691
2291,1987,0.330128
2292,1987,8.691109
2299,1987,4.861691
2257,2309,7.541629
2273,2309,19.960911
2274,2309,14.467184
2275,2309,1.770496
2276,2309,5.55255
2277,2309,6.92276
2278,2309,10.813478
2279,2309,6.044147
2284,2309,1.106315
2314,2309,0.584681
2321,2309,3.957407
2284,1988,19.820728
2285,1988,11.750763
2286,1988,24.115101
2332,2309,2.20978
2292,1988,0.688952
2295,1988,8.691109
2297,1988,9.497009
2348,2309,1.324934
2298,1988,4.861691
2187,2310,1.758332
2196,2310,3.327866
2221,2310,0.769231
2222,2310,2.25
2223,2310,0.3
2251,2310,29.205803
2273,2310,19.866911
2274,2310,6.596759
2275,2310,4.092753
2276,2310,2.526562
2277,2310,11.385957
2278,2310,8.934972
2283,2310,1.106315
2291,2310,5.597607
2292,2310,5.597607
2293,2310,7.196012
2294,2310,5.244674
2295,2310,7.147651
2313,2310,2.079823
2314,2310,1.01183
2315,2310,2.459204
2321,2310,3.563115
2282,1989,11.448141
2298,1989,0.683198
2293,1990,10.084391
2298,1990,27.790503
2187,2311,1.758332
2196,2311,0.934211
2197,2311,6.436583
2221,2311,0.633333
2222,2311,0.794118
2223,2311,0.761905
2224,2311,0.862564
2274,2311,11.888067
2275,2311,3.419876
2276,2311,3.205811
2277,2311,10.247569
2278,2311,5.757013
2283,2311,0.814571
2313,2311,2.73922
2314,2311,2.575072
2315,2311,2.508758
2321,2311,2.186133
2187,2312,1.758332
2188,2312,0.85437
2189,2312,0.849999
2196,2312,0.796296
2197,2312,1.795388
2198,2312,4.298285
2199,2312,5.125379
2218,2312,0.02439
2219,2312,0.02381
2220,2312,10.531952
2221,2312,0.794118
2222,2312,2.776191
2223,2312,7.269243
2224,2312,10.289783
2225,2312,5.414153
2242,2312,26.065424
2251,2312,26.723553
2273,2312,20.184095
2274,2312,5.77545
2275,2312,1.611469
2276,2312,4.474479
2277,2312,6.85122
2278,2312,6.78429
2279,2312,3.693277
2283,2312,1.064815
2288,2312,8.425496
2293,2312,5.178938
2294,2312,3.794198
2295,2312,1.912018
2301,2312,2.225293
2303,2312,9.406018
2313,2312,26.340744
2314,2312,1.383102
2321,2312,1.051405
2187,2313,1.758332
2188,2313,1.045835
2189,2313,0.849999
2190,2313,0.140845
2191,2313,0.186657
2192,2313,0.264706
2197,2313,2.297414
2198,2313,7.881591
2219,2313,1.485532
2220,2313,6.362338
2221,2313,6.752958
2222,2313,24.487198
2276,2313,24.065622
2277,2313,7.868714
2278,2313,11.660272
2288,2313,1.679481
2289,2313,0.537937
2290,2313,4.698225
2291,2313,23.934862
2293,2313,21.613857
2294,2313,22.304157
2295,2313,6.969994
2296,2313,4.765481
2297,2313,15.201138
2298,2313,24.780849
2299,2313,6.375018
2300,2313,7.188903
2301,2313,14.824623
2302,2313,3.093743
2303,2313,8.741329
2313,2313,1.062685
2314,2313,1.41737
2187,2314,1.758332
2188,2314,2.217882
2189,2314,1.619221
2190,2314,10.867785
2191,2314,3.982745
2192,2314,3.566116
2193,2314,1.290707
2194,2314,0.457681
2195,2314,0.653002
2196,2314,0.303553
2197,2314,3.190562
2198,2314,16.211563
2199,2314,9.781503
2219,2314,0.619669
2220,2314,3.723651
2287,2314,9.419897
2288,2314,0.466396
2290,2314,12.096791
2293,2314,18.790237
2294,2314,18.749155
2295,2314,17.944635
2296,2314,18.465872
2297,2314,27.544153
2299,2314,28.079782
2300,2314,4.253886
2301,2314,3.050947
2302,2314,2.815074
2303,2314,8.914946
2304,2314,9.183851
2313,2314,0.027305
2321,2314,0.001686
2187,2315,2.411792
2188,2315,2.376991
2189,2315,12.601993
2190,2315,22.942677
2191,2315,9.745265
2192,2315,23.56296
2193,2315,15.480795
2194,2315,5.708112
2195,2315,4.402593
2196,2315,3.607453
2219,2315,7.075858
2301,2315,3.049384
2302,2315,2.59562
2303,2315,6.607572
2321,2315,0.654561
2188,2316,17.840534
2192,2316,26.935818
2194,2316,19.712545
2196,2316,15.061615
2251,2316,26.895079
2252,2316,10.972217
2253,2316,14.085805
2254,2316,1.758959
2255,2316,2.40962
2256,2316,0.565457
2257,2316,1.872169
2258,2316,4.91491
2259,2316,4.15942
2302,2316,21.180819
2303,2316,8.567552
2302,1995,6.439995
2303,1995,6.439995
2300,1996,0.787549
2301,1996,0.784674
2302,1996,1.666667
2303,1996,3.75
2305,1996,6.439995
2202,1997,7.151509
2203,1997,3.575755
2204,1997,3.575755
2286,1997,0.787549
2301,1997,3.018992
2302,1997,6.683825
2301,1998,0.642459
2302,1998,0.733833
2303,1998,0.478826
2227,1999,2.157896
2232,1999,2.157896
2254,2000,0.799657
2255,2000,0.539771
2256,2000,0.539771
2263,2000,4.438153
2264,2000,3.472563
2330,2000,6.439995
2346,2000,20.047054
2304,2001,4.181817
2350,2001,14.596373
2303,2002,2.114943
2304,2002,7.722209
2303,2003,29.57485
2304,2003,19.25857
2332,2003,5.279072
2336,2003,5.279072
2293,2005,0.358824
2337,2007,5.493358
2341,2011,14.090899
2342,2011,0.380952
2284,2012,16.458759
2323,2012,6.439995
2327,2012,6.439995
2284,2013,6.890506
2285,2013,16.590792
2334,2013,3.75
2343,2013,26.44385
2346,2013,21.14953
2284,2014,12.08887
2285,2015,20.209778
2321,2015,0.358824
2322,2015,0.358824
2323,2015,0.358824
2332,2015,6.439995
2342,2015,14.090899
2339,2016,22.864082
2328,2017,7.722209
2329,2017,4.181817
2336,2017,0.422222
2337,2017,0.706048
2342,2017,2.439999
2343,2017,2.439999
2332,2018,6.439995
2339,2018,23.178331
2341,2018,19.694504
2342,2018,24.690449
2343,2018,14.090899
2344,2018,2.439999
2332,2019,7.722209
2342,2019,10.166667
2343,2019,0.380952
2343,2020,14.090899
2344,2020,0.380952
2345,2020,23.145466
2327,2021,0.358824
2334,2021,19.694504
2343,2021,11.833337
2344,2021,23.023781
2331,2022,13.301558
2334,2022,19.694504
2349,2023,0.380952
2350,2023,2.439999
2199,2024,2.157896
2351,2024,0.380952
2199,2025,2.320759
2315,2025,15.359988
2355,2025,2.439999
2356,2025,12.833339
2316,2026,13.076935
2329,2026,23.026117
2352,2026,0.380952
2354,2026,0.380952
2355,2026,12.833339
2330,2027,0.289389
2331,2027,0.289389
2352,2027,23.023781
2353,2027,14.090899
2328,2028,0.330128
2341,2028,22.764513
2343,2028,21.192122
2344,2028,21.192122
2345,2028,19.694504
2347,2028,19.694504
2348,2028,22.649797
2350,2028,22.649797
2357,2028,21.192122
2358,2028,12.857113
2359,2028,19.694504
2345,2029,22.764513
2346,2029,19.694504
2354,2029,21.192122
2358,2029,21.192122
2359,2029,22.764513
2360,2029,21.192122
2362,2029,0.358974
2326,2030,15.359988
2352,2030,21.192122
2360,2030,22.764513
2361,2030,23.44149
2320,2031,7.407403
2225,2036,13.338058
2248,2036,26.376774
2249,2036,0.262712
2259,2036,1.713785
2260,2036,1.093143
2244,2038,28.754089
2260,2039,1.871233
2261,2040,0.621536
2255,2041,0.262712
2314,2041,19.760653
2317,2041,17.141899
2246,2042,2.320759
2248,2043,2.608828
2316,2043,12.194733
2301,2044,27.322531
2302,2044,23.441576
2317,2044,12.872239
2294,2045,6.109839
2302,2045,25.917015
2308,2045,28.600924
2308,2046,12.872239
2314,2046,11.760155
2315,2046,14.948196
2321,2046,22.649797
2322,2046,22.764513
2323,2046,22.764513
2243,2047,2.320759
2308,2047,28.52597
2314,2047,12.355067
2315,2047,14.791819
2316,2047,5.090823
2345,2047,0.289389
2247,2048,2.157896
2248,2048,1.748598
2249,2048,0.992378
2316,2048,4.864367
2321,2048,19.694504
2322,2048,21.192122
2316,2049,1.423749
2345,2049,22.764513
2238,2050,3.350203
2239,2050,6.7342
2248,2050,2.157896
2315,2050,2.276293
2316,2050,1.285926
2340,2050,22.649797
2237,2051,2.157896
2242,2051,4.060498
2250,2051,2.157896
2252,2051,2.157896
2253,2051,1.192307
2258,2051,11.310976
2259,2051,0.645106
2307,2051,1.454114
2315,2051,1.957388
2316,2051,14.916471
2321,2051,22.649797
2338,2051,11.352951
2339,2051,20.138948
2340,2051,22.764513
2347,2051,26.308342
2348,2051,21.192122
2307,2052,1.454114
2308,2052,1.547202
2309,2052,4.605088
2310,2052,3.111764
2311,2052,2.276293
2312,2052,2.276293
2313,2052,2.084681
2314,2052,1.957388
2315,2052,3.849075
2316,2052,7.840436
2342,2052,22.979925
2343,2052,21.192122
2354,2052,21.192122
2355,2052,22.764513
2301,2053,3.371972
2308,2053,1.354261
2309,2053,1.210927
2310,2053,1.814499
2311,2053,1.785803
2312,2053,3.546138
2313,2053,2.298261
2314,2053,1.575795
2315,2053,1.615138
2320,2053,21.192122
2321,2053,28.49991
2351,2053,24.139101
2361,2053,4.21248
2191,2054,16.912371
2192,2054,22.752975
2297,2054,29.045195
2300,2054,2.687042
2301,2054,1.531484
2308,2054,1.395
2309,2054,1.618092
2310,2054,3.336143
2311,2054,4.78133
2312,2054,4.607539
2313,2054,1.543809
2314,2054,1.769487
2315,2054,1.36032
2191,2055,9.406563
2192,2055,11.417622
2193,2055,17.168266
2295,2055,28.580318
2296,2055,1.734522
2297,2055,1.763829
2301,2055,1.77393
2308,2055,1.405101
2309,2055,13.180277
2310,2055,29.393597
2314,2055,10.253369
2315,2055,1.802139
2192,2056,7.096147
2193,2056,23.442497
2194,2056,17.094839
2308,2056,17.946505
2309,2056,19.251106
2315,2056,4.014859
2191,2057,26.094595
2192,2057,2.75327
2193,2057,5.462477
2194,2057,15.90187
2195,2057,15.588037
2196,2057,17.519987
2197,2057,19.345827
2315,2057,4.495503
2316,2057,0.591732
2192,2058,23.730568
2193,2058,0.802749
2194,2058,4.501282
2195,2058,10.291537
2196,2058,12.454598
2197,2058,11.271023
2199,2058,21.852137
2224,2058,3.336468
2315,2058,7.757962
2316,2058,1.105634
2191,2059,9.732596
2192,2059,4.244829
2193,2059,2.305019
2194,2059,1.841924
2195,2059,1.974616
2196,2059,3.786054
2197,2059,5.513722
2198,2059,3.809761
2199,2059,6.618952
2200,2059,17.368622
2303,2059,2.257592
2304,2059,2.213147
2307,2059,12.970808
2316,2059,1.076938
2358,2059,3.480685
2191,2060,15.56023
2192,2060,3.082162
2193,2060,2.367755
2194,2060,0.142857
2195,2060,0.952381
2196,2060,1.053262
2197,2060,0.566026
2198,2060,3.785488
2199,2060,6.031
2200,2060,17.096712
2303,2060,1.591783
2304,2060,1.952775
2305,2060,2.24866
2306,2060,8.008696
2307,2060,13.278425
2315,2060,3.339775
2316,2060,1.049153
2357,2060,2.007355
2358,2060,6.392967
2196,2061,0.386447
2197,2061,0.69806
2198,2061,2.525599
2199,2061,3.82305
2200,2061,11.59939
2303,2061,2.184603
2304,2061,1.388499
2305,2061,6.132461
2306,2061,13.380897
2307,2061,27.958208
2315,2061,3.339775
2316,2061,1.049153
2195,2062,0.3125
2196,2062,2.511905
2197,2062,0.56242
2198,2062,1.777564
2199,2062,3.24362
2200,2062,8.106549
2201,2062,11.59939
2202,2062,17.096712
2203,2062,7.723141
2302,2062,5.23719
2303,2062,11.283694
2304,2062,11.57689
2305,2062,6.09761
2316,2062,1.076938
2351,2062,0.520372
2194,2063,0.019608
2195,2063,0.515555
2196,2063,0.689087
2197,2063,0.789795
2198,2063,0.770496
2199,2063,1.813796
2200,2063,3.24362
2201,2063,1.093458
2202,2063,5.829707
2203,2063,9.627104
2208,2063,1.935917
2209,2063,3.075253
2210,2063,1.538528
2302,2063,9.510935
2303,2063,7.578125
2316,2063,1.796111
2350,2063,1.446211
2351,2063,1.703357
2352,2063,1.578357
2193,2064,0.118421
2194,2064,1.384467
2195,2064,9.732245
2196,2064,12.2592
2197,2064,0.983669
2198,2064,3.253811
2199,2064,0.357486
2200,2064,0.84806
2201,2064,2.093458
2202,2064,4.346706
2203,2064,9.656245
2209,2064,5.463292
2210,2064,5.101537
2211,2064,0.97671
2214,2064,22.802271
2222,2064,0.659318
2223,2064,0.223388
2224,2064,0.038462
2225,2064,0.102564
2226,2064,0.457944
2227,2064,1.192307
2228,2064,2.157896
2348,2064,0.137931
2349,2064,1.432886
2350,2064,1.400472
2351,2064,1.359733
2352,2064,1.34744
2355,2064,1.358713
2357,2064,8.057436
2193,2065,2.367188
2194,2065,9.832323
2195,2065,9.848087
2196,2065,11.011005
2197,2065,13.907513
2198,2065,11.592056
2199,2065,2.845081
2200,2065,2.152239
2201,2065,1.572456
2202,2065,3.26501
2203,2065,7.267673
2209,2065,11.777997
2210,2065,3.691652
2211,2065,2.087275
2212,2065,2.427868
2213,2065,0.554098
2214,2065,23.834261
2222,2065,4.152423
2223,2065,4.698203
2224,2065,1.168896
2225,2065,0.102564
2226,2065,0.635514
2227,2065,1.192307
2347,2065,1.030303
2350,2065,1.72126
2351,2065,1.905559
2355,2065,1.826214
2357,2065,8.009293
2193,2066,11.505251
2194,2066,22.120609
2195,2066,25.939854
2196,2066,29.97393
2198,2066,14.543489
2199,2066,8.409865
2200,2066,4.793178
2201,2066,5.888206
2202,2066,4.815001
2203,2066,9.145405
2209,2066,3.599689
2210,2066,3.508579
2211,2066,3.586868
2212,2066,5.45522
2213,2066,7.261851
2214,2066,11.115119
2219,2066,17.435247
2220,2066,1.384913
2221,2066,0.028571
2222,2066,11.872412
2223,2066,7.086415
2224,2066,8.424782
2225,2066,2.968491
2226,2066,0.457944
2227,2066,1.192307
2228,2066,2.157896
2355,2066,1.818729
2194,2067,25.641127
2195,2067,25.184896
2196,2067,28.79439
2198,2067,16.053461
2199,2067,14.688039
2200,2067,14.109804
2201,2067,15.554383
2202,2067,17.26519
2203,2067,17.818777
2209,2067,3.743019
2210,2067,4.137346
2211,2067,4.531523
2212,2067,19.100451
2213,2067,21.73682
2214,2067,23.59976
2218,2067,2.54814
2219,2067,0.182927
2220,2067,0.070423
2221,2067,0.051724
2223,2067,15.481228
2224,2067,15.445176
2225,2067,14.351896
2226,2067,6.606953
2227,2067,1.0
2228,2067,2.636362
2199,2068,19.65011
2219,2068,0.358285
2220,2068,0.691056
2221,2068,0.734043
2261,2069,17.176714
2262,2069,17.539373
2265,2069,11.896236
2266,2069,23.048309
2246,2081,0.508475
2269,2081,0.749596
2270,2081,0.508475
2251,2082,1.131291
2252,2082,1.459997
2264,2082,0.330128
2265,2082,0.65086
2269,2082,0.890731
2270,2082,0.93409
2271,2082,0.524315
2251,2083,1.246948
2252,2083,1.284815
2264,2083,0.292035
2265,2083,0.839047
2266,2083,0.545213
2267,2083,0.717257
2303,2083,13.612967
2262,2084,0.003393
2265,2084,0.003393
2266,2084,0.468509
2264,2085,0.262712
2260,2086,0.262712
2261,2087,0.295428
2296,2088,9.522628
2296,2089,7.092357
2283,2092,5.674435
2340,2093,16.413458
2291,2098,8.101686
2339,2098,1.117678
2340,2098,1.076938
2341,2098,0.972587
2342,2098,1.105634
2343,2098,1.076938
2344,2098,1.076938
2345,2098,1.105634
2335,2099,0.711894
2345,2099,11.530266
2347,2102,1.371411
2345,2105,0.348291
2346,2105,0.151515
2347,2105,0.385714
2348,2105,16.97793
2275,2106,3.959782
2344,2106,10.223473
2345,2106,17.661551
2346,2106,9.21936
2347,2106,19.789116
2348,2106,17.859058
2343,2107,5.494835
2344,2107,12.825788
2345,2107,13.76367
2346,2107,11.622063
2347,2107,12.427313
2348,2107,14.067157
2343,2108,4.718559
2344,2108,8.367614
2345,2108,6.187406
2346,2108,10.773964
2347,2108,12.201866
2348,2108,13.359422
2256,2109,11.402345
2273,2109,28.502365
2274,2109,20.283936
2276,2109,1.147814
2343,2109,3.988158
2344,2109,7.632693
2348,2109,10.80539
2227,2110,1.070512
2247,2110,15.23677
2266,2110,0.717257
2267,2110,0.952919
2269,2110,0.965968
2270,2110,1.385762
2250,2111,23.581141
2251,2111,0.546996
2264,2111,0.96302
2270,2111,2.047786
2305,2111,3.489877
2306,2111,2.864997
2308,2111,3.55575
2309,2111,6.295113
2310,2111,9.929759
2248,2112,2.097012
2250,2112,3.808444
2257,2112,13.56666
2264,2112,3.4495
2218,2116,0.64233
2206,2117,9.859324
2207,2117,27.242758
2188,2118,22.881533
2191,2118,29.926895
2192,2118,25.215832
2194,2118,18.246107
2195,2118,9.673367
2196,2118,10.916832
2197,2118,10.819323
2202,2118,6.26283
2203,2118,5.201601
2204,2118,8.31184
2206,2118,5.278869
2207,2118,19.817175
2252,2118,3.16699
2350,2118,1.267105
2357,2118,2.290321
2189,2119,22.644463
2190,2119,19.706896
2191,2119,19.428558
2192,2119,14.553143
2193,2119,11.314427
2194,2119,21.19565
2195,2119,7.8994
2196,2119,5.064314
2197,2119,5.857769
2198,2119,12.945806
2202,2119,2.876779
2203,2119,2.358173
2204,2119,3.363923
2205,2119,3.990087
2206,2119,3.918637
2351,2119,0.425
2354,2119,1.550388
2189,2120,5.355175
2190,2120,6.112809
2191,2120,11.777659
2192,2120,9.386204
2193,2120,8.079456
2194,2120,11.366244
2195,2120,4.496194
2196,2120,4.889025
2202,2120,2.608618
2203,2120,12.026034
2204,2120,10.634985
2205,2120,8.842117
2206,2120,15.241679
2351,2120,0.425
2353,2120,2.599999
2188,2121,6.304632
2189,2121,8.356325
2190,2121,5.884912
2191,2121,28.2656
2196,2121,5.752856
2202,2121,1.030951
2203,2121,2.794327
2204,2121,5.004776
2205,2121,26.494999
2217,2121,5.668643
2218,2121,0.289389
2268,2121,0.875592
2272,2121,1.08391
2345,2121,2.928501
2349,2121,0.211539
2350,2121,0.425
2202,2122,2.137448
2203,2122,6.133267
2204,2122,7.561838
2205,2122,26.922161
2208,2122,28.768589
2264,2122,0.403101
2268,2122,0.358824
2269,2122,0.888209
2271,2122,1.117138
2298,2122,2.633082
2348,2122,3.994896
2349,2122,2.269664
2352,2122,2.007355
2353,2122,1.550388
2202,2123,5.38642
2264,2123,1.905364
2271,2123,0.704614
2272,2123,1.073479
2273,2123,0.811911
2298,2123,1.409475
2299,2123,3.45161
2300,2123,15.452216
2348,2123,9.689399
2349,2123,10.960757
2350,2123,0.178571
2353,2123,5.159708
2354,2123,5.134017
2355,2123,2.599999
