2473,2270,14.379083
2473,2271,14.026474
2473,2272,19.8347
2474,2272,2.896958
2473,2273,19.492743
2474,2273,2.455715
2473,2274,3.466702
2474,2274,2.734628
2473,2275,3.451261
2474,2275,2.734628
2473,2276,3.449121
2474,2276,2.455715
2473,2277,2.475034
2474,2277,2.824702
2473,2278,2.738325
2473,2279,2.938013
2373,2285,28.281887
2367,2287,4.955947
2368,2287,26.59827
2369,2287,9.188701
2370,2287,14.950816
2371,2287,11.650775
2367,2288,0.866463
2367,2290,19.616566
2367,2294,20.244389
2367,2295,3.592687
2380,2295,26.268166
2367,2296,15.543539
2368,2296,12.22015
2367,2297,17.310871
2368,2297,9.561068
2380,2297,7.736164
2367,2298,17.115561
2380,2298,7.524083
2368,2299,3.009202
2369,2299,22.732887
2370,2299,22.851622
2371,2299,17.207945
2372,2299,15.334103
2373,2299,13.739458
2374,2299,8.422888
2375,2299,11.656659
2376,2299,12.842026
2377,2299,12.735276
2378,2299,9.236569
2379,2299,4.24307
2380,2299,9.601803
2368,2300,18.1661
2369,2300,16.165976
2370,2300,14.802831
2371,2300,11.422931
2372,2300,12.39804
2375,2300,7.461714
2376,2300,7.465169
2377,2300,6.091956
2378,2300,6.044918
2379,2300,11.385495
2380,2300,6.729849
2370,2301,20.734089
2371,2301,19.824547
2379,2301,25.890205
2368,2302,8.028058
2396,2302,5.209967
2398,2302,2.750988
2367,2303,5.797881
2367,2304,7.489453
2367,2305,5.250192
2367,2306,7.06281
2388,2306,22.821907
2387,2307,3.320776
2387,2308,10.533383
2387,2309,3.687972
2392,2309,9.691925
2391,2310,11.544772
2378,2311,4.159054
2379,2311,1.221583
2389,2311,5.662575
2390,2311,20.005299
2415,2311,25.837395
2389,2312,5.582814
2390,2312,8.795397
2415,2312,18.172892
2391,2313,29.609396
2373,2314,28.208607
2374,2314,21.050068
2455,2314,22.78373
2374,2315,19.022955
2455,2315,15.694172
2456,2315,0.440652
2457,2315,0.032258
2377,2316,21.530014
2455,2316,7.006036
2456,2316,0.368684
2462,2317,18.22805
2410,2319,12.069367
2411,2319,13.063277
