272,218,15.135976
267,223,13.815169
270,223,4.145359
271,223,5.987431
272,223,12.15818
278,223,19.167168
268,224,7.237052
270,224,3.789257
273,224,2.282601
274,224,6.177598
277,224,21.5924
282,224,4.79585
283,224,21.785505
243,226,6.896094
244,226,14.34581
243,227,2.387519
244,227,3.690334
245,227,17.017618
246,227,13.361774
247,227,11.073007
248,227,10.549772
211,228,5.107786
243,228,0.190389
244,228,2.205934
245,228,4.104094
246,228,5.455969
247,228,3.993913
248,228,7.424854
249,228,18.702587
250,228,24.793118
243,229,0.123348
244,229,1.259158
245,229,1.657012
246,229,5.121257
247,229,3.162493
248,229,4.736639
249,229,1.935508
250,229,3.340047
251,229,3.340047
243,230,0.227515
244,230,3.255565
245,230,0.519359
246,230,1.523992
242,231,1.738077
243,231,5.440377
244,231,5.242782
277,232,8.64908
277,233,11.66232
254,553,9.442673
254,554,10.721804
257,554,19.989
258,554,21.616192
277,234,5.463675
277,235,22.550898
278,235,5.253075
255,555,5.308832
256,555,7.731579
257,555,5.560144
258,555,15.251746
259,555,2.962274
260,555,6.38511
261,555,28.576578
273,555,12.722494
279,555,3.160989
280,555,2.038019
289,240,28.505083
199,244,6.204875
265,574,7.991609
265,575,9.690111
266,575,6.612422
265,576,10.146106
266,576,9.447702
265,577,11.196244
266,577,10.172632
266,578,24.653702
267,578,13.894368
255,274,27.404259
256,274,27.652683
257,274,21.489557
267,274,20.66246
272,274,24.371717
241,275,16.544447
244,275,10.614291
245,275,22.955021
247,275,14.704739
248,275,11.614075
249,275,4.236166
250,275,16.142752
251,275,11.909051
253,275,16.132328
271,275,12.326202
272,275,16.384548
274,590,18.505335
276,590,14.809689
277,590,17.619038
241,276,4.379387
242,276,9.541098
243,276,7.135684
244,276,5.042512
245,276,5.597026
249,276,10.585424
250,276,11.053256
242,277,5.797676
243,277,6.345962
250,277,12.236144
240,278,6.504102
242,278,5.906134
243,278,11.861925
261,278,8.135715
284,594,22.235746
285,594,4.289334
215,285,4.672136
216,285,3.782243
215,286,0.132594
216,286,2.419402
217,286,3.5522
219,286,3.805432
220,286,2.372622
221,286,2.944709
222,286,5.389412
223,286,5.592043
224,286,4.265566
244,286,6.415524
244,287,8.214432
245,287,10.053429
246,287,4.673637
236,288,22.500593
246,288,6.355877
247,288,5.418002
224,289,19.777176
229,289,21.289972
233,290,5.486238
234,290,11.817377
235,290,25.741863
236,290,17.540974
237,290,16.876348
238,290,13.444389
239,290,15.13422
241,290,19.524509
242,290,25.751484
243,290,23.561283
244,290,25.158278
245,290,29.507446
247,290,26.935522
249,290,21.713058
250,290,25.752588
240,291,19.779331
241,291,0.239177
242,291,0.239177
243,291,0.138601
244,291,2.700566
245,291,13.835593
246,291,9.221605
247,291,13.35201
249,291,23.373825
254,292,4.825675
261,292,15.622746
212,324,8.267651
216,324,1.618299
212,325,0.31718
213,325,1.58878
216,325,0.623711
211,326,1.556966
212,326,0.988589
213,326,0.066667
219,326,0.25289
220,326,3.060211
221,326,1.500889
222,326,7.625519
225,326,4.646454
226,326,2.446795
227,326,2.912838
228,326,7.287841
211,327,1.14941
212,327,1.019158
213,327,0.050847
228,327,2.502781
229,327,3.911554
208,328,5.367526
227,328,1.824424
228,328,1.810417
209,329,4.113615
236,331,16.446321
237,331,19.886694
237,332,13.077244
238,332,9.357694
239,332,14.438393
240,332,9.412812
241,332,13.863235
242,332,4.371929
238,333,12.182161
239,333,9.083701
244,333,5.091207
245,333,6.30493
246,333,17.000507
247,333,6.589906
248,333,8.0907
249,333,16.913685
250,333,13.967367
244,334,4.47941
245,334,1.898481
250,334,9.615864
251,334,7.888528
250,335,17.769625
217,338,13.282031
223,338,24.533146
229,338,10.425914
230,338,22.12018
220,339,25.958803
224,339,6.403277
229,339,19.212744
230,339,12.027909
218,340,15.032248
219,340,2.134832
220,340,1.693404
225,340,10.074709
228,340,14.905038
229,340,24.117098
230,340,10.420702
231,340,16.60358
232,340,10.347408
230,341,0.179469
231,341,1.631072
232,341,7.666085
223,364,7.446183
228,364,16.044859
229,364,16.190998
234,364,21.930592
235,364,29.196981
220,365,0.110082
221,365,0.047811
222,365,0.037249
230,365,14.231013
231,365,1.944772
232,365,2.013081
233,365,2.18919
234,365,3.277935
235,365,4.246146
236,365,9.400129
222,366,0.059326
228,366,0.02275
230,366,0.383945
231,366,0.348942
232,366,0.422865
233,366,0.709033
234,366,0.742641
235,366,1.203789
236,366,7.091981
228,367,0.055041
245,371,1.483992
246,371,9.920712
209,372,19.486208
242,372,2.493621
243,372,1.18207
245,372,0.19774
246,372,9.942155
250,372,29.213282
251,372,15.501216
196,373,0.067731
197,373,0.082249
198,373,0.234314
199,373,0.26872
200,373,0.26872
201,373,0.281866
202,373,1.369647
203,373,12.588812
204,373,2.142493
205,373,2.956792
206,373,2.955298
207,373,5.669677
208,373,2.553484
209,373,1.444531
210,373,1.578558
211,373,1.654732
243,373,0.610129
244,373,0.131135
245,373,0.199085
246,373,5.023934
247,373,17.975058
248,373,13.52527
249,373,14.276627
250,373,29.105804
251,373,14.419821
252,373,14.241587
253,373,21.315222
257,373,11.187724
258,373,27.839945
260,373,21.055542
204,374,9.544321
205,374,7.432647
206,374,8.225065
207,374,7.506356
208,374,7.581515
209,374,8.579293
210,374,6.511359
211,374,7.046557
212,374,7.160329
243,374,0.074498
244,374,0.940264
245,374,1.648072
246,374,0.022384
247,374,1.378925
248,374,0.728425
249,374,1.108575
250,374,2.161658
251,374,0.843236
253,374,1.073286
254,374,0.598194
255,374,2.926543
256,374,2.537189
257,374,1.155464
258,374,0.454564
260,374,18.048809
266,378,11.368892
268,378,18.977499
269,378,13.480713
265,379,2.239575
266,379,3.528245
267,379,11.357419
268,379,8.189664
266,380,0.403902
267,380,4.168853
268,380,1.172737
267,381,1.433311
268,381,0.908113
269,381,4.424428
267,382,0.058335
268,382,1.124627
269,382,2.997893
270,382,14.574307
256,383,0.148551
267,383,0.128205
268,383,1.380201
269,383,1.205265
270,383,11.394691
267,384,0.121923
268,384,0.993374
269,384,2.230001
270,384,9.655308
271,384,23.234684
266,385,0.109132
267,385,0.109132
268,385,0.109132
269,385,0.109132
270,385,9.116769
271,385,15.42121
200,388,0.599354
230,393,0.265659
236,393,6.939484
270,393,15.832604
271,393,16.89267
276,393,24.907955
277,393,16.259462
226,394,18.190899
227,394,29.228888
228,394,12.458166
229,394,0.436931
230,394,1.659197
231,394,18.877531
237,394,13.214644
238,394,18.350121
239,394,14.29508
267,394,11.006195
268,394,10.790437
269,394,2.524726
270,394,6.069677
276,394,11.672044
225,395,5.298944
226,395,13.063557
227,395,11.534718
228,395,11.017953
229,395,8.286233
230,395,8.074245
231,395,10.824628
232,395,16.70509
233,395,26.707247
234,395,27.920105
235,395,27.064373
236,395,22.690535
237,395,3.587435
238,395,15.925412
239,395,27.292665
267,395,6.646949
268,395,4.797033
269,395,4.832469
270,395,4.479685
273,395,18.01115
274,395,20.971966
275,395,10.193355
276,395,12.680656
277,395,23.011419
278,395,23.482372
279,395,29.092875
223,396,13.010142
224,396,6.861431
225,396,5.537642
226,396,21.544991
229,396,24.519434
230,396,23.901592
231,396,9.929104
237,396,22.633104
238,396,22.173372
240,396,29.102783
267,396,5.216385
268,396,4.454142
269,396,5.715552
270,396,3.340292
271,396,4.421241
272,396,11.852145
273,396,14.980493
274,396,13.639528
276,396,11.03075
277,396,18.910324
224,397,12.482852
230,397,16.537359
268,397,19.718508
270,397,15.099885
271,397,23.891676
272,397,28.577211
243,400,5.640782
244,400,7.402533
249,400,25.135859
250,400,20.099068
263,400,14.663061
241,401,4.425368
242,401,6.042973
243,401,3.198919
244,401,9.035001
245,401,7.425182
246,401,7.399748
247,401,10.089216
248,401,15.373327
249,401,7.415384
250,401,12.362776
251,401,20.912987
252,401,20.395567
258,401,29.253094
263,401,14.799809
265,401,19.193449
240,402,24.888412
241,402,6.765161
242,402,1.226318
243,402,0.892326
244,402,3.275695
245,402,4.256599
246,402,11.911005
247,402,5.486993
248,402,13.428293
249,402,5.971512
250,402,5.841065
251,402,6.441839
252,402,17.952438
253,402,18.60043
257,402,8.809196
258,402,16.296227
259,402,28.736496
260,402,16.426285
261,402,18.357922
262,402,16.316231
263,402,5.496791
264,402,13.71166
265,402,25.506937
199,403,22.773735
200,403,24.866634
204,403,20.739346
205,403,18.332302
206,403,16.566126
211,403,13.490075
212,403,14.723315
213,403,28.660172
217,403,16.952536
218,403,19.46393
219,403,13.685225
240,403,21.064516
241,403,10.14979
242,403,16.430239
243,403,10.611961
244,403,2.122164
245,403,1.964657
246,403,4.179241
247,403,11.041351
248,403,10.749982
249,403,7.580541
250,403,2.289375
251,403,17.081604
252,403,8.00902
253,403,5.305862
254,403,9.859333
255,403,10.949653
256,403,4.414113
257,403,1.522753
258,403,4.946144
259,403,4.387493
260,403,7.387322
261,403,13.33338
262,403,8.670783
263,403,7.690958
264,403,8.931471
272,403,17.855549
273,403,4.590998
274,403,7.89789
275,403,2.140293
276,403,1.101312
243,404,19.617384
244,404,9.973379
245,404,11.274583
246,404,13.055569
247,404,28.083443
249,404,21.81035
250,404,7.918385
251,404,7.073865
252,404,15.689103
253,404,19.147911
256,404,23.777954
257,404,4.988697
262,404,26.769461
264,404,24.741711
273,404,2.644537
274,404,0.930983
275,404,2.31553
273,405,3.970585
274,405,0.191729
275,405,0.661244
276,405,0.533926
277,405,4.036815
272,406,1.47389
274,406,0.405235
275,406,0.557985
276,406,0.9255
277,406,0.918939
278,406,1.644651
279,406,1.946131
280,406,11.768438
279,407,5.097982
236,409,0.084766
267,409,1.363705
268,409,0.088119
235,410,23.206858
236,410,10.748965
237,410,3.924371
267,410,0.058083
268,410,0.175181
228,411,26.933147
256,411,0.030928
257,411,0.005618
258,411,0.021605
265,411,0.021605
266,411,0.094722
267,411,0.24189
268,411,0.132345
269,411,0.417531
270,411,0.558307
266,412,0.030928
267,412,3.810464
268,412,3.843081
269,412,1.913597
270,412,0.215355
238,416,0.764584
239,416,4.091791
240,416,6.686696
256,416,0.099638
257,416,0.432839
258,416,0.423832
259,416,0.423832
260,416,0.388674
261,416,0.154265
268,416,0.050083
269,416,0.246571
270,416,0.444338
271,416,0.614725
274,416,0.352416
277,416,1.749563
281,416,6.209777
283,416,15.864285
216,417,14.923238
234,417,8.107489
236,417,1.287254
237,417,2.318987
238,417,4.424004
239,417,0.115983
247,417,1.059088
250,417,2.32891
251,417,1.415852
252,417,0.736648
256,417,0.006547
257,417,0.029141
258,417,0.024
259,417,0.024
260,417,0.024
261,417,0.052373
262,417,3.399667
268,417,0.592183
269,417,1.222336
270,417,0.218753
271,417,0.077058
204,418,17.901777
207,418,2.366821
209,418,3.721481
211,418,3.858221
212,418,2.995453
213,418,10.396188
234,418,20.785898
235,418,9.38341
247,418,2.698654
250,418,2.463342
251,418,0.766504
252,418,0.933456
256,418,29.594687
272,418,0.262556
206,419,12.737008
235,419,16.5994
241,419,9.014008
247,419,1.418726
249,419,18.77335
250,419,9.254832
251,419,10.668598
252,419,1.553016
253,419,0.7688
256,419,0.197848
235,420,1.493298
244,420,5.399424
245,420,2.934063
247,420,1.458767
249,420,7.661578
250,420,1.402802
251,420,3.416472
252,420,0.691639
253,420,0.649506
235,421,25.991734
236,421,0.888532
241,421,19.011906
245,421,5.764143
236,422,22.944515
238,422,2.024019
242,422,23.811859
245,422,8.477109
236,423,10.399877
237,423,2.261011
238,423,13.467838
235,424,23.980459
237,424,1.946306
238,424,24.322222
239,424,4.788848
221,436,9.259809
222,436,0.344213
223,436,0.1901
224,436,0.279443
223,438,0.151369
224,438,0.478885
223,439,10.902357
223,440,5.808774
224,440,1.642878
222,441,16.196222
223,441,11.319799
224,441,14.427991
224,442,15.07572
229,442,0.265776
226,443,2.327766
227,443,0.618472
224,444,23.537146
229,444,0.227308
223,445,5.428317
230,445,0.829134
228,447,0.682794
276,185,29.202198
275,190,27.994141
276,190,23.397455
274,191,14.042053
276,191,9.064469
274,192,6.547328
275,192,10.839563
276,192,14.943805
277,192,29.304741
274,193,7.844776
275,193,9.573604
276,193,12.645247
274,194,5.069392
275,194,11.807149
276,194,12.359526
277,194,26.640467
274,195,7.171545
275,195,8.344601
276,195,18.257753
277,195,25.15066
273,196,15.258457
274,196,9.054366
275,196,10.327817
276,196,12.109669
277,196,28.279608
273,197,14.849369
274,197,8.172043
275,197,10.487371
276,197,11.919275
277,197,26.359951
273,198,6.536386
274,198,9.645383
275,198,19.335613
276,198,13.560954
277,198,21.94323
273,199,13.721184
274,199,12.874248
275,199,7.739835
276,199,9.917109
274,200,13.21429
275,200,8.61839
276,200,15.360663
276,201,15.50306
225,202,7.192456
226,202,7.058341
227,202,13.37368
277,202,27.059933
267,514,15.668761
268,514,10.435274
269,514,4.359276
270,514,6.888467
271,514,6.218938
274,203,27.937595
233,204,3.334484
274,516,3.811259
226,206,3.095252
227,206,7.881991
228,206,4.905763
229,206,0.938526
276,206,15.480661
226,207,15.807863
276,207,19.600267
223,208,25.054123
224,208,28.806974
225,208,15.585232
288,526,0.114857
288,527,5.872403
286,528,6.315015
