1734,2124,25.590868
1827,2124,14.055512
1840,2124,24.880646
1841,2124,21.879782
1842,2124,11.307561
1843,2124,27.731627
1837,2443,0.06326
1838,2443,0.070203
1839,2443,0.044033
1840,2443,0.103247
1841,2443,0.461835
1846,2443,0.802787
1848,2443,0.090347
1849,2443,0.063484
1855,2443,0.156649
1857,2443,0.254547
1858,2443,0.065412
1859,2443,0.88906
1860,2443,0.596178
1861,2443,0.530482
1862,2443,4.329185
1863,2443,0.122068
1865,2443,0.097484
1866,2443,0.353078
1867,2443,0.081633
1868,2443,1.137483
1869,2443,0.149388
1870,2443,0.105553
1871,2443,0.113889
1872,2443,0.289686
1885,2443,9.875109
1886,2443,11.4303
1887,2443,6.559984
1888,2443,1.086902
1889,2443,17.067703
1714,2125,25.590868
1734,2125,25.590868
1828,2125,14.055512
1842,2125,5.267226
1843,2125,27.312675
1844,2125,27.731627
1865,2125,27.766684
1777,2444,0.061453
1782,2444,2.095668
1783,2444,1.173533
1792,2444,2.058125
1794,2444,2.58224
1795,2444,0.994999
1796,2444,0.831595
1837,2444,21.332226
1838,2444,8.674415
1839,2444,9.614587
1840,2444,8.392004
1846,2444,0.657445
1847,2444,0.212338
1848,2444,0.026666
1849,2444,6.344871
1850,2444,18.906036
1853,2444,1.989059
1855,2444,0.187773
1856,2444,0.097788
1857,2444,0.089912
1858,2444,0.447782
1863,2444,0.35446
1865,2444,0.097484
1866,2444,4.98532
1867,2444,0.131579
1869,2444,0.310474
1870,2444,0.065574
1871,2444,0.278571
1872,2444,0.193532
1885,2444,17.273296
1886,2444,6.95204
1887,2444,6.533497
1888,2444,1.707879
1889,2444,20.600189
1890,2444,17.358301
1843,2126,1.795453
1844,2127,7.997064
1787,2445,2.074239
1788,2445,1.337929
1789,2445,1.525449
1790,2445,3.956438
1792,2445,14.684727
1847,2445,7.351975
1848,2445,5.39949
1849,2445,3.533177
1850,2445,16.854626
1853,2445,0.905862
1855,2445,0.171437
1856,2445,0.094199
1857,2445,0.117911
1858,2445,0.103247
1859,2445,0.215084
1860,2445,0.094199
1861,2445,0.872108
1863,2445,0.554116
1865,2445,0.540462
1866,2445,0.674349
1867,2445,6.610312
1868,2445,1.830739
1869,2445,3.934781
1870,2445,1.454
1871,2445,5.102484
1872,2445,0.232316
1886,2445,13.515733
1887,2445,9.056974
1888,2445,2.874192
1889,2445,11.551034
1890,2445,15.913781
1788,2446,2.074239
1790,2446,3.396352
1792,2446,0.460162
1846,2446,2.419375
1854,2446,0.439928
1856,2446,0.529555
1858,2446,26.973503
1859,2446,22.431028
1860,2446,23.534618
1863,2446,0.554116
1865,2446,0.865519
1866,2446,2.906588
1867,2446,6.841767
1868,2446,10.829753
1869,2446,6.428123
1870,2446,5.987462
1871,2446,4.644024
1872,2446,1.603554
1878,2446,15.683332
1885,2446,15.313129
1886,2446,7.646368
1887,2446,6.640677
1888,2446,2.366798
1889,2446,6.719952
1891,2446,18.215824
1632,2128,9.880924
1841,2128,28.05389
1843,2128,28.191906
1844,2128,13.638208
1787,2447,1.595374
1788,2447,2.779255
1789,2447,1.595374
1790,2447,8.047529
1791,2447,0.831595
1792,2447,26.845995
1846,2447,3.905492
1847,2447,0.815195
1848,2447,1.484704
1849,2447,1.233757
1850,2447,0.672772
1854,2447,0.090347
1855,2447,0.204658
1856,2447,2.80118
1864,2447,0.454871
1871,2447,0.196394
1872,2447,1.677801
1885,2447,15.521952
1886,2447,7.427785
1887,2447,4.040665
1888,2447,3.640546
1889,2447,6.80784
1890,2447,13.032507
1891,2447,19.414881
1892,2447,17.262985
1759,2129,9.266079
1840,2129,18.886559
1844,2129,19.838234
1845,2129,13.638208
1779,2448,5.658388
1847,2448,27.647099
1848,2448,29.742104
1849,2448,23.083607
1853,2448,8.127115
1854,2448,9.020775
1855,2448,0.536097
1856,2448,0.187773
1857,2448,0.729841
1858,2448,0.370796
1859,2448,0.970823
1863,2448,0.751665
1864,2448,0.34742
1871,2448,1.650115
1872,2448,0.371372
1886,2448,4.378035
1887,2448,2.481788
1888,2448,1.79124
1889,2448,7.845877
1890,2448,8.957015
1891,2448,10.977168
1616,2130,9.880924
1759,2130,9.266079
1841,2130,14.055512
1845,2130,8.174702
1903,2130,11.296297
1904,2130,27.840555
1770,2449,0.859204
1772,2449,18.753626
1788,2449,0.23513
1789,2449,0.670067
1824,2449,3.658969
1853,2449,8.149129
1855,2449,17.955482
1856,2449,18.559752
1857,2449,19.388905
1862,2449,10.783523
1863,2449,0.963245
1864,2449,0.959944
1871,2449,1.577475
1872,2449,3.37067
1884,2449,11.652767
1885,2449,21.666039
1886,2449,5.046132
1887,2449,5.794959
1888,2449,2.56548
1889,2449,1.614865
1890,2449,1.053248
1891,2449,10.945933
1892,2449,16.125727
1736,2131,13.333323
1759,2131,8.200047
1848,2131,15.990061
1849,2131,17.461143
1898,2131,1.810343
1899,2131,2.666664
1900,2131,1.795453
1902,2131,4.5
1903,2131,4.166667
1904,2131,25.0
1905,2131,6.499998
1906,2131,3.083333
1907,2131,5.399998
1779,2450,29.26906
1787,2450,25.475498
1789,2450,14.535061
1792,2450,0.064
1824,2450,16.789309
1825,2450,9.232172
1847,2450,0.093634
1848,2450,0.006609
1853,2450,1.344825
1865,2450,0.818454
1866,2450,0.211227
1867,2450,0.071298
1868,2450,0.078696
1880,2450,1.749919
1881,2450,3.638292
1885,2450,27.253727
1886,2450,3.119127
1887,2450,3.865738
1888,2450,2.592138
1889,2450,6.998492
1890,2450,5.232608
1891,2450,4.186691
1892,2450,3.65143
1616,2132,9.880924
1735,2132,25.447281
1758,2132,8.882715
1844,2132,2.322579
1846,2132,2.534354
1897,2132,6.53219
1898,2132,1.795453
1903,2132,4.75
1904,2132,6.499998
1905,2132,4.75
1906,2132,4.75
1907,2132,4.75
1908,2132,3.214285
1841,2133,22.532555
1844,2133,2.534354
1846,2133,3.37142
1897,2133,2.666664
1779,2451,27.057756
1789,2451,22.093296
1790,2451,1.288885
1791,2451,14.097087
1851,2451,1.666743
1852,2451,0.470748
1853,2451,12.022765
1857,2451,1.912256
1860,2451,0.671327
1861,2451,0.530961
1862,2451,1.708201
1863,2451,1.152633
1864,2451,2.344956
1865,2451,2.573362
1866,2451,2.040207
1867,2451,4.796824
1868,2451,0.311081
1869,2451,4.818869
1870,2451,0.217943
1871,2451,3.405098
1874,2451,1.558398
1875,2451,3.128134
1876,2451,3.412421
1877,2451,0.968745
1878,2451,0.782746
1880,2451,17.763653
1881,2451,10.796134
1884,2451,12.085291
1885,2451,13.28511
1886,2451,7.480834
1887,2451,1.614428
1888,2451,2.134478
1889,2451,1.531477
1890,2451,18.49942
1891,2451,19.220592
1772,2452,27.674528
1779,2452,8.352422
1788,2452,23.408575
1792,2452,0.064
1822,2452,13.234157
1856,2452,9.960808
1863,2452,4.36242
1864,2452,5.171977
1865,2452,22.155682
1866,2452,16.035467
1867,2452,18.550226
1869,2452,12.311897
1870,2452,1.944581
1871,2452,1.950168
1874,2452,8.418637
1875,2452,2.748997
1876,2452,1.583876
1877,2452,5.077011
1878,2452,4.164214
1880,2452,11.337608
1883,2452,20.176897
1884,2452,10.958296
1886,2452,11.574431
1887,2452,5.608463
1888,2452,1.687318
1889,2452,4.51802
1890,2452,5.322653
1629,2134,15.250414
1763,2134,25.447281
1841,2134,21.36586
1842,2134,14.055512
1843,2134,18.886559
1844,2134,16.378092
1845,2134,13.10581
1846,2134,21.362591
1847,2134,27.919846
1851,2134,9.818763
1894,2134,7.149915
1910,2134,3.214285
1737,2453,17.74943
1792,2453,3.901388
1856,2453,25.657806
1873,2453,5.328054
1874,2453,6.405399
1875,2453,12.916908
1876,2453,16.427971
1877,2453,9.902496
1878,2453,2.899413
1880,2453,22.005087
1885,2453,22.954285
1886,2453,14.602989
1887,2453,11.630073
1889,2453,9.029102
1890,2453,13.309879
1616,2135,15.333294
1760,2135,21.949951
1761,2135,24.724766
1893,2135,5.474658
1894,2135,4.344697
1895,2135,3.37142
1897,2135,1.810343
1910,2135,7.670268
1737,2454,13.38505
1738,2454,3.776632
1822,2454,0.0875
1836,2454,14.771212
1837,2454,8.495507
1839,2454,3.494581
1871,2454,2.186973
1872,2454,7.189075
1654,2136,19.4667
1655,2136,9.880924
1760,2136,21.949951
1761,2136,24.724766
1829,2136,10.571456
1830,2136,18.886559
1839,2136,15.850965
1840,2136,15.56895
1841,2136,15.56895
1842,2136,21.826862
1843,2136,22.282928
1844,2136,25.421442
1845,2136,19.978872
1849,2136,9.818763
1850,2136,9.818763
1851,2136,13.326824
1738,2455,11.163939
1739,2455,26.90778
1740,2455,5.91535
1822,2455,22.760742
1824,2455,2.41752
1837,2455,15.931431
1838,2455,1.536665
1871,2455,17.399794
1872,2455,6.436764
1744,2456,3.369971
1745,2456,0.291084
1774,2456,13.872284
1842,2456,8.237281
1871,2456,18.969931
1872,2456,15.927671
1654,2137,15.333294
1659,2137,9.880924
1830,2137,18.886559
1843,2137,16.883581
1844,2137,19.678801
1847,2137,24.5849
1849,2137,13.942876
1892,2137,4.344697
1893,2137,6.038084
1772,2457,3.927277
1773,2457,3.596473
1774,2457,23.048023
1775,2457,5.027776
1776,2457,1.960224
1777,2457,1.612069
1778,2457,7.571099
1848,2457,2.754717
1859,2457,4.918413
1871,2457,19.987932
1872,2457,4.946683
1654,2138,19.761848
1659,2138,9.880924
1660,2138,15.333294
1830,2138,18.886559
1839,2138,10.571456
1840,2138,18.886559
1843,2138,10.571456
1844,2138,15.56895
1847,2138,16.24408
1849,2138,24.992161
1860,2138,24.697309
1876,2138,26.829239
1877,2138,27.9592
1887,2138,23.510618
1888,2138,23.510618
1889,2138,6.038084
1890,2138,6.038084
1891,2138,1.795453
1892,2138,2.940304
1893,2138,3.37142
1909,2138,6.5
1714,2458,0.178241
1717,2458,0.99843
1718,2458,7.38444
1772,2458,17.59606
1773,2458,3.732555
1774,2458,8.213635
1775,2458,0.113636
1776,2458,0.177778
1777,2458,0.177778
1778,2458,1.29047
1779,2458,0.341276
1780,2458,2.074239
1835,2458,5.976824
1836,2458,1.205472
1839,2458,3.505199
1840,2458,0.182687
1841,2458,2.10695
1862,2458,0.230917
1863,2458,0.408235
1865,2458,1.787783
1866,2458,1.973867
1867,2458,1.890473
1868,2458,0.948977
1869,2458,6.615885
1870,2458,6.579222
1873,2458,13.88423
1874,2458,2.390894
1875,2458,3.54671
1876,2458,6.345481
1877,2458,3.589561
1654,2139,25.916597
1763,2139,24.724766
1830,2139,10.571456
1840,2139,10.571456
1841,2139,18.886559
1844,2139,18.886559
1846,2139,14.055512
1847,2139,16.24408
1849,2139,27.946762
1861,2139,15.163
1862,2139,18.693924
1873,2139,8.572438
1874,2139,5.905774
1875,2139,4.856933
1876,2139,4.989243
1877,2139,4.645157
1878,2139,5.068708
1879,2139,5.905774
1880,2139,5.905774
1881,2139,5.905774
1882,2139,5.905774
1883,2139,6.311731
1884,2139,4.462118
1885,2139,4.462118
1886,2139,5.201018
1887,2139,5.905782
1888,2139,2.322579
1889,2139,2.322579
1890,2139,2.940304
1891,2139,2.940304
1892,2139,1.810343
1893,2139,2.322579
1714,2459,0.27658
1715,2459,0.104167
1716,2459,0.172414
1719,2459,20.858246
1720,2459,0.918249
1731,2459,20.411507
1772,2459,6.357501
1773,2459,21.56875
1774,2459,12.343651
1775,2459,7.909193
1776,2459,22.999027
1777,2459,16.747904
1778,2459,9.235723
1779,2459,11.16905
1834,2459,6.663282
1836,2459,5.845329
1838,2459,7.040051
1839,2459,3.336484
1842,2459,5.784958
1875,2459,13.377826
1876,2459,7.856607
1654,2140,25.916597
1659,2140,16.035673
1827,2140,20.200043
1830,2140,18.422747
1840,2140,14.055512
1844,2140,16.883581
1845,2140,10.571456
1846,2140,20.26157
1847,2140,16.928162
1849,2140,14.055512
1850,2140,15.431905
1854,2140,25.387964
1860,2140,3.830856
1861,2140,14.951224
1862,2140,12.366909
1863,2140,4.750647
1720,2460,1.389214
1723,2460,1.539997
1727,2460,11.730042
1728,2460,6.639376
1774,2460,19.908829
1777,2460,28.499474
1779,2460,16.600199
1720,2461,0.112676
1724,2461,16.329687
1725,2461,4.248464
1660,2141,19.4667
1826,2141,11.736814
1830,2141,19.304968
1841,2141,14.055512
1842,2141,14.055512
1843,2141,16.883581
1846,2141,16.883581
1847,2141,18.886559
1849,2141,10.571456
1860,2141,3.830856
1861,2141,14.951224
1862,2141,20.255009
1909,2141,6.154589
1717,2462,0.18675
1718,2462,0.104167
1720,2462,0.222432
1723,2462,0.104167
1837,2462,29.464016
1838,2462,6.228809
1839,2462,5.066277
1840,2462,3.645997
1660,2142,16.035673
1762,2142,21.949951
1844,2142,16.883581
1847,2142,18.886559
1861,2142,15.29531
1862,2142,13.942883
1909,2142,6.023636
1724,2463,0.396349
1725,2463,0.564556
1757,2463,1.677505
1762,2463,4.20745
1838,2463,2.402926
1839,2463,4.869992
1841,2463,5.083892
1761,2464,0.061453
1840,2464,4.869992
1848,2143,18.886559
1852,2143,10.571456
1853,2143,16.928162
1861,2143,2.666664
1863,2143,3.428574
1824,2144,27.265743
1840,2144,16.883581
1842,2144,10.571456
1843,2144,22.30827
1844,2144,22.30827
1845,2144,22.30827
1846,2144,16.883581
1853,2144,10.571456
1760,2465,13.982354
1761,2465,0.064
1839,2465,0.11466
1840,2465,1.315863
1864,2465,7.587598
1660,2145,9.880924
1846,2145,11.736814
1848,2145,16.883581
1853,2145,14.055512
1861,2145,16.883581
1660,2146,9.880924
1745,2146,29.104898
1746,2146,24.875397
1842,2146,10.571456
1848,2146,10.571456
1851,2146,18.886559
1853,2146,10.571456
1854,2146,14.055512
1855,2146,15.56895
1863,2146,29.60004
1757,2466,0.12
1839,2466,1.420242
1840,2466,1.249067
1874,2466,4.006697
1876,2466,4.537662
1734,2467,0.206639
1757,2467,0.12
1758,2467,23.639294
1838,2467,1.736696
1839,2467,5.150617
1840,2467,6.338469
1864,2467,17.92572
1660,2147,9.880924
1748,2147,27.922316
1756,2147,6.834532
1757,2147,18.148794
1758,2147,5.525391
1763,2147,21.949951
1842,2147,16.883581
1849,2147,10.571456
1851,2147,29.458015
1863,2147,29.60004
1908,2147,2.322579
1660,2148,9.880924
1758,2148,25.447281
1762,2148,25.447281
1763,2148,24.724766
1840,2148,28.620396
1853,2148,10.571456
1854,2148,14.055512
1863,2148,29.60004
1864,2148,2.940304
1757,2468,0.12
1758,2468,3.438304
1833,2468,17.595932
1838,2468,19.715107
1839,2468,3.016645
1840,2468,8.447561
1758,2469,1.826892
1833,2469,20.801111
1741,2149,13.333323
1759,2149,25.447281
1840,2149,27.265743
1844,2149,27.265743
1851,2149,10.571456
1828,2470,1.812367
1832,2470,10.579783
1833,2470,16.410427
1838,2470,11.885654
1839,2470,5.083459
1735,2471,0.286865
1762,2471,11.571142
1828,2471,1.897383
1831,2471,0.101313
1832,2471,6.083717
1834,2471,2.680271
1835,2471,3.25921
1837,2471,21.103153
1737,2150,19.666674
1738,2150,13.333323
1739,2150,24.724766
1842,2150,25.036953
1844,2150,20.200043
1853,2150,10.571456
1863,2150,0.64
1864,2150,3.371428
1865,2150,2.666664
1736,2151,19.666674
1737,2151,13.333323
1738,2151,25.447281
1847,2151,14.055512
1850,2151,18.886559
1854,2151,10.571456
1855,2151,14.055512
1862,2151,20.200043
1864,2151,3.428574
1865,2151,1.810343
1866,2151,2.666664
1867,2151,3.37142
1906,2151,2.322579
1829,2472,0.64196
1830,2472,0.233904
1831,2472,0.217066
1832,2472,0.148828
1833,2472,19.860798
1834,2472,1.225704
1835,2472,1.355114
1838,2472,14.798041
1877,2472,12.155044
1726,2473,0.548316
1822,2473,22.229271
1823,2473,12.969767
1824,2473,2.054923
1829,2473,13.6333
1831,2473,2.283875
1834,2473,2.285776
1835,2473,1.447084
1836,2473,1.759733
1874,2473,0.508021
1877,2473,8.091799
1677,2152,15.333294
1736,2152,26.166639
1737,2152,25.590868
1847,2152,14.055512
1850,2152,10.571456
1851,2152,18.886559
1852,2152,14.055512
1864,2152,0.64
1865,2152,3.428574
1866,2152,3.371428
1867,2152,2.666664
1882,2152,6.153435
1883,2152,6.153435
1884,2152,6.153435
1885,2152,6.153435
1886,2152,6.153435
1887,2152,6.153435
1888,2152,6.153435
1889,2152,6.153435
1890,2152,3.37142
1891,2152,3.37142
1906,2152,2.940304
1732,2474,13.442146
1733,2474,5.266037
1734,2474,9.113967
1744,2474,0.914275
1823,2474,8.875972
1828,2474,0.347028
1834,2474,3.121707
1835,2474,3.875775
1836,2474,1.042525
1874,2474,2.349873
1875,2474,12.932489
1876,2474,7.951814
1877,2474,1.450957
1677,2153,15.333294
1736,2153,13.333323
1737,2153,25.447281
1823,2153,25.036953
1831,2153,27.265743
1839,2153,25.036953
1848,2153,14.055512
1849,2153,10.571456
1852,2153,10.571456
1864,2153,26.625652
1866,2153,23.665634
1876,2153,4.989243
1877,2153,4.989243
1878,2153,4.989243
1879,2153,4.989243
1880,2153,5.262882
1881,2153,4.645157
1882,2153,2.322579
1883,2153,2.322579
1884,2153,2.666664
1885,2153,4.132922
1886,2153,4.132922
1887,2153,4.477008
1888,2153,4.477008
1889,2153,4.477008
1890,2153,2.666664
1905,2153,1.083333
1906,2153,3.371428
1732,2475,13.419746
1742,2475,20.005705
1743,2475,28.955687
1823,2475,10.405233
1826,2475,13.243299
1828,2475,5.099631
1832,2475,15.975391
1833,2475,7.430004
1834,2475,0.809719
1835,2475,0.346699
1874,2475,1.975904
1875,2475,3.491774
1876,2475,1.07572
1877,2475,1.041525
1677,2154,9.880924
1737,2154,24.724766
1831,2154,27.265743
1840,2154,11.736814
1849,2154,22.133402
1852,2154,10.571456
1855,2154,18.886559
1863,2154,22.133402
1864,2154,24.539032
1865,2154,24.539032
1866,2154,24.539032
1867,2154,9.266677
1868,2154,9.266677
1869,2154,5.96875
1886,2154,4.409088
1887,2154,4.799997
1888,2154,4.025639
1889,2154,4.025639
1890,2154,4.025639
1896,2154,2.270271
1897,2154,9.340102
1898,2154,15.628286
1679,2155,19.4667
1680,2155,15.333294
1681,2155,15.333294
1682,2155,19.4667
1684,2155,15.333294
1737,2155,24.724766
1831,2155,27.265743
1844,2155,16.883581
1852,2155,16.883581
1853,2155,10.571456
1854,2155,10.571456
1733,2476,1.675137
1736,2476,0.269309
1737,2476,7.068754
1742,2476,13.656661
1759,2476,25.376377
1828,2476,3.076957
1829,2476,14.882195
1832,2476,7.071531
1833,2476,3.466871
1834,2476,3.300198
1874,2476,0.32841
1875,2476,2.946374
1876,2476,0.876105
1877,2476,1.728105
1677,2156,9.880924
1682,2156,17.608215
1683,2156,17.608215
1686,2156,19.4667
1737,2156,24.724766
1851,2156,20.200043
1733,2157,25.447281
1737,2157,24.724766
1825,2157,25.036953
1844,2157,20.200043
1855,2157,18.886559
1731,2477,24.022999
1732,2477,2.584421
1733,2477,0.470947
1736,2477,3.480989
1738,2477,1.665328
1748,2477,3.302438
1749,2477,7.063793
1750,2477,7.470082
1751,2477,6.503084
1752,2477,3.593761
1828,2477,12.126832
1874,2477,1.626384
1875,2477,0.358934
1876,2477,0.83143
1877,2477,1.779241
1878,2477,5.787641
1737,2158,25.447281
1842,2158,22.133402
1843,2158,20.200043
1855,2158,14.055512
1857,2158,18.886559
1732,2478,2.631136
1736,2478,0.150237
1738,2478,0.660084
1739,2478,23.550215
1740,2478,0.423496
1742,2478,15.333328
1748,2478,2.278585
1750,2478,3.192173
1829,2478,24.853191
1874,2478,0.597532
1875,2478,0.885156
1876,2478,3.635094
1877,2478,2.257752
1878,2478,6.667109
1737,2159,24.724766
1826,2159,27.265743
1829,2159,25.036953
1844,2159,22.200058
1855,2159,14.055512
1730,2479,1.801186
1731,2479,0.419315
1732,2479,18.414555
1735,2479,1.030899
1736,2479,10.097308
1738,2479,0.416598
1739,2479,8.875675
1740,2479,3.931415
1741,2479,6.21439
1731,2480,4.091269
1732,2480,19.506804
1733,2480,2.008721
1734,2480,3.359246
1735,2480,3.678037
1736,2480,9.247205
1741,2480,5.120512
1825,2160,25.036953
1732,2481,0.900845
1733,2481,20.039717
1734,2481,4.451389
1735,2481,2.012117
1736,2481,9.41145
1737,2481,1.105141
1738,2481,0.107957
1740,2481,21.948128
1742,2481,4.60189
1824,2161,25.036953
1826,2161,27.265743
1735,2482,1.574049
1729,2483,3.408533
1743,2483,1.82371
1744,2483,28.688044
1844,2483,24.676847
1845,2483,25.905212
1824,2162,25.036953
1872,2162,8.228545
1873,2162,8.228545
1874,2162,14.712318
1875,2162,14.712318
1876,2162,14.712318
1877,2162,14.712318
1878,2162,8.228545
1903,2162,13.706451
1904,2162,17.484219
1905,2162,24.942715
1906,2162,24.64711
1907,2162,23.984715
1739,2484,0.411459
1824,2163,25.036953
1730,2164,24.724766
1880,2485,4.218615
1627,2486,15.974831
1728,2486,2.402399
1678,2167,25.214218
1864,2167,25.036953
1890,2167,14.712318
1624,2487,8.626337
1625,2487,6.075428
1880,2487,1.855336
1881,2487,5.591063
1678,2168,25.214218
1768,2169,21.949951
1769,2169,24.724766
1823,2169,0.082282
1824,2169,0.018072
1895,2169,10.759228
1768,2170,25.590868
1895,2170,12.596292
1896,2170,9.129906
1897,2170,1.857143
1898,2170,1.857143
1899,2170,4.307694
1900,2170,5.230772
1901,2170,9.275291
1902,2170,20.635937
1903,2170,16.379988
1904,2170,20.162743
1905,2170,3.868415
1739,2490,1.234359
1740,2490,1.234359
1741,2490,1.223283
1895,2171,13.077609
1896,2171,12.060346
1897,2171,5.406877
1898,2171,14.129299
1899,2171,28.267487
1904,2171,21.447031
1905,2171,28.954275
1906,2171,25.941139
1738,2492,1.234359
1788,2492,4.44441
1789,2492,16.008753
1869,2492,7.436073
1870,2492,8.131221
1871,2492,6.681179
1872,2492,15.558163
1873,2492,12.396811
1874,2492,14.09236
1876,2492,27.713507
1877,2492,24.1737
1878,2492,17.785875
1879,2492,9.197104
1881,2492,8.462202
1882,2492,6.662434
1883,2492,9.223492
1887,2492,3.66404
1864,2173,12.818993
1893,2173,2.940304
1894,2173,1.538462
1737,2493,5.022305
1739,2493,2.309678
1787,2493,12.669181
1788,2493,15.613438
1880,2493,7.673555
1754,2494,0.016611
1787,2494,13.048966
1788,2494,2.702088
1789,2494,28.316549
1868,2494,24.44293
1893,2174,1.810343
1909,2174,22.940865
1678,2175,9.880924
1679,2175,15.333294
1680,2175,15.333294
1681,2175,15.333294
1794,2175,24.724766
1795,2175,25.447281
1890,2175,0.857143
1891,2175,1.538462
1893,2175,1.810343
1909,2175,22.940865
1628,2495,8.783275
1735,2495,0.016611
1737,2495,1.926817
1738,2495,1.943233
1740,2495,1.910741
1769,2495,28.833075
1782,2495,17.910776
1788,2495,13.463701
1836,2495,2.202925
1867,2495,9.776602
1868,2495,4.961772
1889,2176,1.538462
1890,2176,1.538462
1909,2176,16.490112
1737,2496,0.016611
1738,2496,2.293677
1782,2496,0.78079
1836,2496,3.796791
1837,2496,4.665391
1867,2496,4.511054
1868,2496,6.518818
1649,2177,9.880924
1650,2177,16.035673
1677,2177,16.035673
1678,2177,16.035673
1679,2177,9.880924
1680,2177,9.880924
1858,2177,4.409088
1870,2177,1.666667
1871,2177,9.309525
1909,2177,16.910667
1734,2497,0.204229
1736,2497,24.238386
1737,2497,1.405826
1738,2497,1.849256
1740,2497,17.335199
1789,2497,4.365005
1848,2497,7.893526
1868,2497,6.426787
1637,2498,17.532196
1726,2498,0.258871
1867,2498,3.089894
1868,2498,3.531565
1674,2178,16.035673
1675,2178,16.035673
1826,2178,22.133402
1852,2178,5.96875
1866,2178,18.000002
1868,2178,0.26087
1869,2178,18.000002
1768,2179,27.265743
1824,2179,11.736814
1825,2179,20.200043
1826,2179,22.600014
1852,2179,9.266677
1891,2179,4.250007
1896,2179,3.830856
1637,2499,3.528493
1866,2499,19.161352
1867,2499,3.753193
1676,2180,16.035673
1715,2180,22.799988
1768,2180,27.265743
1826,2180,11.736814
1857,2180,5.96875
1884,2180,6.743966
1890,2180,1.538462
1891,2180,7.68419
1894,2180,17.045803
1895,2180,20.016848
1896,2180,20.135883
1897,2180,28.348169
1671,2181,16.035673
1672,2181,9.880924
1673,2181,15.333294
1852,2181,9.266677
1857,2181,6.818176
1871,2181,0.4
1880,2181,1.26087
1881,2181,21.992031
1882,2181,10.382529
1883,2181,1.26087
1884,2181,5.393792
1885,2181,7.992671
1886,2181,7.298954
1887,2181,8.21201
1888,2181,7.232088
1889,2181,2.378882
1890,2181,1.938462
1891,2181,13.378644
1893,2181,16.798807
1656,2182,9.880924
1794,2182,27.265743
1797,2182,25.036953
1852,2182,9.266677
1853,2182,4.025639
1857,2182,6.818176
1890,2182,7.347116
1891,2182,11.996701
1797,2183,25.036953
1824,2183,22.133402
1825,2183,11.736814
1852,2183,9.266677
1853,2183,4.025639
1855,2183,6.818176
1857,2183,9.266677
1858,2183,4.025639
1861,2183,4.409088
1865,2183,4.799997
1866,2183,4.799997
1867,2183,4.025639
1868,2183,5.96875
1870,2183,4.409088
1890,2183,4.47779
1797,2184,25.036953
1824,2184,22.600014
1852,2184,9.266677
1853,2184,4.799997
1854,2184,4.025639
1855,2184,6.818176
1857,2184,4.338988
1858,2184,4.025639
1860,2184,9.428573
1862,2184,4.409088
1863,2184,4.409088
1864,2184,5.96875
1870,2184,4.799997
1884,2184,2.22028
1886,2184,3.830319
1887,2184,4.47779
1650,2185,9.880924
1655,2185,15.333294
1659,2185,9.880924
1660,2185,9.880924
1796,2185,25.036953
1829,2185,22.133402
1852,2185,9.266677
1853,2185,4.799997
1854,2185,4.025639
1855,2185,9.266677
1857,2185,4.338988
1858,2185,6.818176
1859,2185,5.96875
1881,2185,17.326902
1882,2185,19.33943
1885,2185,4.333932
1886,2185,4.47779
1887,2185,3.214934
1888,2185,1.538462
1889,2185,3.214934
1890,2185,2.22028
1891,2185,27.124847
1648,2186,17.608215
1651,2186,19.4667
1855,2186,9.266677
1857,2186,4.338988
1859,2186,6.818176
1860,2186,4.799997
1861,2186,5.96875
1862,2186,4.799997
1863,2186,4.025639
1865,2186,5.96875
1869,2186,4.799997
1879,2186,19.33943
1882,2186,28.353096
1883,2186,25.646774
1885,2186,28.353096
1887,2186,28.353096
1888,2186,28.353096
1889,2186,25.646774
1798,2187,27.338324
1828,2187,11.736814
1862,2187,5.96875
1865,2187,6.818176
1869,2187,4.799997
1878,2187,22.732487
1879,2187,22.732487
1880,2187,22.732487
1881,2187,25.646774
1882,2187,25.340328
1822,2188,27.338591
1830,2188,6.696964
1857,2188,4.338988
1859,2188,4.025639
1862,2188,4.799997
1865,2188,5.96875
1871,2188,0.609375
1626,2189,19.4667
1627,2189,17.608215
1628,2189,17.608215
1643,2189,9.880924
1667,2189,15.333294
1830,2189,6.696964
1853,2189,6.818176
1857,2189,6.818176
1859,2189,4.409088
1862,2189,4.409088
1866,2189,5.96875
1893,2189,4.47779
1894,2189,4.715525
1895,2189,12.865231
1896,2189,15.729034
1643,2190,9.880924
1667,2190,19.4667
1848,2190,14.972174
1860,2190,4.025639
1861,2190,4.409088
1863,2190,4.409088
1864,2190,4.025639
1866,2190,4.025639
1868,2190,5.70211
1875,2190,0.609375
1879,2190,7.72419
1880,2190,8.313933
1881,2190,18.47769
1882,2190,17.163509
1883,2190,18.808804
1894,2190,1.118013
1895,2190,1.257143
1896,2190,5.984166
1897,2190,10.095119
1898,2190,11.653495
1899,2190,24.092232
1643,2191,9.880924
1755,2191,25.447281
1843,2191,8.480004
1844,2191,8.480004
1845,2191,8.480004
1846,2191,22.026421
1847,2191,17.169333
1861,2191,4.025639
1863,2191,9.428573
1875,2191,0.4
1643,2192,9.880924
1754,2192,13.333323
1755,2192,25.447281
1829,2192,5.971438
1840,2192,8.480004
1843,2192,21.046881
1870,2192,7.761853
1872,2192,21.023329
1643,2193,16.035673
1754,2193,26.166639
1755,2193,25.447281
1797,2193,27.265743
1798,2193,0.17052
1828,2193,5.249998
1829,2193,9.518502
1643,2194,19.4667
1644,2194,15.333294
1753,2194,0.609375
1754,2194,0.609375
1797,2194,27.265743
1826,2194,9.158413
1827,2194,9.158413
1828,2194,7.272049
1829,2194,9.558502
1641,2195,25.916597
1642,2195,25.214218
1690,2195,19.700005
1753,2195,0.08
1754,2195,0.629744
1822,2195,27.265743
1824,2195,12.732574
1825,2195,16.212841
1826,2195,19.759907
1827,2195,16.212841
1753,2196,25.590868
1754,2196,25.447281
1755,2196,24.724766
1756,2196,24.724766
1823,2196,5.430326
1824,2196,16.212841
1689,2197,20.932793
1753,2197,24.724766
1824,2197,9.518502
1829,2197,14.671171
1689,2198,21.385738
1823,2198,5.249998
1824,2198,5.971438
1689,2199,19.247057
1753,2199,16.333326
1754,2199,16.333326
1824,2199,12.14283
1777,2200,3.883101
1778,2200,4.137941
1794,2200,22.133402
1777,2201,7.230778
1778,2201,2.608695
1797,2201,27.265743
1822,2201,0.145695
1778,2202,6.651513
1787,2202,0.072581
1797,2202,27.265743
1788,2203,25.036953
1797,2203,27.265743
1826,2203,8.0
1788,2204,25.036953
1796,2205,27.520988
1821,2205,0.072848
1823,2205,3.363634
1700,2206,15.747078
1701,2206,15.747078
1702,2206,21.385738
1796,2206,0.255245
1825,2206,5.249998
1826,2206,8.402779
1706,2207,25.133682
1707,2207,16.29413
1708,2207,7.647065
1888,2207,1.363636
1886,2208,8.387581
1887,2208,8.8
1888,2208,1.931035
1890,2208,1.937341
1891,2208,0.660869
1892,2208,1.937341
1893,2208,1.081818
1894,2208,2.285847
1895,2208,1.074892
1896,2208,0.645845
1897,2208,0.902146
1898,2208,1.788863
1821,2209,0.072581
1886,2209,17.48382
1888,2209,22.088879
1890,2209,1.147335
1891,2209,4.935663
1822,2210,5.249998
1848,2210,15.279671
1633,2211,19.4667
1821,2211,25.109533
1907,2211,0.810057
1821,2212,0.072581
1826,2212,14.972174
1907,2212,0.789485
1888,2213,20.80368
1907,2213,0.178766
1717,2214,8.100013
1887,2214,19.994656
1888,2214,0.505517
1907,2214,2.539303
1826,2215,20.943611
1885,2215,16.984371
1886,2215,8.559573
1887,2215,2.285847
1888,2215,0.505517
1906,2215,9.981097
1907,2215,6.439815
1887,2216,2.285847
1888,2216,0.770072
1906,2216,19.387239
1886,2217,16.337666
1887,2217,2.285847
1888,2217,0.220328
1906,2217,21.434744
1907,2217,21.235233
1885,2218,9.749127
1886,2218,5.636464
1887,2218,2.285847
1888,2218,0.505517
1906,2218,28.595413
1887,2219,17.113991
1888,2219,0.04
1907,2219,9.327763
1888,2220,2.55728
1906,2220,4.167962
1907,2220,10.318445
1689,2221,25.428761
1822,2221,15.077224
1887,2221,1.312253
1888,2221,0.680328
1889,2221,2.55728
1907,2221,10.65499
1689,2222,25.428761
1785,2222,0.106727
1822,2222,14.927391
1827,2222,9.518502
1888,2222,2.77616
1889,2222,4.457561
1689,2223,22.360573
1827,2223,3.388884
1887,2223,10.350294
1888,2223,1.870224
1889,2223,4.657454
1689,2224,18.777775
1700,2224,27.27776
1701,2224,8.166662
1887,2224,8.252146
1888,2224,8.012444
1889,2224,11.839907
1612,2225,25.232094
1689,2225,18.777775
1706,2225,8.166663
1820,2225,6.696964
1887,2225,10.70632
1612,2226,25.232094
1689,2226,14.166675
1887,2226,17.726849
1612,2227,25.232094
1784,2227,0.106727
1823,2227,6.696964
1824,2227,3.388884
1827,2227,9.518502
1887,2227,12.458447
1888,2227,16.954056
1783,2228,0.101017
1784,2228,0.110184
1822,2228,3.388884
1823,2228,3.388884
1824,2228,5.249998
1825,2228,3.388884
1827,2228,7.5
1829,2228,0.020408
1887,2228,20.382372
1784,2229,0.082015
1826,2229,3.388884
1827,2229,3.363634
1829,2229,0.020408
1822,2230,5.971438
1823,2230,12.14283
1824,2230,12.14283
1825,2230,3.388884
1827,2230,7.516448
1828,2230,3.380082
1829,2230,0.020408
1822,2231,3.380082
1823,2231,12.14283
1824,2231,12.159277
1825,2231,12.14283
1828,2231,7.053784
1823,2232,5.971438
1828,2232,7.017715
1796,2233,0.17052
1825,2233,5.971438
1826,2233,5.971438
1838,2233,12.14283
1839,2233,0.552631
1796,2234,0.17052
1825,2234,5.249998
1826,2234,3.388884
1836,2234,6.696964
1837,2234,9.518502
1838,2234,5.971438
1839,2234,0.325581
1822,2235,5.971438
1823,2235,12.14283
1836,2235,12.528875
1837,2235,3.919374
1838,2235,6.178906
1839,2235,0.727174
1840,2235,0.613454
1841,2235,26.521215
1823,2236,5.249998
1824,2236,12.14283
1825,2236,3.388884
1826,2236,3.388884
1838,2236,0.01049
1839,2236,0.589732
1851,2236,3.217759
1852,2236,2.94863
1907,2236,24.053225
1823,2237,7.5
1824,2237,8.0
1825,2237,7.508889
1826,2237,5.249998
1827,2237,3.388884
1835,2237,11.255551
1839,2237,0.325581
1842,2237,26.191765
1849,2237,1.254545
1850,2237,2.503473
1852,2237,3.985515
1870,2237,13.563416
1796,2238,0.17052
1835,2238,5.446971
1839,2238,0.325581
1842,2238,10.52938
1849,2238,1.752551
1850,2238,2.2714
1853,2238,5.01533
1824,2239,0.018072
1825,2239,8.005831
1835,2239,0.328092
1836,2239,3.381707
1837,2239,0.714286
1838,2239,1.315068
1839,2239,0.366667
1842,2239,12.351694
1848,2239,10.72221
1849,2239,5.40341
1850,2239,1.908341
1851,2239,3.085052
1853,2239,8.896279
1782,2240,0.17052
1826,2240,8.005831
1827,2240,13.004169
1835,2240,2.052542
1836,2240,4.154466
1837,2240,4.18728
1838,2240,1.622602
1782,2241,0.17052
1826,2241,0.018072
1756,2242,1.166667
1757,2242,1.387096
1826,2242,0.028169
1827,2242,7.363634
1835,2242,2.143039
1836,2242,2.337869
1754,2243,1.387096
1755,2243,2.414633
1756,2243,3.238092
1757,2243,3.238092
1828,2243,0.299632
1835,2243,0.714286
1836,2243,2.569613
1838,2243,1.593073
1848,2243,8.145448
1796,2244,0.255245
1827,2244,25.136366
1828,2244,0.299632
1835,2244,1.315068
1820,2245,0.072581
1835,2245,2.581275
1848,2245,9.632317
1895,2245,28.03203
1772,2246,1.166667
1848,2246,4.382318
1835,2247,2.142893
1836,2247,1.315068
1847,2247,21.410578
1848,2247,3.12727
1853,2247,5.879098
1786,2248,2.539874
1793,2248,0.4
1822,2248,13.729458
1823,2248,13.717736
1836,2248,0.714286
1837,2248,1.315068
1838,2248,2.511147
1839,2248,1.315068
1853,2248,2.642941
1778,2249,24.444386
1780,2249,19.845297
1781,2249,6.909859
1782,2249,6.857143
1788,2249,2.414633
1793,2249,1.25
1796,2249,0.072848
1819,2249,0.072581
1824,2249,13.717736
1825,2249,0.016447
1826,2249,0.016447
1835,2249,0.243368
1839,2249,1.807176
1841,2249,22.487331
1788,2250,3.238092
1789,2250,3.238092
1790,2250,3.238092
1791,2250,1.387096
1792,2250,1.387096
1793,2250,2.414633
1795,2250,2.769232
1835,2250,0.243368
1895,2250,8.764637
1753,2251,1.25
1795,2251,2.414633
1834,2251,0.17052
1836,2251,0.923077
1837,2251,0.52
1838,2251,0.52
1839,2251,0.538072
1840,2251,0.542278
1844,2251,9.73901
1845,2251,9.314584
1846,2251,16.612026
1853,2251,1.303571
1854,2251,5.715183
1897,2251,13.37838
1898,2251,7.883833
1899,2251,8.047262
1902,2251,6.146472
1904,2251,3.290699
1816,1933,5.412833
1795,2252,1.387096
1822,2252,0.016447
1823,2252,0.00565
1843,2252,1.127541
1844,2252,0.715714
1845,2252,0.165732
1846,2252,11.931587
1853,2252,1.196079
1854,2252,0.507246
1902,2252,6.36632
1795,2253,2.769232
1822,2253,0.101017
1823,2253,0.01472
1824,2253,0.008889
1827,2253,0.518758
1837,2253,0.366667
1838,2253,0.264151
1846,2253,18.242785
1853,2253,1.254545
1854,2253,2.503473
1902,2253,26.086571
1794,2254,1.387096
1820,2254,6.453753
1823,2254,0.008889
1824,2254,0.052559
1825,2254,0.016447
1834,2254,0.082282
1835,2254,0.345505
1836,2254,13.849252
1838,2254,25.64217
1846,2254,0.379368
1854,2254,3.537657
1856,2254,1.196079
1905,2254,22.394997
1791,2255,0.4
1792,2255,2.769232
1794,2255,2.414633
1795,2255,4.186534
1822,2255,0.018072
1823,2255,0.042463
1824,2255,0.400106
1825,2255,0.005831
1846,2255,1.29609
1854,2255,1.752551
1858,2255,1.703325
1689,2256,8.166663
1791,2256,3.5813
1792,2256,2.414633
1794,2256,3.238092
1795,2256,0.019868
1825,2256,0.009434
1826,2256,0.089832
1902,2256,20.447361
1791,2257,3.56741
1792,2257,3.56741
1823,2257,0.032358
1825,2257,0.046204
1825,2258,13.678548
1834,2258,2.980976
1835,2258,7.924579
1836,2258,2.720052
1838,2258,1.163265
1839,2258,1.196079
1840,2258,1.196079
1841,2258,1.427416
1842,2258,1.46023
1843,2258,2.426158
1849,2258,21.828346
1850,2258,1.761791
1737,2259,1.387096
1738,2259,2.414633
1740,2259,3.238092
1837,2259,2.808151
1838,2259,0.476987
1843,2259,5.891339
1846,2259,2.097338
1847,2259,1.910365
1848,2259,22.517179
1850,2259,0.978437
1851,2259,1.761791
1852,2259,1.059878
1853,2259,0.507246
1856,2259,2.450485
1857,2259,3.641705
1858,2259,8.256727
1824,2260,0.4
1846,2260,0.415557
1850,2260,4.868193
1851,2260,4.726938
1852,2260,4.921357
1853,2260,5.695077
1856,2260,1.254545
1857,2260,4.630796
1858,2260,6.39146
1890,2260,11.427275
1891,2260,11.18793
1892,2260,8.047262
1795,2261,3.814574
1820,2261,3.31094
1822,2261,17.314919
1824,2261,25.968212
1855,2261,1.303571
1856,2261,0.264151
1857,2261,6.270106
1891,2261,6.520717
1928,2261,5.143305
1820,2262,7.850185
1821,2262,0.133104
1822,2262,0.275112
1823,2262,0.630023
1824,2262,0.630023
1825,2262,0.255245
1834,2262,0.025248
1855,2262,2.535497
1856,2262,15.985062
1857,2262,15.405427
1858,2262,5.040769
1891,2262,5.221612
1928,2262,2.280418
1826,2263,0.184024
1834,2263,0.025248
1891,2263,4.315676
1928,2263,1.626891
1820,2264,0.176015
1834,2264,0.053787
1891,2264,3.12727
1892,2264,4.382318
1893,2264,5.570724
1899,2264,11.113139
1928,2264,2.069768
1630,2265,19.917643
1715,2265,15.39999
1819,2265,0.264941
1834,2265,0.053787
1848,2265,0.327372
1849,2265,2.468696
1865,2265,27.647446
1891,2265,1.135417
1892,2265,5.626033
1893,2265,2.500996
1894,2265,3.716556
1895,2265,5.570724
1896,2265,4.971604
1897,2265,6.534255
1898,2265,8.03931
1834,2266,0.018072
1848,2266,0.027506
1849,2266,1.555754
1850,2266,2.450624
1851,2266,2.359344
1852,2266,1.910365
1853,2266,1.910365
1854,2266,4.004706
1855,2266,4.123695
1856,2266,2.858917
1857,2266,16.716879
1858,2266,5.728012
1834,2267,0.063883
1848,2267,0.038659
1849,2267,0.738735
1850,2267,1.456779
1851,2267,3.387587
1852,2267,1.469072
1853,2267,1.325274
1854,2267,1.6773
1855,2267,4.115896
1856,2267,3.423405
1857,2267,5.582787
1858,2267,5.100993
1677,2268,16.166672
1826,2268,0.072581
1849,2268,0.736111
1850,2268,1.177872
1854,2268,1.683638
1855,2268,0.708695
1856,2268,1.8452
1857,2268,3.512876
1858,2268,6.968149
1836,2269,0.073317
1849,2269,0.736111
1850,2269,2.083023
1855,2269,0.03452
1856,2269,0.612829
1857,2269,4.461023
1733,2270,3.238092
1826,2270,0.26701
1836,2270,0.022278
1842,2270,0.019417
1849,2270,1.126089
1850,2270,2.083023
1855,2270,0.028169
1856,2270,0.222542
1857,2270,1.829327
1732,2271,15.39999
1733,2271,15.39999
1826,2271,0.255245
1836,2271,0.357599
1837,2271,0.052035
1838,2271,0.060527
1839,2271,0.069007
1840,2271,0.008889
1841,2271,0.044754
1842,2271,0.062802
1849,2271,1.126089
1850,2271,2.083023
1855,2271,0.028169
1856,2271,1.47088
1857,2271,1.092917
1826,2272,0.182687
1836,2272,0.362261
1837,2272,1.344469
1838,2272,0.112489
1839,2272,0.190242
1840,2272,0.047389
1841,2272,0.401021
1842,2272,0.036833
1843,2272,0.327382
1844,2272,0.384993
1845,2272,0.039622
1846,2272,0.37501
1847,2272,0.00565
1848,2272,15.013983
1849,2272,1.685529
1850,2272,2.083023
1856,2272,0.206897
1857,2272,1.495994
1826,2273,0.092265
1838,2273,0.308227
1839,2273,0.681033
1840,2273,0.997779
1841,2273,0.381878
1843,2273,0.279026
1844,2273,0.327382
1847,2273,0.042455
1848,2273,0.025336
1849,2273,1.125084
1850,2273,1.172222
1856,2273,0.598291
1857,2273,1.770299
1826,2274,1.544491
1843,2274,0.191238
1844,2274,0.036833
1845,2274,0.062802
1850,2274,1.162387
1856,2274,0.153846
1857,2274,1.685529
1865,2274,0.551946
1894,2274,17.173981
1895,2274,16.810339
1822,2275,1.166667
1823,2275,1.166667
1824,2275,1.166667
1825,2275,1.542141
1846,2275,0.178236
1850,2275,1.282452
1851,2275,1.162387
1852,2275,0.939583
1853,2275,1.088034
1854,2275,0.52
1855,2275,0.923077
1857,2275,1.659188
1865,2275,1.541666
1892,2275,8.87023
1893,2275,14.461578
1894,2275,13.047972
1895,2275,14.845831
1898,2275,20.831831
1899,2275,16.030407
1900,2275,2.737896
1822,2276,1.04556
1823,2276,1.04556
1824,2276,1.028169
1825,2276,1.048037
1845,2276,0.02439
1846,2276,0.029931
1847,2276,0.039622
1848,2276,0.039622
1849,2276,0.025336
1850,2276,1.258889
1851,2276,0.393676
1852,2276,0.838121
1853,2276,0.363636
1854,2276,1.25
1855,2276,1.25
1856,2276,15.0
1857,2276,0.517483
1865,2276,3.284374
1893,2276,5.517735
1894,2276,1.724702
1895,2276,1.265852
1896,2276,2.045444
1897,2276,8.241696
1898,2276,5.70402
1822,2277,0.085803
1823,2277,0.085803
1824,2277,0.049355
1838,2277,0.25409
1839,2277,0.059659
1840,2277,0.142298
1845,2277,0.304066
1852,2277,0.801128
1858,2277,2.590974
1860,2277,0.444444
1861,2277,1.213889
1862,2277,4.171294
1865,2277,1.493582
1889,2277,14.22666
1890,2277,4.548348
1891,2277,3.976453
1893,2277,6.60405
1894,2277,13.812721
1895,2277,6.789681
1896,2277,8.384212
1897,2277,0.844174
1898,2277,0.180141
1838,2278,0.440956
1839,2278,0.494517
1840,2278,0.408216
1844,2278,0.301223
1845,2278,0.143593
1846,2278,0.075469
1850,2278,1.638609
1851,2278,1.635336
1852,2278,1.619888
1853,2278,1.614247
1854,2278,1.395161
1855,2278,1.4931
1856,2278,1.4931
1857,2278,1.4931
1858,2278,1.4931
1861,2278,0.498563
1862,2278,0.580055
1865,2278,2.141562
1887,2278,0.952552
1893,2278,5.517735
1894,2278,3.479251
1895,2278,9.944698
1896,2278,12.483467
1897,2278,2.497347
1898,2278,1.050226
1899,2278,0.570855
1900,2278,0.104478
1868,2279,2.179837
1869,2279,2.02068
1870,2279,1.976191
1871,2279,4.428573
1889,2279,0.439247
1891,2279,6.520717
1892,2279,6.26492
1893,2279,0.706388
1835,2280,0.265734
1889,2280,0.072581
1891,2280,4.406228
1892,2280,0.630836
1893,2280,1.331225
1890,2281,22.723198
1891,2281,5.849445
1892,2281,0.877197
1893,2281,1.844335
1890,2282,8.972172
1891,2282,23.033367
1892,2282,1.051204
1893,2282,1.7139
1898,2282,0.596175
1899,2282,0.596175
1900,2282,0.036585
1901,2282,0.131823
1838,2283,0.138902
1856,2283,0.386237
1857,2283,0.105364
1858,2283,0.024886
1859,2283,0.031147
1860,2283,0.021042
1861,2283,0.065988
1898,2283,2.274482
1899,2283,0.180141
1900,2283,0.223795
1901,2283,7.018199
1874,1966,5.171427
1856,2284,0.045979
1857,2284,0.084345
1858,2284,0.22468
1859,2284,0.032724
1860,2284,0.021042
1861,2284,0.028169
1890,2284,4.863123
1891,2284,0.211922
1892,2284,0.617008
1837,2285,0.199533
1857,2285,0.255245
1858,2285,0.064138
1859,2285,0.607354
1860,2285,0.019935
1861,2285,0.065988
1892,2285,0.290189
1857,2286,0.142587
1858,2286,4.733189
1859,2286,0.492721
1860,2286,0.570189
1861,2286,0.087894
1868,2286,0.22657
1869,2286,0.027506
1870,2286,0.022278
1873,2286,16.464449
1874,2286,8.407883
1885,2286,13.297899
1890,2286,2.353439
1892,2286,0.556821
1893,2286,0.667776
1894,2286,0.683649
1895,2286,0.58403
1896,2286,0.489663
1897,2286,0.489663
1898,2286,0.768019
1899,2286,1.016666
1900,2286,9.093201
1901,2286,24.316677
1856,2287,0.335961
1857,2287,7.936781
1858,2287,0.084345
1859,2287,0.093774
1860,2287,0.149564
1861,2287,0.149564
1869,2287,0.012588
1870,2287,0.022097
1876,2287,0.613222
1877,2287,8.714686
1893,2287,0.080801
1894,2287,0.479749
1895,2287,0.879897
1896,2287,0.545255
1897,2287,0.869179
1898,2287,0.68401
1899,2287,2.033692
1900,2287,3.054561
1901,2287,5.660303
1856,2288,0.049355
1857,2288,0.064066
1867,2288,3.031137
1868,2288,0.870823
1871,2288,0.571411
1872,2288,0.052053
1873,2288,1.414321
1874,2288,1.398518
1875,2288,7.693915
1876,2288,8.267753
1883,2288,11.834702
1884,2288,8.068776
1885,2288,8.879764
1889,2288,0.047619
1893,2288,1.253749
1894,2288,1.821407
1895,2288,2.660206
1896,2288,17.835478
1897,2288,3.560827
1898,2288,5.658502
1901,2288,13.618338
1855,2289,0.188457
1856,2289,0.084345
1857,2289,0.475502
1867,2289,3.39876
1868,2289,1.063948
1888,2289,21.028475
1889,2289,22.111347
1890,2289,13.202825
1891,2289,3.924741
1854,2290,0.464312
1855,2290,0.178485
1856,2290,2.110877
1859,2290,0.033689
1860,2290,0.475502
1861,2290,0.401336
1854,2291,0.184095
1855,2291,0.084345
1859,2291,0.019868
1860,2291,3.484098
1882,2291,12.980132
1890,2291,0.741689
1891,2291,0.290001
1892,2291,0.249509
1855,2292,0.045979
1858,2292,0.034817
1859,2292,0.105364
1860,2292,0.034817
1861,2292,0.105364
1862,2292,0.010402
1886,2292,0.502765
1890,2292,0.48848
1891,2292,3.086113
1892,2292,0.584182
1893,2292,3.346313
1894,2292,1.540849
1895,2292,3.75765
1896,2292,5.915067
1897,2292,6.533304
1858,2293,0.088234
1861,2293,0.034817
1862,2293,0.105364
1879,2293,0.399642
1880,2293,3.381822
1881,2293,1.947401
1882,2293,2.119267
1886,2293,0.460689
1890,2293,0.374843
1891,2293,1.734722
1892,2293,0.344982
1893,2293,3.16226
1894,2293,2.034159
1895,2293,1.444078
1896,2293,1.24389
1897,2293,1.650333
1898,2293,5.116417
1899,2293,7.187573
1901,2293,19.223116
1855,2294,0.019868
1856,2294,0.019868
1861,2294,0.034817
1864,2294,0.045979
1865,2294,0.03794
1872,2294,0.529106
1879,2294,0.460226
1882,2294,10.214589
1883,2294,0.694991
1884,2294,2.094418
1885,2294,2.078459
1886,2294,1.336849
1890,2294,0.327372
1891,2294,0.236194
1892,2294,2.375
1893,2294,3.45214
1894,2294,4.351744
1897,2294,15.901407
1900,2294,20.833052
1858,2295,0.048037
1861,2295,0.049355
1864,2295,0.045979
1865,2295,0.082933
1866,2295,0.046186
1868,2295,0.549125
1869,2295,0.86915
1870,2295,3.093889
1871,2295,0.597191
1873,2295,1.122838
1874,2295,1.209421
1875,2295,1.692139
1876,2295,1.45795
1877,2295,1.394701
1879,2295,1.693143
1882,2295,0.77739
1883,2295,0.989588
1884,2295,1.336849
1885,2295,4.032573
1886,2295,1.194107
1890,2295,0.556458
1891,2295,0.00565
1892,2295,0.358415
1893,2295,17.998877
1854,1975,5.171427
1858,2296,0.019868
1861,2296,0.005831
1864,2296,0.045979
1867,2296,0.046186
1868,2296,1.259482
1879,2296,2.480211
1880,2296,1.029306
1882,2296,0.518172
1884,2296,1.309012
1887,2296,2.154525
1890,2296,0.341657
1891,2296,0.44368
1892,2296,0.253086
1864,2297,0.045979
1867,2297,0.056541
1868,2297,7.064333
1871,2297,0.297163
1872,2297,0.318236
1873,2297,0.529106
1874,2297,0.668836
1875,2297,1.728424
1879,2297,2.434807
1880,2297,2.056267
1882,2297,0.593491
1884,2297,1.309012
1887,2297,2.154525
1890,2297,0.477136
1891,2297,0.350191
1892,2297,0.369847
1893,2297,0.350191
1894,2297,7.389463
1898,2297,14.052838
1899,2297,28.458538
1865,2298,0.045979
1866,2298,0.035314
1868,2298,0.307517
1873,2298,0.030357
1874,2298,2.197608
1875,2298,1.974074
1876,2298,1.083715
1879,2298,1.060485
1880,2298,1.122267
1882,2298,0.302145
1883,2298,0.503565
1884,2298,1.309012
1889,2298,2.154525
1890,2298,0.296768
1891,2298,2.794004
1893,2298,4.203489
1894,2298,22.220739
1895,2298,22.818747
1865,2299,0.150046
1866,2299,0.099198
1868,2299,0.105364
1869,2299,0.879247
1870,2299,0.796379
1873,2299,0.613103
1874,2299,1.0476
1875,2299,1.0476
1876,2299,3.765144
1882,2299,1.72472
1883,2299,3.655198
1884,2299,1.713637
1885,2299,2.051157
1886,2299,2.519874
1887,2299,2.315848
1889,2299,2.154525
1890,2299,0.528344
1891,2299,1.165938
1893,2299,1.2121
1894,2299,18.201735
1898,2299,25.848911
1863,2300,0.386237
1866,2300,0.045979
1868,2300,0.31482
1878,2300,0.529106
1879,2300,0.657114
1880,2300,0.648867
1881,2300,1.748713
1889,2300,2.519874
1890,2300,0.819572
1891,2300,2.011278
1898,2300,21.411205
1868,2301,0.010402
1870,2301,0.531734
1871,2301,0.520012
1872,2301,0.531734
1873,2301,0.754342
1874,2301,0.7371
1875,2301,0.736911
1876,2301,7.927318
1878,2301,3.875878
1879,2301,4.969939
1880,2301,6.867942
1881,2301,6.192793
1882,2301,3.703076
1883,2301,2.518986
1884,2301,2.829413
1885,2301,2.829413
1886,2301,2.035477
1887,2301,2.634291
1889,2301,1.423721
1890,2301,0.486239
1891,2301,2.154525
1897,2301,5.019692
1898,2301,7.174546
1865,2302,0.010402
1866,2302,0.018072
1868,2302,0.018072
1869,2302,0.017241
1870,2302,0.933077
1871,2302,0.210732
1872,2302,0.361111
1873,2302,0.911682
1874,2302,2.051009
1875,2302,7.34185
1876,2302,6.988746
1887,2302,3.204664
1889,2302,7.136314
1890,2302,2.811349
1891,2302,3.400647
1894,2302,15.691139
1869,2303,0.093367
1870,2303,13.562379
1871,2303,10.488256
1872,2303,0.024886
1873,2303,3.445027
1874,2303,1.696551
1878,2303,3.532732
1879,2303,3.504563
1880,2303,3.504563
1882,2303,5.609123
1883,2303,5.609123
1884,2303,18.455008
1885,2303,2.940855
1891,2303,3.565954
1872,2304,0.048037
1873,2304,0.905726
1874,2304,1.614252
1875,2304,1.560208
1876,2304,8.412261
1889,2304,15.10545
1870,2305,0.018072
1871,2305,0.115502
1872,2305,0.016447
1873,2305,2.560326
1875,2305,4.841916
1876,2305,7.7101
1877,2305,7.700004
1878,2305,5.024518
1879,2305,4.40206
1880,2305,4.288797
1882,2305,3.532732
1883,2305,15.371328
1884,2305,2.921704
1597,2306,18.700035
1872,2306,20.409927
1873,2306,0.075702
1874,2306,7.681931
1882,2306,2.616131
1883,2306,6.455641
1884,2306,9.087662
1890,2306,15.677505
1874,2307,15.225411
1880,2307,5.609123
1881,2307,5.290157
1882,2307,3.565308
1885,2307,3.051968
1887,2307,3.204664
1873,2308,0.778307
1874,2308,4.307627
1875,2308,1.184219
1876,2308,1.184219
1877,2308,1.482458
1878,2308,0.840218
1879,2308,5.404265
1884,2308,14.650043
1887,2308,2.035477
1890,2308,3.204664
1895,2308,2.329422
1867,2309,0.287879
1873,2309,12.825027
1874,2309,21.71067
1875,2309,22.8591
1876,2309,15.794291
1877,2309,19.055416
1878,2309,19.055416
1879,2309,19.055416
1881,2309,6.786387
1882,2309,1.216783
1883,2309,2.319926
1888,2309,2.035477
1889,2309,1.72472
1890,2309,2.829413
1891,2309,2.518986
1892,2309,2.829413
1893,2309,5.652562
1909,1988,13.552954
1882,2310,22.760759
1883,2310,22.760759
1889,2310,2.333475
1890,2310,3.051968
1891,2310,2.035477
1904,1989,12.684975
1907,1989,13.567196
1873,2311,13.131121
1874,2311,6.595954
1874,2312,7.63444
1878,2312,2.149671
1880,2312,2.366085
1881,2312,2.366085
1882,2312,2.333475
1883,2312,2.369189
1884,2312,2.919783
1885,2312,2.333475
1887,2312,2.547155
1893,2312,0.028169
1900,1991,11.145809
1788,2313,0.327972
1871,2313,0.017241
1872,2313,0.019868
1873,2313,3.036666
1875,2313,1.131774
1876,2313,0.831206
1877,2313,0.592998
1878,2313,7.917054
1879,2313,6.624123
1880,2313,7.479033
1881,2313,18.954268
1882,2313,0.795341
1883,2313,2.046391
1884,2313,2.046391
1885,2313,4.088035
1887,2313,2.829413
1900,1992,11.145809
1773,2314,0.17052
1871,2314,0.017241
1872,2314,1.126094
1873,2314,3.139463
1875,2314,0.03794
1876,2314,0.848727
1877,2314,3.117921
1878,2314,2.669856
1880,2314,9.5839
1881,2314,12.515871
1882,2314,13.442162
1883,2314,21.537388
1884,2314,4.088035
1900,1993,11.145809
1780,2315,0.072848
1781,2315,0.072581
1837,2315,0.842858
1870,2315,0.202785
1871,2315,7.129239
1872,2315,0.096377
1873,2315,1.708091
1875,2315,1.16605
1876,2315,4.898631
1877,2315,9.865095
1878,2315,4.107452
1883,2315,2.780219
1900,1994,5.171427
1912,1994,0.282209
1594,2316,18.700035
1789,2316,0.116523
1836,2316,0.072848
1871,2316,27.705282
1874,2316,15.252561
1875,2316,12.489531
1876,2316,13.851688
1877,2316,13.001215
1878,2316,11.43407
1879,2316,2.127557
1880,2316,2.718311
1881,2316,2.127557
1882,2316,6.11156
1883,2316,3.110117
1884,2316,0.785314
1900,1995,26.671427
1868,2317,15.215889
1878,2317,6.802452
1737,1996,4.137941
1738,1997,3.370367
1739,1997,3.883101
1769,2318,0.072581
1779,2318,0.072581
1870,2318,12.518436
1873,2318,9.607578
1874,2318,2.669856
1878,2318,18.776644
1737,1998,5.525391
1900,1998,26.671427
1784,2319,0.17052
1870,2319,2.61447
1873,2319,0.005831
1874,2319,9.455204
1875,2319,23.822773
1882,2319,0.785314
1737,1999,7.321911
1737,2000,3.883101
1870,2320,14.186237
1874,2320,7.540255
1877,2320,7.354354
1878,2320,8.44562
1879,2320,24.966667
1881,2320,7.259902
1882,2320,4.388016
1883,2320,8.836291
1899,2001,5.060602
1853,2002,11.145809
1900,2004,24.833311
1902,2006,10.277206
1906,2006,11.145809
1907,2006,11.145809
1908,2006,11.145809
1909,2006,7.097555
1856,2007,7.097555
1776,2329,0.17052
1869,2331,27.72496
1901,2011,5.291465
1901,2012,5.833872
1901,2013,5.219508
1901,2014,9.454553
1902,2015,11.903215
1862,2337,26.227951
1863,2337,11.758367
1866,2337,23.846703
1870,2337,7.665797
1874,2337,2.333025
1875,2337,2.580685
1912,2016,23.285666
1914,2016,23.285666
1874,2338,0.4939
1875,2338,0.531435
1871,2339,4.007432
1875,2339,0.078314
1846,2019,5.171427
1871,2340,1.565143
1875,2340,0.078314
1871,2341,0.874196
1875,2341,1.860312
1881,2341,14.800341
1882,2341,11.440478
1774,2342,4.727225
1870,2342,0.538801
1871,2342,2.367774
1873,2342,0.517952
1882,2342,18.92658
1883,2342,6.581708
1884,2342,6.580652
1774,2343,8.485701
1775,2343,2.976522
1873,2343,1.876887
1872,2344,0.085803
1594,2345,18.100033
1787,2345,9.382727
1790,2345,8.506849
1872,2345,1.033805
1873,2345,0.023371
1861,2346,15.69047
1863,2346,28.357536
1885,2346,7.338723
1782,2347,7.340153
1782,2348,3.34673
1782,2350,6.316197
1783,2350,17.006645
1865,2352,9.832237
1845,2353,3.351741
1864,2353,4.735662
1865,2353,0.243427
1861,2354,14.064924
1863,2354,8.67079
1864,2354,0.15961
1865,2354,0.029734
1873,2034,7.753663
1874,2034,7.753663
1875,2034,11.903215
1876,2034,9.863647
1877,2034,5.219508
1861,2355,9.214171
1862,2355,9.475839
1863,2355,2.634176
1864,2355,0.098859
1861,2356,4.086337
1862,2356,6.792392
1863,2356,0.521454
1864,2356,0.092569
1861,2357,2.119809
1862,2357,0.337734
1863,2357,0.313981
1864,2357,0.015646
1865,2357,0.023256
1861,2358,6.366716
1862,2358,5.534409
1863,2358,0.68618
1864,2358,0.026641
1865,2358,0.023256
1905,2039,11.903215
1908,2039,5.219508
1861,2359,6.860044
1862,2359,5.114048
1863,2359,0.71057
1864,2359,0.630986
1865,2359,0.060314
1848,2040,21.714283
1883,2040,9.266661
1884,2040,10.145991
1861,2360,6.950546
1862,2360,3.723766
1863,2360,1.5783
1864,2360,0.178698
1865,2360,0.044489
1861,2361,4.074918
1862,2361,1.479554
1863,2361,2.914048
1864,2361,4.962451
1865,2361,0.252802
1860,2362,3.782384
1861,2362,5.223098
1906,2043,11.363652
1860,2363,0.977629
1861,2363,2.374346
1862,2363,2.768245
1860,2364,3.813413
1885,2045,12.766703
1885,2046,13.586141
1795,2365,0.072581
1830,2047,13.75
1798,2366,6.14718
1799,2366,21.571747
1859,2048,12.161051
1859,2049,7.267819
1799,2367,8.173453
1803,2367,15.671937
1804,2367,8.390518
1805,2367,11.38049
1806,2367,12.969408
1807,2367,11.321507
1786,2368,13.292025
1813,2368,5.009105
1859,2050,5.171427
1858,2051,5.171427
1794,2369,0.22043
1857,2052,16.545446
1858,2052,7.097555
1859,2052,5.171427
1820,2371,19.839493
1845,2371,19.686647
1859,2053,13.093552
1860,2053,7.097555
1866,2053,28.000034
1870,2053,1.114352
1782,2373,0.278107
1784,2373,24.715517
1790,2373,8.827055
1842,2373,13.308838
1860,2373,12.073639
1862,2373,10.682086
1864,2373,25.29295
1868,2373,4.53859
1784,2374,25.318054
1785,2374,12.778509
1812,2374,9.042395
1842,2374,8.715945
1784,2375,0.404702
1823,2375,28.702553
1827,2375,8.0
1861,2375,12.017055
1814,2376,16.029495
1823,2376,19.417934
1861,2376,14.971046
1862,2376,9.477855
1864,2376,8.5425
1866,2376,11.09103
1861,2377,25.207432
1862,2377,1.611584
1863,2377,5.217064
1864,2377,4.708435
1865,2377,4.879841
1867,2377,19.071009
1868,2377,19.996616
1869,2377,24.580559
1857,2378,1.680194
1859,2378,4.852682
1860,2378,1.861277
1861,2378,0.50791
1862,2378,7.65477
1863,2378,1.68986
1864,2378,9.963811
1865,2378,1.27337
1866,2378,0.448976
1867,2378,0.913962
1868,2378,0.341834
1869,2378,0.230811
1870,2378,14.87679
1871,2378,14.346068
1585,2379,22.200048
1857,2379,15.191164
1859,2379,1.755238
1860,2379,0.093311
1864,2379,4.157903
1865,2379,1.129898
1866,2379,1.042607
1867,2379,0.168351
1871,2379,10.079389
1621,2380,18.0
1794,2380,4.071716
1859,2380,2.429049
1861,2380,0.009434
1862,2380,4.716186
1864,2380,1.162334
1865,2380,1.862268
1866,2380,0.304551
1867,2380,0.148936
1869,2380,0.213867
1870,2380,0.52154
1851,2381,8.326967
1859,2381,3.652238
1861,2381,0.775309
1863,2381,11.243292
1864,2381,2.831092
1865,2381,0.727086
1866,2381,0.547149
1868,2381,1.543683
1871,2381,6.304977
1851,2382,1.594728
1864,2382,11.884361
1867,2382,3.115584
1868,2382,2.477248
1865,2383,0.342673
1866,2383,0.998984
1867,2383,1.56581
1868,2383,1.932767
1870,2383,0.762543
1871,2383,2.979663
1872,2383,2.219597
1588,2384,11.833332
1589,2384,13.5
1847,2384,4.995133
1865,2384,2.986475
1866,2384,3.877068
1867,2384,7.34016
1868,2384,2.668624
1870,2384,0.908505
1871,2384,0.321429
1872,2384,1.124013
1875,2384,12.375963
1588,2385,12.0
1847,2385,3.174702
1865,2385,2.33737
1866,2385,4.149017
1867,2385,9.619594
1868,2385,27.209524
1870,2385,0.049677
1871,2385,1.068448
1872,2385,0.738317
1875,2385,2.928087
1876,2385,9.667286
1588,2386,15.088646
1870,2386,0.167562
1871,2386,0.259679
1872,2386,0.534468
1875,2386,1.546653
1876,2386,1.532722
1877,2386,17.482109
1894,2386,5.459912
1895,2386,7.811331
1899,2386,2.024849
1900,2386,8.162058
1706,2066,10.307693
1707,2066,10.307693
1708,2066,10.307693
1709,2066,10.307693
1710,2066,10.307693
1711,2066,10.307693
1795,2387,21.428909
1875,2387,1.706823
1876,2387,0.45445
1877,2387,1.233007
1878,2387,15.002182
1879,2387,17.003056
1880,2387,5.582236
1881,2387,0.047071
1882,2387,0.065479
1883,2387,0.522019
1884,2387,1.94066
1885,2387,2.014392
1886,2387,0.545404
1887,2387,0.522285
1888,2387,0.86129
1889,2387,0.283773
1890,2387,0.912069
1891,2387,0.287718
1892,2387,0.573354
1893,2387,0.700014
1894,2387,0.707044
1895,2387,0.282411
1896,2387,0.257281
1897,2387,6.223434
1898,2387,16.617218
1899,2387,15.996096
1609,2388,3.582185
1794,2388,12.12077
1795,2388,16.414871
1838,2388,20.602543
1839,2388,0.987427
1871,2388,0.089374
1872,2388,0.100899
1875,2388,2.001911
1876,2388,1.797867
1877,2388,1.551151
1878,2388,2.975648
1880,2388,0.31274
1881,2388,1.318732
1882,2388,1.325489
1883,2388,0.637303
1884,2388,1.781295
1885,2388,5.568132
1887,2388,1.607698
1888,2388,2.201468
1707,2067,25.333344
1708,2067,25.333344
1709,2067,27.7619
1710,2067,27.7619
1711,2067,25.333344
1592,2389,7.823944
1867,2389,1.450091
1868,2389,2.532401
1869,2389,1.110929
1870,2389,2.249616
1871,2389,0.58537
1875,2389,3.016772
1876,2389,3.967439
1877,2389,11.166606
1878,2389,4.214012
1880,2389,1.906689
1881,2389,1.596818
1882,2389,1.681282
1883,2389,0.900614
1884,2389,0.80726
1885,2389,0.80726
1886,2389,1.001199
1887,2389,1.195138
1888,2389,1.195138
1890,2389,2.474817
1891,2389,2.445766
1892,2389,1.494895
1893,2389,0.526359
1894,2389,0.529381
1895,2389,1.15406
1896,2389,0.875405
1897,2389,2.574566
1592,2390,15.684211
1657,2390,1.770515
1871,2390,2.781933
1862,2068,6.288476
1863,2068,3.103671
1864,2068,4.508741
1865,2068,6.954543
1866,2068,7.427483
1867,2068,6.958776
1868,2068,12.875644
1869,2068,13.568447
1870,2068,14.588416
1650,2069,29.0
1651,2069,29.166676
1652,2069,29.166676
1858,2069,4.772724
1859,2069,6.785721
1860,2069,4.772724
1861,2069,6.288476
1865,2069,3.2521
1866,2069,3.260815
1867,2069,9.697632
1868,2069,11.073792
1873,2069,6.422913
1653,2070,29.0
1856,2070,14.672291
1857,2070,7.936906
1754,2071,9.258051
1755,2071,16.846977
1861,2071,7.936141
1862,2071,7.936906
1863,2071,10.520238
1864,2071,15.527707
1865,2071,13.054276
1866,2071,16.336613
1889,2071,4.211205
1890,2071,10.32206
1891,2071,14.854595
1881,2392,1.555183
1882,2392,3.244486
1883,2392,2.869405
1884,2392,2.708913
1841,2393,28.57691
1871,2393,3.108188
1874,2393,1.111097
1875,2393,1.322495
1876,2393,1.441258
1877,2393,1.321975
1878,2393,1.074787
1879,2393,2.31152
1881,2393,0.234159
1882,2393,0.162432
1883,2393,0.772718
1884,2393,1.330179
1885,2393,0.647542
1886,2393,0.578316
1887,2393,0.727561
1888,2393,1.452488
1889,2393,1.898957
1890,2393,1.578199
1891,2393,1.520429
1897,2393,0.546183
1826,2072,16.55551
1855,2072,7.936906
1860,2072,7.936141
1865,2072,17.032869
1866,2072,11.028463
1867,2072,18.31324
1872,2072,18.23341
1878,2072,12.237865
1854,2073,6.288476
1855,2073,7.936141
1860,2073,7.936906
1865,2073,7.936906
1871,2073,18.234175
1873,2073,25.745289
1875,2073,25.745289
1876,2073,23.720724
1877,2073,20.284533
1888,2073,7.562469
1889,2073,8.348471
1891,2073,9.848321
1893,2073,10.694119
1894,2073,7.513774
1896,2073,10.75087
1610,2394,28.119204
1867,2394,5.006433
1868,2394,6.827012
1871,2394,1.604064
1878,2394,1.089309
1879,2394,0.809478
1881,2394,0.17357
1882,2394,0.027009
1883,2394,0.008333
1884,2394,0.011364
1885,2394,0.093306
1886,2394,0.113876
1887,2394,0.113876
1888,2394,0.137096
1889,2394,0.162737
1890,2394,0.325251
1891,2394,0.607138
1892,2394,0.607138
1893,2394,0.84233
1894,2394,0.78426
1895,2394,1.692261
1896,2394,0.010753
1897,2394,0.016575
1656,2395,1.228571
1657,2395,14.820305
1878,2395,1.823832
1879,2395,1.304007
1881,2395,0.193663
1882,2395,0.041244
1883,2395,0.271739
1884,2395,0.013699
1892,2395,0.055053
1893,2395,0.1469
1894,2395,0.137096
1895,2395,0.009524
1896,2395,0.010753
1854,2074,7.936906
1855,2074,14.672291
1859,2074,14.672291
1890,2074,9.848321
1891,2074,6.229384
1893,2074,9.527764
1894,2074,7.625443
1878,2396,2.985306
1879,2396,1.3092
1881,2396,0.201848
1882,2396,0.026862
1883,2396,0.049939
1884,2396,0.264564
1885,2396,0.257954
1886,2396,0.263362
1887,2396,0.06084
1888,2396,0.013699
1889,2396,0.021739
1890,2396,0.035438
1891,2396,0.013699
1892,2396,0.263699
1893,2396,0.5
1878,2397,2.985306
1881,2397,0.377108
1882,2397,0.101255
1883,2397,0.074726
1884,2397,0.769038
1885,2397,0.777565
1886,2397,0.775092
1887,2397,0.099804
1888,2397,0.057023
1889,2397,0.277222
1890,2397,0.060704
1891,2397,0.079665
1892,2397,0.081792
1893,2397,0.140513
1894,2397,0.166667
1895,2397,0.038229
1896,2397,0.021739
1828,2075,28.400036
1870,2075,15.528472
1871,2075,16.519039
1872,2075,14.449958
1873,2075,15.645535
1893,2075,9.564819
1894,2075,8.015001
1895,2075,2.230768
1897,2075,3.022268
1898,2075,1.041666
1899,2075,2.371277
1854,2076,7.936141
1855,2076,7.936141
1858,2076,7.936141
1866,2076,14.449193
1867,2076,13.172104
1887,2076,14.258223
1890,2076,15.311031
1891,2076,8.871808
1892,2076,9.564819
1893,2076,3.169539
1894,2076,8.049685
1895,2076,1.041666
1897,2076,1.833166
1898,2076,6.266665
1899,2076,2.38505
1900,2076,1.92308
1902,2076,2.371277
1903,2076,3.345098
1872,2398,0.597841
1873,2398,0.564103
1874,2398,4.05211
1875,2398,5.4783
1876,2398,2.985306
1878,2398,0.131694
1886,2398,0.946958
1887,2398,0.104355
1888,2398,0.737661
1889,2398,0.146527
1890,2398,0.157303
1891,2398,0.134276
1892,2398,0.24266
1893,2398,0.170004
1894,2398,0.19423
1895,2398,0.137944
1896,2398,0.695325
1793,2399,3.670599
1794,2399,7.869736
1868,2399,10.09976
1869,2399,20.558243
1870,2399,8.850756
1871,2399,0.597841
1872,2399,0.032787
1873,2399,0.204977
1874,2399,0.381609
1875,2399,0.90586
1876,2399,0.927539
1877,2399,0.122612
1878,2399,0.15904
1853,2077,14.672291
1867,2077,18.567947
1868,2077,14.165525
1874,2077,15.180936
1888,2077,15.527707
1889,2077,18.567947
1890,2077,17.531067
1891,2077,8.605675
1892,2077,19.894768
1893,2077,13.744496
1894,2077,2.181818
1899,2077,0.7915
1900,2077,1.105263
1901,2077,1.619369
1826,2078,11.142863
1827,2078,16.55551
1828,2078,23.588133
1868,2078,5.46271
1874,2078,29.028189
1879,2078,7.936906
1891,2078,14.672291
1892,2078,5.46271
1893,2078,6.785721
1903,2078,1.295765
1907,2078,24.492579
1870,2400,8.190263
1871,2400,0.631579
1872,2400,0.161765
1873,2400,0.495531
1874,2400,0.375012
1875,2400,0.246645
1876,2400,0.126126
1877,2400,0.036333
1878,2400,0.054857
1627,2401,18.100033
1837,2401,8.863705
1840,2401,10.33828
1869,2401,8.082713
1871,2401,0.564103
1872,2401,1.462784
1873,2401,4.584888
1874,2401,4.584888
1875,2401,4.593777
1876,2401,3.145747
1877,2401,0.311425
1878,2401,0.108942
1867,2079,7.936141
1868,2079,7.936906
1877,2079,18.505272
1892,2079,7.936906
1893,2079,6.288476
1894,2079,2.326922
1895,2079,4.772724
1901,2079,1.041666
1903,2079,0.246753
1904,2079,0.829268
1906,2079,2.230768
1907,2079,1.041666
1909,2079,2.230768
1912,2079,26.93087
1754,2080,10.378168
1831,2080,16.55551
1873,2080,14.258223
1874,2080,17.255623
1892,2080,20.960766
1893,2080,14.672291
1894,2080,7.936141
1895,2080,5.46271
1896,2080,3.326922
1897,2080,6.288476
1900,2080,4.772724
1902,2080,1.041666
1907,2080,1.619369
1911,2080,1.619369
1912,2080,21.814764
1839,2402,6.801927
1867,2402,17.509636
1868,2402,4.266745
1869,2402,0.496742
1878,2402,0.648026
1889,2402,0.128223
1676,2403,0.104167
1677,2403,1.074074
1792,2403,6.73077
1793,2403,14.592321
1794,2403,17.307344
1795,2403,14.455353
1800,2403,13.121555
1838,2403,5.939363
1839,2403,10.33828
1868,2403,0.789095
1869,2403,0.793197
1883,2403,0.253098
1884,2403,0.178212
1885,2403,0.189934
1886,2403,0.125445
1887,2403,0.125445
1888,2403,0.160533
1889,2403,0.128803
1890,2403,0.037266
1891,2403,0.027407
1892,2403,0.075
1893,2403,0.097659
1894,2403,0.108411
1895,2403,0.099522
1896,2403,0.129438
1897,2403,0.129438
1898,2403,0.088355
1841,2081,11.142863
1847,2081,14.672291
1895,2081,7.936141
1907,2081,1.041666
1908,2081,1.619369
1909,2081,1.041666
1911,2081,2.041667
1912,2081,0.743509
1754,2082,8.018953
1846,2082,14.672291
1892,2082,7.936906
1893,2082,7.936141
1895,2082,7.936141
1896,2082,6.288476
1897,2082,6.288476
1898,2082,6.288476
1899,2082,7.936141
1903,2082,6.785721
1907,2082,1.070176
1908,2082,6.052911
1909,2082,0.471831
1911,2082,4.595501
1912,2082,2.018899
1871,2404,0.449652
1872,2404,0.433205
1873,2404,0.390074
1882,2404,4.828205
1883,2404,0.081932
1884,2404,0.022596
1885,2404,0.026847
1886,2404,0.013333
1887,2404,1.013333
1888,2404,0.047978
1889,2404,3.236014
1890,2404,0.357998
1891,2404,0.458695
1892,2404,0.151891
1893,2404,0.053333
1894,2404,0.073741
1895,2404,0.071001
1896,2404,0.071001
1897,2404,0.044335
1898,2404,2.017668
1899,2404,0.364334
1871,2405,0.298445
1872,2405,0.032787
1873,2405,0.038437
1874,2405,0.58055
1875,2405,0.491173
1876,2405,0.491173
1877,2405,0.481076
1878,2405,0.582175
1882,2405,4.491734
1899,2405,22.725716
1907,2083,0.246753
1908,2083,0.471831
1912,2083,0.666667
1837,2406,12.084189
1871,2406,7.077991
1872,2406,9.694039
1873,2406,0.298445
1874,2406,0.079457
1875,2406,0.10468
1876,2406,0.090072
1877,2406,0.090532
1878,2406,0.026481
1882,2406,4.468877
1884,2406,0.424252
1885,2406,0.699404
1886,2406,0.699404
1887,2406,0.701717
1888,2406,1.189021
1798,2407,6.038545
1799,2407,4.335858
1800,2407,3.145885
1801,2407,3.145885
1802,2407,3.145885
1803,2407,3.152081
1805,2407,7.973025
1806,2407,8.114483
1807,2407,0.233083
1808,2407,0.233083
1809,2407,0.233083
1810,2407,0.233083
1838,2407,5.720962
1839,2407,11.024784
1841,2407,5.879157
1881,2407,7.830329
1882,2407,3.510193
1884,2407,0.513733
1885,2407,0.697067
1886,2407,1.105973
1887,2407,1.572112
1894,2407,0.102123
1895,2407,0.358908
1896,2407,0.116781
1845,2084,5.46271
1847,2084,14.672291
1893,2084,14.672291
1894,2084,14.672291
1895,2084,14.672291
1896,2084,7.936141
1897,2084,7.936141
1898,2084,7.936906
1900,2084,9.699789
1907,2084,0.403509
1908,2084,0.678899
1909,2084,0.471831
1910,2084,2.718912
1911,2084,1.018899
1846,2085,2.326922
1847,2085,7.936141
1900,2085,16.355217
1901,2085,8.211556
1902,2085,0.34
1907,2085,0.246753
1908,2085,1.15073
1912,2085,0.666667
1794,2408,8.660861
1796,2408,8.764392
1799,2408,19.33637
1800,2408,7.602442
1801,2408,7.602442
1802,2408,7.850874
1803,2408,7.850874
1805,2408,0.121212
1806,2408,0.121212
1807,2408,0.121212
1808,2408,0.121212
1809,2408,0.282051
1810,2408,0.282051
1842,2408,7.940025
1871,2408,1.238262
1872,2408,0.878789
1874,2408,0.404189
1875,2408,0.130175
1876,2408,0.077972
1877,2408,0.057417
1881,2408,8.437577
1882,2408,0.387498
1883,2408,0.448562
1884,2408,0.448562
1886,2408,7.499071
1887,2408,9.905333
1894,2408,0.095674
1895,2408,1.0
1896,2408,0.05829
1899,2408,12.912462
1827,2409,28.438183
1841,2409,5.331353
1842,2409,5.205604
1843,2409,7.850671
1844,2409,5.205604
1868,2409,14.399724
1869,2409,7.839873
1870,2409,5.788219
1871,2409,0.579813
1872,2409,0.119299
1878,2409,0.01812
1881,2409,4.847534
1882,2409,0.415891
1883,2409,0.857988
1884,2409,0.414637
1885,2409,0.748346
1886,2409,0.849998
1887,2409,1.174263
1888,2409,0.002415
1889,2409,1.757961
1892,2409,1.599302
1893,2409,1.717556
1894,2409,0.012406
1832,2086,5.46271
1844,2086,6.288476
1845,2086,2.326922
1846,2086,4.772724
1847,2086,7.936906
1901,2086,7.936141
1903,2086,0.34
1904,2086,0.34
1905,2086,0.246753
1907,2086,1.018899
1908,2086,0.471831
1912,2086,1.0
1913,2086,2.811404
1844,2087,7.936906
1845,2087,7.936141
1846,2087,2.326922
1847,2087,14.672291
1901,2087,14.672291
1903,2087,2.326922
1904,2087,0.246753
1905,2087,0.471831
1799,2410,3.203695
1810,2410,3.677777
1828,2410,29.443014
1840,2410,7.454786
1841,2410,5.189517
1842,2410,1.408363
1864,2410,1.391298
1865,2410,1.22083
1866,2410,3.405771
1867,2410,2.478414
1868,2410,4.396936
1869,2410,0.882357
1870,2410,0.097202
1871,2410,0.08579
1872,2410,0.009259
1873,2410,0.080882
1874,2410,0.06982
1876,2410,0.017593
1877,2410,0.019697
1878,2410,0.034483
1881,2410,0.411598
1882,2410,0.410497
1883,2410,0.327166
1884,2410,0.86985
1885,2410,2.537011
1886,2410,0.753836
1887,2410,1.142376
1888,2410,0.048601
1889,2410,1.066679
1890,2410,1.060406
1891,2410,1.350368
1892,2410,9.229196
1893,2410,7.224108
1894,2410,0.035722
1895,2410,0.012658
1899,2410,15.18604
1799,2411,8.258552
1800,2411,4.335858
1801,2411,3.145885
1802,2411,3.747161
1819,2411,0.988938
1828,2411,15.900903
1832,2411,24.232264
1837,2411,6.338035
1839,2411,7.454786
1840,2411,8.031804
1841,2411,8.190522
1842,2411,11.237195
1843,2411,13.182187
1846,2411,4.058838
1848,2411,0.612245
1859,2411,1.463722
1860,2411,3.406063
1861,2411,0.970047
1862,2411,1.193303
1863,2411,0.793197
1864,2411,0.496742
1865,2411,0.298445
1866,2411,0.462513
1867,2411,0.130609
1868,2411,0.248867
1869,2411,0.123723
1870,2411,0.107242
1871,2411,0.112147
1872,2411,0.045761
1873,2411,0.009259
1874,2411,0.015195
1876,2411,0.011364
1877,2411,0.021739
1879,2411,0.644648
1881,2411,0.20056
1884,2411,1.111157
1885,2411,0.227973
1886,2411,0.699904
1887,2411,0.854948
1888,2411,0.895536
1889,2411,1.037715
1890,2411,0.048601
1891,2411,0.048601
1892,2411,1.456647
1893,2411,1.080754
1894,2411,0.018922
1895,2411,0.01649
1899,2411,26.497847
1845,2088,14.672291
1846,2088,2.326922
1847,2088,14.672291
1853,2088,5.46271
1891,2088,14.672291
1892,2088,14.672291
1893,2088,7.936141
1894,2088,7.936141
1903,2088,5.46271
1904,2088,0.678899
1908,2088,0.899182
1909,2088,2.238209
1910,2088,2.239427
1911,2088,1.940848
1845,2089,14.672291
1846,2089,2.326922
1853,2089,7.936141
1854,2089,6.288476
1855,2089,7.936906
1856,2089,6.288476
1857,2089,6.288476
1858,2089,7.936906
1892,2089,2.326922
1893,2089,2.326922
1896,2089,10.020471
1897,2089,27.312675
1905,2089,0.678899
1906,2089,0.42735
1907,2089,0.678899
1909,2089,0.674104
1910,2089,1.106249
1911,2089,1.106249
1675,2412,13.972217
1780,2412,5.502101
1790,2412,5.369407
1801,2412,8.114483
1802,2412,5.412238
1807,2412,3.632427
1810,2412,0.860362
1811,2412,0.765853
1838,2412,11.622171
1839,2412,5.171618
1840,2412,7.841278
1841,2412,5.319925
1843,2412,1.524173
1844,2412,8.328432
1860,2412,0.332183
1861,2412,0.080808
1862,2412,0.034483
1864,2412,0.056797
1865,2412,0.121286
1866,2412,0.072322
1870,2412,0.459735
1871,2412,0.088666
1872,2412,0.021739
1873,2412,0.021739
1876,2412,0.034483
1878,2412,0.003831
1879,2412,0.660973
1881,2412,0.076667
1884,2412,0.035714
1885,2412,0.04547
1886,2412,0.04547
1887,2412,0.035714
1888,2412,0.052289
1889,2412,0.235622
1890,2412,0.118318
1891,2412,0.278053
1892,2412,0.892206
1893,2412,0.812056
1894,2412,1.363102
1895,2412,0.438851
1898,2412,0.919294
1899,2412,8.010112
1675,2413,13.968941
1790,2413,19.656887
1791,2413,4.767441
1797,2413,3.152081
1801,2413,14.834779
1823,2413,0.575646
1825,2413,2.116367
1826,2413,1.125182
1827,2413,23.040419
1832,2413,20.488359
1834,2413,3.757802
1838,2413,5.955408
1839,2413,1.641143
1842,2413,9.496677
1843,2413,1.529847
1844,2413,1.047269
1845,2413,17.509848
1857,2413,0.217632
1860,2413,0.104033
1861,2413,0.062322
1862,2413,0.021739
1863,2413,0.013699
1864,2413,0.068966
1865,2413,0.011364
1866,2413,0.080808
1870,2413,0.137083
1871,2413,0.098294
1872,2413,0.023903
1875,2413,0.034483
1878,2413,0.002778
1879,2413,1.758607
1880,2413,4.035422
1881,2413,0.392456
1882,2413,0.076667
1883,2413,0.076667
1884,2413,0.046275
1885,2413,0.019608
1886,2413,0.019608
1887,2413,0.076667
1888,2413,0.09018
1889,2413,0.09018
1890,2413,0.033121
1891,2413,0.064384
1892,2413,0.071443
1893,2413,0.094876
1894,2413,0.166826
1895,2413,0.575316
1896,2413,0.054054
1898,2413,1.963475
1845,2090,14.672291
1846,2090,7.936906
1853,2090,7.936141
1855,2090,1.142857
1856,2090,6.785721
1857,2090,5.46271
1858,2090,14.672291
1845,2091,14.672291
1846,2091,14.672291
1909,2091,21.477718
1910,2091,7.581167
1675,2414,13.968941
1748,2414,6.428901
1791,2414,19.275923
1792,2414,4.767441
1797,2414,3.998873
1800,2414,3.145885
1802,2414,3.145885
1806,2414,3.203695
1808,2414,0.860362
1810,2414,0.800811
1811,2414,0.800811
1812,2414,0.860362
1813,2414,20.899382
1826,2414,8.557614
1827,2414,8.971445
1828,2414,10.802814
1830,2414,2.776031
1831,2414,1.726223
1832,2414,4.187698
1834,2414,4.278476
1835,2414,5.163612
1836,2414,2.214508
1840,2414,4.873016
1841,2414,4.140925
1846,2414,2.325796
1847,2414,5.860408
1848,2414,15.068582
1857,2414,0.085106
1858,2414,0.332183
1860,2414,0.162988
1861,2414,0.572859
1865,2414,0.057177
1866,2414,0.020623
1867,2414,2.745245
1868,2414,0.626145
1869,2414,0.730463
1870,2414,0.756789
1871,2414,0.006757
1872,2414,0.212658
1873,2414,0.003831
1874,2414,0.037503
1875,2414,0.006667
1876,2414,0.041754
1877,2414,0.049732
1878,2414,0.014644
1879,2414,0.449983
1880,2414,6.877346
1882,2414,0.684284
1883,2414,0.680274
1884,2414,0.889259
1885,2414,3.500929
1895,2414,0.390315
1896,2414,0.054054
1898,2414,0.188912
1675,2415,6.678153
1778,2415,6.20794
1779,2415,3.541003
1780,2415,8.944688
1795,2415,3.840348
1798,2415,3.929206
1800,2415,3.632427
1807,2415,0.860362
1809,2415,13.382679
1810,2415,0.97349
1812,2415,0.113636
1821,2415,0.858152
1828,2415,2.698011
1830,2415,0.259306
1831,2415,5.963261
1832,2415,7.786325
1834,2415,2.669693
1835,2415,1.641143
1844,2415,4.913716
1846,2415,9.780486
1857,2415,0.771179
1858,2415,0.304992
1860,2415,0.149717
1861,2415,0.56681
1862,2415,1.084291
1863,2415,2.680312
1864,2415,0.684637
1865,2415,0.648526
1866,2415,0.093574
1868,2415,0.006757
1869,2415,0.006757
1870,2415,0.010588
1871,2415,0.024823
1872,2415,0.101237
1873,2415,0.096352
1874,2415,0.139842
1890,2415,0.651477
1891,2415,0.651663
1892,2415,0.661097
1893,2415,1.898446
1894,2415,1.421067
1895,2415,0.807255
1896,2415,1.294733
1897,2415,3.690901
1899,2415,3.940744
1756,2092,25.590868
1846,2092,14.672291
1675,2416,16.172823
1778,2416,8.164286
1785,2416,6.913224
1786,2416,14.518608
1795,2416,11.447035
1798,2416,9.441924
1801,2416,3.747161
1807,2416,5.429869
1816,2416,27.185232
1817,2416,0.404702
1818,2416,0.404702
1820,2416,0.852321
1821,2416,11.211221
1825,2416,0.503048
1826,2416,0.648992
1827,2416,4.50726
1828,2416,0.258475
1830,2416,4.039114
1831,2416,12.116882
1832,2416,27.1252
1834,2416,1.362809
1835,2416,7.535949
1836,2416,11.703198
1837,2416,20.868399
1838,2416,4.783809
1839,2416,4.485873
1840,2416,5.763433
1841,2416,4.140925
1842,2416,5.233458
1843,2416,4.560342
1844,2416,4.128334
1845,2416,7.885179
1846,2416,2.24596
1847,2416,10.537327
1860,2416,0.472302
1861,2416,0.836891
1862,2416,0.946911
1863,2416,1.413832
1864,2416,0.329507
1865,2416,0.327375
1866,2416,0.302636
1867,2416,0.199274
1868,2416,0.191303
1869,2416,0.191303
1870,2416,0.205538
1871,2416,0.174275
1872,2416,0.17935
1873,2416,0.183601
1874,2416,0.175268
1875,2416,0.067372
1876,2416,0.075349
1877,2416,0.033333
1890,2416,0.906722
1891,2416,0.872797
1892,2416,0.911158
1893,2416,0.633436
1894,2416,0.880112
1895,2416,0.095624
1896,2416,0.202546
1897,2416,3.603715
1899,2416,2.406914
1786,2417,3.570735
1788,2417,2.798299
1790,2417,16.61005
1796,2417,0.538462
1797,2417,0.313525
1798,2417,0.406083
1799,2417,0.59376
1816,2417,5.229076
1827,2417,29.523605
1834,2417,1.375135
1835,2417,0.99138
1837,2417,3.7938
1838,2417,6.205364
1839,2417,0.852544
1841,2417,0.852544
1842,2417,1.529847
1845,2417,8.296301
1846,2417,4.44529
1847,2417,1.817869
1848,2417,5.096286
1863,2417,6.073218
1864,2417,5.002343
1895,2417,0.284581
1896,2417,0.371259
1897,2417,5.163068
1899,2417,6.420504
1617,2094,15.250414
1618,2094,25.232094
1840,2094,14.672291
1845,2094,7.936141
1912,2094,4.938597
1617,2095,18.069523
1841,2095,7.936141
1842,2095,7.936141
1843,2095,7.936906
1844,2095,14.672291
1908,2095,14.672291
1909,2095,7.936141
1910,2095,10.140461
1912,2095,4.833335
1778,2418,1.362824
1779,2418,2.301163
1780,2418,3.203074
1781,2418,7.586787
1790,2418,5.059373
1796,2418,2.625408
1797,2418,1.660097
1799,2418,0.534145
1801,2418,3.747161
1813,2418,10.199152
1817,2418,0.852321
1818,2418,0.404702
1819,2418,4.527884
1820,2418,0.873962
1822,2418,0.957748
1823,2418,0.920325
1825,2418,0.503048
1826,2418,1.003409
1827,2418,1.16469
1838,2418,11.891788
1845,2418,1.351469
1846,2418,7.298567
1847,2418,20.049252
1856,2418,7.639159
1866,2418,7.495116
1867,2418,4.797274
1895,2418,2.053959
1896,2418,0.424437
1897,2418,3.924883
1899,2418,3.414217
1779,2419,4.475584
1780,2419,5.601218
1781,2419,2.313783
1787,2419,0.62422
1790,2419,3.34673
1797,2419,24.722256
1799,2419,0.534145
1810,2419,0.722026
1818,2419,7.734065
1819,2419,3.122308
1820,2419,10.622203
1821,2419,1.211514
1823,2419,1.003409
1824,2419,8.746716
1825,2419,0.920325
1826,2419,0.84963
1827,2419,0.84963
1828,2419,0.721637
1829,2419,0.261858
1830,2419,0.261027
1831,2419,0.63838
1832,2419,2.417212
1834,2419,3.062362
1835,2419,3.458353
1836,2419,14.852485
1841,2419,4.128334
1855,2419,7.780601
1856,2419,2.003038
1870,2419,3.683612
1871,2419,0.151072
1872,2419,0.194564
1873,2419,0.222592
1874,2419,0.368311
1875,2419,9.008775
1876,2419,1.14058
1877,2419,1.272221
1878,2419,24.997858
1879,2419,1.264301
1880,2419,1.08845
1881,2419,1.196412
1883,2419,0.31972
1886,2419,0.56691
1887,2419,0.681023
1888,2419,0.881082
1897,2419,2.090259
1898,2419,1.86118
1899,2419,10.924247
1770,2096,25.447281
1912,2096,14.160258
1769,2097,25.447281
1912,2097,26.49016
1787,2420,0.811134
1788,2420,3.314452
1790,2420,4.84264
1811,2420,3.265761
1813,2420,5.958409
1818,2420,4.198975
1822,2420,16.709206
1823,2420,6.169163
1825,2420,1.205746
1826,2420,0.766094
1827,2420,1.285752
1828,2420,2.026415
1829,2420,2.100032
1830,2420,4.798889
1832,2420,3.557935
1834,2420,9.634728
1836,2420,4.584246
1837,2420,8.182229
1838,2420,0.536416
1839,2420,1.45822
1840,2420,0.962642
1841,2420,3.092943
1842,2420,4.128334
1843,2420,2.361036
1856,2420,1.342886
1871,2420,0.108033
1872,2420,0.192915
1873,2420,0.052148
1875,2420,0.72845
1876,2420,0.429522
1877,2420,4.206739
1878,2420,1.864951
1879,2420,1.311133
1880,2420,1.859028
1881,2420,0.517772
1882,2420,0.754252
1883,2420,0.071565
1884,2420,0.079278
1885,2420,0.06041
1886,2420,0.058834
1887,2420,0.058834
1888,2420,0.1635
1889,2420,0.147937
1890,2420,0.183024
1891,2420,0.241008
1892,2420,0.334396
1893,2420,0.28646
1894,2420,0.680617
1895,2420,0.455457
1896,2420,0.298916
1897,2420,4.02001
1898,2420,1.79573
1899,2420,5.296575
1779,2421,2.537503
1781,2421,0.982718
1782,2421,0.968914
1788,2421,1.102927
1790,2421,20.656887
1791,2421,3.34673
1792,2421,19.656887
1805,2421,0.275493
1813,2421,6.066518
1817,2421,19.905853
1820,2421,19.905853
1821,2421,25.800144
1822,2421,10.592581
1829,2421,2.061987
1832,2421,3.567623
1833,2421,2.09384
1835,2421,27.294786
1846,2421,9.793218
1847,2421,24.558342
1856,2421,0.702601
1871,2421,0.036935
1872,2421,0.01195
1873,2421,0.024848
1875,2421,1.59862
1876,2421,0.796015
1877,2421,0.877353
1878,2421,0.712067
1879,2421,0.614583
1880,2421,0.585163
1881,2421,0.029661
1882,2421,0.477826
1883,2421,0.019649
1884,2421,0.079864
1885,2421,0.107102
1886,2421,0.030074
1887,2421,0.023478
1888,2421,0.023478
1889,2421,0.033682
1890,2421,0.061315
1891,2421,0.153466
1892,2421,0.185141
1893,2421,0.228678
1894,2421,0.303929
1896,2421,1.245987
1897,2421,2.24532
1898,2421,1.129068
1616,2099,22.752258
1675,2422,24.188957
1780,2422,1.091164
1781,2422,0.111111
1801,2422,0.249721
1824,2422,14.867301
1825,2422,0.953316
1826,2422,1.291568
1827,2422,2.049907
1829,2422,3.582649
1833,2422,6.68228
1835,2422,4.460924
1836,2422,0.862435
1837,2422,0.7784
1838,2422,8.835884
1839,2422,1.311788
1840,2422,1.311788
1841,2422,0.550305
1842,2422,0.550305
1843,2422,2.24596
1845,2422,26.723083
1846,2422,24.486397
1849,2422,20.895504
1856,2422,2.77067
1858,2422,1.165983
1859,2422,3.923472
1860,2422,2.575323
1861,2422,1.577712
1862,2422,1.647888
1864,2422,13.363441
1865,2422,15.616488
1866,2422,16.846195
1867,2422,16.794914
1868,2422,4.664614
1869,2422,1.327536
1870,2422,7.029043
1871,2422,0.034836
1872,2422,0.02448
1873,2422,0.011692
1882,2422,0.372037
1883,2422,0.325039
1884,2422,0.002415
1885,2422,0.202778
1886,2422,0.014644
1897,2422,0.169298
1898,2422,14.83718
1675,2423,8.282952
1779,2423,1.091164
1780,2423,0.90118
1781,2423,1.332834
1786,2423,1.301369
1822,2423,1.835303
1824,2423,21.747997
1825,2423,2.394058
1833,2423,7.244375
1835,2423,1.627528
1838,2423,0.63969
1839,2423,0.423211
1842,2423,3.013896
1857,2423,17.791042
1858,2423,10.180474
1859,2423,8.368773
1860,2423,5.403049
1861,2423,5.953032
1862,2423,3.502484
1863,2423,20.525711
1864,2423,9.527323
1865,2423,4.208752
1866,2423,15.013409
1867,2423,17.796032
1868,2423,14.183099
1869,2423,0.329204
1870,2423,0.281068
1871,2423,0.010322
1872,2423,0.017072
1881,2423,0.223432
1882,2423,0.01706
1884,2423,0.006667
1885,2423,0.006667
1886,2423,0.006667
1887,2423,0.002415
1888,2423,0.059936
1898,2423,12.461837
1912,2100,16.813524
1755,2101,2.608695
1756,2101,25.590868
1762,2101,25.590868
1828,2101,27.265743
1910,2101,14.521873
1912,2101,8.461499
1675,2424,14.960526
1721,2424,24.130939
1724,2424,17.753738
1793,2424,27.094929
1796,2424,1.344256
1797,2424,0.324135
1798,2424,1.422294
1818,2424,0.75332
1819,2424,23.098633
1822,2424,1.635719
1830,2424,3.412169
1831,2424,0.331642
1832,2424,5.383857
1835,2424,1.265589
1836,2424,0.788809
1837,2424,0.250393
1838,2424,1.210845
1839,2424,0.556062
1840,2424,0.591664
1845,2424,4.261826
1846,2424,5.175348
1847,2424,1.167538
1848,2424,0.699856
1849,2424,0.511651
1850,2424,0.831448
1863,2424,7.04507
1864,2424,4.346154
1865,2424,7.368571
1866,2424,12.088717
1867,2424,17.111496
1868,2424,8.219121
1869,2424,5.684572
1870,2424,0.288536
1880,2424,0.016399
1882,2424,0.051958
1888,2424,0.059936
1725,2425,4.450013
1778,2425,1.035613
1779,2425,1.091164
1781,2425,1.837748
1782,2425,1.187932
1783,2425,1.206126
1793,2425,22.875336
1804,2425,6.42623
1822,2425,1.803809
1830,2425,5.393291
1831,2425,8.301518
1832,2425,0.157143
1834,2425,5.129913
1835,2425,0.95749
1836,2425,0.904015
1837,2425,2.541435
1838,2425,2.708668
1839,2425,0.338776
1840,2425,0.213199
1841,2425,0.149593
1842,2425,0.213956
1843,2425,1.874594
1845,2425,5.216912
1846,2425,0.828658
1847,2425,0.771259
1848,2425,0.271259
1849,2425,0.835331
1868,2425,21.229033
1869,2425,8.273585
1880,2425,0.016399
1881,2425,0.022103
1882,2425,0.071385
1883,2425,0.052148
1884,2425,0.01706
1885,2425,0.009444
1886,2425,0.059936
1894,2425,0.008356
1898,2425,26.821226
1750,2102,7.321911
1751,2102,7.321911
1752,2102,4.137941
1753,2102,3.370367
1755,2102,2.608695
1756,2102,25.447281
1843,2102,14.672291
1909,2102,27.115208
1912,2102,9.082229
1750,2103,3.370367
1751,2103,4.169636
1752,2103,2.533334
1755,2103,2.608695
1756,2103,25.590868
1799,2103,27.265743
1912,2103,21.850681
1779,2426,0.339222
1783,2426,0.340727
1784,2426,9.36668
1802,2426,2.607951
1803,2426,0.437875
1804,2426,1.669703
1805,2426,0.509602
1810,2426,0.412213
1811,2426,0.165339
1822,2426,1.237914
1825,2426,0.476189
1826,2426,2.542577
1834,2426,1.172714
1835,2426,5.044654
1836,2426,5.54234
1837,2426,12.159166
1838,2426,0.149654
1839,2426,15.022223
1840,2426,0.363184
1841,2426,0.474201
1843,2426,1.758798
1845,2426,1.14599
1846,2426,4.587535
1847,2426,0.132071
1848,2426,0.143945
1849,2426,0.463004
1850,2426,3.47961
1882,2426,0.075331
1883,2426,1.054951
1884,2426,0.206609
1885,2426,0.206247
1886,2426,0.002415
1887,2426,0.052148
1888,2426,0.052148
1889,2426,0.044532
1890,2426,0.044532
1891,2426,0.037503
1892,2426,0.048276
1893,2426,0.008356
1898,2426,19.193417
1775,2427,9.450416
1783,2427,1.787207
1790,2427,1.055795
1803,2427,3.121851
1808,2427,0.605912
1809,2427,1.13274
1814,2427,5.943734
1816,2427,6.45597
1817,2427,1.450448
1822,2427,4.692008
1823,2427,9.298133
1824,2427,9.298133
1825,2427,2.967506
1826,2427,4.585945
1830,2427,2.789539
1831,2427,23.812511
1832,2427,0.454537
1834,2427,1.090784
1835,2427,0.327733
1837,2427,1.632643
1838,2427,0.297727
1839,2427,0.040404
1845,2427,3.273488
1846,2427,1.037985
1847,2427,2.240851
1848,2427,3.177335
1849,2427,6.549073
1850,2427,0.882569
1882,2427,0.275735
1883,2427,1.09174
1884,2427,8.79652
1885,2427,0.060241
1886,2427,0.506247
1887,2427,0.006667
1888,2427,0.01706
1889,2427,0.008356
1890,2427,0.09902
1891,2427,0.173261
1780,2428,1.187932
1782,2428,1.787207
1784,2428,7.701385
1808,2428,0.433032
1811,2428,0.608484
1813,2428,2.260041
1817,2428,3.121851
1832,2428,4.801542
1833,2428,0.619101
1834,2428,0.320635
1835,2428,0.060003
1837,2428,0.198135
1838,2428,0.102316
1839,2428,1.128242
1840,2428,0.169678
1841,2428,0.32443
1842,2428,0.364873
1843,2428,2.219311
1845,2428,1.438339
1846,2428,2.079441
1847,2428,1.072261
1848,2428,4.228958
1849,2428,4.100932
1858,2428,1.341665
1859,2428,0.377718
1884,2428,0.342168
1885,2428,0.080218
1886,2428,0.016871
1887,2428,0.006667
1889,2428,0.009444
1890,2428,0.130295
1782,2429,4.903217
1784,2429,13.248329
1789,2429,2.337536
1794,2429,0.967479
1807,2429,0.158537
1808,2429,18.590296
1810,2429,4.815974
1811,2429,0.90893
1817,2429,2.427021
1823,2429,1.601801
1824,2429,1.094175
1825,2429,1.06295
1826,2429,0.689641
1832,2429,1.41046
1833,2429,1.218168
1834,2429,1.824144
1835,2429,0.007634
1836,2429,0.065206
1840,2429,0.218186
1841,2429,0.196755
1843,2429,0.188235
1845,2429,3.001428
1846,2429,2.079657
1847,2429,1.642511
1848,2429,20.252098
1858,2429,1.334816
1859,2429,0.073791
1861,2429,0.058474
1866,2429,6.027319
1872,2429,9.855603
1883,2429,0.220562
1884,2429,0.170123
1890,2429,0.09902
1796,2105,25.036953
1909,2106,14.396647
1782,2430,3.440895
1783,2430,8.53546
1785,2430,0.164569
1788,2430,1.671547
1789,2430,2.491081
1791,2430,1.369171
1792,2430,2.309882
1795,2430,3.663433
1796,2430,12.935428
1798,2430,5.277766
1803,2430,0.60544
1807,2430,0.154935
1810,2430,0.64356
1823,2430,2.622734
1826,2430,0.718758
1832,2430,4.41671
1833,2430,1.632643
1834,2430,8.358925
1835,2430,0.042649
1836,2430,0.018148
1839,2430,0.108498
1840,2430,0.207753
1842,2430,0.13258
1843,2430,3.485003
1845,2430,3.581341
1846,2430,2.4242
1847,2430,2.577299
1848,2430,4.082713
1856,2430,0.937568
1861,2430,0.121899
1864,2430,4.192508
1865,2430,0.025336
1883,2430,0.006868
1884,2430,2.254877
1885,2430,2.294817
1886,2430,1.123271
1887,2430,1.19728
1888,2430,1.212282
1889,2430,4.07957
1890,2430,4.067778
1891,2430,0.184098
1800,2431,0.731602
1801,2431,0.578828
1802,2431,0.608484
1803,2431,1.553983
1804,2431,0.64356
1805,2431,0.849525
1806,2431,1.0832
1807,2431,0.663968
1808,2431,0.643483
1809,2431,2.471017
1810,2431,1.0832
1811,2431,1.364426
1815,2431,1.573833
1816,2431,1.318197
1817,2431,1.0832
1822,2431,10.691547
1824,2431,16.80529
1825,2431,17.702311
1826,2431,16.066954
1830,2431,1.015547
1831,2431,0.407636
1832,2431,0.157143
1834,2431,4.484978
1835,2431,1.632643
1836,2431,0.042649
1837,2431,0.148793
1838,2431,0.120283
1839,2431,1.198508
1840,2431,0.363184
1841,2431,0.222116
1842,2431,0.50827
1843,2431,1.010636
1845,2431,14.075432
1846,2431,5.234493
1847,2431,0.367399
1848,2431,0.470992
1855,2431,2.060718
1856,2431,1.580269
1860,2431,0.087623
1861,2431,0.127066
1865,2431,0.106757
1866,2431,0.607731
1867,2431,0.868209
1871,2431,2.671232
1873,2431,3.08336
1876,2431,3.863752
1883,2431,0.018412
1884,2431,9.049206
1885,2431,0.351407
1886,2431,0.016403
1887,2431,2.786598
1896,2431,0.189659
1897,2431,0.327054
1898,2431,0.267027
1899,2431,2.875601
1908,2107,28.282539
1751,2108,21.949951
1755,2108,25.447281
1783,2432,0.859204
1833,2432,3.82322
1835,2432,2.600683
1836,2432,9.06559
1837,2432,1.938925
1838,2432,0.071444
1839,2432,0.279654
1840,2432,0.021145
1841,2432,0.021238
1842,2432,14.640141
1843,2432,2.189092
1846,2432,5.78335
1847,2432,2.576616
1848,2432,0.464209
1857,2432,0.769324
1858,2432,0.230434
1859,2432,0.061289
1860,2432,0.093863
1861,2432,0.084151
1864,2432,22.635801
1865,2432,12.341253
1866,2432,2.349569
1867,2432,2.986986
1868,2432,3.89277
1869,2432,5.314452
1870,2432,19.205498
1871,2432,12.280992
1872,2432,15.37503
1873,2432,11.365285
1874,2432,3.242738
1875,2432,8.467773
1876,2432,10.087626
1877,2432,9.998444
1751,2109,25.590868
1906,2110,8.403845
1783,2433,1.606137
1787,2433,1.654413
1788,2433,1.234838
1789,2433,1.234838
1802,2433,0.849525
1808,2433,1.646272
1810,2433,1.646272
1818,2433,12.963729
1819,2433,12.963729
1820,2433,8.546508
1845,2433,13.075589
1846,2433,7.620363
1847,2433,22.189976
1848,2433,2.955539
1849,2433,0.637311
1850,2433,1.980624
1855,2433,0.071847
1856,2433,0.238327
1857,2433,0.223864
1860,2433,0.252325
1861,2433,0.041673
1865,2433,24.566132
1866,2433,3.926042
1867,2433,9.098627
1868,2433,8.230219
1869,2433,6.530461
1870,2433,7.383492
1871,2433,9.706703
1872,2433,11.018196
1873,2433,9.70281
1874,2433,4.144384
1875,2433,7.949747
1876,2433,4.276441
1877,2433,2.351954
1878,2433,7.194541
1779,2434,28.5872
1795,2434,1.074448
1801,2434,0.158537
1802,2434,3.089493
1810,2434,1.811878
1812,2434,0.849525
1822,2434,0.824489
1823,2434,0.824489
1824,2434,0.180936
1825,2434,0.180936
1846,2434,0.873823
1849,2434,5.170999
1859,2434,0.103863
1860,2434,0.234426
1861,2434,0.205791
1865,2434,17.161013
1868,2434,16.162905
1869,2434,14.287664
1871,2434,15.69732
1872,2434,23.491457
1873,2434,25.460415
1874,2434,27.357872
1875,2434,25.819878
1876,2434,16.984909
1877,2434,5.617094
1878,2434,0.523516
1651,2111,16.035673
1652,2111,9.880924
1901,2111,6.536534
1902,2111,28.234367
1903,2111,23.085363
1904,2111,10.37112
1910,2111,13.322565
1863,2112,3.37142
1910,2112,17.100496
1783,2435,1.847428
1786,2435,0.449156
1791,2435,0.643483
1801,2435,4.563859
1802,2435,1.646613
1803,2435,0.834947
1810,2435,1.484291
1811,2435,2.238856
1812,2435,0.829497
1832,2435,1.60824
1838,2435,0.086093
1839,2435,0.252806
1840,2435,0.168781
1841,2435,0.65194
1842,2435,5.122876
1845,2435,26.531563
1846,2435,2.25691
1855,2435,0.062657
1856,2435,0.074836
1857,2435,0.114825
1859,2435,0.211622
1860,2435,0.066719
1869,2435,17.461378
1870,2435,16.745144
1871,2435,26.141987
1877,2435,10.839855
1878,2435,7.373581
1774,2436,22.367001
1775,2436,23.073891
1779,2436,3.440895
1782,2436,1.847428
1783,2436,5.963286
1791,2436,2.330891
1796,2436,0.731602
1797,2436,0.154935
1821,2436,0.663968
1822,2436,0.224757
1823,2436,0.224757
1824,2436,0.224757
1832,2436,3.519856
1842,2436,4.269357
1845,2436,4.830329
1846,2436,10.548612
1855,2436,2.399224
1856,2436,0.097484
1857,2436,0.095131
1858,2436,0.550177
1859,2436,0.050977
1861,2436,0.127345
1884,2436,4.54976
1885,2436,0.834676
1886,2436,1.326534
1887,2436,0.867698
1888,2436,1.109039
1889,2436,1.490386
1890,2436,2.294385
1903,2113,19.595348
1910,2113,16.313086
1767,2114,25.036953
1903,2114,10.792719
1794,2437,8.435088
1803,2437,0.834947
1807,2437,0.871893
1815,2437,2.555767
1821,2437,0.641583
1825,2437,1.514099
1833,2437,22.052307
1837,2437,4.827932
1839,2437,0.047655
1840,2437,0.048308
1841,2437,0.085219
1842,2437,16.221405
1845,2437,7.430066
1846,2437,3.445267
1847,2437,2.99663
1848,2437,0.389153
1849,2437,0.912393
1858,2437,0.085034
1885,2437,4.019177
1886,2437,2.236519
1887,2437,0.785147
1888,2437,0.835197
1889,2437,1.881003
1890,2437,1.862772
1891,2437,2.256851
1892,2437,2.766129
1893,2437,17.141348
1894,2437,24.383738
1791,2438,0.32036
1792,2438,3.001975
1806,2438,1.895373
1836,2438,2.092639
1841,2438,0.054574
1842,2438,29.791105
1845,2438,17.175953
1846,2438,1.188348
1847,2438,0.165791
1848,2438,0.27112
1849,2438,1.893664
1854,2438,0.263571
1855,2438,0.057411
1856,2438,0.054198
1857,2438,0.382796
1858,2438,0.419041
1861,2438,0.059066
1885,2438,4.698904
1886,2438,4.407287
1887,2438,2.976905
1888,2438,1.126564
1889,2438,1.028131
1890,2438,2.244689
1891,2438,1.364389
1766,2439,23.747818
1767,2439,28.097168
1773,2439,4.54385
1786,2439,2.608877
1788,2439,10.358886
1789,2439,1.703268
1790,2439,0.715273
1792,2439,4.547007
1806,2439,1.869425
1822,2439,5.997111
1823,2439,0.144871
1824,2439,0.90893
1841,2439,0.106795
1842,2439,9.433435
1845,2439,26.22035
1846,2439,6.053384
1847,2439,3.368495
1848,2439,3.533456
1849,2439,6.255953
1855,2439,0.38429
1856,2439,0.494117
1857,2439,0.15943
1887,2439,13.689413
1889,2439,1.355619
1890,2439,27.472551
1903,2115,8.842999
1904,2115,24.590767
1905,2115,13.106214
1906,2115,11.014706
1907,2115,23.57699
1902,2116,8.842999
1903,2116,11.084448
1904,2116,3.371428
1905,2116,1.795453
1906,2116,6.204762
1767,2440,19.048929
1769,2440,1.977926
1772,2440,16.298752
1773,2440,17.616638
1774,2440,11.040615
1791,2440,1.908195
1792,2440,4.480786
1794,2440,2.41743
1821,2440,0.643483
1838,2440,2.617422
1839,2440,0.060133
1840,2440,0.101465
1848,2440,0.71916
1856,2440,0.842125
1858,2440,0.967957
1859,2440,0.074953
1860,2440,0.046513
1861,2440,0.059066
1862,2440,0.307339
1863,2440,0.163505
1864,2440,0.132595
1871,2440,1.217464
1872,2440,0.190393
1887,2440,11.322859
1888,2440,2.557991
1889,2440,13.385653
1783,2441,2.095668
1789,2441,1.526307
1790,2441,0.831595
1792,2441,2.681214
1826,2441,4.763133
1838,2441,0.261806
1839,2441,0.07446
1840,2441,0.090347
1841,2441,0.290541
1842,2441,22.330242
1848,2441,0.748565
1849,2441,0.041526
1850,2441,1.990105
1854,2441,0.020647
1855,2441,0.040538
1856,2441,0.219093
1857,2441,0.022808
1859,2441,1.005129
1860,2441,3.167413
1861,2441,0.094199
1863,2441,0.094199
1864,2441,0.099162
1871,2441,0.139291
1872,2441,2.24385
1887,2441,3.325238
1888,2441,3.314235
1889,2441,13.867818
1634,2120,16.035673
1635,2120,9.880924
1656,2120,16.035673
1840,2120,22.85746
1714,2121,13.333323
1715,2121,25.447281
1828,2121,14.055512
1776,2442,3.742027
1789,2442,2.41743
1790,2442,2.052107
1794,2442,3.105064
1799,2442,0.977353
1840,2442,0.07446
1846,2442,4.560668
1848,2442,0.090347
1849,2442,0.30521
1850,2442,28.577513
1855,2442,0.452851
1856,2442,0.254547
1857,2442,0.452851
1863,2442,1.094199
1864,2442,0.27991
1871,2442,0.30415
1872,2442,0.289686
1880,2442,2.098458
1885,2442,12.897827
1886,2442,8.005767
1887,2442,6.499363
1888,2442,4.367601
1889,2442,9.523005
1713,2122,19.666674
1714,2122,13.333323
1715,2122,24.724766
1734,2122,19.666674
1828,2122,14.055512
1842,2122,18.503147
1712,2123,18.000011
1734,2123,13.333323
1735,2123,25.447281
1840,2123,21.879782
