2088,850,2.391306
2089,850,0.85858
2091,850,0.928373
2093,850,0.934278
2094,850,0.974413
2095,850,0.945503
2096,850,1.079433
2098,850,2.261551
2082,851,13.926581
2083,851,7.979899
2084,851,11.71501
2127,852,9.5907
2126,853,12.456104
2104,854,14.77668
2105,854,2.065567
2106,854,1.026646
2107,854,0.738765
2109,854,2.844014
2110,854,1.716133
2111,854,1.708374
2112,854,1.893944
2113,854,1.179243
2114,854,0.784842
2115,854,1.308966
2116,854,2.901651
2117,854,0.748779
2118,854,2.781397
2119,854,6.118649
2125,854,4.432434
2082,855,2.546696
2083,855,1.241575
2104,855,17.725197
2105,855,1.011034
2106,855,0.944222
2110,855,6.562548
2111,855,0.566676
2112,855,7.169239
2113,855,0.78203
2114,855,0.644173
2115,855,0.500688
2116,855,0.371967
2117,855,6.75112
2118,855,3.222069
2119,855,12.164053
2120,855,3.220701
2188,855,9.930133
2190,855,1.203867
2191,855,1.410695
2225,855,13.608541
2226,855,1.58519
2227,855,0.973933
2228,855,5.153216
2082,856,2.785308
2083,856,5.481331
2118,856,0.201168
2119,856,7.637164
2120,856,4.061922
2125,856,1.506181
2126,856,0.720613
2190,856,1.422542
2191,856,1.493861
2225,856,5.306183
2226,856,1.240461
2227,856,1.116258
2228,856,2.00915
2082,857,2.222462
2118,857,0.201168
2119,857,0.616918
2120,857,2.071388
2124,857,24.432915
2125,857,20.741293
2126,857,0.591249
2127,857,0.446302
2128,857,2.801081
2132,857,4.499683
2082,858,3.464509
2083,858,5.055128
2118,858,1.362933
2119,858,1.135952
2120,858,3.171077
2125,858,24.064655
2126,858,0.216267
2127,858,0.381318
2128,858,0.644452
2132,858,3.103232
2133,858,6.359334
2082,859,1.020365
2125,859,23.837772
2126,859,0.235554
2127,859,0.438211
2128,859,0.73745
2132,859,0.632835
2133,859,2.045982
2134,859,5.066889
2135,859,25.554499
2137,859,27.855772
2082,860,1.650582
2083,860,4.240874
2124,860,7.797312
2126,860,0.196023
2127,860,0.397419
2128,860,1.487297
2132,860,0.59765
2133,860,15.65219
2134,860,4.383302
2135,860,0.555254
2136,860,1.901222
2137,860,3.518079
2138,860,5.521589
2139,860,13.75109
2140,860,18.293245
2141,860,23.428797
2142,860,15.184652
2233,860,0.193343
2234,860,3.284052
2235,860,14.789864
2082,861,2.861255
2083,861,3.527962
2118,861,1.46234
2124,861,14.516186
2126,861,0.470568
2127,861,0.352882
2128,861,0.650578
2132,861,1.737038
2133,861,12.456975
2134,861,4.035261
2135,861,0.510798
2136,861,0.442838
2137,861,0.9264
2138,861,0.649341
2139,861,0.497285
2140,861,0.713631
2141,861,1.282288
2142,861,3.557629
2147,861,1.404819
2148,861,0.791044
2149,861,1.364481
2150,861,2.437984
2151,861,1.639452
2152,861,0.999284
2153,861,1.23898
2155,861,1.288043
2233,861,0.54596
2234,861,4.588272
2081,862,2.76337
2082,862,1.341601
2083,862,27.276546
2119,862,2.954518
2124,862,6.800037
2125,862,0.479025
2132,862,6.271739
2133,862,2.003186
2134,862,0.567682
2135,862,1.462051
2136,862,1.190567
2137,862,0.532071
2138,862,0.454095
2139,862,0.367498
2140,862,0.333892
2141,862,0.185275
2142,862,0.173067
2143,862,0.814443
2144,862,1.657166
2145,862,1.24446
2146,862,0.196833
2147,862,0.406843
2148,862,1.704601
2149,862,3.830308
2233,862,20.248898
2234,862,8.014023
2082,863,8.636731
2083,863,7.987669
2120,863,6.803708
2124,863,1.645087
2125,863,0.468446
2126,863,0.422481
2132,863,3.928957
2138,863,0.188685
2139,863,0.016252
2140,863,0.01841
2141,863,0.011111
2143,863,0.023121
2144,863,0.044218
2145,863,0.011111
2146,863,0.029532
2147,863,1.459743
2233,863,1.865816
2234,863,2.998242
2081,864,22.885885
2082,864,3.077979
2083,864,13.30125
2096,864,10.212434
2097,864,4.519574
2098,864,1.540674
2123,864,8.502735
2124,864,16.959723
2125,864,0.472234
2126,864,2.624251
2132,864,11.35566
2138,864,0.813194
2139,864,0.152616
2140,864,0.385077
2142,864,2.0
2143,864,0.045455
2144,864,0.020408
2145,864,0.011111
2146,864,0.038121
2147,864,0.239593
2233,864,0.221611
2234,864,6.125235
2077,865,13.604404
2081,865,1.025774
2082,865,0.183215
2083,865,0.780357
2084,865,2.027217
2085,865,2.836801
2086,865,4.635882
2087,865,4.635882
2088,865,8.631419
2089,865,8.539733
2090,865,8.433117
2091,865,7.89113
2092,865,8.947697
2093,865,6.423317
2094,865,6.593864
2095,865,9.401691
2096,865,2.8305
2097,865,0.781199
2098,865,3.622227
2121,865,0.175633
2138,865,0.278098
2139,865,0.309035
2140,865,0.469697
2141,865,0.188312
2142,865,0.10101
2143,865,0.047619
2144,865,0.025196
2145,865,0.012821
2146,865,0.15084
2233,865,0.163143
2234,865,5.398959
2235,865,20.760036
2081,866,0.4
2082,866,0.301198
2083,866,0.052901
2084,866,0.315322
2085,866,0.22483
2086,866,0.22483
2087,866,0.35159
2088,866,0.474971
2089,866,0.341809
2090,866,0.417446
2091,866,0.407668
2092,866,0.40131
2093,866,0.403356
2094,866,0.378894
2095,866,0.386667
2096,866,0.3331
2097,866,0.165199
2098,866,1.450975
2120,866,0.107556
2121,866,0.176093
2124,866,11.258186
2125,866,21.843063
2126,866,3.096999
2131,866,23.456249
2132,866,12.489044
2138,866,0.596762
2139,866,1.340304
2142,866,0.090909
2143,866,0.047619
2144,866,0.022222
2145,866,0.012821
2146,866,0.14433
2233,866,0.198692
2234,866,2.15404
2084,867,0.046742
2085,867,0.046742
2086,867,0.046742
2087,867,0.046742
2088,867,0.052862
2089,867,0.053726
2090,867,0.165124
2091,867,0.165693
2119,867,0.023621
2120,867,0.28589
2121,867,0.378942
2126,867,1.102334
2132,867,2.585708
2138,867,0.60744
2139,867,0.431276
2140,867,0.392857
2141,867,0.733333
2142,867,0.090909
2143,867,0.047619
2144,867,0.022222
2145,867,0.012821
2146,867,0.14433
2232,867,1.285627
2233,867,0.180259
2234,867,1.343555
2077,868,0.23301
2102,868,1.258517
2103,868,10.434708
2119,868,0.087514
2120,868,0.241207
2131,868,3.598651
2132,868,11.632808
2138,868,1.485549
2139,868,0.536743
2140,868,0.726191
2141,868,0.733333
2142,868,0.055556
2143,868,0.069264
2144,868,0.014085
2145,868,0.017521
2146,868,0.08942
2156,868,11.20624
2232,868,1.164365
2234,868,6.464041
2102,869,0.251145
2103,869,0.586809
2109,869,1.716249
2110,869,0.627632
2117,869,0.334158
2118,869,0.462827
2119,869,0.174034
2120,869,1.63551
2131,869,8.714904
2132,869,4.516662
2137,869,1.811551
2138,869,0.777481
2139,869,0.76461
2140,869,0.333333
2141,869,1.233333
2142,869,0.055556
2143,869,0.069264
2144,869,0.037894
2145,869,0.017521
2146,869,0.072709
2147,869,1.162891
2234,869,17.562876
2098,870,1.136424
2099,870,0.505926
2100,870,0.505926
2101,870,0.179937
2109,870,0.36434
2110,870,0.550885
2117,870,0.210609
2118,870,0.119267
2119,870,0.181659
2120,870,1.511134
2124,870,10.456314
2125,870,2.068612
2131,870,7.174535
2132,870,16.289068
2137,870,1.584911
2138,870,1.672558
2139,870,0.549242
2140,870,0.090909
2141,870,1.142857
2142,870,0.055556
2143,870,0.09127
2144,870,0.037894
2145,870,0.027418
2146,870,0.072709
2147,870,0.416406
2234,870,9.209241
2098,871,4.031493
2099,871,2.674913
2100,871,0.016284
2101,871,0.241207
2117,871,0.373829
2118,871,0.502115
2119,871,0.374447
2120,871,0.695138
2121,871,0.757217
2123,871,3.226934
2124,871,1.16647
2125,871,0.732244
2126,871,1.926394
2131,871,10.475988
2132,871,3.584356
2134,871,22.475843
2138,871,5.284957
2139,871,1.518745
2140,871,2.091002
2141,871,0.11135
2142,871,0.067604
2143,871,0.09127
2144,871,0.537894
2145,871,0.034717
2146,871,6.104232
2147,871,1.146391
2148,871,9.684193
2156,871,15.716956
2098,872,1.43962
2099,872,1.136424
2100,872,0.007191
2101,872,0.306298
2103,872,0.365099
2104,872,0.576792
2105,872,0.624685
2106,872,0.85385
2107,872,0.593081
2108,872,0.49654
2109,872,0.486206
2110,872,0.663977
2111,872,0.678656
2112,872,0.587613
2113,872,0.488594
2118,872,0.692817
2119,872,0.692817
2120,872,0.599775
2121,872,1.717022
2123,872,3.034738
2124,872,0.75089
2125,872,0.559645
2126,872,1.57953
2131,872,3.210607
2132,872,6.395954
2133,872,16.599451
2134,872,1.303574
2135,872,7.059398
2136,872,4.789304
2137,872,4.211762
2138,872,0.660986
2139,872,0.274464
2140,872,0.181901
2141,872,0.070198
2142,872,0.062176
2143,872,0.006104
2144,872,0.110595
2145,872,0.082908
2146,872,0.052533
2147,872,1.734715
2148,872,3.008306
2149,872,21.452562
2150,872,25.065594
2152,872,17.924335
2153,872,24.142616
2154,872,14.137072
2155,872,3.39027
2156,872,1.693843
2080,873,23.340443
2098,873,1.082207
2100,873,0.083986
2101,873,0.083986
2103,873,0.296152
2104,873,0.309538
2105,873,0.763613
2106,873,0.900497
2107,873,0.681757
2108,873,0.681757
2109,873,0.842785
2110,873,0.829097
2111,873,0.885003
2112,873,0.842466
2113,873,0.572042
2121,873,10.721641
2124,873,1.82532
2125,873,0.668059
2126,873,0.549433
2131,873,1.195596
2132,873,0.345108
2133,873,3.53566
2134,873,3.460935
2135,873,9.97226
2136,873,4.93042
2137,873,0.308231
2138,873,0.317107
2139,873,0.319836
2140,873,0.428234
2141,873,0.222777
2142,873,0.083717
2143,873,0.084978
2144,873,0.049994
2145,873,0.031816
2146,873,0.08367
2147,873,1.612843
2148,873,1.736912
2149,873,1.122448
2150,873,1.052954
2151,873,1.764879
2152,873,6.449601
2153,873,4.458177
2154,873,0.179356
2155,873,1.264027
2156,873,1.140782
2232,873,8.15866
2233,873,3.069115
2234,873,4.219079
2082,874,8.0523
2083,874,8.092114
2086,874,0.052862
2087,874,0.053726
2094,874,0.081683
2095,874,0.79601
2115,874,0.089844
2116,874,0.234797
2124,874,5.019691
2125,874,0.554457
2126,874,0.71812
2130,874,0.719836
2131,874,1.580658
2132,874,0.345406
2133,874,0.831017
2134,874,26.769642
2135,874,15.260338
2136,874,1.068503
2137,874,0.337445
2138,874,0.421216
2139,874,0.415161
2140,874,0.404706
2141,874,0.356387
2142,874,0.376013
2143,874,0.361926
2144,874,0.216504
2145,874,0.145687
2146,874,0.188308
2147,874,0.210907
2148,874,0.231968
2149,874,0.166241
2150,874,2.209952
2151,874,0.514668
2152,874,0.144159
2153,874,1.096919
2154,874,0.09786
2155,874,0.025268
2232,874,2.969175
2233,874,8.094769
2099,875,0.104844
2100,875,0.111323
2101,875,0.228467
2103,875,2.488759
2104,875,10.997438
2105,875,0.542905
2106,875,0.57465
2118,875,0.023121
2119,875,0.751225
2123,875,1.30484
2124,875,4.424349
2125,875,0.517082
2126,875,0.793644
2130,875,0.617856
2131,875,2.162956
2133,875,0.546405
2134,875,22.195198
2135,875,12.578959
2136,875,0.46121
2137,875,0.46121
2138,875,0.486043
2139,875,0.4415
2140,875,0.427238
2141,875,0.457355
2142,875,0.547761
2143,875,0.606404
2144,875,0.366178
2145,875,0.538985
2146,875,0.356313
2147,875,0.306261
2148,875,0.43886
2149,875,0.50694
2150,875,0.458019
2151,875,0.532569
2152,875,0.526699
2153,875,0.348363
2154,875,0.860809
2232,875,1.169451
2099,876,0.120779
2100,876,0.346421
2101,876,0.277852
2102,876,0.377967
2104,876,0.442984
2105,876,0.431606
2106,876,0.436353
2107,876,0.423416
2108,876,0.423416
2109,876,0.423416
2110,876,0.410083
2111,876,0.431917
2112,876,0.758584
2113,876,0.400922
2114,876,0.456217
2115,876,0.756114
2116,876,0.251991
2117,876,0.479034
2118,876,0.444906
2119,876,0.517
2120,876,0.94995
2121,876,0.235966
2122,876,3.135739
2123,876,3.94965
2124,876,1.344591
2125,876,0.435643
2126,876,1.420017
2127,876,21.250072
2128,876,15.883192
2130,876,9.745064
2131,876,22.728008
2132,876,8.160211
2133,876,0.606793
2136,876,0.457307
2137,876,0.457307
2138,876,0.442631
2139,876,0.465069
2140,876,0.457929
2141,876,0.436277
2142,876,0.639327
2143,876,0.656946
2144,876,1.629453
2145,876,0.776555
2146,876,1.558851
2147,876,0.541722
2148,876,0.581851
2149,876,2.157065
2150,876,0.494222
2151,876,0.582348
2152,876,0.602139
2153,876,0.773327
2224,876,0.864193
2091,877,1.529398
2092,877,1.275592
2093,877,1.728166
2094,877,1.595726
2095,877,1.836946
2096,877,0.271444
2102,877,1.180418
2103,877,12.682527
2113,877,0.826707
2114,877,0.361391
2116,877,0.315113
2117,877,0.27475
2118,877,0.264972
2119,877,0.259365
2120,877,0.298384
2121,877,0.223061
2122,877,7.350718
2123,877,7.367572
2124,877,0.912759
2125,877,0.417633
2126,877,1.423276
2131,877,11.309264
2132,877,16.205004
2133,877,1.56677
2135,877,1.017809
2136,877,2.617907
2137,877,3.597296
2138,877,4.913459
2139,877,1.509109
2140,877,0.648244
2143,877,0.496293
2144,877,0.81092
2145,877,1.972275
2146,877,1.921096
2147,877,1.567451
2148,877,0.641745
2149,877,0.674038
2150,877,0.783888
2151,877,0.973358
2224,877,0.530946
2225,877,3.330222
2226,877,0.451786
2227,877,0.969207
2229,877,0.936107
2084,878,2.868678
2085,878,1.143102
2091,878,1.628497
2092,878,0.184985
2093,878,0.177461
2094,878,0.177778
2095,878,0.169256
2096,878,0.161419
2098,878,2.08125
2099,878,1.033462
2100,878,1.557279
2102,878,0.980299
2103,878,6.71964
2122,878,23.231337
2123,878,2.508005
2124,878,1.314634
2125,878,0.371313
2126,878,1.814574
2131,878,15.312764
2132,878,12.53451
2133,878,2.625923
2134,878,2.556539
2135,878,0.952427
2136,878,2.234144
2137,878,0.91263
2138,878,2.66074
2139,878,21.730738
2140,878,4.24714
2141,878,6.973159
2142,878,6.131821
2224,878,0.631426
2225,878,0.155702
2226,878,0.08423
2227,878,4.279254
2228,878,0.15199
2229,878,0.129295
2085,879,3.885249
2086,879,2.953656
2088,879,8.172295
2098,879,2.206837
2099,879,1.74247
2100,879,0.377644
2102,879,1.005228
2103,879,6.058444
2106,879,0.179196
2107,879,0.387121
2108,879,0.373345
2109,879,0.381188
2110,879,0.542905
2111,879,0.498776
2112,879,0.456727
2113,879,0.431917
2122,879,4.126451
2123,879,2.865926
2124,879,10.241385
2125,879,0.622722
2126,879,1.541368
2127,879,4.746191
2128,879,3.253002
2131,879,10.687286
2133,879,1.942382
2134,879,2.309988
2135,879,13.964523
2136,879,14.954147
2137,879,10.30968
2138,879,0.442133
2224,879,0.668163
2225,879,0.766547
2226,879,1.235894
2227,879,3.766988
2228,879,3.603797
2229,879,1.538692
2230,879,0.128591
2232,879,13.312531
2081,880,2.141587
2082,880,2.368328
2089,880,2.079109
2090,880,14.116439
2091,880,6.152806
2092,880,29.060089
2093,880,6.181492
2094,880,10.536754
2098,880,0.219391
2099,880,0.219391
2100,880,0.298362
2102,880,2.134921
2103,880,5.526777
2106,880,0.108628
2107,880,0.357171
2108,880,0.084971
2109,880,0.084971
2110,880,0.087669
2111,880,0.208522
2112,880,0.393626
2113,880,0.511272
2114,880,0.583402
2115,880,0.376595
2116,880,0.379771
2117,880,0.73987
2118,880,2.855965
2122,880,3.123526
2123,880,3.961747
2124,880,7.835065
2125,880,5.255796
2126,880,0.186182
2127,880,0.375811
2128,880,1.161162
2129,880,0.261952
2130,880,2.097351
2131,880,0.540527
2132,880,1.522223
2133,880,0.703955
2134,880,0.654352
2135,880,0.540632
2136,880,1.540365
2137,880,3.430562
2138,880,0.553207
2139,880,0.495893
2140,880,0.569242
2141,880,0.420487
2142,880,0.219991
2226,880,0.660287
2227,880,2.06677
2231,880,9.257116
2107,881,0.054776
2108,881,0.116434
2109,881,0.201357
2110,881,0.201357
2111,881,0.201357
2112,881,0.200419
2113,881,0.200419
2114,881,0.230846
2115,881,0.25305
2116,881,0.399404
2117,881,0.379432
2118,881,0.701082
2122,881,5.649423
2123,881,2.787585
2124,881,1.662607
2125,881,0.481376
2126,881,1.22939
2127,881,0.294858
2128,881,0.320666
2129,881,0.368368
2130,881,0.363805
2131,881,1.072632
2132,881,0.537095
2133,881,0.495619
2134,881,0.558364
2135,881,0.331734
2136,881,0.506617
2137,881,3.042453
2138,881,0.32906
2139,881,0.385959
2140,881,0.454875
2141,881,0.219991
2147,881,4.950423
2217,881,1.365968
2219,881,2.129116
2220,881,5.071378
2075,882,1.955767
2109,882,0.375635
2110,882,0.291261
2111,882,0.291261
2112,882,0.307484
2113,882,0.307484
2114,882,0.262057
2115,882,0.262057
2116,882,0.418359
2117,882,0.39815
2118,882,0.249633
2122,882,10.316955
2123,882,4.460792
2124,882,3.945858
2125,882,2.65545
2126,882,0.609445
2127,882,0.437055
2128,882,0.450413
2129,882,0.484207
2130,882,1.097991
2131,882,0.04688
2132,882,0.13428
2133,882,0.345996
2134,882,0.363467
2135,882,0.349382
2136,882,0.351325
2137,882,0.497741
2138,882,0.534923
2139,882,0.441023
2140,882,0.407218
2141,882,0.258908
2147,882,16.689697
2148,882,3.02854
2149,882,0.467843
2150,882,1.657001
2153,882,9.879183
2217,882,7.047126
2122,883,0.317143
2123,883,20.649431
2124,883,8.368801
2125,883,1.665602
2126,883,0.553813
2128,883,3.670839
2129,883,18.056067
2130,883,0.757451
2131,883,0.045803
2132,883,0.336699
2133,883,0.626525
2134,883,1.419556
2135,883,0.80966
2136,883,0.815601
2137,883,1.273654
2138,883,0.262383
2139,883,0.237051
2140,883,0.742643
2141,883,0.290413
2149,883,0.422925
2150,883,0.462388
2151,883,2.248258
2152,883,0.513073
2153,883,0.478414
2154,883,1.080153
2155,883,4.224435
2216,883,15.334413
2217,883,0.628904
2218,883,6.416188
2219,883,2.505007
2220,883,0.116209
2221,883,0.14169
2223,883,0.518934
2224,883,0.164402
2225,883,0.600229
2226,883,1.2164
2229,883,3.142596
2230,883,3.649407
2231,883,1.949492
2232,883,3.894544
2102,884,0.090799
2103,884,0.090799
2104,884,0.090799
2105,884,0.124569
2106,884,0.124569
2107,884,0.090799
2108,884,0.090799
2109,884,0.124569
2110,884,0.115925
2111,884,0.124569
2112,884,0.115925
2113,884,0.046742
2114,884,0.047607
2115,884,0.068188
2117,884,0.523593
2118,884,1.206297
2122,884,5.730228
2123,884,7.376531
2124,884,2.171638
2125,884,2.821266
2126,884,0.426904
2127,884,0.600068
2128,884,1.186687
2130,884,12.366471
2131,884,14.672421
2132,884,8.488477
2133,884,0.837409
2134,884,0.195476
2135,884,0.382845
2136,884,0.522379
2137,884,0.934606
2138,884,1.555531
2139,884,1.313061
2140,884,1.299047
2141,884,4.498969
2143,884,10.597508
2215,884,13.366753
2216,884,4.747455
2217,884,1.76856
2218,884,0.079581
2219,884,0.453736
2220,884,0.321329
2221,884,0.075188
2222,884,0.574832
2223,884,0.089307
2224,884,0.088199
2225,884,0.094118
2226,884,0.136531
2227,884,0.184796
2228,884,0.273913
2229,884,0.134812
2230,884,0.996668
2231,884,6.878065
2232,884,6.228757
2233,884,0.345409
2234,884,1.925257
2235,884,5.03217
2061,885,0.511627
2116,885,0.124569
2117,885,0.124569
2118,885,0.124569
2127,885,26.002073
2129,885,27.740423
2130,885,28.365335
2131,885,21.881189
2134,885,20.252293
2136,885,13.977547
2138,885,5.36233
2139,885,1.81331
2140,885,3.126008
2141,885,0.379087
2142,885,1.391174
2143,885,0.406987
2144,885,1.606555
2147,885,12.456356
2148,885,2.884117
2149,885,7.388906
2150,885,1.857371
2151,885,1.889796
2152,885,3.339268
2153,885,0.97443
2154,885,6.361165
2214,885,13.276434
2061,886,5.679147
2141,886,2.781788
2143,886,5.452675
2144,886,24.09767
2147,886,10.948297
2206,886,6.748016
2207,886,20.056562
2214,886,21.001879
2218,886,8.804138
2219,886,10.092195
2224,886,18.998297
2225,886,14.610575
2226,886,8.637309
2227,886,12.010672
2228,886,8.386257
2229,886,14.684133
2230,886,9.513443
2231,886,7.228869
2232,886,26.148329
2061,887,0.238508
2062,887,0.23056
2206,887,17.032476
2207,887,16.492983
2208,887,21.762081
2209,887,15.332404
2214,887,13.833489
2218,887,11.22918
2219,887,18.47718
2220,887,23.171566
2221,887,17.861177
2222,887,13.561438
2223,887,5.767812
2224,887,5.648475
2225,887,12.861073
2226,887,7.892278
2227,887,3.779401
2228,887,1.747361
2229,887,4.042064
2230,887,3.823431
2231,887,5.190729
2232,887,9.967123
2207,888,7.73636
2208,888,14.693619
2209,888,13.935635
2214,888,28.402683
2218,888,5.738258
2219,888,8.667171
2220,888,19.281635
2221,888,8.186784
2222,888,6.95782
2223,888,4.800825
2224,888,3.210046
2225,888,1.296721
2226,888,1.437449
2227,888,1.880915
2228,888,2.394216
2229,888,4.150849
2230,888,4.809599
2231,888,12.953024
2232,888,12.840086
2204,889,26.749052
2205,889,15.052515
2206,889,5.988432
2218,889,17.7766
2219,889,3.163903
2220,889,2.812311
2221,889,3.697616
2222,889,3.013314
2223,889,0.694963
2224,889,0.551361
2225,889,0.90779
2226,889,1.131657
2227,889,1.31644
2228,889,1.554641
2229,889,3.299841
2230,889,2.165344
2231,889,3.585644
2209,890,11.56588
2210,890,5.026799
2213,890,1.933421
2218,890,11.31776
2219,890,6.109001
2220,890,0.330978
2221,890,0.200412
2222,890,0.051136
2223,890,0.293311
2224,890,0.18957
2225,890,0.979892
2226,890,0.388239
2227,890,0.410163
2228,890,0.326332
2229,890,0.71103
2230,890,2.624001
2206,891,10.895405
2207,891,19.155382
2208,891,14.282493
2209,891,7.259569
2210,891,10.051813
2213,891,0.468549
2218,891,8.152603
2219,891,5.189399
2220,891,1.202488
2221,891,1.140504
2222,891,0.162033
2223,891,1.260429
2224,891,0.189388
2225,891,0.625392
2226,891,0.671596
2227,891,0.874344
2228,891,1.261025
2229,891,5.779378
2213,892,0.527296
2217,892,5.920931
2218,892,2.416619
2219,892,0.94002
2220,892,5.304256
2221,892,0.098848
2222,892,0.065837
2223,892,0.606716
2224,892,0.320405
2225,892,0.763509
2226,892,0.321386
2227,892,0.148789
2228,892,0.433409
2216,893,25.267912
2217,893,6.896011
2218,893,7.820368
2219,893,2.594773
2220,893,0.950514
2221,893,3.738998
2222,893,0.890596
2223,893,1.887529
2224,893,1.166705
2225,893,0.302262
2226,893,0.181184
2227,893,0.274436
2228,893,0.166295
2229,893,0.419558
2216,894,3.452739
2217,894,20.218206
2218,894,12.038515
2219,894,22.015491
2220,894,7.926326
2221,894,3.887876
2222,894,11.750023
2223,894,1.584741
2224,894,0.949948
2225,894,1.612881
2226,894,0.755337
2227,894,1.740521
2228,894,1.16204
2229,894,0.689655
2223,895,7.421366
2224,895,1.917571
2225,895,2.812851
2226,895,2.044441
2227,895,6.345678
2228,895,4.328009
2229,895,2.988113
2230,895,6.005236
2225,896,10.075544
2226,896,8.449813
2227,896,11.000897
2229,896,14.964792
2224,899,6.168661
2175,906,22.395506
2184,906,6.581123
2185,906,4.684405
2186,906,12.84507
2183,907,7.581634
2184,907,2.381624
2185,907,8.180875
2232,909,11.524806
2179,912,0.895525
2181,912,0.354695
2189,912,14.606026
2176,945,12.632849
2177,945,4.931446
2178,945,1.560945
2179,945,17.017313
2177,946,26.781124
2178,946,2.140329
2179,946,7.391292
2180,946,17.11927
2177,947,17.651575
2180,947,18.636513
2218,947,10.2491
2219,947,5.630411
2220,947,12.143523
2221,947,24.150198
2222,947,25.87376
2176,948,21.301981
2066,949,5.308486
2068,949,3.884432
2181,949,14.914307
2064,950,0.450799
2065,950,12.503624
2067,950,1.195516
2068,950,4.429941
2069,950,3.408731
2063,951,13.931456
2064,951,0.465338
2065,951,5.632181
2066,951,11.301762
2067,951,10.150388
2069,951,14.376122
2136,951,10.451818
2220,951,8.875053
2064,952,27.107048
2065,952,6.7415
2066,952,10.654548
2067,952,3.620969
2068,952,12.235609
2069,952,21.253843
2070,952,11.566377
2136,952,4.815322
2210,952,2.598887
2220,952,19.234362
2066,953,16.160837
2067,953,9.20243
2068,953,22.783342
2069,953,23.120039
2135,953,2.627572
2136,953,0.437308
2210,953,2.811451
2063,954,0.573758
2064,954,0.446926
2065,954,0.407072
2066,954,0.218521
2067,954,0.482996
2068,954,3.401844
2069,954,0.703169
2070,954,29.038345
2205,954,14.031378
2210,954,9.67943
2211,954,3.637702
2212,954,14.862519
2213,954,20.606398
2214,954,21.298923
2215,954,29.903927
2216,954,16.124359
2226,954,10.223214
2062,955,0.079935
2063,955,2.056499
2064,955,0.370438
2065,955,0.172359
2066,955,0.17319
2067,955,0.179622
2068,955,0.681921
2069,955,0.465749
2175,955,23.67951
2177,955,19.699421
2178,955,20.152906
2203,955,5.919413
2204,955,12.512715
2205,955,0.756981
2206,955,4.801133
2207,955,11.935705
2208,955,10.996843
2209,955,7.657411
2210,955,0.69087
2211,955,2.401522
2212,955,1.779474
2213,955,7.644783
2214,955,3.50121
2224,955,23.771452
2063,956,0.309083
2064,956,0.169873
2065,956,0.175856
2066,956,0.131681
2067,956,0.143082
2176,956,20.792213
2177,956,23.324093
2210,956,10.923465
2211,956,11.644681
2212,956,10.995178
2213,956,4.232514
2214,956,10.278767
2215,956,14.456734
2231,956,2.224433
2185,958,6.174407
2198,958,5.074544
2199,958,1.710837
2200,958,4.89986
2202,958,5.249323
2205,958,1.313662
2206,958,1.762232
2213,958,29.511398
2215,958,19.616182
2216,958,29.375303
2223,958,19.072826
2183,959,6.03977
2184,959,0.395102
2185,959,0.225708
2186,959,0.170269
2187,959,0.179937
2188,959,0.040587
2189,959,0.061864
2190,959,0.465471
2191,959,0.435279
2210,959,2.617659
2211,959,10.881924
2212,959,3.621003
2213,959,4.08361
2214,959,8.664985
2215,959,10.593431
2220,959,5.493066
2221,959,7.430269
2222,959,8.086315
2223,959,8.209499
2176,960,29.498573
2177,960,27.420811
2178,960,8.34288
2179,960,19.353746
2180,960,23.823528
2183,960,8.344867
2184,960,1.33358
2188,960,1.845684
2189,960,0.493657
2190,960,0.405565
2193,960,0.945765
2194,960,3.195164
2211,960,7.637624
2212,960,0.589283
2213,960,1.02956
2214,960,2.649799
2215,960,10.312054
2216,960,9.079471
2175,961,19.684902
2176,961,26.608036
2177,961,6.983954
2178,961,6.434867
2179,961,6.385251
2180,961,5.155043
2183,961,8.057454
2184,961,0.375858
2185,961,0.398022
2186,961,0.398022
2187,961,0.398022
2188,961,0.372733
2189,961,0.205227
2190,961,0.509993
2191,961,0.471407
2192,961,0.476284
2193,961,0.264244
2194,961,0.420707
2197,961,1.66325
2211,961,3.7335
2212,961,1.597438
2213,961,0.459795
2214,961,1.215279
2215,961,3.907996
2216,961,22.736965
2219,961,4.115686
2220,961,10.400585
2221,961,5.851136
2227,961,26.477558
2102,962,6.851269
2113,962,6.300777
2114,962,24.623926
2115,962,5.543538
2176,962,17.756245
2177,962,29.782656
2178,962,13.062464
2179,962,10.36001
2180,962,5.259411
2193,962,0.029011
2194,962,0.301086
2195,962,1.017274
2196,962,0.977301
2197,962,10.571012
2198,962,1.346485
2199,962,1.734266
2200,962,1.919617
2201,962,1.919617
2202,962,1.920467
2203,962,1.883592
2211,962,4.310916
2212,962,0.512007
2213,962,0.755476
2214,962,1.008034
2215,962,2.162786
2216,962,6.683553
2220,962,1.986796
2221,962,7.459798
2223,962,15.889222
2225,962,10.484664
2226,962,8.156543
2227,962,5.902206
2228,962,9.19699
2116,963,4.079796
2175,963,20.702995
2176,963,5.789001
2177,963,0.363608
2178,963,0.872386
2179,963,4.362218
2180,963,6.992182
2184,963,24.770044
2185,963,5.378545
2186,963,5.703455
2187,963,9.659021
2188,963,6.7284
2189,963,18.991604
2190,963,17.218363
2191,963,12.513676
2198,963,1.760205
2211,963,4.669764
2212,963,1.195515
2213,963,9.638196
2214,963,2.45973
2215,963,4.64314
2216,963,5.03455
2218,963,3.614553
2219,963,7.638638
2220,963,0.832187
2221,963,2.210975
2222,963,3.06831
2223,963,1.841528
2110,964,12.194077
2115,964,6.288177
2121,964,3.353336
2179,964,0.730473
2180,964,14.232882
2185,964,15.9603
2186,964,19.928242
2187,964,17.379566
2190,964,15.585503
2193,964,17.975632
2194,964,8.704297
2197,964,0.889562
2198,964,7.217584
2199,964,1.720601
2200,964,1.810958
2201,964,1.726855
2202,964,1.726855
2203,964,1.742926
2205,964,1.790709
2218,964,4.140405
2219,964,1.478441
2220,964,1.517643
2221,964,2.526798
2222,964,3.265399
2223,964,1.476144
2108,965,7.908009
2109,965,10.336165
2110,965,1.069273
2115,965,1.88798
2116,965,3.777355
2197,965,4.200286
2198,965,0.695821
2199,965,1.211637
2200,965,0.776464
2201,965,1.054757
2202,965,1.110861
2203,965,1.202213
2204,965,0.9659
2210,965,2.252049
2211,965,7.179708
2212,965,5.216288
2231,965,7.231775
2109,966,0.379542
2113,966,1.119319
2115,966,8.675593
2116,966,1.381266
2117,966,4.000035
2122,966,24.925924
2123,966,16.77236
2206,966,1.641828
2207,966,1.701857
2209,966,4.176815
2210,966,1.022066
2211,966,0.637308
2212,966,5.538114
2213,966,7.867836
2214,966,8.437686
2215,966,8.326452
2216,966,8.920014
2218,966,8.542171
2219,966,5.602403
2220,966,2.838654
2221,966,6.323933
2222,966,4.819633
2223,966,2.302282
2231,966,8.697499
2109,967,0.512639
2113,967,1.069617
2124,967,23.101749
2184,967,0.592894
2185,967,0.444746
2186,967,0.595549
2187,967,0.88422
2188,967,0.862681
2189,967,2.782539
2207,967,4.304739
2208,967,4.028197
2209,967,0.449333
2210,967,0.851483
2211,967,0.671312
2212,967,0.85186
2213,967,0.823324
2214,967,0.408855
2215,967,0.744049
2216,967,2.227139
2218,967,4.273416
2219,967,0.676202
2220,967,1.909139
2221,967,1.617566
2222,967,1.310567
2223,967,1.561639
2109,968,0.563852
2115,968,4.123791
2116,968,2.25675
2117,968,7.935167
2124,968,0.160204
2138,968,11.654803
2139,968,10.536971
2141,968,22.584538
2183,968,2.752117
2184,968,0.408661
2185,968,0.320197
2186,968,0.297134
2187,968,0.441578
2188,968,1.175348
2189,968,0.686549
2190,968,2.762092
2191,968,1.642826
2192,968,2.551993
2193,968,2.362666
2194,968,2.373979
2219,968,1.949115
2220,968,0.214497
2221,968,0.676562
2222,968,2.804186
2223,968,3.078515
2109,969,0.34829
2115,969,0.858869
2116,969,8.532338
2138,969,7.050628
2141,969,14.333194
2146,969,24.18239
2188,969,0.434522
2189,969,0.525373
2190,969,0.677982
2191,969,0.663093
2192,969,0.864335
2193,969,0.900302
2194,969,1.291406
2218,969,7.329506
2219,969,0.909836
2220,969,0.106104
2221,969,0.405405
2222,969,1.5701
2223,969,1.883286
2225,969,8.556548
2226,969,7.396327
2229,969,10.418142
2108,970,0.55333
2109,970,0.361916
2115,970,1.0837
2116,970,10.077742
2190,970,0.37905
2191,970,0.458064
2192,970,0.463265
2193,970,0.678843
2194,970,4.163289
2207,970,2.146976
2208,970,1.831224
2209,970,1.428604
2210,970,1.483508
2211,970,8.100657
2212,970,4.443933
2213,970,5.541949
2214,970,5.94173
2215,970,5.753682
2218,970,4.18781
2219,970,0.221861
2220,970,0.333549
2221,970,0.557563
2222,970,0.684307
2223,970,2.427725
2225,970,1.245231
2226,970,2.630161
2227,970,1.547804
2228,970,1.855534
2115,971,2.863033
2116,971,0.507476
2183,971,2.022011
2203,971,7.489807
2204,971,7.462975
2206,971,0.511146
2207,971,0.626401
2208,971,0.411773
2209,971,0.326164
2210,971,0.281205
2211,971,0.281205
2212,971,0.193463
2213,971,0.565102
2214,971,0.510349
2215,971,2.009395
2218,971,5.157371
2219,971,0.224178
2220,971,0.132481
2221,971,0.534987
2222,971,0.402826
2223,971,1.078219
2135,972,12.441916
2136,972,9.549778
2142,972,6.299944
2145,972,11.940591
2183,972,5.940019
2184,972,1.539623
2185,972,0.603359
2186,972,0.603359
2187,972,0.58515
2188,972,0.58515
2189,972,0.480154
2190,972,0.503271
2191,972,0.753626
2192,972,0.749542
2193,972,0.70032
2194,972,0.657132
2203,972,0.611991
2204,972,0.315044
2205,972,0.298967
2206,972,0.40693
2207,972,0.405275
2208,972,0.305327
2209,972,0.281417
2210,972,0.215279
2211,972,0.167464
2212,972,0.228412
2213,972,0.519448
2214,972,0.741647
2215,972,2.116341
2218,972,6.092553
2219,972,0.224178
2220,972,0.134062
2221,972,0.485534
2222,972,0.489287
2223,972,0.241791
2115,973,8.246984
2120,973,0.842731
2183,973,15.073916
2184,973,1.575142
2185,973,1.138314
2186,973,0.640434
2187,973,0.416531
2188,973,0.447367
2189,973,0.509505
2190,973,0.401679
2191,973,0.371496
2192,973,0.332874
2193,973,0.398624
2194,973,7.575315
2202,973,7.983843
2203,973,0.773493
2204,973,0.566329
2205,973,0.765045
2206,973,0.833778
2207,973,0.703182
2208,973,0.49425
2209,973,0.49425
2210,973,0.392958
2211,973,0.429793
2212,973,0.287363
2213,973,0.585251
2214,973,1.203932
2218,973,5.201941
2219,973,0.254277
2220,973,0.138512
2221,973,1.457
2222,973,2.122048
2223,973,2.53784
2231,973,22.525476
2122,974,3.039176
2123,974,19.306204
2124,974,17.552734
2134,974,13.945768
2138,974,1.519545
2139,974,5.595209
2142,974,0.601368
2145,974,24.542395
2202,974,5.023211
2203,974,0.864456
2204,974,0.483798
2205,974,0.344223
2206,974,0.379776
2207,974,0.441412
2208,974,0.459268
2209,974,0.734192
2210,974,0.385289
2211,974,0.509563
2212,974,0.481171
2213,974,0.722896
2214,974,0.738017
2218,974,5.336837
2219,974,0.32704
2220,974,1.465422
2221,974,3.455983
2222,974,3.931384
2223,974,5.393112
2124,975,5.465804
2134,975,7.349775
2183,975,10.164503
2184,975,4.038103
2185,975,1.711125
2186,975,0.6659
2187,975,0.871617
2188,975,0.594663
2189,975,0.594663
2190,975,0.584884
2191,975,0.988923
2196,975,0.550933
2211,975,0.533145
2212,975,0.416816
2213,975,0.38062
2214,975,0.734243
2215,975,1.057727
2218,975,5.199991
2219,975,0.207966
2220,975,2.523209
2221,975,3.523566
2222,975,2.973164
2223,975,6.703503
2134,976,3.742868
2135,976,2.092435
2136,976,0.398089
2183,976,10.657779
2184,976,2.015723
2185,976,1.82249
2186,976,2.678455
2187,976,2.853944
2188,976,1.734346
2189,976,1.923975
2190,976,1.562382
2191,976,1.114637
2192,976,0.581199
2193,976,0.705771
2194,976,0.618299
2196,976,0.622912
2218,976,5.82757
2219,976,0.461384
2220,976,0.420356
2221,976,0.35003
2222,976,3.912858
2223,976,4.869693
2133,977,3.115574
2144,977,5.779032
2145,977,24.888195
2189,977,1.684572
2190,977,1.128472
2191,977,0.987372
2192,977,0.97757
2193,977,1.191585
2194,977,1.29635
2196,977,0.605109
2200,977,0.497841
2201,977,0.739849
2202,977,0.641512
2203,977,1.14354
2204,977,1.791525
2205,977,1.457127
2206,977,1.139553
2207,977,1.132849
2208,977,0.911065
2209,977,0.717183
2210,977,0.674412
2211,977,0.482765
2212,977,0.577353
2213,977,0.570444
2214,977,0.700343
2218,977,5.736506
2219,977,1.64802
2220,977,0.54582
2221,977,0.442036
2222,977,0.914646
2223,977,1.107726
2224,977,10.400352
2225,977,6.350497
2226,977,8.817369
2227,977,5.61501
2228,977,15.548399
2146,978,22.635811
2196,978,0.588274
2200,978,11.816292
2201,978,0.496068
2202,978,0.384469
2203,978,0.552391
2204,978,0.536666
2205,978,0.545718
2206,978,0.529531
2207,978,0.663833
2208,978,0.470059
2209,978,0.313272
2210,978,0.310293
2211,978,0.455225
2212,978,0.440245
2213,978,0.522051
2214,978,0.406424
2220,978,0.513191
2221,978,0.437119
2222,978,0.401228
2224,978,10.561463
2225,978,4.237253
2226,978,8.77081
2227,978,11.529575
2228,978,4.354008
2229,978,14.806158
2230,978,20.117739
2183,979,7.975997
2184,979,1.264863
2185,979,1.773229
2186,979,0.848903
2187,979,0.609274
2188,979,0.527456
2189,979,0.215857
2190,979,0.210295
2191,979,0.194533
2192,979,0.194533
2193,979,0.213876
2196,979,1.309083
2200,979,0.721462
2201,979,0.254841
2202,979,0.061701
2203,979,0.442505
2204,979,0.252916
2209,979,0.278251
2210,979,0.263449
2211,979,0.369108
2212,979,0.289275
2213,979,0.431445
2214,979,0.195837
2220,979,0.406079
2221,979,0.502959
2222,979,0.907617
2224,979,2.724943
2225,979,1.69365
2226,979,2.347429
2227,979,4.922329
2228,979,2.523681
2229,979,6.468967
2230,979,29.992254
2183,980,4.898394
2184,980,2.23796
2185,980,0.593683
2186,980,0.593683
2187,980,0.805414
2188,980,0.811639
2189,980,0.59708
2190,980,1.320819
2191,980,0.320819
2192,980,0.355302
2193,980,0.253945
2194,980,0.289901
2196,980,2.383108
2198,980,5.157751
2199,980,1.105114
2200,980,1.128762
2201,980,0.247416
2202,980,0.102444
2203,980,0.196274
2204,980,0.183702
2205,980,0.195709
2206,980,0.202219
2207,980,0.258125
2208,980,0.025093
2209,980,0.052632
2210,980,0.007299
2211,980,0.056104
2212,980,0.045513
2213,980,0.392741
2214,980,0.195837
2220,980,0.617464
2221,980,0.568999
2222,980,0.830941
2224,980,1.658991
2225,980,3.941803
2226,980,0.469132
2227,980,0.385239
2228,980,0.645513
2229,980,11.567779
2189,981,0.811848
2190,981,0.191158
2191,981,0.191158
2192,981,0.191158
2193,981,0.248763
2194,981,0.242064
2198,981,0.243512
2199,981,0.293577
2200,981,0.226517
2201,981,0.317531
2202,981,0.056104
2203,981,0.047829
2204,981,0.03542
2205,981,0.031173
2206,981,0.077308
2207,981,0.034483
2208,981,0.040297
2209,981,0.005814
2210,981,0.012346
2211,981,0.019559
2212,981,0.11214
2213,981,0.392741
2214,981,0.198412
2220,981,0.507547
2221,981,0.426679
2222,981,0.803312
2224,981,1.925568
2225,981,0.780638
2226,981,0.546717
2227,981,0.643836
2228,981,5.398077
2229,981,11.879195
2230,981,25.222139
2197,982,0.323569
2199,982,0.422852
2202,982,0.126984
2203,982,0.205203
2204,982,0.012346
2205,982,0.019758
2208,982,0.062048
2209,982,0.007299
2210,982,0.233225
2211,982,0.029082
2212,982,0.301451
2213,982,0.202351
2214,982,0.198412
2220,982,0.839309
2221,982,0.591586
2222,982,0.800136
2224,982,3.386709
2225,982,3.106465
2226,982,0.573733
2227,982,0.648306
2228,982,0.509883
2182,983,21.071049
2183,983,2.726587
2184,983,1.480426
2185,983,2.218836
2186,983,2.532363
2187,983,0.400053
2188,983,0.42253
2189,983,0.599479
2190,983,0.466968
2191,983,2.75201
2192,983,0.859924
2193,983,2.266615
2194,983,0.938643
2197,983,1.601073
2198,983,7.359197
2199,983,0.871163
2200,983,1.726705
2201,983,0.507997
2202,983,0.97528
2203,983,3.30406
2204,983,1.092358
2205,983,1.080493
2206,983,1.080493
2207,983,0.928962
2208,983,0.55411
2209,983,0.390403
2210,983,0.344048
2211,983,0.696366
2212,983,0.732328
2213,983,1.031881
2220,983,0.906519
2221,983,0.485964
2222,983,0.377684
2224,983,2.011897
2225,983,0.215886
2226,983,0.516095
2227,983,0.641645
2228,983,0.950995
2230,983,12.192849
2182,984,26.998011
2183,984,7.153135
2184,984,8.924359
2185,984,3.031268
2186,984,5.950462
2187,984,4.206832
2188,984,2.826168
2189,984,2.726854
2190,984,1.37838
2191,984,1.407177
2192,984,1.302593
2193,984,1.707612
2194,984,1.055504
2196,984,1.482475
2197,984,0.629937
2198,984,0.237198
2199,984,1.342772
2200,984,0.451129
2201,984,0.715145
2202,984,0.580428
2203,984,0.592091
2204,984,0.592091
2205,984,0.799779
2206,984,0.564309
2207,984,0.440594
2208,984,1.331948
2209,984,1.804304
2210,984,0.237905
2211,984,0.278502
2212,984,0.535773
2213,984,0.384228
2220,984,0.922209
2221,984,0.487071
2222,984,0.376363
2224,984,3.675516
2225,984,1.493622
2226,984,0.566095
2227,984,0.640324
2228,984,1.248972
2230,984,18.926786
2065,985,11.024343
2193,985,1.558868
2194,985,5.970565
2196,985,0.391645
2197,985,0.043929
2198,985,0.243148
2199,985,0.211402
2200,985,0.031398
2201,985,0.301238
2202,985,0.252916
2208,985,0.306997
2209,985,0.384819
2210,985,0.431181
2211,985,0.223829
2212,985,0.530768
2213,985,0.481131
2214,985,0.195588
2220,985,0.867139
2221,985,0.523438
2222,985,0.376363
2224,985,4.483042
2225,985,1.620922
2226,985,1.248362
2227,985,0.64141
2228,985,1.283542
2230,985,12.030005
2196,986,0.426726
2197,986,0.282857
2198,986,0.311439
2199,986,0.325948
2200,986,0.320134
2201,986,0.170607
2202,986,0.211332
2203,986,0.196276
2204,986,0.187684
2205,986,0.186834
2206,986,0.242741
2207,986,0.044191
2209,986,1.650925
2210,986,0.3
2211,986,0.021756
2212,986,0.154437
2213,986,0.444304
2214,986,0.195588
2220,986,2.887486
2221,986,0.490128
2222,986,0.407169
2224,986,3.160434
2225,986,3.117553
2226,986,1.07727
2227,986,0.83416
2228,986,0.637654
2230,986,21.352785
2196,987,0.079417
2197,987,0.4392
2198,987,0.194417
2199,987,0.206081
2200,987,0.247392
2201,987,0.190546
2202,987,0.039699
2203,987,0.031173
2204,987,0.031173
2205,987,0.042825
2207,987,0.005814
2208,987,0.00813
2209,987,0.179012
2210,987,0.01944
2211,987,0.069769
2212,987,0.501114
2213,987,0.301447
2214,987,0.207173
2224,987,5.122351
2225,987,1.101598
2226,987,0.619692
2227,987,0.817918
2228,987,0.695473
2230,987,20.929621
2185,988,2.740424
2186,988,2.05165
2187,988,0.734528
2188,988,0.476915
2189,988,0.486526
2190,988,0.521159
2191,988,0.486526
2192,988,0.458855
2193,988,0.544467
2194,988,6.255413
2196,988,0.949463
2197,988,0.523429
2198,988,0.483229
2202,988,0.676088
2203,988,0.131587
2204,988,0.019758
2205,988,0.25
2206,988,0.25
2207,988,0.3
2208,988,0.337095
2209,988,0.06383
2210,988,0.214729
2211,988,0.329843
2212,988,0.466345
2213,988,1.946568
2214,988,0.207173
2224,988,5.438199
2225,988,0.730248
2226,988,0.626475
2227,988,0.613943
2228,988,1.075316
2230,988,16.84536
2185,989,3.987396
2186,989,5.647254
2187,989,2.101633
2188,989,1.405684
2189,989,1.415122
2190,989,1.591989
2191,989,1.335852
2192,989,1.124698
2193,989,1.438083
2194,989,1.809925
2196,989,3.006959
2197,989,1.575072
2198,989,0.493282
2199,989,0.386541
2200,989,0.377422
2201,989,0.572576
2202,989,0.454648
2203,989,0.521739
2204,989,0.513609
2205,989,0.389749
2206,989,0.364082
2207,989,0.362057
2208,989,0.255339
2209,989,0.196204
2210,989,0.224649
2211,989,0.509275
2212,989,0.53908
2224,989,5.296095
2194,990,0.941563
2196,990,11.726912
2197,990,3.048593
2198,990,0.085093
2199,990,0.374058
2200,990,0.675017
2201,990,0.383421
2202,990,0.383421
2203,990,0.603268
2204,990,0.5968
2205,990,0.949962
2206,990,0.587135
2207,990,0.379146
2208,990,0.111224
2209,990,0.034987
2210,990,0.087164
2211,990,0.662331
2212,990,1.802862
2224,990,15.61351
2230,990,18.750797
2198,991,0.446076
2199,991,0.596543
2200,991,0.488546
2208,991,0.537239
2209,991,0.019943
2210,991,0.131488
2211,991,0.454999
2212,991,0.464892
2218,991,1.003686
2219,991,6.241754
2220,991,1.917425
2221,991,0.624262
2222,991,0.5661
2224,991,2.172543
2225,991,0.699042
2226,991,2.103806
2227,991,1.080743
2228,991,0.714032
2185,992,4.529668
2186,992,2.167753
2187,992,1.938265
2188,992,1.555038
2189,992,1.435952
2190,992,1.263014
2191,992,0.453297
2192,992,0.422047
2193,992,1.329269
2198,992,0.563189
2199,992,0.408089
2200,992,0.423537
2201,992,0.423816
2202,992,0.423816
2203,992,0.414191
2204,992,0.472012
2205,992,0.477446
2206,992,0.459951
2207,992,0.024035
2208,992,0.368474
2209,992,0.01772
2210,992,0.11859
2211,992,0.48447
2212,992,0.450523
2220,992,0.370685
2221,992,0.425149
2222,992,0.822985
2223,992,2.651947
2224,992,3.209422
2225,992,0.849889
2226,992,2.118817
2227,992,1.070839
2228,992,1.328501
2185,993,2.652737
2186,993,0.779841
2187,993,0.573449
2188,993,0.236232
2189,993,0.219275
2190,993,1.107335
2191,993,1.154253
2192,993,1.016321
2193,993,1.524191
2198,993,1.226959
2199,993,0.572352
2200,993,0.3131
2201,993,0.213181
2202,993,0.213181
2203,993,0.211156
2204,993,0.225728
2205,993,0.15959
2206,993,0.200535
2207,993,0.218971
2208,993,0.207244
2209,993,0.307903
2210,993,0.130242
2211,993,0.485733
2212,993,0.498383
2222,993,0.053642
2223,993,2.061688
2224,993,1.356673
2225,993,3.202869
2226,993,0.262429
2227,993,0.81426
2228,993,1.336685
2230,993,23.53301
2189,994,0.237899
2198,994,0.547475
2199,994,0.37293
2200,994,0.370127
2201,994,0.375511
2202,994,0.611401
2203,994,0.604384
2204,994,0.604384
2205,994,0.666621
2206,994,0.588063
2207,994,0.78367
2208,994,0.781225
2209,994,0.805723
2210,994,0.807608
2211,994,0.560236
2212,994,0.393025
2215,994,0.567089
2216,994,0.668779
2217,994,1.215824
2218,994,0.639217
2219,994,0.513758
2220,994,0.438988
2222,994,0.150475
2223,994,1.831062
2224,994,1.639736
2225,994,2.594144
2226,994,0.331234
2227,994,0.742415
2228,994,1.326013
2230,994,27.206753
2185,995,4.370458
2186,995,0.557045
2187,995,0.445556
2188,995,0.412855
2189,995,0.215864
2190,995,0.216003
2191,995,0.216852
2192,995,0.22014
2193,995,0.361733
2197,995,0.392417
2198,995,0.34565
2199,995,0.767327
2200,995,0.318399
2201,995,0.318399
2202,995,0.392379
2203,995,0.409
2204,995,0.453566
2205,995,0.433198
2206,995,0.433343
2207,995,0.50464
2208,995,0.502728
2209,995,0.500819
2210,995,0.78002
2211,995,1.037927
2212,995,1.686387
2215,995,0.542216
2216,995,0.448691
2217,995,0.572163
2218,995,2.61616
2219,995,0.530121
2220,995,0.471536
2221,995,0.253901
2222,995,0.112803
2223,995,5.771127
2224,995,3.298963
2225,995,3.853999
2226,995,0.329693
2227,995,0.747519
2228,995,1.048557
2185,996,1.504688
2186,996,1.240412
2187,996,1.413054
2188,996,0.313812
2189,996,0.313812
2190,996,0.313812
2191,996,0.197896
2192,996,0.304462
2193,996,4.521182
2218,996,0.371559
2219,996,0.429121
2220,996,0.665671
2221,996,0.922153
2222,996,0.956945
2223,996,6.18111
2224,996,3.572712
2225,996,3.257568
2226,996,5.649498
2227,996,1.031613
2228,996,0.719194
2174,997,11.654778
2175,997,3.140521
2176,997,16.472441
2177,997,7.023501
2178,997,0.536551
2179,997,1.085998
2180,997,1.236542
2195,997,3.634936
2196,997,0.39197
2197,997,0.494094
2198,997,0.432103
2199,997,0.369508
2202,997,0.361893
2203,997,0.361893
2204,997,0.351038
2205,997,0.488225
2206,997,0.493708
2207,997,2.965374
2208,997,0.77815
2210,997,0.466479
2212,997,0.99505
2221,997,1.226935
2222,997,0.854299
2223,997,6.521821
2224,997,3.54724
2225,997,3.753524
2226,997,6.162561
2227,997,8.202832
2228,997,3.140713
2173,998,6.699214
2174,998,1.746286
2175,998,0.748416
2176,998,0.67723
2177,998,0.785472
2178,998,0.919629
2179,998,1.634743
2180,998,0.636648
2197,998,0.362844
2198,998,0.336125
2199,998,0.336125
2200,998,0.37058
2210,998,4.29857
2212,998,1.793763
2218,998,2.044227
2219,998,3.142717
2220,998,2.863165
2221,998,4.091687
2223,998,8.519611
2224,998,3.189792
2225,998,4.205204
2226,998,7.54611
2227,998,5.610275
2228,998,19.719931
2175,1000,9.164954
2176,1000,8.806873
2177,1000,12.206291
2178,1000,20.450422
2184,1000,2.950078
2185,1000,0.627291
2186,1000,0.303039
2187,1000,0.279783
2188,1000,0.279783
2189,1000,0.202299
2190,1000,0.228256
2201,1000,0.194017
2202,1000,0.898076
2203,1000,3.669591
2206,1000,0.785964
2207,1000,1.406849
2174,1001,5.63863
2175,1001,9.948566
2176,1001,4.603394
2177,1001,2.61336
2178,1001,2.689571
2184,1001,1.844099
2185,1001,0.299741
2186,1001,0.085013
2187,1001,0.074256
2188,1001,0.074256
2189,1001,0.458469
2190,1001,0.226562
2193,1001,0.692458
2194,1001,1.326766
2199,1001,0.39557
2201,1001,0.293527
2202,1001,3.729852
2203,1001,2.18211
2206,1001,1.96168
2207,1001,1.426375
2209,1001,2.424439
2214,1001,0.262044
2215,1001,0.261692
2216,1001,0.531845
2217,1001,0.748526
2218,1001,1.291211
2219,1001,0.337899
2184,1002,10.384852
2185,1002,1.222308
2186,1002,0.528004
2187,1002,0.61586
2188,1002,0.562544
2189,1002,0.565952
2190,1002,0.563541
2193,1002,0.761689
2194,1002,0.344948
2196,1002,0.764204
2198,1002,2.326697
2213,1002,0.543886
2215,1002,0.605912
2216,1002,3.111835
2217,1002,3.212839
2218,1002,9.968114
2223,1002,0.763179
2228,1002,4.251729
2229,1002,15.533007
2230,1002,17.500479
2231,1002,8.916124
2181,1003,3.124537
2184,1003,2.523597
2185,1003,4.522386
2186,1003,0.554578
2187,1003,0.475149
2188,1003,0.499354
2189,1003,0.438696
2190,1003,2.576414
2193,1003,0.535471
2212,1003,13.899472
2214,1003,7.717277
2215,1003,2.149728
2216,1003,1.012746
2217,1003,1.512143
2218,1003,0.784418
2219,1003,0.590981
2220,1003,1.614225
2221,1003,1.783545
2222,1003,1.257133
2229,1003,20.283314
2181,1004,13.424566
2184,1004,0.914165
2185,1004,0.764717
2186,1004,0.567618
2187,1004,0.448302
2188,1004,0.378163
2189,1004,1.440539
2225,1004,1.260907
2226,1004,1.33662
2229,1004,10.348632
2183,1005,4.980657
2192,1005,0.780806
2217,1005,14.520947
2218,1005,12.108308
2219,1005,0.947858
2222,1005,0.627373
2224,1005,3.243217
2225,1005,7.965032
2226,1005,6.0671
2229,1005,21.783667
2180,1006,1.005367
2181,1006,0.584287
2192,1006,0.97666
2193,1006,1.044297
2216,1006,0.229506
2217,1006,1.316711
2218,1006,8.363408
2219,1006,4.276435
2220,1006,0.610135
2222,1006,1.019386
2224,1006,0.519855
2227,1006,0.563694
2180,1007,4.279715
2181,1007,1.367744
2184,1007,1.326075
2185,1007,0.490516
2186,1007,0.549751
2187,1007,0.436098
2188,1007,0.482532
2192,1007,1.667195
2193,1007,4.420427
2217,1007,2.003533
2218,1007,10.29373
2219,1007,6.377583
2220,1007,23.012493
2222,1007,1.589991
2223,1007,0.48789
2224,1007,0.654181
2225,1007,0.449681
2227,1007,0.422739
2218,1008,21.801891
2219,1008,21.63772
2223,1008,1.187684
2224,1008,0.498871
2225,1008,0.381496
2229,1008,13.133799
2184,1009,1.650868
2185,1009,0.52829
2186,1009,0.412291
2187,1009,0.355727
2188,1009,0.344703
2218,1009,0.645466
2219,1009,0.196599
2223,1009,0.609629
2224,1009,0.61362
2225,1009,0.392041
2227,1009,1.808014
2229,1009,9.509554
2171,1010,7.015862
2178,1010,0.695159
2185,1010,10.189047
2186,1010,1.399529
2187,1010,0.958186
2188,1010,0.407487
2223,1010,0.557879
2224,1010,0.383132
2225,1010,0.344658
2227,1010,4.631035
2229,1010,4.23718
2185,1011,5.777486
2186,1011,4.554659
2187,1011,2.034907
2188,1011,1.963719
2219,1011,0.877578
2220,1011,0.390135
2221,1011,0.372145
2223,1011,0.495932
2224,1011,0.344658
2227,1011,5.906694
2229,1011,5.444946
2188,1012,5.960781
2219,1012,2.400605
2220,1012,0.874594
2221,1012,0.315901
2223,1012,0.383766
2224,1012,0.40837
2227,1012,10.020252
2229,1012,3.204535
2218,1013,13.928926
2219,1013,2.774597
2220,1013,0.8572
2221,1013,0.313569
2223,1013,0.38417
2224,1013,0.511456
2229,1013,3.141368
2218,1014,9.886659
2219,1014,5.697089
2220,1014,1.365306
2221,1014,0.290076
2223,1014,0.515241
2224,1014,0.472398
2229,1014,3.141368
2219,1015,2.535007
2220,1015,1.801739
2221,1015,0.285782
2223,1015,0.489261
2224,1015,0.455127
2229,1015,3.124736
2218,1016,10.551427
2219,1016,4.819106
2220,1016,1.742769
2221,1016,0.275928
2223,1016,0.304887
2224,1016,0.440043
2229,1016,2.321679
2184,1017,4.871161
2185,1017,1.727079
2218,1017,10.762627
2219,1017,6.458275
2220,1017,1.767485
2221,1017,0.286383
2223,1017,0.179012
2224,1017,0.161262
2229,1017,2.106767
2184,1018,8.553856
2185,1018,3.170268
2186,1018,0.752164
2187,1018,0.811516
2218,1018,10.275727
2219,1018,4.559121
2220,1018,1.758777
2223,1018,0.177461
2224,1018,0.161262
2229,1018,2.330755
2218,1019,24.492451
2219,1019,5.836325
2220,1019,3.413326
2223,1019,0.443932
2224,1019,0.160657
2219,1020,20.629738
2220,1020,1.640968
2221,1020,2.732779
2223,1020,0.158846
2224,1020,0.141312
2219,1021,11.093644
2220,1021,2.885951
2221,1021,2.481268
2219,1022,13.637311
2220,1022,6.552785
2221,1022,7.307829
2220,1023,4.731975
2221,1023,8.493935
2189,1024,4.242445
2219,1024,10.928782
2220,1024,4.006022
2221,1024,0.529173
2223,1024,6.900958
2224,1024,8.030762
2225,1024,18.922853
2226,1024,9.566439
2229,1024,28.125277
2188,1025,2.833123
2189,1025,4.275073
2219,1025,10.330942
2220,1025,5.425689
2221,1025,5.10615
2223,1025,1.812986
2224,1025,0.356567
2225,1025,0.255822
2228,1025,7.975664
2189,1026,1.343241
2219,1026,10.461206
2220,1026,1.775352
2221,1026,0.388076
2188,1027,0.458887
2189,1027,0.463793
2219,1027,11.336676
2220,1027,1.890396
2221,1027,9.412546
2224,1027,11.326849
2225,1027,13.181645
2226,1027,7.825549
2187,1028,25.59194
2218,1028,18.434797
2219,1028,10.032333
2220,1028,6.526601
2221,1028,7.674082
2223,1028,12.435218
2227,1028,16.422028
2187,1029,25.28404
2218,1029,19.773346
2219,1029,22.722733
2220,1029,6.63361
2221,1029,6.921172
2187,1030,11.393207
2218,1030,24.25729
2219,1030,17.176727
2220,1030,15.851293
2221,1030,5.740631
2187,1031,5.878424
2218,1031,24.787312
2219,1031,18.602337
2220,1031,7.208554
2221,1031,6.893859
2179,1032,12.92803
2180,1032,5.466332
2181,1032,6.384378
2182,1032,10.746661
2183,1032,5.270973
2184,1032,2.915647
2185,1032,12.51024
2186,1032,3.177971
2187,1032,1.210307
2218,1032,27.018827
2219,1032,10.642257
2220,1032,12.314219
2179,1033,11.979615
2181,1033,16.574005
2182,1033,5.430901
2183,1033,6.058798
2184,1033,1.083734
2185,1033,2.107779
2186,1033,0.74135
2187,1033,0.598418
2218,1033,27.146648
2219,1033,10.600094
2220,1033,9.631973
2222,1033,7.712526
2223,1033,7.456748
2224,1033,5.844188
2225,1033,0.873706
2182,1034,13.479225
2183,1034,19.098577
2184,1034,0.62192
2185,1034,0.76289
2186,1034,0.489004
2219,1034,20.634928
2220,1034,17.697598
2224,1034,1.177047
