0,853,0.466156
1,853,0.041237
0,854,6.133027
1,854,4.719758
1,875,0.255243
1,952,17.786299
153,0,15.4093
154,0,4.577933
155,0,7.394879
157,0,3.836641
158,0,7.169993
162,0,2.268367
163,0,1.582745
181,0,23.237234
153,1,3.353393
154,1,2.000143
155,1,5.227029
157,1,6.499877
165,1,0.959872
186,1,26.019665
153,2,16.900335
154,2,3.726144
171,2,4.536697
1,1057,0.96273
1,1058,1.974094
1,1059,3.098236
1,1060,4.653054
1,1061,1.367342
1,1062,5.895194
1,1063,8.212416
1,1064,10.82084
1,1065,0.617991
0,1072,0.605843
1,1072,6.420894
1,1085,0.280916
1,1086,0.895506
1,1087,0.731027
1,1088,0.643128
8,141,9.621917
1,1089,0.478326
10,142,11.123133
11,142,15.401619
13,142,20.629122
11,143,15.197917
12,143,8.946465
13,143,16.701551
13,144,6.357468
14,144,2.413825
0,762,0.048741
1,762,0.062458
0,763,0.007663
1,763,4.148602
0,764,1.211044
1,764,6.582341
0,765,5.218416
1,765,6.45346
0,766,4.127705
0,767,6.152581
0,768,4.245502
1,768,7.353505
0,769,4.460748
1,769,5.439802
0,770,0.728386
1,770,3.991929
0,771,0.268769
1,771,1.571729
0,772,0.268769
1,772,1.417166
0,773,0.387895
1,773,0.934585
0,774,0.103774
1,774,0.358108
0,775,0.121951
1,775,0.348657
0,776,0.089344
1,776,0.254236
0,777,0.997109
1,777,7.515315
0,778,3.424528
1,778,7.609727
0,779,4.813263
1,779,7.205394
0,780,2.748945
1,780,7.79721
0,781,2.810717
1,781,8.812512
0,782,3.095907
1,782,9.287071
0,783,5.903517
1,783,12.320501
0,784,0.154017
1,784,13.384371
0,785,0.341431
1,785,0.230201
0,786,2.166861
1,786,0.985646
0,787,10.496726
1,787,9.573219
0,788,29.901735
15,182,2.791534
16,182,0.174438
14,183,7.968048
15,183,1.578903
10,186,17.364655
11,186,18.325729
8,196,19.673294
9,196,25.781393
10,196,10.506742
