107,1167,0.256128
112,1167,0.378014
106,1168,3.314317
101,1179,7.807237
102,1179,18.895041
104,1179,5.847077
106,1179,6.341182
107,1179,11.471464
108,1179,10.119202
109,1179,18.469202
110,1179,12.612016
111,1179,24.503578
115,1179,6.348365
95,1180,16.225248
98,1180,6.134549
99,1180,7.720808
100,1180,7.970738
101,1180,4.030937
102,1180,12.264631
103,1180,4.512863
106,1180,7.254317
107,1180,4.189613
108,1180,1.099432
109,1180,1.452834
110,1180,3.047845
111,1180,4.578612
115,1180,0.479447
116,1180,0.318534
94,1181,9.858169
95,1181,16.594645
96,1181,13.453796
101,1181,0.520775
102,1181,0.62519
103,1181,1.215399
104,1181,1.671366
124,1183,7.802055
127,1183,20.613489
128,1183,15.557986
129,1183,6.372671
126,1184,5.678326
127,1184,13.265472
98,1185,26.670702
93,1186,8.528661
94,1186,10.377217
95,1186,17.669807
96,1186,26.480482
98,1186,10.780971
94,1187,4.786672
95,1187,10.331415
93,1188,22.544527
94,1188,4.165156
108,1188,7.442365
110,1188,19.439085
124,1188,21.011925
125,1188,27.374968
94,1189,3.663809
94,1190,6.407817
98,1190,6.863844
98,1191,10.881127
130,1192,8.714013
95,1194,26.362106
99,1197,4.323351
99,1198,0.77117
122,1198,13.573053
99,1199,4.794734
98,1200,17.984617
79,1201,6.977568
80,1201,5.958093
81,1201,7.218524
82,1201,8.900112
83,1201,17.753855
94,1201,16.041265
83,1202,10.529389
84,1202,11.596943
92,1202,10.985024
93,1202,10.30419
121,1203,10.315845
120,1204,12.095409
121,1204,9.356236
122,1204,12.114791
103,1207,14.345961
3,1208,28.21681
29,1209,16.20587
98,1210,2.982745
99,1210,2.382711
100,1210,2.382711
101,1210,2.895268
102,1210,2.962411
103,1210,2.962411
104,1210,10.770222
108,1210,2.797414
109,1210,3.600271
116,1210,6.904791
117,1210,2.831708
118,1210,5.281935
99,1211,3.094785
100,1211,3.317702
101,1211,1.299947
102,1211,1.299947
103,1211,4.091556
104,1211,12.70467
106,1211,2.998303
116,1211,6.631831
117,1211,15.059051
118,1211,1.169577
119,1211,1.166787
120,1211,1.183548
122,1211,2.153539
123,1211,1.960634
124,1211,1.960634
125,1211,2.383525
126,1211,2.35043
127,1211,18.106497
128,1211,1.274566
129,1211,14.894928
98,1212,2.592086
99,1212,2.619
100,1212,3.635407
101,1212,2.425726
102,1212,3.901226
103,1212,3.056891
104,1212,3.688547
107,1212,3.005679
108,1212,3.005679
109,1212,3.005679
110,1212,2.85006
123,1212,9.277929
124,1212,1.224517
125,1212,1.224517
126,1212,1.681867
127,1212,1.681867
128,1212,1.681867
129,1212,2.43176
97,1213,2.810964
98,1213,4.721374
99,1213,1.244135
100,1213,0.989463
101,1213,0.547878
102,1213,2.256433
103,1213,1.683446
104,1213,3.52225
123,1213,2.945261
124,1213,16.815849
125,1213,2.270287
126,1213,2.973888
127,1213,0.553525
128,1213,1.016476
129,1213,3.241846
130,1213,0.553086
131,1213,1.491047
132,1213,0.941323
133,1213,0.749695
116,1214,3.460468
117,1214,4.796834
118,1214,3.821781
119,1214,3.800023
122,1214,6.196193
123,1214,1.212698
124,1214,23.854942
126,1214,8.461164
127,1214,23.183317
128,1214,2.809134
129,1214,1.305377
130,1214,0.112132
131,1214,0.424128
132,1214,0.284875
133,1214,3.474009
128,1215,3.035024
129,1215,6.087474
130,1215,0.409835
131,1215,2.00229
132,1215,3.338439
126,1216,2.383525
127,1216,1.883032
128,1216,7.364431
129,1216,0.094924
130,1216,1.850854
131,1216,0.915481
132,1216,1.348512
133,1216,15.269882
126,1217,1.2273
127,1217,8.833348
128,1217,7.491642
129,1217,12.710748
130,1217,3.548861
131,1217,9.874565
0,1220,7.498609
1,1221,15.493476
126,1223,15.367682
127,1223,15.604845
128,1223,15.599581
129,1223,9.22317
130,1223,10.038269
131,1223,16.045008
116,1226,14.11565
117,1226,17.409782
118,1226,14.825132
117,1230,27.36657
118,1230,18.555662
119,1230,15.302385
120,1230,18.056931
2,1231,11.766209
3,1231,5.380065
2,1232,5.970075
3,1232,3.49185
4,1232,6.644406
5,1233,7.733604
6,1233,11.400568
92,1235,2.600693
93,1235,4.150054
105,1236,9.196651
106,1236,1.586054
107,1236,15.116095
110,1236,13.359745
71,1237,1.848966
71,1238,1.972177
132,1238,4.81812
132,1239,4.700659
101,1240,5.205366
102,1240,16.633362
99,1241,4.035713
100,1241,3.194268
101,1241,26.257803
50,1242,28.701443
98,1242,6.516201
99,1242,1.840914
100,1242,3.268051
101,1242,7.331857
50,1243,29.477663
51,1243,28.789391
99,1243,1.091188
100,1243,6.361772
101,1243,4.97793
3,1244,14.193887
4,1244,4.075652
5,1244,8.190081
6,1244,14.075934
71,1244,27.124863
98,1244,6.565879
99,1244,1.047102
100,1244,2.204324
101,1244,4.8071
102,1244,1.701571
103,1244,3.434426
105,1244,22.922979
5,1245,10.271999
6,1245,9.970088
57,1245,27.0285
98,1245,3.701475
99,1245,0.672231
100,1245,1.552419
101,1245,4.855844
102,1245,1.681707
103,1245,6.064129
104,1245,15.178604
98,1246,3.140536
99,1246,0.708934
100,1246,1.172916
101,1246,5.556615
102,1246,0.989355
103,1246,12.982356
104,1246,4.995629
61,1247,6.331391
63,1247,7.889279
98,1247,2.085974
99,1247,0.874744
100,1247,0.486572
101,1247,3.952945
102,1247,0.989355
103,1247,2.233099
104,1247,5.886053
61,1248,1.897408
62,1248,5.311423
98,1248,3.98606
99,1248,1.172248
100,1248,0.534389
101,1248,3.748372
102,1248,0.49717
103,1248,1.143708
59,1249,3.624732
60,1249,1.489871
61,1249,2.879031
62,1249,1.369107
98,1249,7.346033
99,1249,1.626028
100,1249,0.500511
101,1249,5.055773
102,1249,0.375732
103,1249,0.478488
61,1250,4.422259
62,1250,0.167542
99,1250,4.352132
100,1250,0.546012
101,1250,2.725147
102,1250,2.021581
103,1250,0.900371
62,1251,0.516104
100,1251,1.381003
101,1251,2.933403
102,1251,6.193073
103,1251,1.69696
100,1252,0.806881
101,1252,0.884754
102,1252,3.381628
103,1252,2.401249
104,1252,1.104979
99,1253,2.911331
100,1253,0.792401
101,1253,2.649318
102,1253,2.960638
103,1253,5.004942
104,1253,5.825858
4,1254,4.296135
5,1254,2.989442
6,1254,10.425417
86,1254,5.123035
99,1254,10.659396
101,1254,2.28299
102,1254,1.312148
103,1254,2.213219
104,1254,8.077676
0,1255,7.665179
1,1255,3.406366
3,1255,4.647846
4,1255,5.417627
5,1255,6.499613
6,1255,1.290823
63,1255,0.961004
64,1255,2.525422
65,1255,2.740287
101,1255,7.530862
102,1255,12.040775
64,1256,1.480373
103,1256,6.842829
104,1256,1.842438
64,1257,3.971353
65,1257,1.09301
34,1258,15.690187
35,1258,8.947331
36,1258,9.377819
37,1258,4.237508
64,1258,1.461635
40,1259,3.503356
64,1259,4.226715
25,1261,1.601417
57,1262,18.306139
60,1262,8.05675
25,1263,1.795036
55,1263,0.461431
56,1263,0.082192
60,1263,29.106209
45,1264,0.337771
54,1264,0.082192
55,1264,0.191383
56,1264,0.143872
57,1264,0.324505
81,1266,5.697657
82,1266,9.430068
83,1266,16.311121
84,1266,18.060869
26,1267,3.87707
70,1267,28.230528
71,1267,11.161861
72,1267,8.300058
73,1267,10.361726
74,1267,6.307407
75,1267,7.863289
76,1267,5.664794
77,1267,5.920293
78,1267,6.472056
79,1267,8.711111
80,1267,5.95377
81,1267,4.993589
82,1267,5.17012
83,1267,5.906081
84,1267,8.250545
26,1268,3.108137
27,1268,1.048491
32,1268,9.679916
33,1268,7.222571
27,1269,0.721577
32,1269,3.278653
33,1269,2.884716
34,1269,3.757238
35,1269,4.815158
36,1269,6.495258
37,1269,6.293674
38,1269,6.328897
39,1269,6.103177
40,1269,5.674027
41,1269,5.735626
42,1269,7.978605
95,1269,13.09081
97,1269,8.603995
98,1269,5.654056
99,1269,5.775979
100,1269,6.049103
102,1269,16.168732
103,1269,8.782661
104,1269,10.902083
105,1269,13.959133
106,1269,15.844898
109,1269,24.06192
27,1270,1.082912
70,1270,26.800089
26,1271,1.19785
27,1271,1.484458
62,1271,2.119197
68,1271,1.218184
69,1271,0.965838
70,1271,0.672097
71,1271,0.496291
81,1271,2.034738
82,1271,2.034738
83,1271,2.195587
84,1271,3.255152
85,1271,4.841731
86,1271,1.532739
87,1271,1.419768
4,1272,1.207124
5,1272,1.733204
26,1272,0.967087
27,1272,1.63607
62,1272,2.033633
87,1272,9.351452
92,1272,5.799017
93,1272,1.209497
94,1272,1.83694
95,1272,1.532739
26,1273,1.183143
27,1273,1.436305
62,1273,2.033633
27,1274,1.211272
62,1274,1.69171
6,1275,16.143158
26,1275,1.954267
27,1275,1.271326
62,1275,1.69171
79,1275,16.924129
6,1276,7.484713
7,1276,0.625855
26,1276,0.844662
27,1276,1.789234
62,1276,1.558787
74,1276,7.970984
75,1276,7.575206
76,1276,4.746647
77,1276,5.50785
78,1276,5.528813
79,1276,11.39062
80,1276,12.274625
81,1276,12.247015
82,1276,13.962722
83,1276,12.2277
84,1276,12.25732
85,1276,10.876059
118,1276,13.943991
119,1276,4.870486
120,1276,6.260386
121,1276,6.461643
122,1276,8.023455
123,1276,9.802772
124,1276,4.82486
125,1276,4.441981
127,1276,4.025284
6,1277,12.571557
7,1277,22.606802
26,1277,0.335767
30,1277,8.202697
31,1277,19.000546
32,1277,9.780546
33,1277,8.591784
34,1277,10.266861
35,1277,9.298704
36,1277,9.538421
37,1277,9.544029
38,1277,13.330066
74,1277,3.470093
75,1277,2.100985
76,1277,2.129498
77,1277,2.065641
78,1277,1.910951
79,1277,1.85501
80,1277,3.203633
81,1277,1.918467
82,1277,2.899519
83,1277,1.050609
84,1277,1.138316
85,1277,4.369281
86,1277,6.077053
5,1278,16.500134
6,1278,10.152348
7,1278,26.09141
26,1278,1.2628
29,1278,15.942262
32,1278,6.615451
33,1278,3.535179
34,1278,3.349296
35,1278,5.403833
36,1278,5.558598
37,1278,3.21711
38,1278,5.422348
39,1278,3.552636
40,1278,3.395029
41,1278,5.015235
42,1278,6.38652
43,1278,6.608466
73,1278,8.243927
74,1278,4.659284
75,1278,4.028771
76,1278,3.571502
77,1278,5.359466
78,1278,4.811785
79,1278,3.99928
80,1278,4.466298
81,1278,4.872483
82,1278,5.099816
83,1278,4.828258
84,1278,5.882206
85,1278,5.207847
86,1278,12.873694
95,1278,8.773833
101,1278,6.541538
102,1278,6.40307
103,1278,4.359212
104,1278,4.359212
105,1278,4.395961
106,1278,4.543079
107,1278,5.121645
108,1278,5.602695
109,1278,5.498532
110,1278,5.508316
111,1278,5.131013
3,1279,26.217026
5,1279,9.493803
6,1279,6.358642
7,1279,29.70175
38,1279,0.715989
39,1279,0.755269
40,1279,0.663004
41,1279,0.883282
42,1279,2.242635
43,1279,2.00628
44,1279,7.356448
94,1279,2.242978
95,1279,4.273211
96,1279,4.722167
97,1279,1.925946
98,1279,1.659445
99,1279,2.387864
100,1279,2.359009
101,1279,2.388102
102,1279,9.674198
103,1279,2.576563
104,1279,2.102108
105,1279,2.123539
106,1279,2.094134
107,1279,2.025276
108,1279,2.073996
109,1279,2.148455
110,1279,2.169886
111,1279,3.004007
112,1279,6.004203
5,1280,4.380227
6,1280,23.011026
41,1280,0.301263
42,1280,0.582775
43,1280,3.099166
65,1280,17.322649
93,1280,5.212688
94,1280,4.703104
95,1280,2.821688
96,1280,3.655925
97,1280,4.742512
98,1280,3.31989
99,1280,3.890444
100,1280,2.90437
101,1280,2.834244
102,1280,2.369995
103,1280,2.654411
104,1280,2.660861
105,1280,2.792717
106,1280,2.801425
107,1280,2.933281
108,1280,3.090604
109,1280,3.253942
110,1280,3.302186
111,1280,4.106302
112,1280,5.261018
0,1281,26.167761
2,1281,10.157224
3,1281,9.725322
4,1281,8.23343
5,1281,2.101477
6,1281,27.263721
56,1281,29.266932
57,1281,25.850142
65,1281,8.187877
66,1281,11.534387
67,1281,2.846677
68,1281,2.093379
69,1281,3.825121
72,1281,1.506277
73,1281,0.534772
74,1281,0.534772
75,1281,0.456913
76,1281,0.52473
77,1281,0.711802
78,1281,0.611282
79,1281,0.533318
80,1281,0.529556
81,1281,0.552214
82,1281,0.541939
83,1281,0.541939
84,1281,1.078506
85,1281,0.843505
86,1281,1.316223
0,1282,28.085741
1,1282,7.182815
2,1282,2.511629
3,1282,3.104569
4,1282,7.012653
5,1282,13.866465
6,1282,22.032049
56,1282,23.665695
64,1282,6.267427
65,1282,2.469274
66,1282,1.370925
67,1282,1.173239
68,1282,1.912287
69,1282,3.540739
0,1283,8.440848
2,1283,19.744026
3,1283,12.23716
4,1283,2.044492
6,1283,29.9755
55,1283,17.370975
56,1283,21.925165
57,1283,25.270157
64,1283,4.430991
65,1283,1.813397
66,1283,1.085023
67,1283,1.046561
68,1283,1.428941
69,1283,2.649219
94,1283,2.397658
95,1283,2.397658
96,1283,2.640163
97,1283,2.403533
98,1283,2.403533
99,1283,3.958044
100,1283,3.958044
101,1283,3.958044
104,1283,4.818085
105,1283,8.783632
106,1283,9.48195
107,1283,9.48195
108,1283,9.48195
109,1283,9.48195
110,1283,2.661196
111,1283,2.29974
112,1283,2.721479
113,1283,9.545484
115,1283,2.719862
116,1283,2.722803
117,1283,2.470234
4,1284,2.031902
5,1284,26.803194
56,1284,13.621687
57,1284,9.497086
6,1285,13.921465
43,1285,7.537625
44,1285,6.233905
45,1285,16.324696
57,1285,24.790829
68,1285,1.203503
69,1285,1.036747
70,1285,2.185184
71,1285,3.006251
72,1285,3.277962
73,1285,3.370176
74,1285,3.350604
95,1285,3.548791
96,1285,14.373479
97,1285,2.390811
98,1285,2.390811
99,1285,3.936974
43,1286,5.666739
44,1286,5.306787
45,1286,5.761452
46,1286,14.466975
58,1286,0.666953
68,1286,1.404822
69,1286,1.037088
70,1286,1.654745
71,1286,2.015709
72,1286,2.234019
73,1286,2.238383
74,1286,2.124341
83,1286,4.031053
84,1286,8.604097
95,1286,2.3003
96,1286,3.4014
97,1286,4.841698
98,1286,4.841698
99,1286,4.826149
43,1287,6.864586
44,1287,2.653406
45,1287,3.794399
68,1287,2.595068
69,1287,1.439151
70,1287,1.124118
71,1287,1.174677
72,1287,1.306596
73,1287,1.130193
74,1287,1.524973
75,1287,2.287951
76,1287,2.442927
77,1287,2.553987
78,1287,2.870014
79,1287,2.869161
80,1287,2.891222
81,1287,2.452795
82,1287,2.324224
83,1287,2.787969
84,1287,3.827444
85,1287,6.191278
112,1287,17.448883
113,1287,6.37065
114,1287,7.447502
115,1287,8.300072
116,1287,25.536135
117,1287,20.481628
43,1288,3.033319
44,1288,1.708994
45,1288,2.018047
68,1288,1.387755
69,1288,1.193039
70,1288,0.915766
71,1288,1.188722
72,1288,1.765775
73,1288,1.106231
74,1288,1.105118
75,1288,1.923714
76,1288,1.951382
77,1288,1.904169
78,1288,1.690391
79,1288,2.180942
80,1288,2.516386
81,1288,6.850766
82,1288,6.868733
83,1288,8.243044
84,1288,13.745638
85,1288,12.01422
86,1288,10.414905
95,1288,28.472687
96,1288,21.513081
97,1288,8.356888
98,1288,12.630024
99,1288,9.150878
100,1288,9.65775
101,1288,11.225301
102,1288,12.736213
103,1288,13.519803
104,1288,13.501189
105,1288,13.51611
106,1288,14.208662
107,1288,12.537917
108,1288,13.292939
112,1288,8.10438
113,1288,9.412459
114,1288,4.271536
115,1288,4.031131
116,1288,4.123375
117,1288,4.856208
118,1288,3.417128
119,1288,3.14268
120,1288,3.465017
121,1288,3.384023
122,1288,2.983664
123,1288,3.069959
124,1288,2.637246
125,1288,2.524821
126,1288,2.405347
43,1289,2.590683
44,1289,2.734678
45,1289,1.799251
68,1289,1.832279
69,1289,1.067059
70,1289,1.032224
95,1289,15.666301
96,1289,7.73567
97,1289,9.653103
98,1289,10.376426
99,1289,7.391559
100,1289,6.476179
101,1289,6.4746
102,1289,7.043261
103,1289,6.90851
104,1289,6.996986
105,1289,7.088348
106,1289,7.184144
107,1289,15.897166
108,1289,7.626723
33,1290,14.828372
43,1290,2.445734
44,1290,2.838441
45,1290,1.906638
62,1290,2.826173
63,1290,1.316952
64,1290,2.20784
65,1290,2.075722
66,1290,2.213265
67,1290,1.824521
68,1290,2.546618
69,1290,3.797456
70,1290,1.054188
71,1290,1.130773
72,1290,1.261276
73,1290,1.173265
74,1290,1.328688
85,1290,2.126338
86,1290,5.230947
95,1290,3.252424
96,1290,3.057194
97,1290,3.281132
98,1290,3.381082
99,1290,4.89744
100,1290,5.213732
101,1290,4.1451
102,1290,5.071314
103,1290,5.250155
104,1290,4.984722
105,1290,4.651146
106,1290,5.292298
107,1290,3.575862
108,1290,4.000847
34,1291,10.554894
35,1291,20.83897
43,1291,4.734393
44,1291,2.424839
45,1291,2.207856
62,1291,2.869547
63,1291,1.089434
64,1291,1.39045
65,1291,2.747401
66,1291,2.564993
67,1291,1.752232
68,1291,2.108505
69,1291,1.709413
70,1291,1.582207
71,1291,1.977429
72,1291,1.602541
73,1291,1.672409
74,1291,1.832854
86,1291,2.132269
94,1291,3.383717
95,1291,2.556314
96,1291,2.38768
97,1291,2.38965
98,1291,2.470043
99,1291,2.489006
100,1291,2.489006
101,1291,2.39626
102,1291,1.794382
103,1291,1.794382
104,1291,1.748186
105,1291,2.669348
106,1291,2.443969
107,1291,2.432451
108,1291,3.729096
128,1291,2.69063
32,1292,20.212471
33,1292,9.25089
34,1292,7.58348
35,1292,11.465364
43,1292,2.516322
44,1292,2.076933
45,1292,1.339178
60,1292,17.686037
62,1292,0.704302
63,1292,1.373621
64,1292,1.610075
65,1292,1.822605
86,1292,0.973765
93,1292,5.039809
94,1292,5.231289
95,1292,3.303591
96,1292,3.266405
97,1292,3.303591
98,1292,3.303508
99,1292,3.321521
100,1292,3.32477
101,1292,3.330614
102,1292,3.389574
103,1292,3.357013
104,1292,3.273616
105,1292,3.26376
106,1292,3.350738
107,1292,2.98962
108,1292,3.583184
32,1293,10.473586
33,1293,14.022462
34,1293,5.793273
35,1293,11.036925
43,1293,3.808338
44,1293,1.660244
45,1293,1.63777
56,1293,3.090889
57,1293,3.82113
58,1293,1.181828
59,1293,1.099326
60,1293,0.748731
65,1293,1.526839
86,1293,1.143172
32,1294,8.434284
33,1294,7.056837
34,1294,5.604996
35,1294,10.781978
43,1294,1.851151
44,1294,1.863503
45,1294,1.858564
56,1294,2.62091
57,1294,2.636528
58,1294,2.492238
59,1294,1.403517
60,1294,1.633396
32,1295,6.501889
33,1295,5.717591
34,1295,4.178043
35,1295,6.536475
36,1295,12.618458
37,1295,16.999575
38,1295,13.186694
39,1295,12.773265
40,1295,10.901461
115,1295,4.989098
116,1295,5.747739
33,1296,10.283359
34,1296,4.052483
35,1296,5.139866
36,1296,6.202473
37,1296,7.01826
38,1296,11.364582
39,1296,7.581136
40,1296,10.610937
116,1296,4.565833
117,1296,5.654171
118,1296,3.686552
119,1296,5.341774
120,1296,7.212531
121,1296,7.587837
122,1296,27.13171
32,1297,5.684685
33,1297,11.674911
34,1297,11.875917
35,1297,10.193405
36,1297,10.701981
37,1297,20.146517
38,1297,21.641626
39,1297,11.056646
40,1297,15.992621
41,1297,11.694182
42,1297,19.16758
64,1297,1.798535
65,1297,1.431535
66,1297,1.370502
67,1297,1.370502
68,1297,1.364152
69,1297,1.510221
81,1297,2.629421
82,1297,3.838305
83,1297,7.045336
119,1297,3.132907
120,1297,5.206279
121,1297,3.221618
122,1297,3.8041
123,1297,3.747576
124,1297,3.990078
125,1297,2.168648
35,1298,15.641635
36,1298,12.090782
37,1298,18.920059
38,1298,17.771065
39,1298,7.90352
40,1298,29.580053
41,1298,28.802402
42,1298,11.003764
43,1298,13.784294
64,1298,4.228279
65,1298,9.969103
66,1298,10.988045
67,1298,13.367905
68,1298,20.442253
69,1298,18.830101
70,1298,15.450491
71,1298,13.810925
72,1298,14.622507
73,1298,17.595478
74,1298,12.911523
75,1298,11.246766
76,1298,13.860575
77,1298,6.43219
78,1298,8.23557
79,1298,15.357683
80,1298,16.862888
81,1298,22.636877
35,1299,25.377792
36,1299,20.8475
37,1299,24.972202
38,1299,27.007084
64,1299,18.758051
65,1299,22.550446
66,1299,19.106775
67,1299,17.75565
75,1299,28.349207
77,1299,20.398973
78,1299,20.043747
79,1299,13.45823
80,1299,25.099239
128,1299,1.743641
106,1300,5.637208
128,1300,2.045888
55,1309,3.992523
51,1310,2.463471
52,1310,1.399375
80,1310,11.682332
52,1311,0.905522
53,1311,0.934435
54,1311,2.312589
55,1311,0.934435
56,1311,4.244633
80,1311,16.772598
53,1312,0.6588
54,1312,0.315992
55,1312,0.943916
56,1312,0.894017
57,1312,12.032623
58,1312,0.668574
59,1312,26.023693
56,1313,0.309752
57,1313,0.295722
58,1313,15.646674
59,1313,8.20697
60,1313,13.689325
62,1313,3.501856
63,1313,5.655046
68,1313,4.790847
57,1314,3.703593
58,1314,3.931073
59,1314,0.292932
65,1314,2.501442
66,1314,2.446248
67,1314,6.144733
69,1314,2.560488
62,1315,5.765256
63,1315,2.219482
64,1315,2.247643
69,1315,10.110402
64,1316,4.325952
68,1316,5.866593
115,1323,6.91433
116,1323,5.867883
117,1323,6.063869
118,1323,7.924138
107,1354,1.198376
108,1354,1.135174
70,1355,25.931015
107,1355,2.824642
108,1355,1.243654
109,1355,0.356122
69,1356,28.879152
70,1356,13.501534
71,1356,16.443502
72,1356,16.370228
73,1356,11.821884
107,1356,16.263731
108,1356,1.31392
109,1356,0.299593
110,1356,0.291389
111,1356,0.575233
63,1357,27.514982
64,1357,21.800808
65,1357,16.878588
66,1357,21.849669
67,1357,17.723812
68,1357,17.150608
72,1357,8.555523
73,1357,1.202597
74,1357,0.276371
75,1357,0.459066
103,1357,27.958887
104,1357,19.337605
105,1357,29.192616
55,1358,28.866125
57,1358,19.337248
58,1358,27.667334
59,1358,22.393446
61,1358,23.033436
62,1358,20.216858
63,1358,16.445316
64,1358,13.217303
65,1358,10.700037
66,1358,12.274873
67,1358,14.734065
72,1358,5.233936
73,1358,2.73254
74,1358,1.304679
75,1358,0.608832
76,1358,0.60343
77,1358,2.417774
100,1358,15.137488
102,1358,4.68455
103,1358,29.221977
104,1358,15.726017
105,1358,15.37813
106,1358,20.383497
108,1358,21.552332
109,1358,23.992138
110,1358,23.079876
112,1358,27.522179
55,1359,7.025401
56,1359,13.377185
57,1359,6.370098
58,1359,5.153156
59,1359,19.79064
60,1359,29.317869
61,1359,15.558746
62,1359,9.446822
63,1359,7.254579
64,1359,6.663685
65,1359,6.848102
66,1359,14.823267
67,1359,21.219803
73,1359,5.474938
74,1359,2.687484
75,1359,1.227094
76,1359,0.566447
77,1359,0.734068
78,1359,5.620538
101,1359,21.322718
102,1359,14.333231
103,1359,8.598701
104,1359,6.428591
105,1359,5.032528
106,1359,5.963376
107,1359,8.531355
108,1359,8.679433
109,1359,11.219351
110,1359,12.314461
111,1359,17.51922
112,1359,13.503009
53,1360,21.797796
54,1360,5.419145
55,1360,4.458972
56,1360,3.227929
57,1360,3.052086
59,1360,5.756731
60,1360,8.257435
61,1360,4.062148
62,1360,2.195677
63,1360,1.015874
64,1360,7.795544
65,1360,12.687064
66,1360,25.294222
102,1360,7.704448
103,1360,8.082366
104,1360,6.422733
105,1360,4.132243
106,1360,7.745708
107,1360,5.038452
108,1360,6.606147
109,1360,6.052015
110,1360,8.151812
111,1360,14.00643
112,1360,14.0306
113,1360,7.377501
114,1360,19.125814
52,1361,2.181609
53,1361,1.664513
54,1361,2.044761
55,1361,3.003805
57,1361,1.894695
58,1361,3.028742
59,1361,1.304471
60,1361,0.312156
61,1361,0.63176
62,1361,0.816981
63,1361,1.620349
64,1361,8.891952
65,1361,23.356094
101,1361,19.04594
102,1361,8.959447
103,1361,4.647648
104,1361,8.512899
105,1361,7.288891
106,1361,6.67478
109,1361,8.833182
110,1361,13.561777
111,1361,10.359043
112,1361,6.909347
113,1361,20.106585
51,1362,1.765821
52,1362,0.931127
53,1362,0.340216
54,1362,0.458178
55,1362,0.284349
56,1362,0.501042
57,1362,1.397137
58,1362,1.773161
59,1362,0.285487
60,1362,0.28306
61,1362,0.726072
62,1362,1.382369
63,1362,2.05797
64,1362,2.292118
103,1362,21.832825
104,1362,7.939734
105,1362,6.346103
106,1362,4.49592
107,1362,7.121013
108,1362,7.147356
109,1362,15.663931
110,1362,17.194477
111,1362,8.89471
112,1362,13.646223
113,1362,15.773556
51,1363,5.717311
52,1363,12.421616
53,1363,6.055079
54,1363,4.8762
55,1363,4.709107
56,1363,2.563482
57,1363,1.955757
58,1363,0.193506
59,1363,0.39435
60,1363,0.380255
61,1363,1.620349
62,1363,2.05797
63,1363,3.150726
64,1363,4.930933
104,1363,7.696098
105,1363,6.206403
106,1363,3.829141
108,1363,12.470161
110,1363,7.253626
111,1363,12.66741
112,1363,22.6304
52,1364,17.052488
53,1364,6.884148
54,1364,7.537873
55,1364,5.029101
56,1364,3.811746
57,1364,0.04697
58,1364,0.04461
59,1364,1.466906
60,1364,2.127574
61,1364,0.525704
62,1364,2.320354
63,1364,3.731282
105,1364,10.33221
106,1364,3.336825
107,1364,6.994329
109,1364,10.87041
110,1364,11.062324
111,1364,10.647117
53,1365,15.129798
54,1365,8.559916
55,1365,15.911849
56,1365,5.135535
57,1365,0.150316
58,1365,0.173319
59,1365,3.588097
60,1365,5.231379
61,1365,3.768516
62,1365,1.085922
63,1365,1.313645
105,1365,19.21829
106,1365,5.017056
107,1365,4.527086
108,1365,3.948453
109,1365,5.21846
110,1365,7.124638
111,1365,17.247856
55,1366,3.683101
56,1366,0.156938
57,1366,0.176165
58,1366,0.182245
59,1366,0.50259
60,1366,18.071918
61,1366,19.229681
105,1366,24.761711
106,1366,5.159674
107,1366,5.89923
108,1366,4.127345
109,1366,5.264831
110,1366,4.989478
111,1366,13.673817
55,1367,21.229204
56,1367,0.203067
57,1367,0.194678
58,1367,0.320986
59,1367,3.0976
60,1367,2.003981
61,1367,3.652779
105,1367,19.379057
106,1367,9.908831
107,1367,8.24997
108,1367,7.77544
109,1367,12.203817
110,1367,11.026988
111,1367,13.780544
57,1368,0.198874
58,1368,0.209268
59,1368,7.100882
60,1368,11.950276
104,1368,28.253677
108,1368,24.221411
110,1368,28.914202
58,1369,0.381779
59,1369,0.545216
75,1369,25.668043
76,1369,29.409254
44,1370,29.567614
74,1370,26.745941
75,1370,24.639956
76,1370,16.43973
45,1371,4.587556
75,1371,22.102053
76,1371,13.174606
93,1371,8.994039
94,1371,4.623508
95,1371,3.766631
96,1371,2.81461
97,1371,2.014972
3,1372,3.831288
4,1372,9.624232
5,1372,6.977382
14,1372,13.428641
44,1372,21.479883
45,1372,5.331658
46,1372,0.245216
76,1372,11.239125
77,1372,5.670022
92,1372,18.578768
93,1372,6.441689
94,1372,4.76363
95,1372,3.095175
96,1372,4.335474
97,1372,13.465218
3,1373,3.074889
4,1373,5.770612
44,1373,16.353569
45,1373,2.967308
46,1373,0.445709
47,1373,0.248006
75,1373,24.751833
76,1373,10.004326
77,1373,19.941031
78,1373,25.347221
79,1373,29.91621
93,1373,1.906809
94,1373,1.087345
95,1373,2.34302
96,1373,2.610492
97,1373,7.301411
2,1374,3.713798
3,1374,3.19418
44,1374,13.684578
45,1374,2.601126
46,1374,0.164347
47,1374,1.300445
48,1374,0.29125
75,1374,18.288549
76,1374,8.783081
77,1374,29.082676
78,1374,26.625774
94,1374,1.238154
0,1375,3.394039
1,1375,2.691693
2,1375,6.783364
6,1375,10.285541
44,1375,14.374083
45,1375,1.460878
46,1375,0.290374
47,1375,0.414347
48,1375,0.467421
49,1375,0.275156
75,1375,2.596085
76,1375,4.443962
77,1375,15.945498
78,1375,27.31069
107,1375,1.514914
108,1375,1.554147
109,1375,1.645237
110,1375,1.805822
111,1375,2.386099
112,1375,19.926163
0,1376,5.729197
1,1376,15.35638
6,1376,12.041883
46,1376,4.302916
47,1376,0.514194
48,1376,0.411376
49,1376,0.722379
50,1376,0.611217
74,1376,15.529497
75,1376,18.807106
76,1376,8.607326
77,1376,16.821266
78,1376,18.87908
108,1376,3.247505
109,1376,3.408953
110,1376,1.545813
5,1377,16.90959
6,1377,9.926991
46,1377,20.124619
49,1377,5.463266
50,1377,4.051309
51,1377,2.79009
75,1377,21.596464
76,1377,12.294263
77,1377,7.252329
78,1377,25.939278
5,1378,25.089563
50,1378,16.979965
51,1378,12.785153
77,1378,10.266832
78,1378,14.318109
1,1379,5.467354
2,1379,4.721498
2,1380,4.402222
3,1380,15.466074
55,1383,9.991481
56,1383,4.235042
55,1384,4.789465
56,1384,5.738666
57,1384,6.083388
56,1385,3.560802
57,1385,3.090276
57,1386,2.987971
58,1386,15.430427
59,1386,5.701024
56,1387,23.644592
57,1387,6.368858
58,1387,8.787047
59,1387,21.018721
57,1388,14.460661
58,1388,18.848698
76,1388,9.269849
77,1388,8.474234
78,1388,10.181257
77,1389,6.398901
78,1389,16.096867
76,1390,23.665594
78,1390,12.180187
79,1390,28.452257
76,1391,28.386877
77,1391,5.779899
78,1391,17.670399
76,1392,21.463211
77,1392,22.776505
99,1409,0.753156
100,1409,2.149839
101,1409,5.98702
103,1409,6.153965
98,1410,2.246015
99,1410,7.372375
101,1410,1.74296
97,1411,2.25801
98,1411,0.76095
99,1411,1.644812
97,1413,1.555336
98,1413,0.303153
111,1413,9.075723
97,1414,0.591309
98,1414,0.303153
111,1414,13.741843
97,1415,2.150242
98,1415,0.15712
111,1415,9.548844
96,1416,7.59856
97,1416,0.113609
98,1416,0.125052
106,1416,0.105033
111,1416,1.125521
96,1417,1.511054
97,1417,0.113609
98,1417,0.062344
106,1417,0.105033
111,1417,1.023735
106,1418,0.405033
111,1418,1.664118
111,1419,4.653543
161,1142,12.551831
162,1142,6.872062
163,1142,7.71947
164,1142,5.3097
165,1142,4.232769
166,1142,2.354143
167,1142,3.264348
167,1143,2.985967
168,1143,4.078604
119,1443,16.080013
133,1445,6.444266
130,1446,15.892556
131,1446,6.27306
132,1446,13.942017
133,1446,11.921843
129,1447,24.650301
130,1447,13.737234
131,1447,27.877642
132,1447,25.956491
133,1447,27.208851
126,1448,21.415152
128,1448,13.143402
129,1448,15.352013
130,1448,21.288494
131,1448,16.93243
131,1449,11.606055
132,1450,28.201389
31,1153,18.01215
