136,211,25.670507
154,211,9.693021
155,211,17.055361
138,212,22.329561
159,212,4.294182
138,213,0.879396
137,214,4.866305
156,214,29.856617
139,216,0.11236
67,272,0.554054
155,318,3.392681
160,319,5.432346
156,320,7.576251
160,5,2.930501
161,6,3.610071
172,35,10.292371
174,35,2.19536
174,36,3.397061
49,56,2.120006
50,56,1.882698
49,57,6.31048
50,57,8.070967
39,58,23.693649
40,58,19.736731
49,58,2.551093
66,62,26.775967
82,66,16.983192
83,66,27.495518
84,66,23.539783
80,67,4.911874
82,67,6.514254
83,67,7.133386
84,67,7.390928
36,68,9.373279
76,68,13.853066
81,68,7.900156
82,68,3.998718
83,68,0.81653
84,68,4.630237
87,68,8.110928
76,69,1.556039
77,69,24.224125
78,69,2.54108
79,69,3.282462
80,69,5.207253
81,69,27.860739
82,69,1.793647
83,69,29.759838
88,71,4.9217
89,71,4.905955
90,71,25.004522
91,71,9.142726
94,71,18.406027
95,71,17.539583
96,71,26.955921
97,71,21.521069
98,71,25.024715
99,71,25.134779
100,71,21.582685
87,72,3.42257
90,72,11.960346
91,72,13.899158
53,81,27.265823
113,95,11.06448
113,96,8.875808
72,102,8.237383
67,103,2.500859
72,103,2.382035
73,103,14.679272
109,120,24.199333
101,121,19.677601
108,121,9.705669
109,121,4.837818
110,121,6.465506
99,122,9.070578
100,122,2.467579
101,122,4.203696
102,122,3.563163
103,122,4.79831
104,122,2.061674
108,122,1.791224
109,122,1.576697
91,123,17.891327
92,123,18.41647
93,123,22.73094
94,123,21.202848
95,123,14.716558
96,123,11.333307
97,123,18.821262
98,123,12.5177
99,123,7.220454
100,123,5.802854
101,123,1.039227
102,123,0.337775
103,123,0.432342
104,123,0.720123
105,123,0.894358
106,123,0.595321
107,123,10.402841
109,123,1.211522
73,124,14.44049
86,124,14.709857
90,124,12.193686
91,124,4.595386
92,124,4.338058
93,124,8.012338
94,124,4.651738
95,124,3.670651
96,124,2.659306
97,124,2.600375
98,124,2.720655
99,124,1.938916
100,124,0.443019
101,124,1.917261
102,124,0.857616
103,124,0.910609
104,124,0.492401
105,124,0.46901
106,124,0.329055
107,124,0.269781
108,124,0.305764
109,124,1.225679
73,125,11.184383
74,125,5.208314
75,125,4.912756
78,125,22.155054
79,125,24.533951
85,125,21.360842
86,125,8.355854
87,125,11.540878
88,125,10.066385
89,125,7.284677
90,125,20.317589
91,125,3.127242
92,125,1.070333
93,125,3.721267
94,125,0.16829
96,125,0.293651
97,125,0.375
98,125,0.410687
99,125,2.291484
100,125,2.170486
101,125,0.382311
102,125,0.382311
103,125,2.166895
104,125,1.857139
105,125,1.882658
106,125,0.621252
107,125,2.653865
108,125,7.575543
109,125,11.508836
73,126,8.427505
74,126,2.86387
75,126,6.238616
76,126,9.227157
77,126,7.357328
78,126,5.290462
79,126,5.76814
80,126,5.700642
81,126,7.711573
82,126,5.660457
83,126,3.125505
84,126,2.560809
85,126,7.603914
86,126,0.938862
87,126,1.499696
88,126,0.752543
92,126,1.541667
95,126,1.822492
96,126,0.590909
97,126,1.701406
98,126,2.058824
99,126,0.446814
100,126,0.479072
101,126,0.590183
102,126,1.391748
103,126,0.784683
104,126,1.004001
105,126,6.897412
106,126,1.694521
107,126,3.970605
108,126,7.241323
109,126,16.122866
73,127,15.401986
74,127,1.028263
75,127,1.47619
76,127,1.272727
77,127,3.824073
78,127,3.76372
79,127,3.76372
80,127,2.213707
81,127,2.610621
82,127,2.754895
83,127,3.46253
84,127,1.245305
88,127,0.222222
89,127,0.375
90,127,1.0
91,127,0.826077
92,127,2.800052
93,127,3.274769
94,127,2.92715
95,127,1.922986
96,127,3.3245
97,127,3.137
98,127,2.189425
99,127,1.220512
100,127,1.120512
101,127,1.495824
102,127,2.947485
103,127,2.912264
104,127,2.236265
105,127,3.722657
106,127,3.243802
107,127,7.127237
108,127,21.36088
73,128,0.001672
74,128,0.003344
75,128,0.003344
76,128,0.001672
77,128,0.001672
78,128,0.001672
79,128,0.001672
80,128,0.001672
81,128,0.001672
82,128,0.001672
83,128,0.001672
84,128,0.001672
85,128,0.064172
86,128,0.064172
87,128,0.18349
88,128,0.18349
89,128,0.516824
90,128,0.473894
91,128,11.676077
92,128,4.349481
93,128,1.638954
94,128,2.078126
95,128,4.135086
96,128,4.289742
97,128,2.480494
98,128,2.478822
99,128,1.727745
100,128,1.729418
101,128,3.218391
102,128,4.710995
103,128,9.961987
104,128,10.844282
105,128,15.308651
106,128,19.293562
107,128,19.569805
68,129,1.677213
69,129,6.126112
70,129,0.233491
71,129,0.138036
72,129,0.2
73,129,0.001672
74,129,0.001672
75,129,0.001672
76,129,0.001672
77,129,0.001672
78,129,0.001672
79,129,0.001672
80,129,0.001672
82,129,0.001672
83,129,0.001672
84,129,0.001672
85,129,0.064172
86,129,0.064172
87,129,0.25
88,129,0.251672
89,129,0.897763
90,129,2.607607
91,129,2.123458
92,129,4.073127
93,129,12.540851
94,129,12.835535
95,129,13.65124
96,129,12.059142
97,129,8.617161
98,129,13.79767
99,129,9.657093
100,129,9.528154
101,129,14.943069
102,129,15.473829
103,129,18.097401
104,129,19.440636
105,129,24.082262
106,129,13.99836
44,130,5.897943
45,130,22.261703
70,130,14.48448
72,130,0.791696
85,130,2.59271
86,130,0.592711
87,130,0.376802
88,130,0.376802
89,130,1.005378
90,130,1.705706
91,130,7.62726
92,130,12.796132
93,130,18.643089
94,130,23.259014
99,130,27.404202
100,130,28.117081
154,130,13.161934
155,130,7.162771
156,130,12.608319
157,130,17.720047
44,131,8.078593
45,131,14.120176
85,131,19.655107
86,131,2.231026
87,131,1.599431
88,131,1.760907
89,131,6.12605
90,131,7.984682
91,131,21.828697
44,132,14.289677
86,132,9.022154
87,132,27.079018
88,132,22.079021
42,133,26.295168
43,133,28.560158
44,133,9.730049
44,134,3.139725
43,135,10.809685
44,135,2.170257
45,135,3.844996
159,135,4.469858
162,135,3.419497
45,136,5.63908
157,136,3.418217
158,136,4.055223
159,136,1.39851
55,137,13.106737
144,137,11.614391
146,137,3.586097
149,137,4.79118
151,137,3.135049
152,137,3.728944
153,137,13.588783
154,137,1.920802
155,137,26.883291
145,138,0.989956
146,138,1.077074
147,138,2.784139
148,138,10.362655
149,138,2.165158
150,138,4.656358
47,139,28.249699
68,141,14.56866
70,141,3.264015
71,142,0.408211
72,142,0.527484
73,142,3.093594
79,143,29.827862
80,143,27.514112
68,147,9.373338
69,147,7.404208
70,147,3.391946
61,148,2.964237
62,148,21.068693
68,148,2.627083
69,148,2.452658
70,148,7.484494
71,148,3.916302
74,148,0.745175
68,149,1.691512
69,149,1.619305
70,149,2.512554
68,150,5.842658
69,150,1.20881
70,150,7.284564
68,151,4.774569
69,151,7.910542
70,151,18.245037
68,152,8.212171
64,156,20.83674
51,157,18.664076
63,157,17.728031
65,157,10.627149
60,158,10.376333
62,158,17.728031
63,158,19.736326
65,158,18.340099
60,159,5.978744
138,195,24.741711
140,195,15.280607
131,196,22.252087
134,196,19.520084
135,196,11.783256
136,196,13.483257
138,196,12.381407
139,196,13.036287
140,196,3.764758
142,196,23.437563
143,196,12.572497
144,196,11.445415
131,197,10.642346
132,197,8.090725
133,197,8.851388
134,197,6.753943
135,197,7.452981
136,197,5.843776
132,198,7.164687
133,198,6.515716
134,198,0.528568
135,198,0.703629
135,199,0.001672
133,201,0.001672
122,205,2.795367
133,205,8.331592
134,205,3.247128
120,206,16.904371
121,206,4.846313
122,206,1.73019
125,206,21.594112
129,206,2.125
130,206,8.68725
131,206,6.200523
132,206,2.280556
133,206,3.251681
134,206,19.459826
118,207,9.764752
119,207,4.888005
120,207,0.918209
121,207,3.370301
122,207,6.720451
123,207,0.768889
124,207,10.143743
125,207,11.520922
127,207,6.889581
128,207,4.700522
129,207,10.238699
130,207,22.517738
131,207,10.974697
133,207,6.644643
134,207,18.857
118,208,11.405845
119,208,6.013672
120,208,15.218012
121,208,1.480117
122,208,2.004405
124,208,20.674431
126,208,19.078106
128,208,25.694466
129,208,21.458498
133,208,18.430418
134,208,26.610645
135,208,21.555059
118,209,6.311328
119,209,2.090348
125,209,21.518337
126,209,23.639219
133,209,27.429176
