218,0,4.78724
232,0,5.020936
451,0,8.395072
453,0,13.978292
454,0,11.263441
525,0,0.024331
526,0,0.073368
527,0,0.462349
528,0,0.919055
543,0,0.265273
544,0,0.050898
545,0,0.053628
549,0,0.003731
242,1,1.350559
243,1,10.03013
451,1,12.884334
525,1,0.057146
526,1,0.301046
527,1,1.073915
528,1,2.875794
543,1,0.219642
544,1,0.054311
545,1,0.003413
248,2,4.911849
250,2,1.633811
524,2,0.062524
525,2,0.056924
526,2,0.159231
527,2,0.646714
528,2,2.013656
544,2,0.050898
203,3,4.431804
524,3,0.033539
525,3,0.052259
526,3,0.053078
527,3,0.641358
528,3,2.058564
207,4,4.621619
320,4,24.795506
326,4,22.374853
524,4,0.033539
525,4,0.052259
526,4,0.053078
527,4,0.641358
528,4,2.058564
320,5,2.171621
321,5,2.451529
322,5,2.124268
323,5,1.96209
328,5,0.566386
329,5,1.095361
523,5,0.034247
524,5,0.033539
525,5,0.081244
526,5,0.053078
527,5,0.701142
528,5,2.062295
231,6,4.5154
234,6,7.281967
319,6,5.176022
320,6,19.825989
321,6,21.366278
322,6,14.451735
323,6,15.923489
324,6,8.817759
325,6,19.012299
326,6,3.431861
327,6,5.281358
328,6,1.493524
329,6,5.941889
330,6,6.504889
331,6,12.416566
339,6,21.097355
340,6,6.406408
522,6,0.034976
523,6,0.042106
524,6,0.058413
525,6,0.081244
526,6,0.053078
527,6,0.701142
528,6,2.062295
231,7,7.220012
239,7,0.257713
327,7,6.238657
330,7,3.620913
331,7,9.836125
339,7,25.068287
340,7,4.854093
521,7,0.019665
522,7,0.015
523,7,0.027165
524,7,0.027165
525,7,0.027165
526,7,0.053078
527,7,0.730836
512,8,0.012165
513,8,0.00339
514,8,0.01257
521,8,0.011339
522,8,0.543125
523,8,0.014729
524,8,0.014729
525,8,0.014729
526,8,0.02513
527,8,0.66732
511,9,0.011538
512,9,0.014706
513,9,0.007949
520,9,0.034604
521,9,0.237968
522,9,0.056638
523,9,0.056638
524,9,0.271751
525,9,0.715296
526,9,0.75333
527,9,0.825499
220,10,12.943508
230,10,12.926291
510,10,0.005051
511,10,0.012165
512,10,0.010707
513,10,0.01257
230,11,4.958636
509,11,0.034247
510,11,0.011538
511,11,0.0075
512,11,0.007949
513,11,0.022034
518,11,0.022034
232,12,0.440484
233,12,1.310985
234,12,13.226547
235,12,0.257713
236,12,1.301197
509,12,0.005051
510,12,0.012165
511,12,0.010707
512,12,0.01257
222,13,20.830641
230,13,1.42799
232,13,4.886851
236,13,7.493196
241,13,4.149656
243,13,0.229067
508,13,0.034247
509,13,0.011538
510,13,0.0075
511,13,0.007949
512,13,0.022034
551,13,2.226699
232,14,18.258015
237,14,11.132308
238,14,6.849787
243,14,19.370445
508,14,0.005495
509,14,0.011538
510,14,0.014706
511,14,0.007949
551,14,0.152027
229,15,6.033688
232,15,11.746763
237,15,8.208508
238,15,1.890963
245,15,4.689098
509,15,0.005051
510,15,0.012165
511,15,0.010707
512,15,0.01257
551,15,0.15544
229,16,1.240743
232,16,9.070828
238,16,0.313716
244,16,9.529713
245,16,1.010099
507,16,0.102201
508,16,0.170455
510,16,0.023438
511,16,0.212165
512,16,0.157236
513,16,0.38339
514,16,0.842301
551,16,0.735465
552,16,0.093384
229,17,0.257713
232,17,6.726655
233,17,5.988208
234,17,1.822049
235,17,13.416397
236,17,10.06366
237,17,13.883291
238,17,11.216475
239,17,7.177227
507,17,0.102201
508,17,0.170455
510,17,0.005051
511,17,0.212165
512,17,0.110707
513,17,0.381951
552,17,0.131326
232,18,10.877789
233,18,8.234687
234,18,16.43228
240,18,4.038207
241,18,2.194468
242,18,2.748578
244,18,2.080523
245,18,2.301414
246,18,0.889799
506,18,0.030303
507,18,0.083333
508,18,0.115873
509,18,0.238462
510,18,0.369131
511,18,0.300289
512,18,0.125817
513,18,0.007949
552,18,0.272374
240,19,9.758865
241,19,7.374295
244,19,23.110453
246,19,17.414433
505,19,0.041667
506,19,0.057143
507,19,0.033333
508,19,0.018182
509,19,0.299413
510,19,0.105675
511,19,0.023438
512,19,0.014706
513,19,0.007949
514,19,1.231905
552,19,0.402027
225,20,16.890406
226,20,22.054037
352,20,1.291392
353,20,1.131977
354,20,0.048193
355,20,0.931303
356,20,2.145635
357,20,2.292289
506,20,0.538462
507,20,0.025641
508,20,0.102201
509,20,0.115873
510,20,0.238462
511,20,0.005051
512,20,0.107407
513,20,0.418063
514,20,0.870976
552,20,0.402027
351,21,1.76773
352,21,5.557732
353,21,5.745739
354,21,1.028429
355,21,2.145424
356,21,2.14903
357,21,2.567998
358,21,2.419137
506,21,0.041667
507,21,0.057143
508,21,0.033333
509,21,0.178571
510,21,0.402098
511,21,0.125389
512,21,0.107407
513,21,1.264706
514,21,0.871294
515,21,0.845985
552,21,0.152027
507,22,0.225806
508,22,0.033333
509,22,0.218182
510,22,0.413699
511,22,0.125156
512,22,0.12265
513,22,0.406125
514,22,0.267758
515,22,0.457548
552,22,0.152027
239,23,8.604425
328,23,1.52118
331,23,3.081793
332,23,0.048193
507,23,0.371795
508,23,0.168498
509,23,0.321429
510,23,0.116883
512,23,0.220924
513,23,0.324806
514,23,0.267758
515,23,0.511694
552,23,0.172613
312,24,12.581293
314,24,0.690032
315,24,1.233289
316,24,0.071914
317,24,0.793998
319,24,0.928182
323,24,1.337102
324,24,0.049784
325,24,1.284694
326,24,0.85805
327,24,2.371921
328,24,4.839978
329,24,4.887633
330,24,6.004931
331,24,27.526386
332,24,11.678134
333,24,4.745759
334,24,2.036409
504,24,1.0
506,24,0.5
507,24,0.461883
508,24,0.113636
509,24,0.1
510,24,0.08961
511,24,0.038462
512,24,0.251871
513,24,0.161254
514,24,0.279074
515,24,0.526156
552,24,0.432643
504,25,25.25
508,25,0.455128
509,25,0.158333
510,25,0.035714
511,25,0.013699
512,25,0.234247
513,25,0.165385
514,25,0.672125
515,25,0.455942
507,26,0.066667
509,26,0.142857
510,26,0.306319
511,26,0.015873
512,26,0.2
513,26,0.158897
514,26,0.559719
515,26,0.4587
516,26,1.135187
508,27,0.083333
509,27,0.575806
510,27,0.563636
511,27,0.4
512,27,0.102381
513,27,0.158897
514,27,0.414763
515,27,0.4587
516,27,1.120651
503,28,25.25
506,28,0.066667
508,28,0.142857
509,28,0.182143
510,28,0.104762
511,28,0.153361
512,28,0.266288
513,28,0.165198
514,28,0.180342
515,28,0.404932
516,28,0.593254
508,29,0.291667
509,29,0.563636
510,29,0.4
511,29,0.230303
512,29,0.266964
513,29,0.180342
514,29,0.728255
515,29,0.768352
516,29,0.582675
507,30,1.0
508,30,0.575806
509,30,0.225641
510,30,0.382504
511,30,0.127615
512,30,0.115625
513,30,0.258475
514,30,0.768352
515,30,0.609212
516,30,1.493166
507,31,0.083333
508,31,0.468664
509,31,0.025641
510,31,0.500151
511,31,0.266288
512,31,0.128986
513,31,0.727284
514,31,1.11326
515,31,1.495009
266,32,11.206491
359,32,0.430186
360,32,0.666764
361,32,1.035523
362,32,4.784316
363,32,2.514061
364,32,1.472149
365,32,18.395412
503,32,5.0
507,32,0.1
508,32,0.2
509,32,0.363636
510,32,0.157576
511,32,0.114286
512,32,0.255128
513,32,0.822577
514,32,0.707638
359,33,3.156437
360,33,12.332102
361,33,10.103285
375,33,3.342978
376,33,10.226835
377,33,15.943159
378,33,27.047926
492,33,0.365854
493,33,0.125
496,33,0.083333
506,33,0.083333
507,33,0.125
510,33,0.2
511,33,0.169719
512,33,0.367089
513,33,0.416856
514,33,0.571758
553,33,1.368653
554,33,9.16978
488,34,19.011824
489,34,13.779079
490,34,8.920193
492,34,0.365854
493,34,0.125
494,34,0.058824
496,34,0.083333
506,34,0.083333
507,34,0.125
510,34,0.2
511,34,0.153846
512,34,0.367089
513,34,0.416856
308,35,18.016413
335,35,7.643816
412,35,7.455301
488,35,19.011824
489,35,12.009718
490,35,7.84888
491,35,1.81721
492,35,0.280702
493,35,0.125
494,35,0.058824
506,35,0.333333
507,35,0.083333
508,35,0.325806
509,35,0.030303
510,35,0.382504
511,35,0.22886
512,35,0.1
513,35,0.394647
514,35,0.852789
515,35,0.718269
327,36,2.027872
328,36,3.014668
329,36,3.005946
330,36,0.046896
331,36,0.041475
412,36,8.750335
413,36,14.969203
489,36,26.426399
490,36,7.96775
491,36,3.31085
492,36,0.280702
493,36,0.2
494,36,0.071429
495,36,0.038462
506,36,0.333333
507,36,0.666667
508,36,1.970187
509,36,0.357576
510,36,0.29679
511,36,0.424964
512,36,0.179154
513,36,1.999815
514,36,0.313843
515,36,6.5963
520,36,18.985523
331,37,2.145567
332,37,3.581472
333,37,12.512479
334,37,0.143869
335,37,2.415892
336,37,5.033147
337,37,4.503224
411,37,0.618625
412,37,0.891285
413,37,2.720788
489,37,27.389112
490,37,7.49766
491,37,2.982625
492,37,1.309467
493,37,0.2
494,37,0.071429
497,37,0.076923
505,37,0.055556
506,37,0.5
507,37,0.666667
508,37,0.625806
509,37,1.459419
510,37,0.231273
511,37,0.300979
512,37,0.508023
513,37,0.577064
514,37,0.857216
515,37,4.040854
521,37,11.988537
522,37,1.000707
523,37,1.100375
524,37,1.983277
525,37,1.384257
526,37,1.409443
527,37,5.058069
408,38,3.335821
409,38,3.192176
410,38,0.076923
411,38,0.501742
412,38,0.891285
413,38,2.638205
490,38,7.754379
491,38,5.482625
492,38,1.309467
493,38,0.153846
494,38,0.153846
508,38,0.225806
509,38,1.170654
510,38,0.180123
511,38,0.100979
512,38,0.239891
513,38,0.450557
514,38,0.783007
515,38,4.984492
521,38,24.363329
522,38,5.672886
523,38,0.714833
524,38,0.850078
525,38,0.850078
526,38,0.877509
408,39,4.375787
409,39,1.812842
410,39,0.74359
411,39,0.53202
412,39,1.260135
413,39,4.638204
490,39,7.47355
491,39,3.861744
492,39,0.925072
493,39,0.153846
494,39,0.153846
505,39,25.25
508,39,0.266074
509,39,0.186383
510,39,0.159493
511,39,0.158557
512,39,0.219392
513,39,1.982641
514,39,4.337859
515,39,10.146913
521,39,22.213146
522,39,18.321123
523,39,6.667736
524,39,0.247889
525,39,0.269302
526,39,0.027432
408,40,4.590295
409,40,2.359063
411,40,0.53202
412,40,1.260135
413,40,4.489293
414,40,7.491903
490,40,7.208133
491,40,3.242475
492,40,0.549152
493,40,0.153846
494,40,0.153846
495,40,0.038462
507,40,0.333333
508,40,0.266074
509,40,0.133751
510,40,0.159493
511,40,0.110938
512,40,0.176747
513,40,0.961365
514,40,4.342911
515,40,15.196369
521,40,14.759647
522,40,17.226841
523,40,11.420716
524,40,2.0879
525,40,0.021413
526,40,0.027432
408,41,4.172095
409,41,1.359063
410,41,0.311111
411,41,0.103448
412,41,3.935135
413,41,4.489293
414,41,7.491903
490,41,7.208133
491,41,3.242475
492,41,0.549152
493,41,0.153846
494,41,0.071429
495,41,0.038462
507,41,0.5
508,41,0.93274
509,41,0.657576
510,41,0.159493
511,41,0.134272
512,41,0.16376
513,41,0.529691
514,41,6.743008
515,41,10.381848
521,41,19.31662
522,41,4.514084
523,41,1.904601
524,41,0.390185
525,41,0.021413
526,41,0.02514
408,42,1.957595
409,42,0.620723
410,42,0.361111
411,42,0.103448
412,42,0.935135
413,42,4.489293
414,42,3.543805
490,42,7.71851
491,42,3.608012
492,42,0.549152
493,42,0.153846
494,42,0.071429
495,42,0.038462
508,42,0.225806
509,42,0.257576
510,42,0.09679
511,42,0.099789
512,42,0.184259
513,42,0.515992
514,42,4.499623
515,42,11.345144
521,42,18.127846
522,42,5.751564
523,42,0.85903
524,42,0.390185
525,42,0.014096
526,42,3.762735
375,43,9.515617
382,43,10.969642
383,43,7.214862
408,43,1.957595
409,43,0.623124
411,43,0.103448
412,43,0.135135
413,43,0.213121
490,43,7.71851
491,43,7.202764
492,43,2.041414
493,43,0.365854
494,43,0.071429
495,43,0.038462
508,43,0.225806
509,43,0.257576
510,43,0.09679
511,43,0.061328
512,43,0.059259
513,43,0.515992
514,43,4.488753
515,43,10.327688
522,43,9.85296
523,43,1.938665
524,43,0.305033
525,43,0.014096
526,43,2.385194
307,44,17.550072
359,44,0.00339
360,44,0.00339
361,44,0.024595
362,44,0.007949
363,44,1.128918
364,44,3.086786
365,44,20.08185
408,44,0.84833
409,44,0.111781
411,44,0.103448
412,44,0.135135
413,44,0.075269
491,44,8.473745
492,44,2.041414
493,44,0.365854
494,44,0.05
505,44,1.0
508,44,0.225806
509,44,1.170654
510,44,0.09679
511,44,0.100979
512,44,0.059259
513,44,0.773834
514,44,4.488753
515,44,8.149632
522,44,18.092949
523,44,4.348693
524,44,0.844631
525,44,0.014096
526,44,0.477404
310,45,13.518655
311,45,7.606633
312,45,7.471066
313,45,8.261775
408,45,1.10274
409,45,0.230546
410,45,0.076923
411,45,0.073171
412,45,0.093023
413,45,0.075269
490,45,16.979515
491,45,4.153566
492,45,0.512195
508,45,0.225806
509,45,1.170654
510,45,0.092397
511,45,0.100979
512,45,0.038095
513,45,0.448451
514,45,1.803553
515,45,5.298088
522,45,19.805399
523,45,5.028214
524,45,0.837656
525,45,0.021413
526,45,0.5904
279,46,8.043963
310,46,3.058799
312,46,8.703948
313,46,0.036765
334,46,8.064997
335,46,0.929055
338,46,1.262815
408,46,0.10274
409,46,0.230546
410,46,0.076923
411,46,0.073171
413,46,0.075269
490,46,5.206002
491,46,2.223204
492,46,0.43984
494,46,0.25
496,46,0.111111
498,46,0.2
504,46,0.076923
506,46,0.066667
508,46,0.041667
509,46,0.030303
510,46,0.073529
511,46,0.13352
512,46,0.076557
513,46,1.069567
514,46,0.303497
515,46,11.968688
522,46,15.16165
523,46,5.53619
524,46,1.125781
525,46,0.033847
526,46,0.022811
279,47,6.356973
310,47,26.910023
313,47,8.673549
314,47,3.442883
315,47,1.971442
408,47,0.10274
409,47,0.048193
410,47,0.076923
412,47,0.135135
413,47,0.075269
490,47,13.37916
491,47,1.441887
492,47,0.333333
493,47,0.333333
494,47,0.142857
496,47,0.083333
497,47,0.2
498,47,0.4
499,47,0.083333
504,47,1.0
505,47,0.083333
506,47,0.066667
507,47,0.2
508,47,0.041667
509,47,0.057143
511,47,0.018182
512,47,0.095065
513,47,0.005495
514,47,0.007407
515,47,7.41924
523,47,7.215198
524,47,1.031987
525,47,0.788646
526,47,0.075413
527,47,0.55096
261,48,19.318398
408,48,1.264291
409,48,0.048193
410,48,0.276923
412,48,0.135135
413,48,0.07767
490,48,6.229449
491,48,0.357611
492,48,0.498598
493,48,0.125
494,48,0.258824
495,48,0.153846
496,48,0.15
497,48,0.25
498,48,0.4
500,48,0.6
504,48,0.038462
505,48,0.058824
506,48,0.153846
507,48,0.083333
508,48,0.041667
509,48,0.057143
511,48,0.018182
512,48,0.013699
513,48,0.005495
514,48,0.011538
515,48,5.687608
516,48,14.447513
523,48,7.215198
524,48,1.056601
525,48,0.788646
526,48,4.27166
527,48,13.314367
408,49,0.183797
409,49,1.048193
410,49,1.065278
411,49,0.07152
412,49,0.135135
491,49,0.37529
492,49,3.243817
493,49,1.239892
494,49,0.571019
495,49,0.512195
496,49,0.3
497,49,0.264957
502,49,0.4
503,49,0.4
504,49,1.071429
505,49,0.125
506,49,0.153846
508,49,0.083333
509,49,0.038462
510,49,0.033333
511,49,0.035714
512,49,0.045455
514,49,0.157422
515,49,0.276349
516,49,8.105769
522,49,28.275217
523,49,15.173706
524,49,1.061183
525,49,0.701017
526,49,2.26242
527,49,6.012858
528,49,8.440966
261,50,15.814705
263,50,7.271575
279,50,0.402088
280,50,6.380948
408,50,0.586878
409,50,2.474947
410,50,7.959532
411,50,5.552448
412,50,1.40611
413,50,0.07767
491,50,3.983536
492,50,2.870223
493,50,7.001417
494,50,2.543138
495,50,1.190484
496,50,0.534458
497,50,0.308824
498,50,0.2
499,50,1.0
501,50,0.2
502,50,0.325
503,50,0.325
504,50,0.753846
505,50,0.637195
506,50,1.898221
507,50,0.038462
508,50,0.05
509,50,0.241249
510,50,0.071429
511,50,0.149351
512,50,0.254826
513,50,0.059259
514,50,0.005051
515,50,0.045132
516,50,4.670537
523,50,11.534392
524,50,1.172408
525,50,0.88354
526,50,2.17378
527,50,3.607592
408,51,4.145511
409,51,8.347018
410,51,16.528326
412,51,18.466373
413,51,3.297013
493,51,17.648716
494,51,9.028309
495,51,3.174087
496,51,0.244755
497,51,0.375
499,51,0.428571
500,51,0.711111
501,51,0.166667
502,51,0.69946
503,51,0.98553
504,51,1.143496
505,51,2.476824
506,51,6.458195
507,51,0.071429
508,51,0.125
509,51,0.2
510,51,0.2
511,51,0.2
512,51,0.169719
513,51,0.059259
514,51,0.073834
515,51,0.873183
516,51,12.769095
523,51,18.142694
524,51,2.663945
525,51,0.318983
526,51,0.427029
527,51,6.332946
261,52,15.866824
365,52,20.41967
366,52,24.48938
367,52,13.357244
407,52,19.940117
408,52,26.112297
414,52,6.170467
494,52,15.800279
495,52,5.104785
496,52,1.550728
497,52,0.637195
498,52,0.166667
499,52,0.98553
500,52,0.47794
501,52,1.612921
502,52,0.377821
503,52,0.377821
504,52,12.219825
505,52,12.123761
506,52,18.830183
507,52,0.153846
508,52,0.365854
509,52,1.329769
510,52,0.280702
511,52,0.303428
512,52,1.734141
513,52,1.712977
514,52,0.092221
515,52,0.673898
516,52,7.194741
523,52,21.562813
524,52,2.663945
525,52,0.818983
526,52,4.059958
527,52,6.6581
364,53,0.123872
373,53,10.762468
374,53,12.430467
375,53,12.619161
376,53,12.5778
377,53,12.947702
378,53,13.738223
379,53,19.361538
385,53,25.846401
493,53,23.037868
494,53,14.395536
495,53,8.305395
496,53,5.800688
497,53,3.64845
498,53,1.500827
499,53,2.332403
500,53,2.062548
501,53,3.110196
502,53,4.439099
503,53,4.267844
504,53,17.764759
506,53,27.166271
507,53,28.982479
508,53,1.891122
509,53,2.689785
510,53,2.034333
511,53,3.100079
512,53,3.60757
513,53,6.05997
514,53,0.092221
515,53,4.402704
516,53,7.194741
522,53,26.897161
523,53,9.33562
524,53,2.787574
525,53,0.886496
526,53,4.020485
527,53,6.574342
359,54,0.022034
360,54,9.400829
361,54,4.77346
362,54,5.499326
363,54,2.571613
364,54,6.848612
494,54,24.548386
495,54,27.879175
496,54,14.669439
497,54,5.170553
498,54,2.062548
499,54,4.439099
500,54,10.180044
501,54,15.252866
502,54,8.114079
503,54,8.114079
505,54,24.378094
508,54,5.897
509,54,14.380039
510,54,7.663918
511,54,8.109344
512,54,20.182194
513,54,10.148264
514,54,5.797744
515,54,2.052521
516,54,1.367277
523,54,6.45361
524,54,5.435154
525,54,0.868014
526,54,0.034805
527,54,6.560781
494,55,14.344025
496,55,24.137207
497,55,10.942561
498,55,4.309222
499,55,12.835126
500,55,27.563017
501,55,15.439756
508,55,10.662863
513,55,21.249628
514,55,10.102209
515,55,2.197131
516,55,2.57285
524,55,8.713957
525,55,1.375565
526,55,0.187004
259,56,5.263066
496,56,14.344025
498,56,8.114079
499,56,11.909509
514,56,22.456694
515,56,12.599047
516,56,1.983181
524,56,21.959068
525,56,5.275263
526,56,0.2036
527,56,6.990113
260,57,17.119665
497,57,15.696369
498,57,11.909509
515,57,24.918694
516,57,2.982998
524,57,10.016027
526,57,12.750597
527,57,7.16681
498,58,11.318708
498,59,0.178571
500,59,19.54315
359,60,9.789042
360,60,2.859153
496,60,0.033333
497,60,0.035714
498,60,0.013699
499,60,0.034247
500,60,0.023438
501,60,0.0075
274,62,18.748398
365,62,4.419012
366,62,5.273789
269,63,6.812815
274,63,1.396345
313,64,16.303225
314,64,15.867184
315,64,8.658705
316,64,7.656124
317,64,12.20154
318,64,5.766684
320,64,2.988273
338,64,4.448296
309,65,13.772551
310,65,8.742869
311,65,21.795811
312,65,22.34384
313,65,16.964855
314,65,16.489302
315,65,12.380655
348,65,4.424574
390,65,16.03723
391,65,23.002979
310,66,0.062112
311,66,0.4346
312,66,0.055215
313,66,0.209721
314,66,1.561058
315,66,0.074895
348,66,1.362192
349,66,6.837819
390,66,23.484371
391,66,27.372459
314,67,0.04186
315,67,0.04186
349,67,9.330909
350,67,18.14731
390,67,17.183405
279,68,9.433001
348,68,0.420147
349,68,4.092147
350,68,11.53873
351,68,19.491751
515,68,11.700954
516,68,6.177236
517,68,15.778918
519,68,18.20718
520,68,10.445931
347,69,0.586948
348,69,1.767635
349,69,1.901666
350,69,3.301176
351,69,23.338511
352,69,29.343739
494,69,8.012675
495,69,26.524454
515,69,13.178501
516,69,7.610609
517,69,10.408149
518,69,4.357354
519,69,10.252124
520,69,15.388828
325,70,5.845939
345,70,0.653594
346,70,0.652321
347,70,0.879979
348,70,1.703411
349,70,1.178918
350,70,6.453663
351,70,12.939592
494,70,3.239152
495,70,6.048276
500,70,0.251876
515,70,16.094852
516,70,7.582078
517,70,5.741098
518,70,13.352924
304,71,1.931632
320,71,6.069097
324,71,17.916168
325,71,5.700055
345,71,1.445314
346,71,1.908025
347,71,1.783156
348,71,1.610232
349,71,1.978104
350,71,1.95192
351,71,13.369543
494,71,1.935482
498,71,6.167852
499,71,0.771152
500,71,0.225698
501,71,0.225698
515,71,2.587229
516,71,8.024317
319,72,3.163381
320,72,2.403984
341,72,1.121359
344,72,1.16893
345,72,28.659588
346,72,5.902321
347,72,0.852321
348,72,1.709307
349,72,1.352894
350,72,2.385139
351,72,6.622378
352,72,17.646248
491,72,10.630957
492,72,9.445765
493,72,5.059321
494,72,1.578503
497,72,6.305324
498,72,0.991102
499,72,1.530736
500,72,0.026249
501,72,0.207303
341,73,0.91423
342,73,2.892188
343,73,4.655923
345,73,2.174258
346,73,2.412277
347,73,0.453095
348,73,1.540535
349,73,1.148102
350,73,2.025673
351,73,7.341133
352,73,18.389278
476,73,13.634523
491,73,0.179441
492,73,4.611628
493,73,0.039474
494,73,0.037815
495,73,0.064516
497,73,8.737106
498,73,3.82894
499,73,1.812099
271,74,20.429483
340,74,0.621682
341,74,0.596596
342,74,0.684379
343,74,1.550285
344,74,2.051264
345,74,1.824177
346,74,0.703095
347,74,0.965371
348,74,1.634032
349,74,0.703296
350,74,1.330961
351,74,2.945743
352,74,22.326256
476,74,5.547597
478,74,3.409263
491,74,0.132611
492,74,1.559228
493,74,0.052778
494,74,0.032967
495,74,0.068783
498,74,24.887804
499,74,2.577385
512,74,28.801157
513,74,29.256079
514,74,24.570047
310,75,0.906445
311,75,0.176011
312,75,5.460551
313,75,10.486696
314,75,0.418033
315,75,1.090508
316,75,4.823753
317,75,6.037152
318,75,3.230251
319,75,1.25558
338,75,1.190127
339,75,1.8372
340,75,1.458447
341,75,2.06872
342,75,1.685983
343,75,1.248759
344,75,1.385222
345,75,2.744509
346,75,3.060948
348,75,0.847673
349,75,0.870899
350,75,2.183899
351,75,6.982493
352,75,16.411631
353,75,21.508255
476,75,0.099367
492,75,0.502031
493,75,0.052778
494,75,0.029197
495,75,0.011429
496,75,0.059259
507,75,28.552544
513,75,18.054132
514,75,23.307367
309,76,2.959044
312,76,0.109556
317,76,0.022222
318,76,24.713053
324,76,9.32078
336,76,5.932157
337,76,0.99429
338,76,0.926728
339,76,2.802508
340,76,3.724382
341,76,4.981238
342,76,2.645737
343,76,4.116411
344,76,4.463059
345,76,8.891235
346,76,17.152988
347,76,11.896226
351,76,1.290657
352,76,3.245241
492,76,0.502031
493,76,0.053628
494,76,0.029197
495,76,0.060465
496,76,0.068783
504,76,7.073204
505,76,3.823851
506,76,1.822903
507,76,4.556099
508,76,1.765389
509,76,5.844263
510,76,6.258327
511,76,8.405053
512,76,7.721178
513,76,10.954413
514,76,13.216903
515,76,6.574829
516,76,2.255657
309,77,4.205527
312,77,1.642592
316,77,1.076938
317,77,1.357963
318,77,0.288654
335,77,18.868607
336,77,5.34812
337,77,2.794641
338,77,3.783686
339,77,9.613292
340,77,7.978222
341,77,14.461996
342,77,16.524343
343,77,18.220135
344,77,27.504751
347,77,28.083889
352,77,23.206966
477,77,3.302548
493,77,0.306213
494,77,0.052778
495,77,0.029197
496,77,0.060465
504,77,1.053056
505,77,1.508051
506,77,0.362402
507,77,1.271677
508,77,0.679801
509,77,6.57211
510,77,2.697768
511,77,3.461855
512,77,4.707692
513,77,4.419727
514,77,1.888997
515,77,1.91882
309,78,11.813615
312,78,3.638139
316,78,8.78267
317,78,11.23661
318,78,16.733942
335,78,12.500035
336,78,28.528202
337,78,10.32927
338,78,21.537979
340,78,28.513062
342,78,24.67042
482,78,23.559381
483,78,26.694653
494,78,0.056213
495,78,0.052778
496,78,0.060465
505,78,27.433413
506,78,10.463997
507,78,4.166723
508,78,0.525281
509,78,0.342285
510,78,1.419006
511,78,1.222626
512,78,4.0016
513,78,2.462524
514,78,1.91882
309,79,17.920963
317,79,8.99677
318,79,11.649996
334,79,28.504522
335,79,26.846128
336,79,16.67099
495,79,0.052778
496,79,0.032967
505,79,8.279577
506,79,5.687445
507,79,4.874182
508,79,1.273138
509,79,0.156254
510,79,1.614991
511,79,2.798297
512,79,3.462524
513,79,1.982442
267,80,8.556852
268,80,2.376661
495,80,4.819471
496,80,0.039474
507,80,16.735634
508,80,5.709631
509,80,0.903481
510,80,0.691808
511,80,1.447273
512,80,1.589407
495,81,12.613119
496,81,5.738489
506,81,17.628567
507,81,10.611623
508,81,0.972577
509,81,0.23384
510,81,1.315816
511,81,3.641438
506,82,26.616802
507,82,14.907837
508,82,9.390165
509,82,2.676168
510,82,2.286323
511,82,2.112259
506,83,12.170076
507,83,9.18676
508,83,2.521828
509,83,4.342897
510,83,4.467833
506,84,14.2546
507,84,6.934868
508,84,3.770687
509,84,5.112379
507,85,13.014957
508,85,7.108181
434,86,12.591259
507,86,16.633842
431,87,17.063499
432,87,26.382187
433,87,12.233768
307,88,8.02296
308,88,7.654173
430,88,17.372967
431,88,14.584478
432,88,10.248949
306,89,9.027811
307,89,25.2157
308,89,3.100109
312,89,21.337091
431,89,5.686764
242,93,23.176012
243,93,15.043941
244,93,14.090427
245,93,23.934807
244,94,6.183831
245,94,20.820829
431,94,24.524008
432,94,6.920222
244,95,6.13609
245,95,9.611364
385,95,5.753585
432,95,4.604278
244,96,3.770494
245,96,15.788832
429,96,7.354743
430,96,4.528306
244,97,9.079901
245,97,4.31684
244,98,13.295049
245,98,16.907341
246,101,10.860437
247,101,12.465433
238,102,26.456089
239,102,22.547401
246,102,9.63034
247,102,13.741367
238,103,11.392477
246,103,12.367536
252,103,15.64491
253,103,8.061245
499,103,20.619347
501,103,3.980766
502,103,7.359359
246,104,14.566731
253,104,17.888039
495,104,0.269648
496,104,8.369804
500,104,3.554165
501,104,5.927726
502,104,6.950738
503,104,9.990198
246,105,29.066921
253,105,4.641708
494,105,0.180735
495,105,18.763256
496,105,18.433435
499,105,9.136677
500,105,8.014264
501,105,13.042296
502,105,7.367733
495,106,4.285235
496,106,4.53756
497,106,18.148787
499,106,7.859478
219,107,22.7579
220,107,20.689486
429,107,13.39828
430,107,15.329983
431,107,21.122252
432,107,4.960414
433,107,4.502575
434,107,25.862953
435,107,5.827464
436,107,6.793787
493,107,6.6046
495,107,0.530548
496,107,0.848361
497,107,16.895256
499,107,14.528597
502,107,6.076818
503,107,9.1868
218,108,7.467591
219,108,4.022401
220,108,9.294638
236,108,6.361018
237,108,25.886993
243,108,25.756748
425,108,4.54706
426,108,4.161677
429,108,3.175426
430,108,5.015579
431,108,4.79514
432,108,2.010864
433,108,2.465963
434,108,2.403703
435,108,7.221267
436,108,9.145377
492,108,7.106736
493,108,3.218245
494,108,3.317736
495,108,1.293309
496,108,6.176838
497,108,2.982221
498,108,2.733446
501,108,11.986262
502,108,15.929791
216,109,4.148705
217,109,14.197577
218,109,1.775155
219,109,3.604511
222,109,20.498482
236,109,5.179177
237,109,7.077882
238,109,19.611797
239,109,8.916983
240,109,12.121575
241,109,18.62701
242,109,9.162655
243,109,6.664195
414,109,22.624752
429,109,2.153466
430,109,2.153466
431,109,1.317246
432,109,0.317246
492,109,23.10709
493,109,3.479267
494,109,0.725315
495,109,0.37257
496,109,0.369085
497,109,0.317873
498,109,1.039626
501,109,11.825863
502,109,11.062647
215,110,16.225481
216,110,7.711704
217,110,9.114675
218,110,7.173778
242,110,14.424253
243,110,16.001757
246,110,12.613755
414,110,10.708706
492,110,0.415339
493,110,0.075672
494,110,0.077808
498,110,0.10596
501,110,7.896954
502,110,2.596327
216,111,25.783628
217,111,7.443861
218,111,0.338688
219,111,0.817941
243,111,23.929451
414,111,18.413046
499,111,0.10303
501,111,7.999934
502,111,4.992743
216,112,0.974426
217,112,1.201428
218,112,1.231904
219,112,2.046075
220,112,0.671898
235,112,21.961006
414,112,3.451071
425,112,11.53925
426,112,5.74358
427,112,3.293995
428,112,0.641279
429,112,0.037037
431,112,0.0625
499,112,0.07737
501,112,0.912383
502,112,20.232262
217,113,0.8825
219,113,1.818309
235,113,28.618444
236,113,17.592085
237,113,9.957221
240,113,15.10675
241,113,21.496086
242,113,20.215164
243,113,5.177178
413,113,11.884914
414,113,14.78569
502,113,14.044888
219,114,9.243368
233,114,26.159447
234,114,8.755142
235,114,4.667037
236,114,7.16865
237,114,5.44631
238,114,14.565809
239,114,12.954372
240,114,10.55702
241,114,13.458065
242,114,10.446222
243,114,8.861423
244,114,18.180351
413,114,12.095818
414,114,10.674644
499,114,0.073086
500,114,0.011429
502,114,0.659601
223,115,29.88061
232,115,2.313379
233,115,3.123567
234,115,8.3149
235,115,12.418294
236,115,1.174143
237,115,1.213484
238,115,6.912118
239,115,0.466408
240,115,10.721075
242,115,26.86389
243,115,8.981966
244,115,7.823614
413,115,13.96104
414,115,3.753556
497,115,1.0
498,115,1.080735
499,115,1.044334
500,115,0.060888
502,115,0.938169
232,116,3.76393
233,116,28.896408
234,116,1.213484
235,116,6.44492
237,116,0.966157
238,116,0.772985
239,116,1.303713
240,116,16.635317
243,116,3.426644
244,116,4.605934
413,116,11.142591
428,116,0.641279
429,116,0.074074
430,116,0.110119
431,116,0.9727
432,116,0.238468
433,116,0.379221
434,116,0.731514
493,116,14.809374
494,116,12.213528
495,116,3.918126
497,116,1.214131
498,116,1.133651
499,116,1.028337
500,116,0.221327
502,116,26.70516
503,116,2.696985
231,117,5.979468
232,117,2.066516
233,117,22.675606
234,117,1.082606
256,117,29.515446
413,117,11.490783
414,117,8.688089
426,117,7.915841
427,117,8.401315
428,117,1.896645
429,117,0.074074
430,117,1.243779
431,117,0.907723
432,117,0.275418
433,117,1.101426
434,117,0.421576
435,117,0.112676
436,117,17.377859
437,117,13.346301
494,117,12.0758
495,117,6.595414
496,117,2.538462
497,117,0.333333
498,117,3.181948
499,117,4.917459
500,117,1.263202
501,117,0.116029
502,117,22.631184
503,117,23.300232
230,118,4.152774
231,118,5.744365
413,118,9.683685
414,118,3.551589
426,118,5.005886
427,118,2.24137
428,118,2.388462
429,118,0.074074
430,118,0.549279
431,118,0.192786
432,118,0.453587
433,118,0.313898
434,118,2.991465
435,118,8.129508
494,118,18.956274
495,118,1.739598
496,118,0.038462
498,118,6.860387
499,118,6.00094
500,118,1.143156
501,118,2.134687
503,118,7.223743
413,119,11.464155
427,119,3.06636
428,119,0.285077
429,119,0.05
430,119,0.56396
431,119,0.477009
432,119,0.782853
433,119,0.205771
434,119,12.852569
493,119,13.538025
494,119,3.896713
495,119,2.317724
496,119,0.67004
497,119,0.070252
498,119,10.669038
412,120,15.024895
413,120,17.808392
429,120,0.095455
430,120,0.686865
431,120,3.39441
432,120,6.613495
433,120,0.544176
434,120,5.774532
435,120,2.772889
494,120,20.95196
495,120,2.826701
496,120,1.507577
497,120,1.066879
498,120,4.27744
412,121,21.406828
413,121,21.831091
414,121,0.630244
429,121,1.034577
430,121,0.726467
431,121,4.493779
432,121,8.310474
433,121,4.704876
434,121,1.041061
494,121,24.224216
495,121,6.717868
496,121,1.727968
497,121,2.707472
498,121,10.961808
428,122,17.742786
431,122,4.325508
432,122,8.442855
433,122,6.406833
434,122,0.85313
496,122,3.227532
497,122,17.122507
498,122,0.962025
499,122,4.033386
432,123,6.936631
496,123,20.559311
497,123,5.020029
498,123,7.480189
497,124,18.684784
498,124,26.853195
