478,346,1.220394
479,346,1.707367
482,346,0.371259
536,346,7.020836
537,346,3.367784
538,346,4.061712
539,346,1.781512
540,346,0.185112
541,346,0.076613
542,346,0.116162
534,347,1.915848
535,347,1.915848
536,347,1.69507
537,347,4.654226
538,347,2.374155
539,347,0.65919
540,347,0.144675
541,347,0.076613
542,347,0.104527
530,348,19.505445
531,348,13.725116
532,348,0.299482
533,348,0.432291
534,348,1.511354
535,348,1.002737
536,348,0.52697
537,348,0.092023
538,348,0.179574
539,348,0.084469
540,348,0.202535
541,348,0.076613
542,348,0.149451
542,349,0.737043
474,362,0.546249
404,372,22.908413
526,372,4.605759
527,372,2.813037
405,373,25.120058
406,373,21.481403
526,373,13.196462
407,374,23.556173
408,374,18.311184
409,374,24.403038
410,374,28.410709
437,381,2.824856
436,382,1.160237
437,382,1.868304
438,382,4.309322
437,383,1.250139
438,383,16.051968
435,384,4.713012
436,384,1.880997
437,384,0.862162
438,384,7.676333
439,384,5.931657
527,384,15.720638
542,384,3.976607
580,384,2.353588
436,385,0.936024
437,385,1.219191
438,385,0.769733
439,385,2.363927
440,385,9.480312
526,385,4.190353
527,385,20.472229
528,385,1.136305
529,385,0.143663
530,385,0.289071
531,385,0.289071
532,385,0.611975
533,385,0.289071
534,385,0.289071
535,385,3.960142
536,385,0.065865
537,385,0.116798
538,385,0.057638
539,385,0.068066
540,385,0.068066
541,385,0.207483
542,385,1.120779
437,386,1.163155
440,386,1.155371
441,386,14.269815
500,386,16.730516
501,386,9.177214
502,386,5.528399
503,386,3.722036
504,386,13.348741
514,386,27.342211
526,386,25.463259
527,386,6.999464
528,386,0.085619
529,386,0.065657
530,386,0.065657
531,386,0.065657
532,386,0.065657
533,386,0.076613
534,386,1.942495
535,386,0.148537
536,386,0.083333
537,386,0.049046
538,386,0.079023
539,386,0.119625
540,386,0.086275
541,386,0.086275
542,386,0.891465
582,386,4.373077
583,386,2.676847
425,387,21.779697
441,387,1.808407
500,387,0.612946
501,387,2.875209
502,387,3.408439
503,387,4.54499
504,387,5.741008
505,387,29.950436
506,387,13.34567
508,387,2.1013
526,387,0.10371
527,387,3.008136
528,387,5.87626
583,387,2.080804
584,387,0.24678
391,388,5.098023
423,388,20.071102
425,388,10.501576
426,388,9.41527
427,388,7.025301
431,388,8.414307
444,388,3.421423
500,388,0.44961
501,388,1.289857
502,388,0.865771
503,388,1.826226
504,388,1.691124
511,388,0.479276
512,388,0.761538
514,388,0.688548
515,388,1.405582
516,388,2.146505
517,388,5.83218
518,388,21.104826
526,388,0.172214
527,388,3.07783
529,388,3.038441
530,388,1.158429
531,388,1.163917
532,388,1.158429
533,388,1.156848
534,388,1.177997
535,388,1.205372
536,388,1.110066
537,388,9.205138
538,388,15.072941
547,388,5.174138
548,388,0.136613
549,388,0.096875
550,388,0.096875
551,388,0.136613
554,388,0.096875
583,388,0.780997
584,388,0.219232
391,389,1.50831
423,389,6.10605
424,389,19.411688
425,389,5.985426
426,389,8.652106
511,389,0.211257
512,389,0.223651
526,389,0.182465
527,389,0.163214
528,389,0.794944
529,389,1.535961
530,389,0.602606
531,389,0.576641
532,389,0.578427
533,389,0.578427
534,389,0.333933
535,389,0.407104
536,389,0.422067
537,389,1.739678
538,389,13.7017
539,389,6.304223
543,389,1.731114
547,389,3.009358
548,389,1.588967
549,389,0.273181
550,389,0.076613
551,389,0.114583
554,389,0.273595
560,389,0.168594
561,389,0.151086
584,389,0.218579
585,389,0.907073
390,390,0.118257
391,390,1.764355
426,390,13.732458
435,390,10.960503
500,390,0.16728
501,390,0.17989
506,390,0.103433
510,390,0.370651
511,390,0.201239
512,390,0.013542
513,390,2.569501
514,390,0.959269
515,390,0.470724
516,390,1.38809
517,390,1.147067
518,390,4.091235
519,390,1.038843
526,390,0.086769
527,390,0.221647
528,390,1.083024
529,390,0.291251
530,390,0.090129
531,390,0.024378
532,390,0.024378
533,390,0.024378
534,390,0.120764
535,390,0.11938
536,390,0.069974
537,390,0.069974
538,390,1.076153
539,390,5.129038
541,390,2.361861
542,390,0.880499
543,390,0.12132
547,390,1.225214
548,390,1.25931
549,390,0.31416
550,390,0.076613
551,390,0.114583
554,390,0.227146
584,390,1.521053
585,390,15.939352
390,391,0.105499
391,391,2.218709
426,391,14.613757
427,391,5.452544
502,391,0.215148
503,391,0.144399
504,391,1.080983
505,391,0.450139
506,391,0.191832
507,391,0.388066
510,391,2.969976
511,391,0.16208
512,391,0.070473
513,391,0.135704
514,391,0.065605
515,391,0.187477
516,391,0.202259
517,391,0.038322
518,391,6.357435
519,391,2.642545
526,391,0.179613
527,391,0.221343
529,391,0.311429
530,391,0.210929
532,391,0.138672
533,391,0.089822
534,391,0.089822
535,391,0.120996
536,391,0.108833
537,391,0.12767
538,391,0.119418
539,391,5.938196
541,391,0.528296
542,391,2.804405
543,391,0.138258
547,391,0.208893
548,391,0.130506
549,391,1.276288
550,391,0.065657
551,391,0.418344
552,391,0.096875
554,391,0.128299
555,391,0.084469
580,391,0.914708
390,392,1.309428
391,392,1.504112
392,392,2.003805
393,392,1.669149
502,392,0.118254
503,392,0.239239
505,392,0.726851
506,392,0.458923
507,392,0.157251
509,392,0.44392
510,392,0.400108
511,392,0.212893
512,392,0.070872
513,392,0.015923
514,392,0.014541
515,392,0.48851
516,392,0.406134
517,392,0.461727
518,392,1.126378
519,392,1.014513
526,392,0.179895
527,392,0.034436
529,392,0.237149
530,392,0.097145
541,392,1.146983
542,392,1.402826
543,392,0.096386
547,392,1.365398
548,392,0.134619
549,392,0.009346
550,392,0.034483
551,392,0.076613
552,392,0.459699
553,392,0.114583
554,392,0.13288
555,392,0.077703
556,392,0.130181
557,392,0.091525
558,392,0.129392
559,392,0.334143
560,392,0.158535
561,392,0.189349
390,393,0.566755
391,393,0.441743
392,393,0.850885
435,393,21.792509
436,393,16.519724
503,393,0.099966
504,393,2.217365
505,393,0.32236
506,393,0.231347
507,393,0.038097
509,393,0.487827
511,393,0.265142
512,393,0.073171
513,393,0.105778
526,393,0.402816
527,393,0.365923
528,393,0.713258
529,393,0.311136
530,393,0.133042
541,393,1.151179
542,393,0.435777
543,393,0.114583
544,393,0.514672
547,393,1.365398
548,393,0.706769
549,393,0.096386
550,393,0.371794
551,393,0.076613
552,393,0.080112
553,393,0.077703
554,393,0.077703
555,393,0.07873
556,393,0.076613
557,393,0.065657
558,393,0.065657
559,393,0.230097
560,393,0.111707
389,394,3.461607
390,394,0.916342
391,394,2.513292
392,394,1.249009
424,394,1.231945
436,394,19.566628
450,394,2.52772
451,394,21.187975
503,394,0.387677
504,394,0.09577
505,394,0.140389
506,394,0.063213
507,394,0.002412
511,394,0.204893
512,394,0.058824
513,394,0.648815
514,394,0.362463
515,394,1.202206
516,394,0.850714
517,394,0.34411
518,394,0.325775
519,394,5.579519
526,394,0.154831
527,394,0.100231
529,394,0.292076
530,394,0.141493
541,394,1.146983
542,394,1.395195
543,394,0.923155
547,394,1.703727
548,394,0.706769
549,394,0.096386
550,394,0.034483
551,394,0.077703
552,394,0.096875
387,395,0.480982
391,395,0.838753
392,395,7.786601
425,395,2.625432
446,395,13.543764
447,395,4.842962
448,395,13.341109
449,395,7.071315
503,395,1.259164
504,395,0.113212
505,395,0.078689
506,395,0.00241
507,395,0.002412
511,395,0.173652
512,395,0.333333
513,395,0.100801
514,395,0.116796
515,395,0.127438
516,395,0.104925
517,395,0.106719
518,395,0.277363
519,395,1.649213
526,395,0.045889
527,395,0.291791
530,395,0.219196
541,395,0.192914
542,395,0.180499
547,395,0.075094
548,395,0.112207
549,395,0.096386
550,395,0.371794
551,395,0.076613
552,395,0.114583
553,395,0.096875
561,395,0.510547
586,395,0.08688
587,395,0.106934
392,396,2.854978
423,396,2.979907
426,396,1.716702
502,396,0.109724
503,396,0.396285
504,396,0.001028
505,396,0.40449
506,396,0.051935
507,396,0.002412
511,396,0.188083
512,396,0.337506
513,396,0.046564
514,396,0.054477
515,396,0.066338
516,396,0.120964
517,396,0.120964
518,396,0.178642
519,396,0.276604
520,396,0.946288
526,396,0.064408
527,396,0.356549
528,396,0.801819
529,396,1.33208
547,396,0.069852
548,396,0.182331
549,396,0.01558
550,396,0.04698
551,396,0.034483
552,396,0.076613
553,396,0.163794
554,396,0.114583
556,396,1.3895
557,396,0.704402
558,396,5.084198
559,396,11.127164
561,396,0.202345
577,396,0.143663
578,396,0.096875
580,396,0.096875
585,396,5.913758
586,396,5.029174
587,396,6.2383
392,397,1.850511
422,397,2.129807
423,397,3.150996
424,397,1.64127
502,397,0.477878
503,397,0.465032
505,397,0.195981
506,397,0.070283
507,397,0.001807
511,397,0.180198
512,397,0.061545
513,397,0.101261
514,397,0.206121
515,397,0.055417
516,397,0.270256
517,397,0.199243
518,397,0.159502
519,397,0.279
520,397,0.469441
526,397,0.404532
527,397,0.347812
528,397,0.53355
529,397,0.137094
530,397,0.07873
531,397,0.115611
547,397,0.181089
548,397,0.100581
549,397,0.077367
550,397,0.017709
551,397,0.051176
552,397,0.013542
553,397,0.069852
554,397,0.096567
556,397,1.416359
557,397,0.521164
558,397,0.277202
559,397,0.296451
561,397,0.319846
577,397,0.17295
578,397,0.095721
579,397,0.114583
580,397,4.25999
581,397,17.8748
582,397,21.156168
391,398,0.362035
392,398,1.254294
420,398,2.361175
424,398,0.831352
502,398,0.151987
503,398,0.824895
505,398,1.826262
506,398,0.198375
507,398,1.322576
511,398,0.190902
512,398,0.141119
513,398,0.092692
514,398,0.094166
515,398,0.187927
516,398,0.717011
517,398,0.577292
518,398,0.526613
519,398,0.579298
520,398,0.52662
526,398,0.450049
527,398,0.190398
528,398,0.406968
529,398,0.04698
530,398,0.210385
531,398,0.065657
532,398,0.091525
533,398,0.04698
534,398,0.093937
535,398,1.884514
547,398,0.169397
548,398,0.098797
549,398,0.002412
550,398,0.002412
551,398,0.002412
552,398,0.011757
553,398,0.057481
554,398,0.104214
556,398,0.392229
557,398,0.125601
558,398,0.091807
559,398,0.272311
561,398,0.237255
562,398,1.206885
577,398,0.08688
578,398,0.989719
579,398,0.88897
580,398,12.893908
391,399,1.597751
392,399,3.082628
420,399,0.035491
506,399,0.1657
511,399,0.134118
512,399,0.365768
513,399,0.14134
519,399,0.831805
526,399,0.159844
527,399,0.177808
528,399,0.112765
529,399,0.079553
530,399,0.0718
531,399,0.017709
532,399,0.100581
533,399,0.036894
535,399,0.067463
536,399,1.201232
539,399,0.943996
540,399,1.803303
541,399,0.153722
542,399,0.094793
547,399,0.171638
548,399,0.003268
549,399,0.003268
550,399,0.003268
551,399,0.003268
552,399,0.003268
553,399,0.086601
554,399,0.080971
557,399,0.115052
558,399,0.08836
559,399,0.145403
561,399,0.311621
562,399,0.801177
511,400,0.429458
512,400,0.083021
513,400,0.010591
519,400,3.799471
526,400,0.44818
527,400,0.164877
528,400,0.118762
529,400,0.091928
530,400,0.126303
531,400,0.238463
532,400,0.168932
533,400,0.170176
578,400,18.172354
580,400,8.384832
581,400,2.065828
582,400,5.120885
583,400,14.821814
584,400,14.140388
511,401,0.134771
559,401,0.093544
560,401,0.294275
561,401,0.11639
578,401,4.508545
579,401,0.813437
580,401,0.665326
581,401,0.642321
582,401,0.636994
583,401,0.921533
584,401,1.627752
585,401,11.220907
586,401,1.922554
587,401,7.031457
588,401,10.818904
387,402,1.061836
537,402,0.179574
538,402,0.144691
539,402,0.144691
540,402,0.144691
541,402,0.08688
542,402,0.08688
543,402,0.769276
547,402,0.146075
548,402,0.138717
549,402,0.093937
550,402,0.093937
551,402,0.380366
552,402,0.213991
553,402,0.07842
554,402,0.183389
558,402,0.456285
559,402,0.046301
560,402,0.038679
561,402,0.084469
578,402,1.090286
579,402,0.919238
580,402,0.331857
581,402,0.323345
582,402,0.335793
583,402,0.323074
584,402,0.266736
585,402,0.714955
586,402,4.458738
587,402,17.783476
588,402,0.398108
528,403,0.113955
529,403,0.293741
530,403,0.162659
531,403,0.469855
532,403,0.143634
533,403,0.143634
534,403,1.732277
535,403,0.649995
536,403,0.998174
537,403,1.126386
538,403,0.065657
539,403,0.076613
540,403,0.076613
541,403,0.076613
542,403,0.080112
543,403,4.467381
547,403,0.252673
548,403,0.075715
549,403,0.068925
550,403,0.037751
551,403,0.037751
552,403,0.093392
553,403,0.093392
554,403,0.688169
555,403,0.134783
556,403,0.07873
557,403,0.076613
558,403,0.27882
559,403,0.04698
560,403,0.065657
561,403,0.114583
578,403,2.34821
579,403,1.266356
580,403,1.336474
581,403,0.05442
582,403,0.033724
583,403,0.03234
584,403,0.092054
585,403,1.085681
586,403,0.086839
528,404,0.128097
529,404,0.096657
530,404,0.273518
531,404,0.14185
532,404,0.198858
533,404,0.121325
534,404,0.121325
535,404,0.057289
536,404,0.019655
537,404,0.131784
538,404,0.059028
539,404,0.04698
540,404,0.04698
541,404,0.083333
542,404,0.531497
543,404,1.211282
547,404,0.124924
548,404,0.068925
555,404,0.052021
556,404,0.088375
557,404,0.101387
558,404,0.04698
559,404,0.096386
560,404,0.034483
561,404,0.093935
562,404,0.099287
564,404,0.096875
576,404,2.556271
578,404,0.94505
579,404,0.260369
580,404,1.106933
581,404,0.283397
585,404,0.003613
586,404,0.021183
510,405,0.889948
511,405,0.889948
512,405,4.304403
513,405,0.150305
514,405,18.008158
528,405,0.083528
529,405,0.044226
530,405,0.031161
531,405,0.068431
532,405,0.022065
533,405,0.010374
534,405,0.009346
535,405,0.019655
536,405,0.019655
537,405,0.019655
538,405,0.019655
539,405,0.019655
540,405,0.057289
541,405,0.121325
542,405,0.076613
543,405,3.59198
547,405,0.118255
548,405,0.075715
554,405,0.057039
555,405,0.003268
556,405,0.001807
557,405,0.001807
558,405,0.001807
559,405,0.001807
560,405,0.08514
561,405,0.259911
562,405,0.086275
564,405,0.08688
576,405,1.804585
578,405,0.479102
579,405,0.249412
580,405,1.177335
581,405,0.159581
582,405,2.66491
583,405,1.536416
584,405,1.417755
585,405,1.656682
586,405,0.011865
509,406,6.758231
510,406,0.407391
511,406,0.360252
513,406,0.261175
514,406,0.102937
515,406,4.919252
530,406,0.075161
531,406,0.056572
532,406,0.090544
547,406,0.123892
548,406,0.086672
561,406,0.835448
562,406,0.106435
564,406,0.411194
576,406,2.018456
578,406,0.384857
579,406,0.272718
580,406,0.01773
581,406,0.024978
582,406,0.022349
583,406,0.021744
584,406,0.012398
585,406,0.032025
586,406,0.032025
508,407,1.85124
509,407,0.504358
510,407,0.010309
511,407,0.00241
512,407,0.058389
513,407,0.465848
514,407,0.158338
515,407,0.593472
531,407,0.333067
532,407,0.116351
534,407,0.125891
535,407,0.125891
536,407,0.127677
537,407,0.127677
538,407,0.221107
539,407,0.221107
540,407,0.221107
541,407,0.133309
542,407,0.112718
543,407,0.090778
544,407,2.550517
547,407,0.243948
548,407,0.216478
554,407,0.112513
576,407,3.588714
578,407,0.385462
579,407,0.274284
580,407,0.062612
581,407,0.036209
499,408,0.280381
501,408,0.069292
506,408,0.151403
507,408,0.461459
508,408,0.138677
509,408,0.183275
510,408,0.056623
511,408,0.012048
512,408,0.019802
513,408,0.066338
514,408,0.068455
515,408,0.200172
530,408,0.081117
531,408,0.043059
532,408,0.271942
534,408,0.030997
535,408,0.033315
536,408,0.706762
537,408,0.706762
538,408,0.160382
539,408,0.037511
540,408,0.015923
541,408,0.068848
542,408,0.083333
543,408,0.132898
544,408,0.133756
547,408,0.241539
548,408,0.185873
554,408,0.135436
576,408,6.144502
578,408,0.38546
579,408,0.271893
580,408,0.013003
501,409,0.190607
502,409,0.084912
504,409,3.782074
505,409,1.178094
506,409,0.085417
507,409,0.504358
508,409,0.183275
509,409,0.015285
513,409,0.066338
514,409,0.064448
515,409,0.193244
530,409,0.059674
531,409,0.319644
532,409,0.175288
534,409,0.090655
535,409,0.164725
536,409,0.004196
537,409,0.004196
538,409,0.004196
539,409,0.015923
541,409,0.050978
542,409,0.052987
543,409,0.164627
544,409,0.133756
547,409,0.222894
548,409,0.098651
549,409,1.191873
550,409,2.224732
551,409,0.32462
552,409,0.24106
553,409,0.197966
554,409,0.228468
578,409,1.170329
579,409,0.111896
581,409,10.538457
501,410,0.125628
502,410,0.075803
503,410,0.014205
504,410,0.020737
505,410,0.01559
506,410,0.0321
507,410,0.010309
508,410,0.001028
509,410,0.002412
510,410,0.010059
511,410,0.001807
512,410,0.001807
513,410,0.001807
514,410,0.113918
515,410,0.974759
532,410,2.056142
533,410,0.022221
534,410,0.010309
537,410,0.002412
538,410,0.001028
539,410,0.048912
541,410,0.08589
542,410,0.08348
543,410,0.04698
544,410,0.331729
549,410,0.187782
550,410,0.199595
551,410,0.345413
552,410,0.044744
553,410,0.096386
554,410,0.077641
555,410,0.206164
556,410,0.20108
557,410,0.843947
558,410,0.228468
559,410,0.552658
560,410,0.552658
561,410,0.567943
562,410,1.439896
563,410,0.595793
564,410,1.278761
575,410,2.04605
578,410,0.037908
581,410,0.273916
582,410,0.325319
583,410,14.489004
584,410,17.287481
585,410,16.157213
501,411,0.127594
503,411,0.035491
504,411,0.025157
505,411,0.0184
506,411,0.032642
507,411,0.030253
508,411,0.010059
509,411,0.003268
515,411,0.74825
530,411,0.071085
531,411,0.047494
532,411,0.069629
533,411,0.04122
534,411,0.010059
535,411,0.001807
536,411,0.001807
542,411,0.070841
543,411,0.048008
563,411,0.200475
564,411,1.173104
566,411,0.875935
567,411,0.118442
577,411,1.166487
578,411,2.833725
579,411,0.127408
583,411,6.02024
584,411,7.039187
585,411,12.766486
586,411,7.769151
504,412,0.826592
505,412,0.021061
506,412,0.036518
507,412,0.035216
539,412,0.022275
540,412,0.014682
541,412,0.014682
542,412,0.001807
543,412,0.130781
548,412,0.63034
549,412,0.617251
550,412,1.922332
551,412,0.606119
552,412,0.97077
553,412,0.544913
554,412,2.366038
555,412,2.306729
556,412,0.708875
557,412,0.804021
558,412,0.227696
559,412,4.939389
564,412,1.890739
574,412,7.506237
577,412,2.670014
578,412,0.35337
579,412,0.262914
582,412,0.461809
583,412,1.094772
584,412,0.064826
585,412,2.812554
510,413,0.024796
548,413,0.39732
549,413,0.068959
550,413,0.070104
551,413,0.070267
552,413,0.071297
559,413,1.259359
560,413,1.184504
561,413,0.48482
562,413,0.328153
563,413,9.382565
574,413,0.078557
575,413,1.692635
576,413,0.645185
577,413,0.06244
578,413,0.074937
579,413,0.074937
580,413,0.06244
581,413,0.208597
582,413,0.037908
584,413,0.040982
506,414,0.079465
507,414,0.027567
508,414,0.016614
509,414,0.016614
510,414,0.039038
548,414,0.388773
549,414,0.091425
563,414,1.262388
506,415,0.028446
507,415,0.01559
508,415,0.018
510,415,0.003268
576,415,0.101161
579,415,0.119148
580,415,0.058423
581,415,0.04312
582,415,1.274302
583,415,0.256317
506,416,0.020033
507,416,0.014205
508,416,0.106729
510,416,0.016405
530,416,0.073409
566,416,2.971954
567,416,3.205514
574,416,0.435319
575,416,0.378643
506,417,0.087401
507,417,0.05244
508,417,0.014205
510,417,0.221267
547,417,1.142108
551,417,0.238834
552,417,0.001807
553,417,0.001807
554,417,0.010059
555,417,0.010059
556,417,0.003268
557,417,0.003268
558,417,0.010591
566,417,0.241348
567,417,0.253322
574,417,0.49675
575,417,0.257453
507,418,0.015926
508,418,0.014205
509,418,0.040898
510,418,2.126823
511,418,0.22163
512,418,0.383193
513,418,0.699481
514,418,0.840094
515,418,0.459548
516,418,0.661349
517,418,1.261541
530,418,0.066382
531,418,0.08364
547,418,3.240052
551,418,3.236423
552,418,0.462692
553,418,0.017917
554,418,0.002412
555,418,0.002412
556,418,0.001807
557,418,0.010059
558,418,0.010059
559,418,0.003268
560,418,0.287372
566,418,0.09877
567,418,0.225053
574,418,1.155756
508,419,0.020033
509,419,0.030397
510,419,1.38393
511,419,0.21607
512,419,0.807168
513,419,0.465662
514,419,0.160906
515,419,0.264069
516,419,0.37715
517,419,0.659931
530,419,0.065603
531,419,0.290858
566,419,0.044489
567,419,0.275203
574,419,0.520889
575,419,0.062081
509,420,0.025157
510,420,0.057399
511,420,2.270833
512,420,0.278684
513,420,0.289826
514,420,0.323149
515,420,0.252197
516,420,0.361579
517,420,0.659931
530,420,0.064576
531,420,0.995309
540,420,5.660938
541,420,0.741221
542,420,0.58694
543,420,2.031639
544,420,0.625668
547,420,1.467036
548,420,1.098445
549,420,1.998298
550,420,1.753331
552,420,0.19653
553,420,0.141192
554,420,0.179825
555,420,0.118194
556,420,1.048415
557,420,0.98428
559,420,0.13566
560,420,0.357392
561,420,0.448432
574,420,1.099179
575,420,1.139953
576,420,20.452446
508,421,0.098215
510,421,0.014599
511,421,0.018349
513,421,1.049087
514,421,0.752973
515,421,0.232075
516,421,0.284203
517,421,0.579856
530,421,0.064576
531,421,0.725009
547,421,0.876698
548,421,0.214992
549,421,0.143256
550,421,0.125815
551,421,0.12011
552,421,0.178831
553,421,0.059762
554,421,0.057229
555,421,0.037855
556,421,0.042248
557,421,0.546981
558,421,0.351329
559,421,0.010591
560,421,0.033724
561,421,0.765375
564,421,1.014052
574,421,4.493226
575,421,0.080498
484,422,8.40611
508,422,0.093787
509,422,0.014599
510,422,0.228469
513,422,0.108065
514,422,1.561538
515,422,1.108779
516,422,0.269888
517,422,0.585449
530,422,0.064576
531,422,0.726138
537,422,1.98096
540,422,2.39098
556,422,0.032025
557,422,1.037737
558,422,0.049466
559,422,0.042676
574,422,0.389891
575,422,0.242723
581,422,13.454824
508,423,0.093449
509,423,0.026413
510,423,0.083333
511,423,1.204464
512,423,0.153846
513,423,2.0
514,423,0.434842
515,423,0.16018
516,423,0.108935
517,423,0.579856
530,423,0.054108
531,423,10.401434
537,423,2.492104
538,423,4.921495
540,423,0.022879
542,423,0.371991
543,423,0.033573
544,423,0.003268
576,423,0.074697
577,423,0.178838
485,424,3.50611
509,424,0.065922
510,424,0.481366
511,424,0.282388
512,424,0.200102
514,424,0.351571
515,424,0.096395
516,424,0.126363
530,424,0.055136
531,424,9.897449
537,424,0.634801
538,424,1.64879
540,424,0.070911
542,424,0.047453
543,424,0.010059
576,424,1.509273
509,425,0.095302
512,425,1.923405
513,425,0.025182
514,425,0.312078
515,425,0.189123
516,425,1.135859
517,425,4.132216
530,425,0.055136
531,425,0.269645
542,425,0.010591
543,425,0.003268
544,425,0.001807
485,426,0.062905
509,426,0.2228
511,426,0.213223
512,426,0.117919
530,426,0.181814
531,426,1.062412
546,426,0.025509
547,426,0.036203
548,426,0.033573
552,426,0.034976
553,426,0.074925
554,426,0.011337
555,426,0.001028
556,426,0.001028
557,426,0.001028
558,426,0.002412
481,427,0.277564
482,427,0.187421
483,427,0.709281
484,427,0.029512
485,427,0.230134
509,427,0.855499
511,427,0.066272
512,427,0.196087
530,427,0.181814
531,427,2.124153
546,427,1.925434
547,427,1.289159
548,427,0.052494
552,427,0.010059
553,427,0.148352
554,427,0.095382
555,427,0.039474
556,427,0.021739
559,427,0.002412
561,427,0.207139
484,428,0.119067
485,428,1.347733
509,428,0.042106
511,428,0.215289
512,428,0.41453
530,428,0.130736
531,428,2.609834
547,428,2.760844
549,428,0.130366
550,428,0.18519
551,428,0.010059
559,428,0.010059
476,429,0.033449
509,429,0.007989
510,429,0.017595
511,429,0.025157
512,429,1.224621
513,429,0.785674
514,429,1.73793
515,429,2.114714
516,429,2.104463
517,429,0.825239
530,429,0.130736
531,429,2.609834
548,429,0.818627
549,429,0.039474
550,429,0.001807
559,429,0.010591
511,430,0.035491
512,430,0.32253
514,430,0.178471
515,430,0.526814
516,430,5.00832
517,430,0.879628
518,430,0.761296
530,430,0.075269
531,430,21.551945
512,431,1.399849
530,431,0.697145
512,432,2.928616
530,432,2.74685
473,433,0.154558
530,433,2.808493
530,434,4.184305
459,435,0.552032
472,435,1.159331
480,435,3.405886
482,435,10.953324
513,435,24.941074
514,435,6.65595
515,435,3.012126
516,435,2.991918
517,435,10.545915
530,435,4.932311
531,435,3.988718
537,435,3.538429
538,435,19.69792
459,436,0.097516
462,436,0.076511
463,436,0.10785
472,436,2.054256
480,436,0.193975
481,436,6.374122
482,436,3.032348
512,436,20.399611
513,436,1.633188
530,436,2.905208
537,436,6.130073
538,436,12.928964
539,436,6.485931
540,436,18.918226
481,437,0.14072
482,437,6.365761
514,437,1.382638
515,437,2.270491
516,437,1.136555
530,437,8.619565
531,437,6.324691
537,437,3.820788
539,437,3.01425
540,437,7.841733
541,437,7.06981
511,438,7.040005
513,438,0.34529
514,438,0.149379
515,438,5.074134
516,438,1.012003
518,438,14.033023
537,438,4.862107
511,439,0.529474
513,439,0.762832
514,439,0.96395
515,439,0.440758
516,439,1.114559
518,439,14.074826
513,440,1.296477
514,440,0.980294
515,440,0.115077
516,440,0.602691
517,440,0.605881
518,440,3.234915
549,440,21.788782
551,440,25.910282
552,440,27.88327
480,441,2.259287
482,441,2.777913
483,441,0.221699
485,441,4.573936
486,441,0.435212
487,441,1.560763
489,441,4.031075
512,441,1.104473
513,441,0.597263
514,441,2.908793
516,441,0.074526
517,441,0.254721
518,441,5.816076
549,441,10.643683
550,441,8.833173
551,441,18.348547
552,441,29.52825
554,441,23.139109
555,441,26.553867
556,441,27.945847
557,441,21.341373
558,441,20.417238
475,442,0.1955
476,442,0.546106
477,442,0.265005
478,442,0.293291
479,442,0.346729
480,442,0.452923
481,442,0.976213
482,442,0.452923
483,442,1.226181
484,442,1.239267
485,442,1.814909
486,442,4.100717
487,442,1.449421
489,442,2.419049
511,442,0.252373
512,442,0.373736
513,442,0.117818
514,442,1.131361
516,442,0.304303
517,442,1.502639
518,442,4.460798
530,442,1.463229
531,442,9.017344
532,442,9.017344
533,442,3.132072
534,442,1.782564
535,442,2.28689
536,442,2.383338
537,442,1.519176
538,442,3.356922
539,442,6.722288
549,442,10.216216
550,442,4.346409
553,442,20.045834
554,442,9.955171
555,442,9.641602
556,442,11.622286
557,442,6.023177
558,442,13.959122
474,443,0.24484
475,443,0.291919
476,443,0.185383
477,443,0.818467
479,443,0.662867
485,443,0.316012
489,443,6.203578
512,443,0.68458
513,443,1.541236
514,443,0.133907
516,443,0.856085
517,443,5.796036
518,443,4.460798
529,443,0.185927
530,443,4.303249
531,443,12.122142
532,443,1.56104
533,443,0.851182
534,443,1.132104
535,443,1.2819
536,443,4.884675
539,443,1.401898
549,443,12.237149
550,443,12.639793
556,443,11.024297
557,443,13.261532
558,443,19.751577
512,444,0.317746
513,444,1.453849
514,444,0.882389
516,444,5.81056
517,444,3.083809
518,444,27.367458
529,444,0.219881
530,444,10.906482
549,444,9.878116
550,444,10.569772
558,444,19.155605
407,445,17.953735
408,445,19.724539
409,445,8.330424
410,445,5.803856
461,445,0.79657
462,445,0.58522
463,445,0.449096
464,445,0.491519
465,445,0.437625
490,445,0.567491
491,445,0.28535
512,445,0.227801
529,445,12.67408
549,445,13.198256
550,445,24.918312
407,446,9.665234
408,446,4.592644
409,446,16.827206
410,446,4.537437
411,446,7.18106
490,446,0.083845
491,446,0.272856
494,446,28.853092
512,446,1.482435
513,446,0.076131
514,446,0.221273
515,446,1.400953
516,446,8.872521
517,446,8.886402
529,446,0.151229
549,446,9.467672
550,446,18.737263
556,446,1.224973
557,446,5.048401
406,447,3.239814
407,447,0.70447
408,447,1.240526
409,447,2.470257
410,447,2.953199
411,447,2.870605
476,447,0.018406
477,447,0.197804
490,447,0.236456
491,447,0.995458
494,447,0.634332
495,447,6.038853
512,447,3.856173
513,447,0.045889
514,447,0.007937
515,447,0.205528
516,447,0.638242
529,447,8.404989
530,447,3.193285
531,447,5.817523
532,447,1.800594
533,447,10.402924
549,447,9.573365
556,447,1.483121
557,447,1.70447
406,448,3.541404
407,448,1.339254
408,448,1.120229
409,448,1.24943
410,448,1.277445
411,448,5.452496
421,448,0.588856
488,448,3.823439
489,448,20.721241
490,448,0.913636
491,448,0.794114
495,448,21.529238
513,448,3.501201
514,448,2.57097
515,448,9.816264
517,448,2.842803
532,448,18.113146
549,448,9.934962
550,448,26.262114
556,448,1.434713
557,448,1.034505
479,449,0.280791
480,449,0.127162
482,449,0.198025
483,449,0.241876
484,449,2.950241
485,449,1.600491
486,449,0.967184
487,449,0.727237
488,449,2.480884
489,449,5.268025
490,449,1.559213
491,449,1.669832
549,449,14.616033
550,449,23.079077
557,449,1.036825
479,450,0.367235
481,450,7.798861
482,450,0.510337
484,450,0.23169
485,450,0.307103
486,450,0.617211
487,450,1.650602
488,450,1.512359
489,450,7.856482
496,450,7.489538
549,450,16.977253
476,451,0.930741
478,451,1.400638
481,451,1.773634
483,451,0.337645
484,451,1.218442
485,451,0.612004
486,451,1.013171
487,451,0.98083
488,451,0.657888
489,451,2.681582
556,451,0.265061
557,451,1.99039
406,452,0.978326
407,452,4.79693
428,452,1.923468
496,452,16.746813
535,452,9.271502
549,452,24.422752
491,453,10.79565
497,453,15.524092
534,453,10.852025
441,454,1.566163
443,454,0.301345
444,454,1.125789
447,454,0.677013
448,454,0.220069
449,454,1.109204
451,454,25.414553
473,454,0.007989
491,454,7.42651
534,454,11.058491
407,455,6.786496
408,455,7.884476
409,455,4.587866
474,455,1.015379
475,455,0.409746
476,455,0.41762
477,455,0.131384
478,455,0.293575
479,455,0.122857
491,455,4.818829
534,455,10.71216
407,456,3.915869
408,456,8.768307
409,456,4.677462
410,456,2.492194
411,456,5.477152
420,456,9.17968
421,456,4.307638
425,456,2.71205
429,456,1.806575
475,456,0.035491
476,456,0.014205
478,456,0.100606
479,456,0.127835
491,456,8.276921
497,456,22.932144
534,456,8.150249
549,456,9.657
420,457,0.16006
479,457,0.886814
483,457,1.034756
486,457,0.322713
489,457,5.706068
497,457,19.222254
534,457,8.329389
421,458,0.136595
422,458,0.249059
423,458,0.077106
424,458,0.294924
425,458,0.294924
426,458,0.294924
427,458,0.025157
428,458,0.025157
429,458,0.025157
430,458,0.025157
431,458,0.025157
432,458,0.035491
433,458,0.035491
434,458,0.035491
435,458,0.014205
476,458,0.900629
488,458,1.003464
489,458,2.812587
534,458,18.446154
549,458,10.789662
421,459,0.010417
422,459,0.040407
423,459,0.177416
424,459,0.190915
425,459,0.214358
426,459,0.052627
427,459,0.052627
428,459,0.028446
429,459,0.020033
489,459,3.660511
549,459,10.22382
435,460,0.057944
450,460,1.916431
451,460,26.797152
453,460,1.482956
460,460,2.507423
461,460,0.777461
462,460,0.100155
463,460,0.89844
490,460,8.377825
514,460,8.989971
534,460,4.735927
443,461,6.399789
444,461,1.67614
445,461,2.725462
446,461,2.583774
447,461,2.365865
448,461,2.365865
449,461,0.364645
450,461,0.384371
451,461,1.964662
452,461,0.520384
453,461,4.56288
454,461,0.512882
455,461,0.218713
457,461,1.754858
460,461,1.780068
461,461,1.128884
496,461,1.409299
534,461,18.408484
443,462,1.198944
444,462,0.839042
445,462,0.865442
446,462,0.877561
447,462,0.442801
448,462,0.500161
449,462,0.775062
450,462,0.62859
451,462,0.25926
452,462,0.25705
453,462,0.223079
454,462,0.048838
455,462,0.56525
456,462,0.078654
457,462,0.080277
458,462,0.124553
459,462,0.107554
493,462,0.109292
494,462,1.938802
409,463,5.272072
410,463,2.301342
411,463,3.623151
412,463,1.581659
413,463,1.101982
414,463,7.490008
415,463,24.630215
423,463,0.565493
442,463,0.907158
443,463,0.235221
444,463,0.710514
445,463,0.713033
446,463,0.956399
447,463,0.687475
448,463,0.436134
449,463,0.229746
450,463,0.186985
451,463,0.140503
452,463,1.120261
453,463,0.319601
457,463,2.061101
493,463,2.62894
494,463,4.53717
407,464,13.313301
408,464,16.136711
413,464,7.154504
414,464,5.98255
422,464,0.630221
423,464,3.821374
424,464,1.182498
425,464,0.264159
426,464,0.296679
427,464,0.365283
428,464,0.361243
429,464,0.274256
431,464,0.33964
432,464,0.239991
433,464,0.523821
434,464,1.296832
442,464,1.063471
443,464,1.306805
444,464,0.886852
445,464,1.062337
446,464,1.31791
447,464,0.657974
448,464,0.297887
450,464,0.366268
451,464,0.331265
452,464,0.414129
453,464,1.334769
454,464,0.81347
493,464,2.138484
494,464,5.307607
495,464,8.21909
549,464,16.775063
497,465,10.523024
490,466,7.022687
491,466,0.764921
493,468,4.644707
494,468,2.766831
494,469,4.319108
441,470,2.153734
446,470,3.101388
447,470,2.15623
448,470,1.435848
450,470,1.044732
455,470,1.654012
456,470,2.582486
457,470,4.504277
458,470,1.00168
459,470,1.00168
460,470,1.476702
461,470,4.048924
462,470,1.087034
463,470,2.129223
421,471,20.80196
422,471,7.59757
425,471,1.107312
426,471,0.32271
427,471,0.677981
428,471,0.919897
429,471,0.928398
430,471,1.886974
431,471,1.030823
433,471,1.288106
443,471,2.529011
451,471,2.747511
458,471,3.10478
421,472,5.694141
422,472,0.833192
423,472,0.558206
424,472,1.75912
425,472,0.48589
426,472,1.579755
427,472,2.749883
428,472,0.703032
429,472,0.526233
430,472,0.701506
431,472,0.624757
432,472,0.547605
433,472,1.010681
434,472,1.162463
435,472,1.129928
420,473,9.767697
421,473,2.427644
422,473,1.930717
423,473,1.998898
424,473,0.727011
425,473,0.621431
426,473,0.792641
427,473,3.732896
428,473,2.494745
429,473,0.593371
430,473,0.803927
431,473,0.068526
432,473,1.000168
477,473,1.419219
478,473,2.052328
479,473,0.341869
480,473,5.327438
481,473,5.294148
482,473,6.412893
483,473,0.842205
484,473,1.794575
431,474,0.841735
432,474,1.48109
475,474,4.163408
476,474,5.44916
477,474,2.220331
478,474,0.252527
479,474,0.071032
480,474,1.486068
481,474,1.981145
478,475,0.68169
479,475,0.848093
480,475,1.040674
479,476,3.108477
480,476,1.411553
442,478,7.660285
443,478,6.34094
444,478,5.619242
443,479,4.028631
444,479,1.799631
445,479,2.348476
446,479,3.800301
451,479,5.300146
452,479,1.1406
499,479,5.60174
422,480,4.710764
423,480,4.802135
424,480,1.615664
425,480,0.590284
426,480,0.786968
427,480,0.409263
428,480,0.509068
432,480,1.136709
433,480,1.056141
441,480,2.012968
442,480,2.699406
443,480,2.481571
444,480,2.792649
445,480,3.586052
446,480,3.605796
447,480,2.750289
448,480,3.131484
449,480,4.248713
450,480,3.151831
451,480,3.406102
423,481,6.434008
425,481,1.658555
426,481,1.35151
427,481,1.049806
428,481,0.503618
429,481,1.284137
430,481,0.393209
431,481,0.468406
432,481,0.626968
433,481,0.918917
459,484,0.395105
460,484,0.322827
443,485,0.552043
444,485,0.884348
452,485,0.430867
457,485,0.012876
458,485,0.00241
459,485,0.015824
460,485,0.004196
461,485,0.066667
439,486,0.220499
442,486,0.453622
443,486,0.257537
444,486,1.972448
445,486,0.066422
446,486,0.167509
447,486,0.149545
448,486,0.255287
461,486,25.036919
462,486,21.885273
426,487,3.136611
436,487,0.645929
442,487,0.544646
443,487,0.225396
445,487,0.106875
446,487,0.143626
447,487,0.215594
448,487,0.519689
458,487,0.280277
459,487,0.214463
460,487,0.566513
461,487,0.527721
462,487,0.527721
463,487,1.193659
423,488,1.466844
424,488,1.544017
425,488,1.28903
426,488,1.21109
427,488,2.072524
428,488,2.849231
429,488,4.044998
430,488,1.652197
431,488,1.03722
432,488,0.77399
433,488,0.522236
434,488,0.712395
435,488,1.21928
436,488,2.608349
442,488,1.714839
443,488,0.443029
446,488,0.535163
447,488,1.622896
448,488,1.098462
422,489,12.120418
424,489,5.371821
425,489,5.924874
426,489,4.075559
427,489,5.413288
428,489,5.107762
429,489,3.939266
430,489,4.660653
431,489,4.059814
432,489,0.982479
433,489,1.954808
434,489,2.470203
435,489,5.929842
436,489,19.108248
439,489,0.104217
442,489,7.615551
443,489,3.04424
431,490,4.755902
439,490,2.796264
440,490,3.227396
390,492,0.097447
390,493,0.441341
391,493,1.048449
394,493,0.478688
395,493,1.05381
