1942,2124,1.88489
1943,2124,0.42735
1944,2124,5.437206
1945,2124,6.656869
1946,2124,12.888721
1979,2124,8.771358
1980,2124,3.194813
2004,2124,10.530793
1935,2125,5.650007
1936,2125,5.650007
1937,2125,6.902898
1938,2125,2.506788
1939,2125,0.352941
1953,2125,1.605755
1954,2125,0.434828
1955,2125,0.341581
1970,2125,0.342697
1979,2125,23.138138
1980,2125,4.104143
2003,2125,8.0483
1952,2126,0.899182
1953,2126,1.172163
1954,2126,0.702381
1955,2126,0.388655
1969,2126,0.323944
1979,2126,11.094162
1980,2126,1.582748
2003,2126,10.386131
1947,2127,2.064645
1948,2127,8.834211
1949,2127,24.788521
1950,2127,10.321354
1951,2127,10.058373
1952,2127,1.780382
1953,2127,0.244203
1955,2127,0.214206
1956,2127,7.123804
1957,2127,6.54083
1958,2127,12.125052
1959,2127,26.914268
1978,2127,23.207186
1979,2127,5.883542
2003,2127,9.750001
1947,2128,1.801873
1948,2128,6.411209
1949,2128,8.519043
1950,2128,8.55516
1951,2128,0.138095
1952,2128,0.071429
1953,2128,0.071429
1954,2128,0.15745
1955,2128,0.258065
1956,2128,1.53758
1957,2128,4.987497
1958,2128,10.57044
1959,2128,25.564426
1962,2128,0.814528
1979,2128,3.310596
1958,2129,3.213089
1959,2129,9.320986
1961,2129,27.785955
1962,2129,13.145554
1963,2129,2.513068
1964,2129,2.051792
1965,2129,6.044667
1966,2129,6.044667
1978,2129,23.79884
1979,2129,4.168659
1958,2130,4.683313
1959,2130,14.921697
1961,2130,23.307781
1962,2130,7.024039
1963,2130,4.31133
1964,2130,2.413123
1965,2130,2.413123
1966,2130,1.629832
1967,2130,1.742993
1968,2130,22.259888
1969,2130,2.168054
1970,2130,0.610189
1978,2130,23.79884
1979,2130,4.311213
1958,2131,9.206352
1959,2131,16.630276
1962,2131,21.519848
1963,2131,14.014627
1964,2131,10.959363
1965,2131,6.989465
1966,2131,0.973256
1967,2131,14.198513
1968,2131,12.373934
1969,2131,0.80237
1970,2131,0.720611
1978,2131,23.79884
1979,2131,4.104143
1978,2132,23.849407
1979,2132,4.104143
1950,2133,11.203455
1978,2133,24.556786
1979,2133,4.139857
1948,2134,17.662502
1949,2134,14.00173
1950,2134,4.149531
1951,2134,3.077652
1952,2134,17.6
1953,2134,0.166667
1954,2134,0.154281
1955,2134,0.257785
1956,2134,1.629832
1957,2134,1.948263
1978,2134,23.899632
1979,2134,4.139857
1948,2135,27.208788
1949,2135,16.023287
1950,2135,5.033669
1951,2135,2.671167
1952,2135,2.976191
1954,2135,0.216346
1955,2135,0.120072
1956,2135,0.257785
1957,2135,0.092308
1978,2135,27.982964
1979,2135,4.168428
1937,2136,6.5
1938,2136,4.009804
1947,2136,16.311489
1948,2136,21.443676
1949,2136,13.544114
1950,2136,4.016346
1951,2136,1.244318
1952,2136,5.583333
1955,2136,0.216346
1971,2136,0.140992
1978,2136,28.040035
1979,2136,4.774882
1947,2137,19.245949
1948,2137,4.638656
1949,2137,0.4
1950,2137,0.666667
1951,2137,2.295635
1952,2137,1.18219
1953,2137,1.296826
1954,2137,0.711111
1969,2137,2.517608
1970,2137,0.13198
1971,2137,0.140992
1978,2137,14.182595
1979,2137,4.874882
1991,2137,6.045906
1992,2137,5.756433
1993,2137,0.501617
1943,2138,9.365577
1944,2138,11.802838
1948,2138,4.166667
1949,2138,1.5
1950,2138,3.883876
1951,2138,6.591405
1952,2138,12.598561
1953,2138,10.262042
1954,2138,5.271631
1955,2138,0.925
1969,2138,1.591094
1970,2138,0.503213
1971,2138,1.356374
1978,2138,14.072017
1979,2138,4.874882
1980,2138,1.430627
1988,2138,0.431137
1989,2138,6.374211
1990,2138,16.068197
1991,2138,18.632141
1992,2138,16.791063
1993,2138,0.501617
1942,2139,3.083333
1944,2139,6.839998
1945,2139,0.678899
1949,2139,16.490036
1950,2139,29.671965
1955,2139,23.048115
1970,2139,0.503213
1971,2139,1.504856
1978,2139,19.437946
1979,2139,7.805834
1980,2139,10.04192
1981,2139,17.995176
1982,2139,24.888071
1983,2139,24.244305
1986,2139,12.644545
1988,2139,8.297722
1935,2140,3.083333
1943,2140,4.166667
1944,2140,3.599577
1945,2140,0.837553
1956,2140,1.071429
1957,2140,0.170886
1958,2140,0.230241
1962,2140,0.814528
1963,2140,5.773513
1964,2140,3.144694
1965,2140,0.5784
1966,2140,0.557777
1967,2140,0.075188
1969,2140,0.075188
1970,2140,0.550956
1971,2140,1.504856
1978,2140,19.602551
1979,2140,8.409867
1980,2140,11.189686
1940,2141,23.267735
1941,2141,2.473685
1943,2141,0.086021
1944,2141,0.302866
1956,2141,13.220055
1957,2141,0.170886
1958,2141,0.140992
1962,2141,11.681007
1965,2141,4.04135
1966,2141,1.406178
1967,2141,1.964245
1968,2141,0.964244
1969,2141,0.964244
1970,2141,1.25347
1971,2141,1.575336
1978,2141,26.713303
1979,2141,16.831718
1980,2141,10.649176
1942,2142,4.105019
1957,2142,5.098829
1958,2142,0.519714
1968,2142,2.595308
1969,2142,2.57654
1970,2142,12.577481
1978,2142,28.586117
1979,2142,19.171673
1980,2142,11.445768
1941,2143,22.94492
1942,2143,13.787135
1943,2143,3.764708
1946,2143,0.666666
1950,2143,0.170886
1958,2143,0.409964
1979,2143,18.359432
1980,2143,7.340976
1981,2143,16.99885
1942,2144,24.949451
1943,2144,14.226035
1944,2144,12.915786
1945,2144,11.613624
1946,2144,8.877408
1950,2144,3.208335
1958,2144,11.904657
1959,2144,0.311703
1960,2144,0.179723
1961,2144,0.409964
1962,2144,2.530276
1964,2144,6.609055
1965,2144,0.430466
1966,2144,0.430466
1967,2144,0.430466
1968,2144,0.578948
1969,2144,0.720611
1971,2144,0.932755
1972,2144,1.003235
1977,2144,2.641482
1978,2144,1.937324
1979,2144,7.049899
1980,2144,6.703501
1981,2144,14.456891
1982,2144,16.676004
1959,2145,0.409964
1964,2145,6.633493
1977,2145,28.313572
1978,2145,3.265429
1979,2145,6.246388
1980,2145,4.476171
1981,2145,10.589806
1982,2145,18.435699
1983,2145,16.213276
1985,2145,25.756369
1944,2146,10.006419
1945,2146,9.336859
1946,2146,7.4679
1947,2146,4.096481
1951,2146,4.096481
1957,2146,11.215082
1958,2146,3.884173
1959,2146,2.224759
1960,2146,4.114495
1961,2146,3.668792
1968,2146,0.281984
1969,2146,0.430466
1970,2146,0.578948
1977,2146,25.986797
1978,2146,15.774191
1979,2146,5.459178
1980,2146,3.936028
1981,2146,6.126182
1982,2146,10.428596
1983,2146,13.295221
1984,2146,16.809036
1985,2146,15.93092
1986,2146,23.597942
1987,2146,23.729052
1989,2146,21.611425
2004,2146,9.556141
1948,2147,4.746483
1949,2147,6.026301
1950,2147,6.026301
1951,2147,8.293905
1952,2147,3.013151
1956,2147,8.138161
1958,2147,14.646372
1959,2147,9.337048
1960,2147,5.887723
1961,2147,22.593903
1968,2147,0.075188
1969,2147,0.578948
1970,2147,1.568489
1977,2147,7.652549
1978,2147,9.212427
1979,2147,8.56908
1980,2147,12.810699
1981,2147,10.653625
1982,2147,6.082078
1983,2147,8.154959
1984,2147,8.669268
1985,2147,11.249905
1986,2147,15.156011
1987,2147,13.309204
1988,2147,17.282555
1989,2147,12.575109
1991,2147,29.953545
2001,2147,27.735863
1959,2148,13.18507
1960,2148,26.259022
1961,2148,2.931077
1968,2148,0.409964
1969,2148,0.862275
1977,2148,18.934143
1978,2148,22.452423
1960,2149,5.634336
1961,2149,2.841828
1966,2149,2.02703
1968,2149,0.359447
1969,2149,0.868421
1970,2149,2.352734
1966,2150,4.589536
1967,2150,2.036198
1968,2150,0.473752
1969,2150,5.378222
1970,2150,0.571458
1965,2151,28.958191
1960,2159,20.968685
1962,2159,0.179723
1972,2159,0.572129
1973,2159,0.572129
1974,2159,0.519714
1956,2160,0.289474
1963,2160,12.615115
1964,2160,2.965313
1965,2160,28.811184
1966,2160,0.179723
1967,2160,0.431137
1975,2160,0.932755
1956,2161,0.230241
1957,2161,0.140992
1963,2161,18.255133
1964,2161,0.140992
1965,2161,0.431137
1966,2161,0.289474
1967,2161,0.289474
1956,2162,20.833185
1959,2162,0.289474
1964,2162,0.431137
1956,2163,23.317913
1959,2163,20.014275
1961,2163,20.509968
1966,2163,0.289474
1967,2163,0.431137
1959,2164,22.771236
1961,2164,0.289474
1971,2164,2.049561
1976,2164,0.791091
1957,2165,0.289474
1958,2165,20.968685
1959,2165,13.839766
1962,2165,0.140992
1963,2165,0.140992
1964,2165,0.230241
1966,2165,0.140992
1967,2165,0.289474
1971,2165,1.913056
1972,2165,0.140992
1935,2166,0.230241
1955,2166,28.811184
1956,2166,0.289474
1962,2166,0.501617
1963,2166,0.501617
1964,2166,0.431137
1965,2166,0.431137
1966,2166,0.431137
1967,2166,0.431137
1971,2166,1.989122
1972,2166,0.289474
1981,2166,5.264606
1982,2166,1.215382
1983,2166,0.431137
1984,2166,0.289474
1985,2166,0.289474
1986,2166,0.140992
1935,2167,0.289474
1954,2167,24.164865
1955,2167,14.863325
1956,2167,0.140992
1957,2167,0.230241
1958,2167,0.230241
1971,2167,1.913056
1972,2167,0.289474
1953,2168,23.317913
1955,2168,0.140992
1958,2168,10.24661
1963,2168,0.289474
1964,2168,0.289474
1965,2168,0.140992
1966,2168,0.289474
1967,2168,0.431137
1971,2168,1.857142
1972,2168,0.230241
1974,2168,0.661378
1975,2168,13.420894
1976,2168,0.791091
1983,2168,16.853788
1984,2168,0.572129
1985,2168,0.64261
1952,2169,12.881519
1953,2169,0.230241
1955,2169,10.765761
1956,2169,0.230241
1957,2169,0.431137
1962,2169,4.013437
1963,2169,0.140992
1964,2169,0.289474
1966,2169,0.140992
1967,2169,0.431137
1971,2169,1.913056
1972,2169,0.230241
1974,2169,0.230241
1975,2169,5.165835
1976,2169,0.371233
1980,2169,1.073718
1982,2169,0.572129
1983,2169,0.572129
1984,2169,0.519714
1985,2169,0.661378
1987,2169,0.289474
1988,2169,4.423075
1989,2169,4.629632
1999,2169,22.65534
2000,2169,19.04199
2002,2169,18.32431
1952,2170,12.448714
1953,2170,0.230241
1955,2170,0.230241
1957,2170,0.431137
1962,2170,0.784245
1963,2170,0.784245
1965,2170,0.784245
1966,2170,0.501617
1967,2170,0.501617
1971,2170,2.15191
1972,2170,0.289474
1975,2170,0.401127
1976,2170,0.272972
1977,2170,0.661378
1978,2170,0.469197
1979,2170,0.519714
1980,2170,1.215382
1985,2170,1.073718
1987,2170,0.311878
1988,2170,2.064743
1999,2170,4.370127
2000,2170,13.668659
2001,2170,17.884226
2002,2170,4.987861
2003,2170,7.452648
2004,2170,18.333208
1935,2171,0.179723
1952,2171,10.617405
1953,2171,0.230241
1955,2171,0.289474
1957,2171,0.289474
1958,2171,0.140992
1974,2171,20.014275
1975,2171,0.661378
1976,2171,0.925237
1979,2171,0.572129
1987,2171,0.971533
1988,2171,0.812637
1999,2171,4.381523
2000,2171,5.200269
2001,2171,5.097424
2002,2171,3.868863
2003,2171,5.1119
2004,2171,8.449389
1932,2172,11.648862
1934,2172,13.124702
1935,2172,12.479713
1938,2172,27.46719
1945,2172,26.476341
1946,2172,0.230241
1952,2172,10.765761
1953,2172,0.179723
1954,2172,0.289474
1957,2172,0.140992
1958,2172,2.22433
1963,2172,0.431137
1964,2172,0.431137
1965,2172,0.501617
1972,2172,0.320716
1973,2172,0.572129
1974,2172,0.572129
1975,2172,0.925237
1998,2172,14.689415
1999,2172,4.39292
2000,2172,2.691823
2001,2172,2.405085
2002,2172,1.455355
2003,2172,2.869403
2004,2172,8.793722
2005,2172,17.086269
1932,2173,10.739906
1938,2173,27.158489
1940,2173,0.140992
1946,2173,20.509968
1951,2173,0.501617
1952,2173,3.508059
1953,2173,3.508059
1954,2173,0.289474
1956,2173,2.28828
1957,2173,3.090498
1958,2173,0.501617
1962,2173,6.201164
1963,2173,0.140992
1964,2173,0.501617
1966,2173,0.784245
1967,2173,0.784245
1968,2173,0.501617
1972,2173,1.215382
1977,2173,13.224846
1978,2173,16.226534
1983,2173,0.289474
1984,2173,0.140992
1985,2173,0.140992
1990,2173,0.057692
1998,2173,27.762589
1999,2173,4.312865
2000,2173,2.477552
2001,2173,0.574835
2002,2173,0.931892
2003,2173,3.809658
1932,2174,14.229776
1935,2174,19.404898
1936,2174,11.648862
1937,2174,18.253635
1946,2174,0.501617
1956,2174,2.378596
1971,2174,2.146616
1972,2174,0.784245
1979,2174,11.557079
1982,2174,0.140992
1983,2174,0.179723
1984,2174,0.13198
1985,2174,0.13198
1990,2174,0.046296
2000,2174,0.300321
2001,2174,0.880124
2002,2174,3.741683
1936,2175,13.476501
1937,2175,0.209574
1940,2175,0.501617
1958,2175,0.431137
1972,2175,0.784245
1982,2175,0.784245
1983,2175,0.170843
1984,2175,0.264723
1985,2175,0.214206
1986,2175,0.13198
1990,2175,0.057692
2001,2175,22.414158
2002,2175,11.414617
2003,2175,8.148318
1936,2176,15.385967
1937,2176,11.263918
1938,2176,14.116995
1945,2176,0.431137
1946,2176,0.431137
1947,2176,0.501617
1948,2176,0.431137
1949,2176,0.230241
1951,2176,0.431137
1952,2176,0.431137
1953,2176,0.289474
1954,2176,0.289474
1955,2176,0.431137
1956,2176,2.029865
1958,2176,2.146616
1963,2176,0.784245
1964,2176,0.501617
1965,2176,0.501617
1966,2176,0.501617
1978,2176,0.784245
1983,2176,0.778076
1984,2176,0.636413
1985,2176,0.636413
1986,2176,0.487931
1987,2176,0.487931
2001,2176,26.897238
2002,2176,9.285834
1938,2177,11.32071
1942,2177,23.848051
1944,2177,0.170886
1945,2177,0.230241
1948,2177,0.170886
1949,2177,0.230241
1951,2177,0.289474
1954,2177,0.140992
1955,2177,2.378596
1962,2177,4.828492
1963,2177,2.240201
1964,2177,3.366395
1965,2177,0.140992
1966,2177,0.289474
1967,2177,0.784245
1968,2177,4.631087
1970,2177,15.920193
2001,2177,18.546972
2002,2177,12.639739
2003,2177,4.303602
1941,2178,19.187977
1942,2178,14.296718
1944,2178,0.13198
1945,2178,0.140992
1949,2178,2.029865
1950,2178,2.509654
1951,2178,2.350553
1952,2178,2.15191
1953,2178,0.140992
1955,2178,0.784245
1964,2178,2.146616
1965,2178,5.968164
1966,2178,6.430577
1967,2178,29.78508
1968,2178,2.22433
1970,2178,26.941057
1974,2178,0.784245
1975,2178,0.784245
1976,2178,0.501617
2001,2178,10.345745
2002,2178,7.563799
2003,2178,4.39285
1939,2179,19.342266
1942,2179,19.358864
1943,2179,0.209574
1945,2179,0.230241
1946,2179,0.140992
1947,2179,0.230241
1948,2179,0.230241
1949,2179,2.950291
1953,2179,2.066716
1954,2179,2.049561
1955,2179,0.140992
1957,2179,0.784245
1958,2179,0.784245
1962,2179,2.378596
1967,2179,0.431137
1971,2179,6.26386
1972,2179,0.289474
1973,2179,0.230241
1974,2179,0.289474
1975,2179,0.140992
1976,2179,0.431137
1977,2179,0.501617
1978,2179,0.501617
1979,2179,0.784245
2000,2179,12.440527
2001,2179,5.475961
2002,2179,4.714914
2003,2179,5.272111
1942,2180,19.187977
1943,2180,0.022472
1945,2180,0.170886
1946,2180,3.208901
1947,2180,6.446675
1948,2180,0.431137
1955,2180,2.350553
1956,2180,3.301893
1957,2180,0.501617
1962,2180,3.92047
1967,2180,0.501617
1971,2180,3.014496
1975,2180,0.140992
1976,2180,0.784245
1978,2180,0.140992
1979,2180,0.501617
1980,2180,0.784245
2001,2180,16.025181
2002,2180,6.359277
2003,2180,18.497311
1942,2181,4.86668
1945,2181,0.179723
1946,2181,0.230241
1949,2181,3.792128
1951,2181,0.431137
1955,2181,4.193608
1957,2181,6.08947
1958,2181,4.479556
1963,2181,0.501617
1964,2181,0.501617
1967,2181,0.289474
1974,2181,1.073718
1975,2181,0.64261
1976,2181,0.501617
1978,2181,0.289474
1979,2181,0.784245
2001,2181,11.751361
2002,2181,8.84406
2003,2181,5.409036
1938,2182,11.902559
1939,2182,19.187977
1942,2182,4.88341
1945,2182,0.140992
1949,2182,2.279414
1951,2182,3.301893
1952,2182,3.41558
1953,2182,2.15191
1954,2182,0.230241
1955,2182,2.029865
1958,2182,2.950291
1962,2182,0.140992
1963,2182,0.140992
1964,2182,0.140992
1965,2182,0.431137
1966,2182,0.289474
1967,2182,3.351273
1973,2182,0.519714
1974,2182,0.272972
1975,2182,0.140992
1976,2182,0.501617
1978,2182,0.289474
1979,2182,0.784245
2001,2182,12.166982
2002,2182,8.296995
2003,2182,4.12333
1935,2183,25.512329
1936,2183,22.86105
1937,2183,29.673847
1938,2183,14.116995
1942,2183,4.827923
1943,2183,0.346939
1945,2183,0.179723
1946,2183,0.140992
1947,2183,0.230241
1948,2183,1.942907
1949,2183,2.279414
1951,2183,3.301893
1955,2183,0.230241
1957,2183,0.431137
1964,2183,14.243211
1965,2183,4.476472
1966,2183,3.55584
1967,2183,12.680939
1973,2183,0.477134
1974,2183,0.170886
1975,2183,0.140992
1976,2183,0.501617
1978,2183,0.501617
2000,2183,21.265764
2001,2183,13.158044
2002,2183,14.079405
2003,2183,7.864496
2004,2183,5.062104
1935,2184,22.86105
1936,2184,22.714975
1938,2184,17.98455
1942,2184,14.546946
1949,2184,2.02703
1951,2184,0.140992
1954,2184,4.193608
1955,2184,6.909827
1956,2184,2.509654
1957,2184,3.005749
1958,2184,2.22433
1962,2184,0.289474
1967,2184,0.572129
1972,2184,10.516394
1973,2184,11.145248
1974,2184,0.13198
1975,2184,0.431137
1998,2184,27.707331
1999,2184,11.305288
2000,2184,5.495586
2001,2184,24.078281
2002,2184,8.866144
2003,2184,10.46394
2004,2184,10.683323
1942,2185,11.803477
1943,2185,0.08
1946,2185,0.252713
1947,2185,1.942907
1949,2185,2.062325
1951,2185,3.273183
1952,2185,0.140992
1953,2185,0.179723
1954,2185,3.45541
1958,2185,3.472198
1967,2185,0.572129
1971,2185,5.478591
1975,2185,0.230241
1998,2185,7.849441
1999,2185,27.055321
2001,2185,29.855658
2004,2185,18.731768
1942,2186,9.985451
1943,2186,12.317602
1944,2186,4.554578
1946,2186,0.230241
1951,2186,2.482673
1952,2186,6.500733
1953,2186,7.959354
1954,2186,3.20349
1962,2186,9.147839
1971,2186,1.215382
1979,2186,0.784245
1999,2186,17.614283
2004,2186,24.286644
2005,2186,24.349289
1943,2187,9.985451
1944,2187,14.546946
1946,2187,0.179723
1947,2187,0.230241
1948,2187,3.013151
1949,2187,2.700836
1952,2187,6.55776
1953,2187,3.085505
1955,2187,3.450874
1956,2187,3.337187
1957,2187,2.079412
1958,2187,4.193608
1962,2187,3.351273
1978,2187,0.289474
1979,2187,0.140992
1983,2187,0.057692
1943,2188,12.622862
1944,2188,4.423064
1945,2188,3.152109
1946,2188,4.772551
1947,2188,6.02634
1948,2188,1.994465
1949,2188,2.597799
1951,2188,5.108875
1952,2188,2.763714
1953,2188,2.371082
1957,2188,2.614652
1958,2188,3.45541
1962,2188,2.902973
1966,2188,28.324816
1971,2188,4.003216
1983,2188,0.784245
1984,2188,1.525623
1985,2188,5.302666
1939,2189,13.779367
1940,2189,12.340858
1943,2189,0.08
1944,2189,1.029851
1945,2189,1.903439
1947,2189,1.903439
1955,2189,2.819232
1956,2189,2.380404
1957,2189,3.950459
1958,2189,3.910191
1966,2189,11.882772
1967,2189,3.351273
1983,2189,0.954362
1984,2189,0.67246
1989,2189,0.572129
1990,2189,0.431137
1942,2190,0.08
1943,2190,5.857688
1949,2190,3.614192
1953,2190,2.679274
1955,2190,3.796489
1956,2190,3.168647
1957,2190,13.406836
1962,2190,4.477247
1963,2190,3.308942
1989,2190,1.112934
1941,2191,0.035294
1942,2191,0.265535
1947,2191,2.536436
1948,2191,3.128427
1955,2191,3.317949
1956,2191,7.040655
1957,2191,3.26331
1958,2191,5.290909
1973,2191,27.576744
1988,2191,0.661378
1941,2192,0.253496
1942,2192,0.229488
1951,2192,3.005589
1952,2192,3.937482
1955,2192,2.598877
1956,2192,21.028112
1958,2192,2.197917
1959,2193,2.611588
1961,2193,4.009472
1983,2193,1.021332
1984,2193,0.900334
1985,2193,0.970815
1944,2194,5.783805
1945,2194,6.092624
1946,2194,4.088224
1948,2194,5.46294
1963,2195,2.22433
1964,2195,3.41558
1955,2196,3.921431
1956,2196,3.20349
1957,2196,3.45541
1958,2196,3.910191
1962,2196,3.910191
1957,2197,8.107225
1953,2198,2.470596
1934,2199,5.566098
1935,2199,4.293024
1953,2199,2.279414
1959,2199,2.167487
1945,2200,3.296781
1946,2200,3.125585
1947,2200,1.813332
1948,2200,1.994465
1949,2200,3.093151
1950,2200,3.211607
1951,2200,2.470596
1957,2200,3.910191
1945,2201,2.144267
1946,2201,5.536283
1947,2201,8.382063
1948,2201,8.382063
1949,2201,8.382063
1950,2201,3.257539
1951,2201,3.257539
1953,2201,4.775849
1934,2202,5.151933
1935,2202,5.883456
1936,2202,4.94771
1953,2202,2.428887
1954,2202,2.411393
1947,2203,16.668951
1948,2203,16.668951
1953,2203,3.037761
1954,2203,4.769485
1970,2205,2.837897
1946,2208,4.822062
1935,2209,15.294003
1946,2209,4.929716
1950,2209,4.526234
1961,2209,0.893563
1943,2210,10.716051
1944,2210,5.341652
1945,2210,3.281837
1946,2210,13.01767
1949,2210,5.545705
1943,2211,5.376588
1944,2211,6.495727
1945,2211,6.254452
1946,2211,5.368842
1942,2212,6.196398
1943,2212,3.46182
1944,2212,4.47971
1954,2212,7.46026
1956,2212,4.384048
1942,2213,6.9247
1952,2213,2.719888
1942,2214,2.921039
1950,2214,3.163453
1961,2214,27.61972
1942,2215,3.354641
1948,2215,5.102299
1959,2215,0.564415
1942,2216,2.130026
1944,2216,3.710941
1945,2216,3.795285
1946,2216,3.30556
1947,2216,5.985563
1948,2216,2.719888
1942,2217,7.092525
1943,2217,2.130026
1944,2217,2.464611
1945,2217,7.827587
1946,2217,8.004835
1947,2217,2.719888
1943,2218,13.025811
1944,2218,6.82236
1945,2218,20.359835
1946,2218,0.203901
1963,2218,0.140992
1964,2218,0.140992
1943,2219,3.580243
1944,2219,6.19669
1978,1900,27.585283
1947,2220,0.271803
1979,1901,28.421112
1957,1902,0.340909
1959,1902,1.740655
1979,1902,28.725527
1980,1902,13.118818
1942,2222,6.368299
1946,2222,15.163473
1947,2222,2.945991
1948,2222,0.703392
1949,2222,0.345092
1987,2222,4.169954
1988,2222,1.987314
1940,2223,3.975727
1947,2223,0.301654
1949,2223,0.423423
1983,2223,6.225052
1980,1903,13.224169
1981,1903,5.266401
1933,2224,26.404869
1939,2224,10.981152
1940,2224,2.152076
1942,2224,3.305848
1943,2224,1.699557
1944,2224,2.13486
1945,2224,0.447856
1946,2224,0.174206
1947,2224,0.185567
1949,2224,0.299599
1958,2224,0.396694
1980,1904,14.204519
1981,1904,5.266401
1982,1904,1.484475
1933,2225,17.388021
1934,2225,26.848906
1935,2225,8.037646
1936,2225,2.617761
1937,2225,6.510678
1939,2225,13.95728
1947,2225,0.396694
1949,2225,0.100917
1950,2225,0.528674
1951,2225,0.423423
1958,2225,0.415808
1980,1905,15.831553
1981,1905,5.266401
1982,1905,1.514413
1983,1905,0.677849
1979,1906,29.155558
1980,1906,14.034622
1981,1906,6.921903
1982,1906,1.26267
1983,1906,0.669214
1984,1906,0.078947
1933,2226,21.653053
1939,2226,0.439627
1940,2226,0.552136
1942,2226,0.846037
1943,2226,0.260693
1944,2226,0.128713
1945,2226,0.100917
1948,2226,0.396694
1949,2226,0.176105
1950,2226,0.626935
1956,2226,0.24191
1957,2226,0.564415
1980,1907,12.734837
1981,1907,7.098372
1982,1907,2.571951
1983,1907,0.691192
1984,1907,0.196594
1943,2227,0.459214
1944,2227,0.375747
1945,2227,0.128713
1946,2227,0.100917
1947,2227,0.141304
1948,2227,0.164384
1949,2227,0.227326
1950,2227,0.317547
1951,2227,0.626935
1981,1908,8.380813
1982,1908,1.498934
1983,1908,1.024526
1984,1908,0.275542
1981,1909,11.273448
1982,1909,2.212497
1983,1909,1.154762
1984,1909,0.268023
1985,1909,2.052632
1986,1909,1.0
1987,1909,0.2
1988,1909,1.0
1992,1909,0.038462
1945,2228,0.517241
1946,2228,0.141304
1948,2228,0.235294
1949,2228,0.166667
1951,2228,0.396694
1954,2228,0.537686
1955,2228,0.537686
1956,2228,0.537686
1957,2228,0.712897
2000,2228,13.900169
1979,1910,26.297501
1981,1910,8.883749
1982,1910,1.306626
1983,1910,1.017007
1984,1910,0.386466
1985,1910,0.329371
1986,1910,0.115909
1987,1910,0.182002
1988,1910,0.182002
1989,1910,0.196172
1990,1910,0.143541
1991,1910,0.090909
1992,1910,0.196404
1993,1910,0.220464
1994,1910,0.167832
1995,1910,0.090909
1941,2229,0.949282
1942,2229,0.164384
1943,2229,0.141304
1946,2229,0.33871
1947,2229,0.141304
1948,2229,0.424731
1949,2229,0.162945
1950,2229,0.307692
1951,2229,0.396694
1955,2229,0.216492
1956,2229,0.214734
1999,2229,3.277154
2000,2229,4.03613
1981,1911,10.114902
1982,1911,1.850975
1983,1911,0.758124
1984,1911,0.402273
1985,1911,0.198591
1986,1911,0.309516
1987,1911,0.058874
1988,1911,0.169055
1989,1911,0.106203
1990,1911,0.028571
1991,1911,0.081203
1992,1911,0.057143
1993,1911,0.082143
1994,1911,0.168725
1995,1911,0.129555
1996,1911,0.091093
1998,1911,0.038462
2002,1911,0.038462
2003,1911,0.076923
2004,1911,0.076923
2131,1911,10.290909
1941,2230,0.359788
1942,2230,0.598631
1943,2230,0.164384
1944,2230,0.141304
1946,2230,0.127273
1947,2230,0.31219
1951,2230,0.185567
1954,2230,0.232897
1999,2230,3.636976
2000,2230,2.075792
1981,1912,10.742034
1982,1912,2.331758
1983,1912,1.271252
1984,1912,0.4544
1985,1912,0.342724
1986,1912,0.12051
1987,1912,0.102949
1988,1912,0.171521
1989,1912,0.101217
1990,1912,0.146787
1991,1912,0.188335
1992,1912,0.1
1993,1912,0.054212
1994,1912,0.052962
1995,1912,0.102962
1996,1912,0.077632
1997,1912,0.078571
1998,1912,0.078571
1999,1912,0.077632
2002,1912,0.105495
2003,1912,0.105495
2004,1912,0.028571
2131,1912,21.999983
1930,2231,14.405894
1947,2231,0.232897
1950,2231,0.141304
1951,2231,0.185567
1954,2231,0.423423
1955,2231,0.232897
1956,2231,0.396694
1998,2231,4.663408
1999,2231,2.723045
2000,2231,2.345492
2001,2231,2.214545
2002,2231,8.739345
1981,1913,14.596122
1982,1913,3.578812
1983,1913,2.866385
1984,1913,0.885158
1985,1913,0.650324
1986,1913,0.687782
1987,1913,0.377882
1988,1913,0.925276
1989,1913,0.374829
1990,1913,0.414083
1991,1913,0.56484
1992,1913,0.560455
1993,1913,0.296872
1994,1913,0.19383
1995,1913,0.231833
1996,1913,0.340067
1997,1913,1.216914
1998,1913,1.262369
1999,1913,0.236118
2000,1913,0.16469
2001,1913,0.189935
2002,1913,0.306028
2003,1913,0.238961
2004,1913,0.164935
2005,1913,0.053571
1983,1914,13.995445
1984,1914,5.920069
1985,1914,5.858304
1986,1914,4.245088
1987,1914,3.224322
1988,1914,2.319372
1989,1914,2.495421
1990,1914,2.267061
1991,1914,2.225124
1992,1914,1.496922
1993,1914,1.995311
1994,1914,1.201141
1995,1914,0.661201
1996,1914,0.84371
1997,1914,0.454238
1998,1914,0.439937
1999,1914,0.424754
2000,1914,0.698693
2001,1914,0.568369
2002,1914,0.283464
2003,1914,0.361429
2004,1914,0.259407
2005,1914,0.122711
2006,1914,0.050031
1943,2232,2.338595
1944,2232,0.141304
1945,2232,0.128713
1947,2232,0.100917
1949,2232,0.128713
1950,2232,0.141304
1951,2232,0.423423
1954,2232,0.423423
1955,2232,0.271803
1960,2232,0.461209
1961,2232,0.728833
1962,2232,0.728833
1963,2232,0.409964
1996,2232,20.590847
1998,2232,1.842245
1999,2232,5.954493
2000,2232,1.623406
2001,2232,1.691948
2002,2232,3.42356
2003,2232,22.148975
1985,1915,25.555075
1986,1915,22.819389
1987,1915,14.038527
1988,1915,23.423628
1989,1915,13.761407
1990,1915,13.234098
1991,1915,13.248919
1992,1915,7.708989
1993,1915,6.063395
1994,1915,5.602084
1995,1915,3.421241
1996,1915,2.032686
1997,1915,2.321322
1998,1915,2.576301
1999,1915,1.53081
2000,1915,2.931297
2001,1915,1.444821
2002,1915,1.097683
2003,1915,3.399916
2004,1915,3.146333
2005,1915,0.683939
2006,1915,0.413619
2007,1915,0.023256
1930,2233,3.623362
1941,2233,0.295612
1942,2233,0.283967
1943,2233,0.474211
1944,2233,0.482759
1945,2233,0.33871
1946,2233,0.164384
1947,2233,0.100917
1949,2233,0.164384
1951,2233,0.185567
1954,2233,0.423423
1955,2233,0.203901
1961,2233,0.72233
1962,2233,0.207168
1963,2233,0.409964
1965,2233,0.589293
1966,2233,0.430466
1995,2233,22.901089
1997,2233,20.597141
1999,2233,0.381567
2000,2233,0.322419
2001,2233,1.54894
2002,2233,15.830123
1930,2234,4.014027
1941,2234,1.008302
1942,2234,1.326351
1943,2234,0.3
1944,2234,0.037037
1945,2234,0.127273
1947,2234,0.100917
1949,2234,0.141304
1951,2234,0.127273
1952,2234,0.423423
1954,2234,0.396694
1961,2234,0.298159
1966,2234,0.179723
1996,2234,20.772455
1998,2234,0.441159
1999,2234,0.583333
2000,2234,4.361187
2001,2234,14.288316
2002,2234,19.872908
1994,1916,26.312696
1995,1916,19.653778
1996,1916,24.311247
1997,1916,8.623633
1998,1916,11.912745
2000,1916,6.434889
2001,1916,16.318645
2002,1916,7.108306
2003,1916,16.782408
2004,1916,11.470655
2005,1916,12.089849
2006,1916,2.3471
2007,1916,0.133023
1932,2235,9.346285
1943,2235,0.29072
1944,2235,0.517241
1945,2235,0.141304
1951,2235,0.33871
1952,2235,0.423423
1961,2235,0.33871
1962,2235,0.13198
1964,2235,0.470689
1966,2235,0.273284
1971,2235,7.58997
1996,2235,9.421871
1997,2235,0.380564
1998,2235,0.740783
1999,2235,0.392857
2000,2235,4.587107
2001,2235,23.542925
2006,1917,20.056299
2007,1917,1.493008
2008,1917,2.436045
1935,2236,18.457483
1936,2236,10.311007
1941,2236,0.08
1945,2236,0.33871
1946,2236,0.141304
1947,2236,0.141304
1948,2236,0.100917
1949,2236,0.164384
1950,2236,0.141304
1951,2236,0.164384
1952,2236,0.423423
1954,2236,0.164384
1955,2236,0.164384
1956,2236,0.396694
1957,2236,0.396694
1959,2236,0.128713
1960,2236,0.470689
1962,2236,0.13198
1964,2236,0.127273
1966,2236,0.128713
1971,2236,5.996686
1995,2236,1.470191
1996,2236,0.549305
1997,2236,0.736502
1998,2236,0.196078
1999,2236,2.166667
2000,2236,7.555401
2001,2236,22.77062
2007,1918,3.936958
2008,1918,11.265265
2009,1918,6.872111
1941,2237,0.035294
1946,2237,0.482759
1947,2237,0.213294
1948,2237,0.33871
1949,2237,0.482759
1950,2237,0.127273
1951,2237,0.141304
1952,2237,0.185567
1953,2237,0.423423
1954,2237,0.185567
1955,2237,0.141304
1956,2237,0.185567
1961,2237,0.13198
1971,2237,5.958868
1989,2237,28.808447
1990,2237,2.57767
1991,2237,1.932583
1992,2237,0.563577
1993,2237,0.47235
1994,2237,0.466307
1995,2237,0.224598
1996,2237,0.150831
1997,2237,0.152778
1998,2237,2.453221
1999,2237,1.511111
2000,2237,0.465278
2011,1919,24.205368
1945,2238,0.167472
1946,2238,0.33871
1947,2238,0.128713
1951,2238,0.217391
1952,2238,1.967391
1953,2238,0.128713
1954,2238,0.842222
1955,2238,2.453776
1956,2238,0.423423
1958,2238,0.423423
1961,2238,0.509596
1962,2238,0.13198
1963,2238,0.470689
1964,2238,0.298159
1965,2238,0.33871
1966,2238,3.391616
1971,2238,2.110992
1988,2238,9.6185
1989,2238,24.308352
1990,2238,20.331888
1991,2238,1.980565
1992,2238,3.565518
1993,2238,1.573161
1994,2238,0.78338
1995,2238,1.444444
1996,2238,1.827381
1997,2238,0.729167
1998,2238,0.978083
1999,2238,3.158279
2000,2238,4.642515
2001,2238,7.223484
2012,1920,23.362204
1943,2239,1.482356
1945,2239,1.015515
1946,2239,5.045712
1947,2239,0.185567
1949,2239,0.342985
1950,2239,3.098951
1951,2239,2.042398
1952,2239,2.176229
1953,2239,0.164384
1954,2239,0.100917
1956,2239,0.396694
1957,2239,0.423423
1958,2239,0.232897
1961,2239,0.164384
1966,2239,3.228188
1969,2239,18.576204
1970,2239,11.534189
1971,2239,2.62036
1977,2239,1.342655
1978,2239,7.209496
1980,2239,28.290257
1981,2239,0.784245
1989,2239,5.64728
1990,2239,5.671014
1991,2239,12.464421
1992,2239,3.534222
1993,2239,3.952381
1994,2239,1.118968
1995,2239,1.007717
1996,2239,0.761905
1997,2239,4.828764
1998,2239,6.800124
1999,2239,18.44417
2000,2239,18.708855
1941,2240,1.135417
1947,2240,0.396694
1951,2240,1.336431
1952,2240,0.404152
1953,2240,1.102603
1954,2240,0.396694
1957,2240,0.128713
1959,2240,0.232897
1960,2240,2.258725
1961,2240,1.315678
1962,2240,0.589286
1964,2240,0.127273
1965,2240,0.127273
1966,2240,0.164384
1969,2240,6.891446
1970,2240,9.046139
1971,2240,2.866685
1977,2240,1.27385
1990,2240,10.675708
1991,2240,16.617764
1992,2240,5.163094
1993,2240,2.805403
1994,2240,4.134191
1995,2240,2.434421
1996,2240,5.463591
1997,2240,13.183966
1998,2240,21.45615
1999,2240,26.190607
1947,2241,0.423423
1951,2241,0.100917
1962,2241,1.315678
1963,2241,0.736842
1970,2241,9.840126
1977,2241,0.731858
1978,2241,6.369489
1982,2241,6.127647
1991,2241,14.78954
1992,2241,10.701352
1993,2241,4.249292
1994,2241,13.522116
1995,2241,4.222325
1996,2241,27.014532
1933,2242,0.306624
1934,2242,0.022472
1937,2242,0.423423
1944,2242,0.185567
1947,2242,0.423423
1951,2242,0.396694
1954,2242,0.185567
1955,2242,0.423423
1959,2242,2.258725
1960,2242,2.54077
1961,2242,1.188406
1962,2242,0.589286
1963,2242,0.350215
1964,2242,0.073171
1969,2242,5.950582
1970,2242,10.474729
1977,2242,1.828045
1982,2242,6.761047
1993,2242,10.027864
1994,2242,11.538437
1995,2242,7.390928
1996,2242,23.074385
1929,2243,2.868367
1933,2243,0.871293
1934,2243,2.104934
1944,2243,0.396694
1947,2243,0.396694
1948,2243,0.423423
1949,2243,0.396694
1950,2243,0.185567
1951,2243,0.396694
1958,2243,0.396694
1959,2243,0.446428
1961,2243,0.127273
1962,2243,0.217391
1963,2243,0.073171
1977,2243,3.404408
1929,2244,2.551279
1933,2244,1.190187
1934,2244,2.048716
1935,2244,0.550696
1943,2244,0.164384
1944,2244,0.100917
1945,2244,0.396694
1947,2244,0.128713
1948,2244,0.100917
1949,2244,0.128713
1950,2244,3.009388
1951,2244,0.423423
1953,2244,0.396694
1954,2244,0.185567
1957,2244,0.396694
1958,2244,0.185567
1959,2244,0.201681
1961,2244,0.33871
1962,2244,0.892896
1963,2244,0.396863
1971,2244,3.149312
1977,2244,3.746805
1978,2244,8.444722
1979,2244,5.781307
1980,2244,7.209926
1981,2244,4.903943
1982,2244,5.839338
1983,2244,5.179576
1985,2244,10.916427
1987,2244,9.697426
1988,2244,9.20682
1929,2245,4.138779
1933,2245,1.45182
1934,2245,0.029851
1944,2245,0.33871
1945,2245,0.100917
1953,2245,0.185567
1954,2245,0.396694
1958,2245,1.055672
1959,2245,0.54039
1961,2245,0.785138
1962,2245,0.156863
1971,2245,3.149312
1977,2245,2.818457
1978,2245,14.095177
1979,2245,6.526809
1980,2245,28.972717
1929,2246,0.346939
1944,2246,0.164384
1945,2246,0.100917
1947,2246,0.128713
1949,2246,0.141304
1950,2246,0.141304
1951,2246,0.423423
1955,2246,0.396694
1956,2246,0.141304
1957,2246,0.339834
1964,2246,1.120341
1971,2246,4.167498
1929,2247,0.029851
1947,2247,0.128713
1949,2247,0.127273
1950,2247,0.127273
1951,2247,0.185567
1954,2247,0.342985
1957,2247,0.482302
1958,2247,0.362913
1960,2247,0.164384
1962,2247,0.446428
1963,2247,0.471257
1964,2247,0.830713
1971,2247,3.254871
1946,2248,0.100917
1947,2248,0.128713
1948,2248,0.569087
1949,2248,0.555929
1950,2248,0.33871
1951,2248,0.141304
1952,2248,0.128713
1953,2248,0.33871
1954,2248,0.128713
1959,2248,0.471257
1960,2248,1.742025
1961,2248,0.884882
1962,2248,0.198529
1968,2248,26.935192
1970,2248,11.538233
1971,2248,9.064882
1991,2248,3.932577
1948,2249,0.287702
1949,2249,0.446428
1950,2249,0.555929
1951,2249,0.127273
1952,2249,0.33871
1953,2249,0.127273
1954,2249,0.141304
1955,2249,0.128713
1956,2249,0.483743
1964,2249,1.362165
1971,2249,19.742199
1972,2249,7.534427
1991,2249,17.53735
1930,2250,12.235711
1931,2250,6.404556
1950,2250,0.305556
1951,2250,0.605556
1953,2250,1.283373
1954,2250,0.284135
1955,2250,1.526695
1956,2250,0.100917
1961,2250,0.446428
1962,2250,1.166667
1963,2250,0.446428
1964,2250,2.096871
1976,2250,3.020257
1977,2250,3.107738
1978,2250,4.021018
1979,2250,4.63585
1980,2250,4.097185
1981,2250,6.003969
1982,2250,7.353968
1991,2250,12.259977
1944,2251,0.305556
1945,2251,0.42623
1950,2251,0.201681
1951,2251,0.446428
1952,2251,0.446428
1955,2251,0.201681
1957,2251,0.100917
1959,2251,0.164384
1960,2251,0.446428
1963,2251,1.643038
1964,2251,3.745296
1965,2251,4.2485
1974,2251,12.822044
1975,2251,1.275846
1953,2252,0.342985
1955,2252,0.164384
1957,2252,0.100917
1959,2252,0.141304
1963,2252,2.03278
1964,2252,3.244485
1971,2252,4.288651
1931,2253,21.189068
1932,2253,14.409456
1933,2253,16.415615
1934,2253,17.601143
1935,2253,27.739853
1950,2253,0.198529
1951,2253,0.201681
1953,2253,0.141304
1955,2253,0.33871
1956,2253,0.164384
1957,2253,0.100917
1959,2253,0.141304
1962,2253,0.127273
1963,2253,4.165302
1964,2253,3.244485
1967,2253,4.854306
1968,2253,3.004292
1969,2253,2.723109
1941,2254,0.446428
1947,2254,0.156863
1948,2254,0.141304
1953,2254,0.128713
1955,2254,0.610812
1956,2254,6.509398
1957,2254,0.302598
1959,2254,0.141304
1962,2254,0.611437
1963,2254,2.465302
1964,2254,3.244485
1967,2254,0.437111
1968,2254,2.495998
1969,2254,2.723109
1945,2255,0.156863
1946,2255,0.446428
1953,2255,0.483743
1955,2255,0.198529
1962,2255,1.124604
1963,2255,3.702613
1964,2255,3.244485
1967,2255,1.012623
1968,2255,1.790891
1969,2255,5.011561
1930,2256,23.938431
1931,2256,8.3319
1932,2256,6.775504
1933,2256,7.310108
1934,2256,5.426323
1949,2256,0.128713
1951,2256,0.35503
1957,2256,0.100917
1960,2256,1.558219
1961,2256,1.166271
1962,2256,5.556567
1964,2256,3.244485
1967,2256,0.838297
1968,2256,2.007626
1969,2256,5.011561
1930,2257,12.730846
1931,2257,21.656553
1932,2257,18.973242
1933,2257,27.284462
1950,2257,0.42623
1951,2257,0.201681
1952,2257,0.198529
1955,2257,0.141304
1957,2257,0.128713
1958,2257,1.583282
1964,2257,3.244485
1967,2257,1.438852
1968,2257,2.007626
1969,2257,5.011561
1930,2258,18.42646
1931,2258,26.465729
1944,2258,0.305556
1949,2258,0.073171
1950,2258,0.42623
1952,2258,0.201681
1953,2258,0.327242
1955,2258,0.339834
1956,2258,0.884882
1957,2258,1.402699
1958,2258,1.459051
1960,2258,1.613095
1961,2258,1.613095
1962,2258,3.441214
1964,2258,4.672595
1967,2258,17.774811
1968,2258,2.292277
1929,2259,9.985998
1930,2259,11.183495
1946,2259,0.446428
1947,2259,0.446428
1948,2259,0.446428
1949,2259,0.446428
1950,2259,0.201681
1951,2259,0.201681
1952,2259,0.785138
1953,2259,0.299447
1957,2259,11.818888
1958,2259,5.668774
1960,2259,14.045599
1961,2259,15.379122
1962,2259,2.618409
1964,2259,4.672595
1967,2259,3.84049
1968,2259,9.141234
1931,2260,26.951248
1953,2260,0.342985
1954,2260,0.100917
1955,2260,0.446428
1957,2260,3.635018
1964,2260,4.85156
1954,2261,0.33871
1955,2261,0.156863
1957,2261,3.936287
1958,2261,10.100101
1964,2261,4.672595
1948,2262,0.142857
1949,2262,0.076923
1951,2262,0.305556
1952,2262,0.446428
1953,2262,0.535014
1954,2262,4.197791
1955,2262,7.044681
1956,2262,2.864457
1957,2262,17.255228
1958,2262,11.079102
1964,2262,4.584534
1965,2262,6.218487
1966,2262,4.672595
1974,2262,18.251316
1948,2263,0.073171
1949,2263,0.305556
1950,2263,0.073171
1951,2263,0.42623
1952,2263,0.201681
1955,2263,1.07546
1957,2263,7.894344
1958,2263,8.251461
1939,2264,12.671471
1948,2264,0.446428
1949,2264,0.446428
1950,2264,0.446428
1951,2264,0.156863
1957,2264,1.610064
1958,2264,7.602585
1953,2265,1.163636
1956,2265,0.673913
1957,2265,2.867753
1930,2266,3.441632
1931,2266,0.124521
1932,2266,0.068966
1939,2266,2.135415
1940,2266,4.108928
1957,2266,2.03278
1960,2266,1.163636
1934,2267,9.567034
1935,2267,4.102825
1936,2267,4.102825
1937,2267,2.521429
1930,2269,0.335714
1932,2269,5.272564
1933,2269,2.403018
1934,2269,5.204471
1930,2270,16.124559
1931,2270,7.043438
1932,2270,4.745302
1941,2270,2.135415
1979,1950,0.340909
1981,1950,10.833343
1974,1951,9.388069
1975,1951,7.003709
1974,1952,12.968218
2009,1952,1.827585
1935,2271,5.797576
1938,2271,14.394232
1939,2271,2.273505
1940,2271,5.53898
1941,2271,5.272564
1943,2271,24.634905
1944,2271,23.471268
1945,2271,23.867962
1949,2271,0.820117
1981,1953,19.458786
1935,2272,5.797576
1938,2272,3.061381
1939,2272,2.431424
1940,2272,7.22001
1941,2272,1.073353
1942,2272,0.800727
1944,2272,0.90941
1945,2272,12.74452
1946,2272,4.050437
1947,2272,4.050437
1948,2272,0.451835
1949,2272,0.793388
2010,1954,1.138462
1939,2273,2.762382
1940,2273,0.860923
1941,2273,1.00487
1942,2273,0.585629
1943,2273,1.797994
1944,2273,0.403626
1945,2273,0.127273
1957,2273,17.550636
2009,1955,2.129631
2010,1955,0.659574
1933,2274,9.962729
1934,2274,6.133617
1941,2274,0.723999
1942,2274,0.386011
1944,2274,1.347781
2009,1956,1.827585
2010,1956,0.145161
2009,1957,1.019231
1933,2275,26.543201
1934,2275,0.270184
1936,2275,1.791271
1937,2275,0.929933
1938,2275,0.929933
1939,2275,1.832449
1941,2275,1.066959
1942,2275,0.390726
1944,2275,0.345301
1946,2275,5.154673
1933,2276,27.022642
1934,2276,0.72661
1941,2276,2.700371
1942,2276,0.440621
1944,2276,0.133951
1946,2276,4.247428
1933,2277,3.482175
1934,2277,0.426902
1935,2277,1.072375
1941,2277,0.948639
1942,2277,0.289426
1944,2277,0.123081
1946,2277,3.697428
1950,2277,10.984781
1933,2278,5.505199
1934,2278,1.342748
1935,2278,0.40547
1936,2278,0.648638
1937,2278,1.134477
1938,2278,1.134477
1939,2278,1.134477
1944,2278,0.39767
1946,2278,3.614003
2008,1960,1.827585
2009,1960,1.019231
2010,1960,0.26087
1977,1961,11.522728
2009,1961,25.659822
2010,1961,9.444364
1933,2279,4.745302
1934,2279,4.915668
1935,2279,1.342748
1936,2279,1.342748
1937,2279,0.599019
1938,2279,0.599019
1939,2279,0.170821
1941,2279,0.475791
1942,2279,0.342357
1943,2279,0.22926
1944,2279,0.278652
1946,2279,3.616259
2010,1962,20.455748
1934,2280,6.657005
1936,2280,1.704175
1937,2280,0.448587
1939,2280,0.211922
1941,2280,0.788706
1942,2280,0.223995
1943,2280,0.16844
1944,2280,0.052632
1946,2280,3.616259
1949,2280,2.788578
1932,2281,5.505199
1934,2281,10.440662
1936,2281,3.169076
1939,2281,0.685437
1941,2281,0.804771
1942,2281,0.479805
1943,2281,0.578748
1944,2281,0.354587
1946,2281,4.982938
1949,2281,1.025327
1934,2282,6.275509
1936,2282,2.786115
1939,2282,0.716485
1949,2282,22.125439
1950,2282,0.181818
1951,2282,1.115345
1936,2283,2.786115
1937,2283,0.555002
1938,2283,0.716485
1939,2283,0.611952
1940,2283,0.180141
1941,2283,0.392601
1942,2283,0.278652
1943,2283,0.278652
1944,2283,0.090909
1947,2283,0.316667
1950,2283,0.630099
1951,2283,1.646489
1952,2283,2.86125
1957,2283,3.906532
1958,2283,5.150092
1959,2283,7.618504
1960,2283,8.075479
1961,2283,7.788302
1962,2283,7.631379
1963,2283,5.201972
1964,2283,12.070085
1965,2283,7.543225
1966,2283,27.207306
1934,2284,6.275509
1936,2284,2.786115
1937,2284,1.598228
1938,2284,0.716584
1939,2284,0.574899
1940,2284,0.402889
1941,2284,0.621183
1942,2284,0.751645
1943,2284,1.148384
1944,2284,1.097085
1945,2284,0.988737
1946,2284,0.313433
1950,2284,0.777929
1951,2284,2.488556
1952,2284,3.973515
1931,2285,2.884742
1932,2285,4.073241
1933,2285,5.351742
1934,2285,3.588013
1936,2285,3.169076
1937,2285,1.785855
1938,2285,0.29636
1939,2285,0.181818
1950,2285,1.488104
1951,2285,3.529883
1972,2285,8.378144
1975,2285,24.384914
1933,2286,0.434624
1934,2286,0.226928
1935,2286,3.127898
1936,2286,1.330194
1937,2286,0.681333
1938,2286,0.090909
1940,2286,1.140316
1941,2286,0.391965
1942,2286,0.577739
1943,2286,0.366131
1944,2286,0.396256
1945,2286,0.407576
1946,2286,0.865804
1950,2286,7.404161
1951,2286,6.801382
1952,2286,10.419332
1972,2286,1.495541
1973,2286,10.660762
1975,2286,26.116882
1978,2286,1.192481
1979,2286,0.203557
1930,2287,4.707221
1931,2287,0.873842
1936,2287,0.433171
1937,2287,0.313037
1940,2287,1.860338
1941,2287,1.03977
1942,2287,1.057585
1943,2287,0.866423
1944,2287,0.775513
1945,2287,1.417401
1946,2287,2.656675
1967,2287,16.277637
1968,2287,15.52927
1972,2287,1.595692
1973,2287,7.762934
1974,2287,11.826475
1975,2287,24.717056
1978,2287,5.970121
1979,2287,1.0
1939,2288,2.482157
1940,2288,1.734976
1941,2288,1.179788
1942,2288,1.475282
1943,2288,2.660005
1944,2288,2.538688
1945,2288,1.593055
1946,2288,1.993875
1957,2288,21.876925
1958,2288,4.488063
1959,2288,1.784381
1963,2288,5.888551
1964,2288,5.511117
1972,2288,1.760908
1978,2288,3.920916
1979,2288,1.0
1957,2289,21.144516
1958,2289,25.666039
1959,2289,3.433177
1960,2289,3.544572
1961,2289,2.309389
1962,2289,1.359057
1963,2289,1.452653
1964,2289,8.6955
1965,2289,6.47687
1966,2289,10.518141
1978,2289,3.233404
1979,2289,0.365
1933,2290,0.517155
1934,2290,0.503456
1958,2290,26.99177
1959,2290,17.36013
1965,2290,1.702591
1972,2290,0.988406
1973,2290,4.284212
1974,2290,20.275007
1978,2290,10.762024
1979,2290,0.406667
1932,2291,7.22434
1933,2291,1.79735
1934,2291,0.26134
1936,2291,1.44679
1937,2291,1.44679
1938,2291,5.889437
1939,2291,0.156863
1940,2291,0.491156
1941,2291,0.313726
1942,2291,0.358543
1943,2291,0.648109
1944,2291,0.648109
1945,2291,0.937583
1946,2291,1.075058
1947,2291,1.319806
1948,2291,1.316654
1949,2291,1.775168
1950,2291,3.39199
1957,2291,27.983395
1958,2291,23.260445
1972,2291,0.564474
1973,2291,3.085741
1974,2291,26.141832
1978,2291,1.695193
1979,2291,1.907715
1931,2292,27.612637
1932,2292,2.269657
1933,2292,0.085714
1934,2292,0.111145
1935,2292,0.109756
1936,2292,0.250601
1937,2292,0.250601
1938,2292,0.233989
1939,2292,0.146341
1940,2292,0.251605
1941,2292,3.116821
1942,2292,4.948842
1943,2292,5.611132
1944,2292,4.862796
1945,2292,8.410907
1946,2292,10.223546
1947,2292,8.519156
1948,2292,7.426951
1949,2292,16.170713
1950,2292,19.549898
1951,2292,11.269992
1952,2292,7.378276
1953,2292,6.891766
1954,2292,10.96527
1955,2292,29.354856
1958,2292,1.648677
1972,2292,2.746856
1973,2292,16.564007
1978,2292,10.938315
1931,2293,21.334484
1932,2293,5.88719
1933,2293,0.113678
1934,2293,0.092796
1935,2293,0.092796
1936,2293,0.195971
1937,2293,0.021739
1938,2293,0.358264
1939,2293,1.264466
1940,2293,10.919106
1941,2293,29.14913
1943,2293,29.605696
1961,2293,27.206089
1962,2293,2.257224
1932,2294,1.166489
1933,2294,0.249085
1934,2294,0.090476
1935,2294,3.059283
1936,2294,5.322657
1937,2294,10.744576
1938,2294,28.737652
1962,2294,22.146765
1933,2295,0.601779
1934,2295,1.298347
1935,2295,18.283232
1936,2295,10.456454
1938,2295,11.819083
1941,2295,3.230726
1948,2295,12.717947
1932,2296,0.215045
1933,2296,10.351189
1934,2296,2.174772
1935,2296,9.232668
1936,2296,9.668837
1940,2296,3.484667
1941,2296,1.761851
1942,2296,5.056419
1944,2296,7.925789
1940,2297,2.961573
1941,2297,1.241857
1942,2297,10.33573
1944,2297,13.747931
1948,2297,19.426117
1980,2297,10.937661
1940,2298,2.327529
1941,2298,6.101185
1942,2298,7.916727
1944,2298,11.683613
1979,2298,14.740973
1941,2299,17.091755
1942,2299,11.802397
1979,2299,12.946962
1942,2300,8.778951
1944,2300,7.823084
1945,2300,13.337892
1946,2300,14.421985
1947,2300,16.184345
1995,1980,5.0
1942,2301,5.31956
1976,2301,11.476902
1993,1981,5.0
1994,1981,18.181862
1995,1981,10.833343
1996,1981,3.842107
2013,1981,4.130435
1950,2302,8.437882
1976,2302,1.624171
1950,2303,12.543003
1978,1982,16.766674
1979,1982,26.766674
1983,1982,14.53334
1984,1982,21.208344
1985,1982,29.302692
1993,1982,10.25
1994,1982,10.25
1995,1982,3.842107
1996,1982,3.363636
1979,1983,8.286551
1983,1983,25.333351
1984,1983,25.333351
1993,1983,3.363636
1994,1983,1.7
1995,1983,0.9375
1996,1983,2.25
1978,1984,12.031155
1979,1984,5.301136
1980,1984,2.583333
1982,1984,16.321712
1983,1984,8.621714
1984,1984,8.270832
1993,1984,0.777778
1994,1984,0.777778
1995,1984,0.5
1996,1984,0.333333
2011,1984,0.375
2012,1984,1.45
2013,1984,2.974359
1979,1985,8.352484
1980,1985,1.715278
1981,1985,0.5
1983,1985,2.208333
2010,1985,0.777778
2011,1985,0.75
2012,1985,1.933871
2013,1985,5.948718
1979,1986,11.289075
1980,1986,3.359011
1981,1986,0.642857
1983,1986,0.142857
1997,1986,0.142857
2010,1986,0.777778
2011,1986,0.75
2012,1986,1.933871
2013,1986,5.948718
1938,2308,9.059596
1940,2308,15.36279
1979,1987,8.349403
1980,1987,4.429275
1981,1987,0.809524
1982,1987,0.153846
1993,1987,0.142857
1994,1987,0.142857
2009,1987,0.25
2010,1987,1.0
2011,1987,1.517857
2012,1987,4.614305
2013,1987,6.583062
1931,2309,7.134268
1935,2309,16.82303
1936,2309,7.492345
1938,2309,2.54376
1939,2309,8.250494
1942,2309,7.032476
1958,2309,2.130431
1977,1988,20.2082
1978,1988,3.839511
1979,1988,4.085583
1980,1988,1.176294
1981,1988,0.674688
1982,1988,1.368998
1984,1988,3.0
2005,1988,0.03125
2006,1988,1.03125
2009,1988,0.666667
2010,1988,0.866667
2011,1988,0.858871
2012,1988,6.203867
2013,1988,6.778277
1933,2310,5.107951
1936,2310,5.196238
1938,2310,0.765476
1939,2310,6.381198
1942,2310,3.861799
1972,2310,17.462341
1978,2310,23.503639
1958,1989,14.671412
1977,1989,15.353432
1978,1989,8.835082
1979,1989,3.836189
1980,1989,4.183979
1981,1989,4.98004
1982,1989,0.43125
1983,1989,4.3809
1984,1989,1.197917
1987,1989,0.03125
1988,1989,0.03125
1990,1989,0.03125
1993,1989,0.364583
1994,1989,0.364583
1998,1989,1.0
1999,1989,0.03125
2000,1989,0.03125
2002,1989,0.03125
2009,1989,0.333333
2010,1989,1.763223
2011,1989,4.552679
2012,1989,5.903353
1958,1990,16.777885
1959,1990,14.949188
1978,1990,17.815033
1979,1990,3.709626
1980,1990,3.722203
1981,1990,2.030218
1982,1990,1.204546
1983,1990,2.564103
1984,1990,1.333333
1991,1990,0.03125
1998,1990,0.03125
2008,1990,1.25
2009,1990,0.333333
2010,1990,1.662756
2011,1990,8.938015
2012,1990,8.831136
1935,2311,9.636628
1936,2311,7.24281
1939,2311,2.211905
1940,2311,3.480041
1941,2311,3.689931
1942,2311,4.661081
1943,2311,3.491483
1944,2311,11.648989
1930,2312,4.112251
1934,2312,3.735605
1935,2312,8.174004
1937,2312,8.205967
1938,2312,9.547745
1939,2312,0.296053
1940,2312,1.997213
1956,1991,11.145809
1957,1991,9.777761
1958,1991,10.244617
1963,1991,15.019356
1979,1991,7.805342
1980,1991,4.25423
1981,1991,5.244269
1982,1991,2.95101
1983,1991,2.410256
1991,1991,0.03125
1993,1991,0.03109
1994,1991,0.06218
1996,1991,0.082349
1997,1991,0.102518
1998,1991,0.102518
1999,1991,0.133768
2000,1991,0.102518
2001,1991,0.133768
2002,1991,0.102518
2003,1991,0.082509
2004,1991,0.082509
2005,1991,0.051259
2007,1991,1.0
2009,1991,6.375
2010,1991,2.991307
2011,1991,14.308708
2012,1991,22.831358
1939,2313,15.569017
1940,2313,23.011951
1946,2313,9.871489
1969,2313,13.936981
1956,1992,5.171427
1957,1992,5.060602
1958,1992,8.376392
1978,1992,19.998344
1979,1992,8.237148
1980,1992,4.578231
1981,1992,1.892943
1982,1992,1.938183
1983,1992,0.006937
1984,1992,0.006937
1985,1992,0.013874
1986,1992,0.006937
1987,1992,0.006937
1992,1992,0.015748
1994,1992,0.015748
1997,1992,0.015748
1998,1992,0.063825
1999,1992,0.015748
2000,1992,0.111902
2001,1992,0.015748
2002,1992,0.048077
2003,1992,0.015748
2004,1992,0.015748
2005,1992,0.031496
2006,1992,0.062746
2007,1992,0.015748
2010,1992,15.127722
1941,2314,24.94326
1945,2314,25.831247
1946,2314,11.426724
1968,2314,19.403187
1970,2314,14.859976
1956,1993,11.145809
1957,1993,5.155923
1958,1993,2.418852
1959,1993,0.143398
1960,1993,0.143398
1961,1993,0.143398
1978,1993,26.125986
1979,1993,10.993037
1980,1993,10.16154
1981,1993,3.451934
1982,1993,0.444096
1983,1993,0.111069
1984,1993,0.063825
1985,1993,0.111902
1986,1993,0.048077
1987,1993,0.015748
1988,1993,0.031496
1989,1993,0.015748
1990,1993,0.015748
1991,1993,0.006937
1992,1993,0.296366
1993,1993,0.312114
1994,1993,0.287547
1995,1993,2.246013
1996,1993,0.271799
1997,1993,0.278736
1998,1993,0.239133
1999,1993,0.521799
2000,1993,0.489133
2001,1993,0.576505
2002,1993,0.889447
2003,1993,1.179619
2004,1993,0.990102
2005,1993,0.664964
2006,1993,1.082617
2007,1993,0.695676
2008,1993,0.228981
2009,1993,0.456864
2010,1993,23.072247
1938,2315,7.24487
1945,2315,26.0315
1956,1994,7.216958
1957,1994,3.269656
1958,1994,3.498087
1959,1994,0.245189
1960,1994,0.245189
1961,1994,0.248381
1980,1994,11.965026
1981,1994,2.26195
1982,1994,0.262613
1983,1994,0.296296
1984,1994,0.262613
1985,1994,0.262613
1986,1994,0.273385
1987,1994,0.375005
1988,1994,0.244156
1989,1994,0.225652
1990,1994,0.142565
1991,1994,0.079573
1992,1994,5.171081
1993,1994,3.857436
1994,1994,1.549557
1995,1994,2.315297
1996,1994,2.381395
1997,1994,1.620028
1998,1994,1.45074
1999,1994,3.208318
2000,1994,4.410398
2001,1994,2.838249
2002,1994,5.61709
2003,1994,3.679175
2004,1994,4.259808
2005,1994,2.237423
2006,1994,1.337631
2007,1994,4.541761
2008,1994,3.0441
2009,1994,2.00001
1939,2316,18.718058
1941,2316,29.373705
1944,2316,4.52848
1966,2316,11.125585
1956,1995,7.95479
1957,1995,1.139443
1958,1995,1.14824
1959,1995,1.14824
1960,1995,1.14824
1961,1995,10.833421
1981,1995,1.793748
1982,1995,1.012156
1983,1995,9.141192
1984,1995,1.233441
1985,1995,1.205344
1986,1995,1.644489
1987,1995,2.081048
1988,1995,1.644737
1989,1995,1.575155
1990,1995,0.422107
1991,1995,0.238778
1992,1995,16.707714
1993,1995,14.123452
1994,1995,9.88133
1995,1995,15.09691
1996,1995,9.82543
1997,1995,10.98138
1998,1995,8.651419
1999,1995,15.053859
2000,1995,16.754635
2001,1995,13.491812
2002,1995,22.021532
2003,1995,14.204548
2004,1995,14.682205
2005,1995,12.862351
2006,1995,17.90567
2007,1995,23.344778
2008,1995,12.448783
2009,1995,4.420821
1933,2317,13.356158
1937,2317,11.403683
1941,2317,19.069426
1946,2317,9.982264
1947,2317,24.967886
1951,2317,10.073876
1974,2317,19.467134
1975,2317,1.260064
1962,1996,16.366423
1982,1996,6.269544
1983,1996,9.042909
1984,1996,5.74156
1985,1996,5.74156
1986,1996,7.436379
1987,1996,8.789977
1988,1996,9.329896
1989,1996,8.968807
1990,1996,1.327319
1991,1996,0.951318
1995,1996,18.127571
1996,1996,18.165253
1997,1996,19.063726
1991,1997,9.430928
1934,2318,14.329758
1938,2318,19.037369
1939,2318,11.73586
1952,2318,5.259477
1953,2318,10.832288
1954,2318,10.174066
1955,2318,4.542931
1958,2318,9.367475
1960,2318,15.049788
1974,2318,3.3524
1975,2318,1.479805
1937,2319,1.156132
1939,2319,27.27953
1940,2319,8.768375
1941,2319,25.387905
1943,2319,17.86418
1944,2319,2.515048
1956,2319,6.124474
1957,2319,11.962155
1958,2319,17.711868
1959,2319,7.614702
1960,2319,7.915094
1937,2320,18.050877
1944,2320,19.897833
1947,2320,5.044954
1954,2320,3.231624
1955,2320,3.832275
1956,2320,3.805325
1959,2320,2.758958
1960,2320,12.368793
1944,2321,4.967158
1950,2321,1.751523
1956,2321,2.409522
1960,2321,13.859865
1962,2321,3.570977
1969,2321,1.787364
1956,2007,0.72944
1957,2008,0.573214
1958,2008,0.864219
1957,2009,0.352201
1958,2009,0.109701
1958,2010,0.104046
1958,2011,0.104046
1959,2011,0.161905
1958,2012,0.104046
1959,2012,0.161905
1958,2013,0.104046
1957,2015,0.290076
1938,2025,25.558241
1940,2025,29.902777
1955,2025,0.084906
1956,2025,0.161905
1957,2025,0.13
1946,2026,19.142864
1962,2039,4.676592
1963,2039,4.759221
1964,2039,0.641509
1984,2039,8.286649
1985,2039,1.035212
1986,2039,0.262295
1955,2040,5.703341
1956,2040,16.888519
1958,2040,16.610382
1959,2040,11.263027
1960,2040,12.034504
1961,2040,21.683407
1986,2042,0.643247
2003,2045,0.704402
2011,2045,0.065217
1957,2046,11.524366
1959,2046,16.086678
1980,2046,0.87698
1981,2046,1.359146
1982,2046,1.359146
1983,2046,1.48314
1984,2046,1.114685
1985,2046,1.095544
1986,2046,0.584906
1988,2046,0.084906
1996,2046,0.207706
1997,2046,0.290076
1998,2046,0.160839
1999,2046,0.160839
2007,2046,0.704402
2012,2046,0.06
2008,2047,0.425725
2012,2047,0.156114
2013,2047,0.376968
2008,2048,0.084906
2012,2048,0.236879
2013,2048,0.532128
1982,2049,0.032609
1991,2049,0.13
2001,2049,0.104046
2012,2049,0.262806
2013,2049,0.739269
1980,2050,5.624004
1981,2050,1.307148
1982,2050,0.186455
1983,2050,0.431809
1984,2050,0.180523
1985,2050,0.781674
1987,2050,7.322818
1988,2050,21.315495
1989,2050,1.324795
1992,2050,0.13
2001,2050,0.104046
2006,2050,0.285714
2012,2050,0.515769
2013,2050,0.899732
1980,2051,1.281843
1981,2051,1.035834
1983,2051,0.290076
1984,2051,0.285714
1985,2051,0.529899
1986,2051,0.729084
1987,2051,6.625177
1988,2051,1.849571
1989,2051,0.086207
1992,2051,0.13
1993,2051,0.250527
2005,2051,0.69417
2011,2051,0.216879
2012,2051,0.650489
1978,2052,4.962103
1979,2052,10.518666
1980,2052,28.576582
1988,2052,0.160839
1989,2052,2.763471
1994,2052,0.118519
2005,2052,0.571428
2012,2052,0.878071
1978,2053,10.609377
1986,2053,0.285714
1987,2053,0.104046
1988,2053,0.104046
2004,2053,0.69417
2005,2053,0.208092
2011,2053,0.118644
2012,2053,0.487438
1986,2054,0.160839
1987,2054,0.104046
1988,2054,0.290076
1989,2054,0.104046
1990,2054,0.104046
2001,2054,0.118644
2004,2054,0.628403
2005,2054,0.560996
2006,2054,0.724047
2007,2054,1.151742
2008,2054,0.857913
2009,2054,1.43186
2010,2054,0.768712
2011,2054,0.740789
2012,2054,1.167794
1977,2055,8.562468
1978,2055,12.710253
1979,2055,27.453018
1980,2055,16.762697
1983,2055,0.446553
1994,2055,0.084906
2000,2055,0.065802
2001,2055,0.217005
2011,2055,2.735141
1983,2056,0.637915
1984,2056,0.580153
2003,2056,0.397251
2004,2056,0.665994
2005,2056,0.647222
1983,2057,0.446553
1984,2057,0.169811
1985,2057,0.032609
2000,2057,0.045802
2002,2057,0.506031
2003,2057,1.453395
2010,2057,0.116114
2011,2057,0.376968
1982,2058,0.69417
1983,2058,0.264885
1984,2058,0.24681
1985,2058,0.172414
1987,2058,0.265951
1989,2058,0.234046
1990,2058,0.150707
1991,2058,0.118519
1992,2058,0.070313
1997,2058,0.558842
2000,2058,0.04
2001,2058,0.144162
2002,2058,0.098361
2003,2058,0.604392
2005,2058,0.397251
2006,2058,0.372165
2007,2058,0.376968
2008,2058,0.217005
2011,2058,0.116114
1983,2059,2.030687
1984,2059,2.239713
1985,2059,0.076207
1986,2059,5.035246
1987,2059,0.456247
1988,2059,0.285714
1990,2059,2.124673
1991,2059,1.216768
1992,2059,1.231117
1993,2059,0.532128
1997,2059,2.271734
1998,2059,5.411825
1999,2059,5.708309
2000,2059,1.247278
2001,2059,1.816918
2002,2059,0.450916
2005,2059,0.188831
2006,2059,0.216879
2007,2059,0.216879
2008,2059,0.116114
2013,2059,0.774774
1990,2060,0.118644
1998,2060,26.524094
1999,2060,27.332748
2001,2060,4.311077
2002,2060,3.264007
2006,2060,0.04
2010,2060,0.16432
2011,2060,0.16432
2012,2060,0.065802
1991,2061,0.118644
1992,2061,0.781088
2002,2062,0.13
1936,2074,6.949853
1937,2074,3.606006
1938,2074,3.606006
1960,2074,21.752821
1961,2074,28.269222
1936,2075,14.566517
1937,2075,5.257123
1938,2075,1.870934
1939,2075,3.3576
1960,2075,0.437107
1936,2076,14.811253
1937,2076,7.160509
1938,2076,3.319151
1961,2076,1.120195
1936,2077,14.829185
1937,2077,7.160509
1938,2077,4.338631
1935,2078,12.155006
1936,2078,19.28443
1937,2078,5.465308
1938,2078,5.364148
1939,2078,22.082211
1935,2079,20.068901
1936,2079,17.271465
1937,2079,7.887156
1938,2079,6.005375
1935,2080,24.214869
1936,2080,16.910889
1937,2080,9.479083
1938,2080,10.605956
1937,2081,18.966585
1938,2081,11.854753
1937,2082,18.891909
1957,2082,5.611274
1953,2084,0.471969
1938,2086,24.035999
1935,2087,14.044075
1936,2087,11.760281
1937,2087,19.735395
1935,2088,12.413708
1992,2091,2.689946
1993,2091,1.855932
1994,2091,2.240429
1995,2091,2.635044
1985,2092,1.268958
1991,2092,2.079176
1992,2092,0.469873
1993,2092,0.907636
1994,2092,0.92777
1995,2092,0.92091
1996,2092,0.580973
1997,2092,1.362748
1938,2093,10.535981
1939,2093,11.570624
1940,2093,5.47369
1942,2093,9.469323
1943,2093,7.587574
1986,2093,2.583842
1987,2093,3.818295
1992,2093,0.094828
1993,2093,0.094828
1994,2093,0.468782
1995,2093,0.396354
1996,2093,0.202709
1997,2093,0.094828
1936,2094,28.336441
1938,2094,19.795717
1939,2094,10.859685
1940,2094,2.331722
1941,2094,29.68495
1942,2094,11.579163
1943,2094,2.752788
1989,2096,2.272678
1990,2096,0.865754
1991,2096,0.559802
1995,2096,0.386748
1991,2097,1.700502
1993,2097,0.342697
1935,2098,13.443309
1935,2099,7.690799
1993,2099,0.685526
1937,2100,4.385032
1990,2100,0.323944
1991,2100,0.972593
1993,2100,0.66664
1994,2100,0.323944
1995,2100,0.217105
1971,2101,3.393631
1983,2101,2.040088
1984,2101,0.323944
1990,2101,0.217105
1992,2101,0.66664
1984,2102,0.342697
1985,2102,1.051853
1988,2102,1.520274
1989,2102,0.217105
1990,2102,0.323944
1992,2102,0.434211
1993,2102,0.169643
1994,2102,0.323944
1984,2103,1.051853
1989,2103,1.130448
1990,2103,0.169643
1991,2103,0.434211
1992,2103,0.493587
1993,2103,0.243243
1988,2104,0.342697
1991,2104,0.493587
1992,2104,0.335551
1993,2104,0.092308
1991,2105,0.217105
1992,2105,16.29463
1993,2105,0.035714
1995,2105,0.094828
1989,2106,1.051853
1990,2106,0.217105
1991,2106,0.169643
1995,2106,0.151899
1988,2107,1.051853
1989,2107,0.217105
1990,2107,0.151899
1991,2107,0.243243
1995,2107,0.094828
1984,2108,1.051853
1989,2108,0.169643
1990,2108,0.169643
1951,2109,8.676531
1993,2109,0.005319
1994,2109,0.009346
1995,2109,0.563037
1944,2110,28.690817
1993,2111,2.327898
1994,2111,0.007874
1996,2114,1.950215
1998,2114,0.523994
2000,2114,1.82715
2001,2114,0.405941
1936,2115,9.616383
1937,2115,8.511219
1938,2115,7.114091
1996,2115,1.198718
1998,2115,0.293333
2000,2115,3.991295
2001,2115,3.791194
2002,2115,2.621871
2003,2115,2.41968
2006,2115,3.953063
1935,2116,10.887847
1936,2116,3.019349
1937,2116,3.183547
1938,2116,3.335363
1939,2116,21.037804
1940,2116,26.877712
1941,2116,29.635876
1996,2116,0.334586
1998,2116,1.117724
2000,2116,0.924744
2001,2116,0.543392
2002,2116,1.971919
2003,2116,1.984927
2005,2116,0.389831
2006,2116,1.191655
2007,2116,0.167883
1934,2117,29.501123
1996,2117,0.56408
1998,2117,0.229437
2000,2117,0.575971
2001,2117,0.359586
2002,2117,0.764158
2003,2117,0.749108
2005,2117,0.287671
2006,2117,3.189641
2007,2117,6.80704
1969,2118,4.501643
1979,2118,2.722615
1980,2118,0.323944
1995,2118,0.757576
1996,2118,1.29601
1997,2118,0.810345
1998,2118,1.131821
1999,2118,0.757576
2000,2118,0.779045
2001,2118,0.70819
2002,2118,1.0
2003,2118,1.0
2005,2118,0.086957
2006,2118,7.586943
2007,2118,15.046161
1939,2119,6.01066
1940,2119,2.111653
1979,2119,10.124523
1980,2119,6.860891
1981,2119,2.035714
1991,2119,0.047619
1992,2119,4.559965
1993,2119,6.440033
1994,2119,6.373361
1995,2119,11.307199
1996,2119,28.153522
1998,2119,13.63135
1999,2119,11.074173
2000,2119,6.313546
2001,2119,4.052546
2002,2119,3.818709
2003,2119,3.95113
2004,2119,0.172414
2005,2119,1.0625
2006,2119,8.024036
2007,2119,15.651095
1979,2120,21.665209
1980,2120,12.62954
1991,2120,1.0
1992,2120,7.51323
1993,2120,17.288857
1994,2120,21.159456
1995,2120,29.329473
1996,2120,24.8402
2002,2120,4.859797
2003,2120,3.461266
2004,2120,0.58319
2005,2120,0.206342
2006,2120,15.362169
1962,2121,9.929031
1979,2121,17.205439
1980,2121,5.778868
1992,2121,5.756433
1993,2121,5.756433
1995,2121,7.008751
2000,2121,12.04341
2002,2121,17.989063
2003,2121,5.253876
2004,2121,0.894913
2005,2121,7.196633
2006,2121,17.346096
1979,2122,17.205439
1980,2122,8.039319
2003,2122,6.766843
2004,2122,1.792184
2005,2122,11.603855
2006,2122,17.235172
1943,2123,23.908697
1944,2123,27.510942
1979,2123,8.79993
1980,2123,1.582748
2003,2123,1.83051
2004,2123,9.870605
2005,2123,12.248288
