2365,2446,25.739653
2435,2446,2.756644
2435,2450,2.305596
2397,2456,21.428434
2439,2457,29.075293
2366,2458,5.108768
2369,2458,11.003431
2362,2459,7.127714
2373,2459,10.993323
2374,2459,9.647526
2373,2460,7.664149
2361,2461,12.556722
2362,2461,29.457697
2361,2462,1.361231
2373,2462,9.953826
2492,2462,1.306829
2493,2462,0.017434
2499,2462,0.017207
2375,2463,10.206611
2492,2463,1.263382
2374,2464,10.442849
2492,2464,1.037532
2366,2465,27.516684
2367,2465,27.741034
2375,2465,13.645644
2376,2465,10.358693
2377,2465,9.238631
2378,2465,14.8651
2492,2465,1.037532
2492,2466,1.038432
2366,2476,11.597974
2367,2476,6.348579
2368,2476,6.549307
2369,2476,21.709623
2370,2476,24.598192
2368,2481,23.087143
2369,2481,29.338928
2447,2481,4.169969
2399,2482,1.295088
2400,2482,0.945139
2399,2483,2.70509
2400,2483,0.43897
2401,2483,1.771735
2399,2484,2.276787
2400,2484,0.468196
2401,2484,1.626517
2452,2487,4.824283
2454,2487,0.054101
2455,2487,0.032308
2456,2487,4.308173
2400,2488,2.901663
2401,2488,2.923235
2402,2488,2.967514
2403,2488,7.842787
2404,2488,8.505792
2461,2488,1.039941
2466,2489,22.572104
2362,2490,19.481503
2384,2490,16.026171
2362,2491,8.759958
2384,2491,13.646756
2406,2491,1.934032
2467,2491,0.58703
2384,2492,18.03182
2393,2492,1.115545
2394,2492,0.472979
2406,2492,0.630825
2450,2492,4.855536
2467,2492,5.180445
2363,2493,3.938547
2365,2493,11.352907
2366,2493,12.393928
2382,2493,8.397183
2383,2493,8.809585
2391,2493,1.154255
2392,2493,1.094232
2393,2493,1.595415
2394,2493,1.442575
2406,2493,0.988781
2449,2493,5.397735
2450,2493,7.738156
2467,2493,0.914915
2362,2494,8.835093
2363,2494,8.755308
2364,2494,7.527904
2365,2494,11.565029
2366,2494,13.054495
2367,2494,24.367363
2378,2494,23.726967
2380,2494,9.013479
2381,2494,21.733387
2382,2494,12.205006
2383,2494,11.265955
2391,2494,7.053402
2392,2494,0.737454
2393,2494,0.738542
2394,2494,0.116402
2449,2494,3.276879
2450,2494,18.350645
2467,2494,0.627413
2366,2495,27.746431
2367,2495,14.284859
2368,2495,12.431019
2369,2495,12.326625
2370,2495,7.573211
2371,2495,5.528628
2372,2495,5.428439
2373,2495,5.4798
2374,2495,6.271295
2375,2495,6.459353
2376,2495,5.921012
2377,2495,7.289856
2379,2495,16.370893
2380,2495,9.94559
2381,2495,10.577808
2382,2495,14.233097
2383,2495,27.536169
2391,2495,1.300158
2392,2495,0.619086
2393,2495,0.829982
2394,2495,1.38372
2450,2495,9.677901
2451,2495,0.731068
2377,2496,4.572052
2378,2496,1.561342
2380,2496,1.426629
2381,2496,17.716419
2391,2496,1.384119
2392,2496,4.749105
2393,2496,1.376742
2394,2496,2.255437
2395,2496,1.724114
2396,2496,2.788087
2397,2496,3.746412
2398,2496,4.623617
2399,2496,1.327772
2400,2496,0.203331
2401,2496,3.575212
2401,2497,9.652692
2467,2499,0.089674
2369,2345,5.705188
2443,2351,1.903472
2385,2352,1.689464
2386,2352,1.689464
2387,2352,2.275418
2443,2352,1.965709
2443,2353,9.013134
2431,2354,21.860006
2432,2354,9.595414
2433,2354,5.940711
2434,2354,13.924663
2440,2354,20.71917
2443,2354,3.128625
2445,2354,1.222229
2433,2355,11.246157
2441,2355,9.521235
2443,2355,1.106021
2445,2355,4.138119
2433,2356,6.425493
2445,2356,3.476463
2446,2356,3.215318
2456,2356,0.251297
2439,2357,0.918187
2444,2357,1.804142
2445,2357,3.491238
2446,2357,6.148241
2456,2357,0.656418
2435,2358,3.122986
2446,2358,3.198833
2435,2359,10.237868
2457,2360,1.140864
2381,2361,21.513998
2376,2370,19.4443
2376,2371,20.226336
2393,2371,28.266743
2378,2372,3.575792
2379,2372,2.637803
2380,2372,4.772009
2381,2372,11.308098
2383,2372,6.215934
2384,2372,3.976681
2386,2372,13.427663
2380,2373,5.445654
2381,2373,8.625168
2382,2373,10.839925
2383,2373,9.635458
2384,2373,21.393614
2385,2373,16.449318
2386,2373,18.45488
2370,2374,6.077598
2371,2374,4.473429
2384,2374,18.864435
2385,2374,28.856709
2389,2376,2.223285
2390,2376,8.170865
2391,2376,2.123203
2404,2376,1.653208
2405,2376,0.553666
2403,2377,13.211645
2404,2377,7.258622
2405,2377,7.675727
2382,2381,14.108065
2383,2381,9.448984
2384,2381,14.464584
2385,2381,7.809767
2386,2381,8.493695
2387,2381,8.301874
2388,2381,7.955694
2389,2381,4.804434
2390,2381,10.651697
2391,2381,0.581203
2392,2381,1.391874
2496,2381,3.068844
2387,2382,10.361484
2388,2382,8.789219
2389,2382,7.112082
2390,2382,5.363731
2391,2382,3.795565
2495,2382,17.486017
2496,2382,7.576933
2497,2382,4.685397
2498,2382,0.415766
2499,2382,1.005365
2495,2383,4.633243
2496,2383,10.660919
2497,2383,8.511825
2498,2383,4.159396
2499,2383,5.518662
2452,2384,10.243193
2494,2384,10.51832
2495,2384,9.847765
2496,2384,6.666255
2363,2386,6.094614
2363,2387,2.693484
2363,2388,2.273807
2377,2390,15.028483
2364,2391,4.94782
2376,2391,26.28767
2377,2391,6.157312
2378,2391,5.279695
2379,2392,3.218824
2495,2393,6.291461
2495,2394,29.095037
2496,2394,29.846071
2497,2394,15.456696
2380,2403,16.599504
2382,2403,22.880188
2383,2403,9.893685
2384,2403,17.754158
2385,2403,19.620394
2386,2403,8.591019
2389,2403,3.792092
2382,2404,18.510632
2385,2404,3.337754
2387,2404,11.516436
2388,2404,5.112434
2389,2404,3.564301
2390,2404,5.408908
2385,2405,15.655588
2387,2405,4.324876
2388,2405,4.08805
2390,2405,11.105997
2377,2411,10.592339
2435,2411,0.11844
2435,2412,1.598581
2436,2412,15.781236
2378,2413,21.879803
2435,2413,1.400406
2436,2413,1.960838
2379,2414,4.917568
2381,2414,15.935214
2382,2414,26.971531
2398,2428,13.853903
2411,2436,29.92931
2411,2437,21.21924
2410,2438,19.48698
2384,2439,12.600087
