187,1486,4.322495
143,1805,25.221775
144,1805,23.479233
145,1805,6.094598
146,1805,4.069795
147,1805,1.058334
148,1805,0.21978
149,1805,18.714283
150,1805,0.872619
151,1805,0.901923
152,1805,0.825
153,1805,2.825
154,1805,0.271429
156,1805,0.071429
157,1805,18.738092
159,1805,0.071429
160,1805,0.071429
164,1805,0.071429
165,1805,0.071429
166,1805,0.071429
167,1805,29.029778
168,1805,29.029778
169,1805,29.029778
173,1805,0.142857
174,1805,0.530716
175,1805,15.675299
143,1806,15.451482
144,1806,12.335479
145,1806,6.770289
146,1806,0.41094
147,1806,0.333333
148,1806,0.333333
149,1806,0.476191
150,1806,0.476191
151,1806,0.476191
152,1806,0.666667
153,1806,0.333333
154,1806,0.333333
157,1806,0.142857
158,1806,0.142857
161,1806,0.142857
162,1806,0.142857
174,1806,0.951923
175,1806,26.415298
145,1807,13.171446
146,1807,2.558824
147,1807,0.375
148,1807,0.375
149,1807,2.184524
150,1807,0.808333
151,1807,0.808333
152,1807,0.808333
153,1807,3.933333
154,1807,0.333333
157,1807,1.666667
158,1807,1.666667
161,1807,0.660714
162,1807,0.660714
163,1807,0.285714
164,1807,0.142857
165,1807,0.142857
166,1807,0.142857
167,1807,0.5
168,1807,0.5
169,1807,0.5
170,1807,0.5
171,1807,0.5
172,1807,0.1
173,1807,0.142857
174,1807,0.355182
175,1807,15.675299
176,1807,23.426971
145,1808,1.195
146,1808,0.475
147,1808,0.408333
148,1808,0.408333
149,1808,0.619048
150,1808,1.029167
151,1808,1.029167
152,1808,1.195833
153,1808,1.3671
154,1808,0.435833
155,1808,0.182857
156,1808,0.296266
157,1808,0.395076
158,1808,0.537933
159,1808,0.308766
160,1808,0.308766
161,1808,0.567381
162,1808,0.487024
163,1808,0.37869
164,1808,0.37869
165,1808,0.31619
166,1808,0.235833
167,1808,0.630909
168,1808,0.630909
169,1808,0.173333
170,1808,0.224242
171,1808,0.224242
172,1808,0.224242
173,1808,0.3671
174,1808,0.676165
175,1808,27.31255
144,1809,3.051033
145,1809,2.616626
146,1809,2.116626
147,1809,0.809927
148,1809,0.809927
149,1809,1.712566
150,1809,1.407143
151,1809,1.407143
152,1809,1.407143
153,1809,2.608517
154,1809,0.870614
155,1809,0.403947
156,1809,0.343905
157,1809,0.743905
158,1809,0.880058
159,1809,0.522496
160,1809,0.522496
161,1809,1.973677
162,1809,1.973677
163,1809,0.667929
164,1809,0.664612
165,1809,0.585766
166,1809,0.585766
167,1809,0.772995
168,1809,0.772995
169,1809,0.692638
170,1809,0.692638
171,1809,0.630138
172,1809,2.269423
173,1809,0.630138
174,1809,1.082061
175,1809,3.831112
176,1809,17.42857
144,1810,5.017683
145,1810,3.747319
146,1810,3.759894
147,1810,2.680986
148,1810,2.51174
149,1810,5.092632
150,1810,5.333574
151,1810,5.333574
152,1810,4.172705
153,1810,6.346144
154,1810,2.587421
155,1810,0.898119
156,1810,0.704233
157,1810,3.636842
158,1810,4.798138
159,1810,1.74053
160,1810,1.74053
161,1810,7.641319
162,1810,4.72773
163,1810,1.287904
164,1810,1.287904
165,1810,1.231452
166,1810,1.181624
167,1810,5.426406
168,1810,3.964289
169,1810,3.418804
170,1810,2.368466
171,1810,3.368466
172,1810,1.956287
173,1810,1.956287
174,1810,8.556816
175,1810,25.406296
176,1810,18.736832
177,1810,9.605448
143,1811,16.783085
144,1811,3.099893
145,1811,2.854305
146,1811,2.767659
147,1811,3.232575
148,1811,2.904198
149,1811,4.959762
150,1811,5.151064
151,1811,5.151064
152,1811,5.151064
153,1811,5.437395
154,1811,3.579374
155,1811,1.024393
156,1811,1.153629
157,1811,3.128628
158,1811,4.720145
159,1811,4.000261
160,1811,4.000261
161,1811,6.552356
162,1811,7.636576
163,1811,1.176131
164,1811,0.855489
165,1811,1.226057
166,1811,1.226057
167,1811,3.80385
168,1811,3.80385
169,1811,3.976898
170,1811,3.643565
171,1811,3.631781
172,1811,13.471693
173,1811,3.631781
174,1811,29.645927
176,1811,23.456102
177,1811,19.706171
178,1811,3.532346
246,1493,29.084621
142,1812,12.223467
143,1812,9.871302
144,1812,2.727461
145,1812,2.782164
146,1812,2.272108
147,1812,3.514106
148,1812,2.971487
149,1812,4.56905
150,1812,4.54959
151,1812,4.54959
152,1812,4.500631
153,1812,4.785806
154,1812,3.110972
155,1812,1.859096
156,1812,1.85826
157,1812,3.886221
158,1812,9.091007
159,1812,6.308315
160,1812,8.308315
161,1812,11.329416
162,1812,15.894869
163,1812,2.420806
164,1812,2.420806
165,1812,2.482996
166,1812,4.888051
168,1812,25.338232
169,1812,23.671753
170,1812,27.704323
171,1812,10.521235
172,1812,8.380648
173,1812,8.262747
174,1812,8.380648
177,1812,26.070223
167,1813,25.48134
169,1813,11.412498
170,1813,12.561492
171,1813,10.49471
172,1813,26.838779
173,1813,10.49471
174,1813,10.49471
175,1813,26.838779
208,1813,7.918606
208,1814,2.855072
208,1815,1.65979
208,1816,1.65979
1,1817,0.625
2,1817,7.542502
3,1817,25.620701
6,1817,27.651402
2,1818,0.363636
3,1818,5.663216
4,1818,6.47708
5,1818,13.170685
6,1818,8.019561
4,1819,1.503968
5,1819,3.759524
4,1821,15.917563
3,1822,3.0
4,1822,10.213354
127,1505,0.94737
5,1824,1.901234
5,1825,2.488188
6,1825,3.928961
5,1826,6.202321
91,1511,27.756182
92,1511,27.756182
94,1511,0.645161
95,1511,0.645161
80,1512,3.787348
81,1512,3.035573
82,1512,2.79088
83,1512,2.542543
84,1512,1.858668
85,1512,2.250221
86,1512,1.725335
87,1512,2.250221
88,1512,1.48496
89,1512,2.143537
90,1512,1.586441
91,1512,1.559292
92,1512,1.584697
93,1512,10.363108
94,1512,1.331855
95,1512,0.838192
96,1512,0.778281
97,1512,0.778281
73,1515,4.863171
80,1515,12.909455
81,1515,6.160583
82,1515,11.527524
83,1515,5.617537
84,1515,7.135135
87,1515,4.590271
88,1515,4.590271
89,1515,4.590271
90,1515,4.99643
91,1515,4.590271
92,1515,19.83301
93,1515,3.944567
94,1515,12.580205
95,1515,12.296334
96,1515,1.585305
97,1515,1.887297
81,1518,2.000003
82,1518,3.911099
83,1518,3.911099
84,1518,3.911099
85,1518,3.911099
86,1518,3.967407
87,1518,3.967407
88,1518,2.000003
89,1518,3.967407
90,1518,2.000003
91,1518,2.000003
92,1518,2.000003
93,1518,2.972621
94,1518,2.804304
96,1518,24.666628
97,1518,0.645161
98,1518,0.645161
170,1518,5.285105
171,1518,4.998023
172,1518,2.723152
173,1518,3.511036
174,1518,2.723152
175,1518,4.998023
73,1519,15.193721
80,1519,7.321435
81,1519,5.914822
82,1519,5.814443
83,1519,5.684238
84,1519,9.998748
85,1519,12.02812
86,1519,6.567564
87,1519,3.074829
88,1519,2.944131
89,1519,2.944131
90,1519,2.969652
91,1519,3.444815
92,1519,3.265069
93,1519,4.520802
94,1519,1.425676
95,1519,1.400154
96,1519,3.273314
97,1519,4.455711
98,1519,1.884856
99,1519,17.367741
101,1519,29.871815
162,1519,3.254112
164,1519,7.361303
165,1519,3.068805
182,1519,16.02816
179,1520,4.882503
178,1521,26.008118
81,1522,8.800779
90,1522,6.069799
91,1522,5.998123
92,1522,2.536219
93,1522,2.843218
94,1522,2.843218
95,1522,13.176122
96,1522,13.176122
97,1522,4.826751
98,1522,9.329834
99,1522,11.015477
100,1522,11.70977
101,1522,14.53644
85,1523,3.962885
86,1523,3.962885
89,1523,7.665885
90,1523,3.619423
97,1523,10.631814
209,1856,13.727321
210,1856,13.727321
217,1856,13.851819
218,1856,13.851819
270,1863,21.192759
270,1864,12.771585
272,1864,24.550545
233,1865,14.645721
270,1865,13.189221
271,1865,28.822338
55,1553,22.870037
56,1553,17.040977
57,1553,21.042606
102,1553,0.972718
103,1553,1.041709
234,1866,22.410166
271,1866,25.818487
95,1867,20.516357
54,1554,11.83656
55,1554,15.319563
56,1554,4.431045
57,1554,11.463043
58,1554,17.585882
59,1554,29.669252
102,1554,1.675618
103,1554,1.981073
53,1555,4.843824
54,1555,2.486966
55,1555,3.923508
56,1555,5.492351
57,1555,7.447462
58,1555,9.179126
59,1555,21.219683
60,1555,27.490118
61,1555,26.965555
69,1869,13.358724
95,1869,10.319273
205,1869,18.982021
206,1869,24.997723
51,1556,25.640629
52,1556,11.558319
54,1556,2.409106
55,1556,0.709599
56,1556,3.272311
57,1556,3.698288
58,1556,6.578301
59,1556,15.476303
60,1556,25.331739
106,1556,1.576127
107,1556,1.576127
108,1556,1.06692
110,1556,2.08938
112,1556,2.288257
115,1556,2.218117
117,1556,1.617403
128,1556,17.282782
260,1556,21.524811
50,1557,16.332033
51,1557,22.072893
52,1557,9.599525
53,1557,4.195688
54,1557,2.453936
55,1557,2.395458
56,1557,2.945112
57,1557,3.385503
58,1557,10.921793
59,1557,22.743265
112,1557,1.546865
115,1557,1.541082
116,1557,1.215888
117,1557,1.233874
118,1557,1.192447
69,1870,9.752624
49,1558,19.002235
50,1558,15.573195
51,1558,6.788352
52,1558,4.894304
53,1558,4.710135
54,1558,4.610732
56,1558,4.989436
57,1558,8.00984
58,1558,10.767358
59,1558,17.753708
60,1558,22.385242
145,1558,11.769169
217,1558,11.57803
50,1559,13.246675
51,1559,4.998387
52,1559,6.727664
53,1559,3.838606
54,1559,8.44343
55,1559,10.358162
56,1559,15.214024
57,1559,14.765009
58,1559,16.593863
80,1872,9.860087
81,1872,8.166465
82,1872,5.086472
83,1872,7.101272
49,1560,20.494272
50,1560,15.098995
51,1560,14.899674
52,1560,14.786606
53,1560,17.440006
109,1560,2.016994
110,1560,1.562655
111,1560,1.61812
112,1560,1.653347
113,1560,1.29216
114,1560,1.466432
115,1560,1.9166
116,1560,3.573086
78,1873,11.503351
79,1873,7.158328
80,1873,5.038386
81,1873,3.973667
82,1873,3.236999
83,1873,3.435187
84,1873,3.175601
49,1561,21.87549
52,1561,17.11812
109,1561,1.762143
110,1561,1.309197
111,1561,1.068024
112,1561,1.039711
113,1561,1.837007
114,1561,1.184605
115,1561,1.807507
116,1561,1.98945
78,1874,7.694886
79,1874,4.483299
80,1874,5.262097
81,1874,3.74423
82,1874,1.769231
83,1874,8.043419
84,1874,7.110218
85,1874,6.916396
108,1562,0.577837
109,1562,0.37656
110,1562,0.240392
111,1562,0.27777
112,1562,0.313319
113,1562,0.21234
114,1562,0.298579
115,1562,0.289442
116,1562,0.357403
117,1562,0.377885
3,1875,4.605805
10,1875,0.562194
78,1875,5.59909
79,1875,3.882847
80,1875,3.755941
81,1875,3.730795
82,1875,1.974999
83,1875,0.5
84,1875,5.170552
85,1875,3.948814
86,1875,4.157856
104,1563,0.5787
105,1563,0.599376
106,1563,0.263527
107,1563,0.31666
108,1563,0.574523
109,1563,0.594263
110,1563,0.477906
111,1563,0.477906
112,1563,0.44421
113,1563,0.630181
114,1563,0.642938
115,1563,0.652541
116,1563,0.728086
117,1563,0.545433
104,1564,0.536868
105,1564,0.470115
106,1564,0.503217
107,1564,0.594263
218,1564,25.010115
220,1564,21.710178
5,1876,8.460428
6,1876,5.831345
70,1876,7.067728
71,1876,9.050279
79,1876,8.241063
80,1876,22.84174
81,1876,5.531705
82,1876,2.133339
84,1876,1.228389
85,1876,5.867425
86,1876,4.506223
111,1565,1.226647
112,1565,1.228811
113,1565,1.228811
114,1565,1.626848
115,1565,1.100774
116,1565,1.480305
117,1565,1.80778
218,1565,1.29671
70,1877,4.979931
71,1877,11.328875
79,1877,13.124802
80,1877,3.516461
81,1877,2.812488
83,1877,4.843406
84,1877,11.215645
85,1877,8.707775
93,1877,21.258549
94,1877,18.291716
95,1877,15.156276
96,1877,22.744347
97,1877,19.700064
176,1567,7.003507
6,1878,6.040949
70,1878,4.153515
71,1878,6.185993
93,1878,2.423
94,1878,3.804459
95,1878,4.417166
96,1878,11.936496
97,1878,27.762728
203,1878,9.328247
204,1878,25.969101
209,1878,25.60075
7,1879,0.06
8,1879,6.092683
71,1879,4.990449
93,1879,3.869691
94,1879,2.95082
95,1879,2.957253
96,1879,5.821825
97,1879,16.128344
175,1568,4.638118
176,1568,1.164383
111,1569,0.489056
112,1569,0.489101
113,1569,0.358897
114,1569,0.487703
115,1569,0.554558
1,1882,7.162274
2,1882,5.580336
3,1882,3.028396
8,1882,3.502742
9,1882,13.099122
57,1882,1.819021
0,1883,2.519583
1,1883,2.531582
2,1883,1.441441
8,1883,1.52102
57,1883,17.405453
58,1883,5.214876
101,1883,14.867929
112,1570,0.880459
113,1570,3.289509
206,1570,3.33782
57,1884,26.084137
71,1884,13.845579
72,1884,6.991665
74,1884,1.433599
7,1885,10.262899
57,1885,14.87104
71,1885,23.287027
72,1885,8.991609
74,1885,1.742245
7,1886,5.933285
57,1886,17.342945
58,1886,3.120569
76,1574,2.665182
57,1887,19.576477
58,1887,0.707739
8,1888,0.06
57,1888,22.666943
58,1888,0.374235
79,1888,28.449961
80,1888,26.685678
81,1888,27.805525
82,1888,22.630373
85,1888,20.988741
86,1888,20.972919
89,1888,7.880232
90,1888,4.780679
8,1889,0.429972
57,1889,16.931761
58,1889,5.939318
59,1889,5.428176
60,1889,9.320164
61,1889,6.104002
62,1889,6.041479
63,1889,19.474504
64,1889,27.131056
68,1889,12.650946
69,1889,5.318674
70,1889,0.527409
71,1889,0.527409
72,1889,0.060743
73,1889,0.040404
74,1889,0.020202
75,1889,0.013889
76,1889,0.070493
77,1889,0.280942
78,1889,6.733822
79,1889,22.916117
80,1889,15.979858
81,1889,15.237639
82,1889,14.533843
83,1889,16.533846
84,1889,14.420004
85,1889,12.807917
86,1889,0.013889
87,1889,0.013889
88,1889,0.056604
89,1889,0.015625
90,1889,0.056604
106,1889,10.981814
42,1890,13.42579
57,1890,14.64652
58,1890,9.385589
63,1890,18.20821
64,1890,21.314802
68,1890,9.232111
69,1890,0.148784
70,1890,0.099833
71,1890,0.097536
72,1890,0.097536
73,1890,0.097536
74,1890,0.057853
75,1890,0.055556
76,1890,0.08852
77,1890,0.334191
79,1890,8.012003
80,1890,5.168768
81,1890,2.928031
82,1890,2.928031
83,1890,2.897956
84,1890,0.027778
85,1890,0.027778
86,1890,0.027778
87,1890,0.040541
88,1890,0.020202
89,1890,0.020202
90,1890,0.020202
92,1890,0.040541
106,1890,14.699054
216,1577,9.250987
218,1577,6.692883
42,1891,4.330752
57,1891,14.161388
58,1891,10.35719
59,1891,6.855101
63,1891,7.662353
64,1891,6.301857
65,1891,5.911203
68,1891,0.786565
69,1891,0.291736
70,1891,0.434106
71,1891,0.120096
72,1891,0.120096
73,1891,0.079073
74,1891,0.136082
75,1891,0.241506
76,1891,0.069758
81,1891,0.067938
82,1891,0.067938
83,1891,0.048951
84,1891,0.048951
85,1891,0.048951
86,1891,0.048951
87,1891,0.048951
88,1891,0.027778
89,1891,0.030075
90,1891,0.039683
93,1891,0.018987
105,1891,0.652033
106,1891,11.636527
216,1578,1.063264
217,1578,23.105322
218,1578,27.234505
76,1579,1.940129
109,1579,0.720596
110,1579,0.657527
111,1579,1.940622
112,1579,8.290796
113,1579,9.678056
186,1579,15.286173
213,1579,3.305801
214,1579,2.427783
215,1579,3.129885
216,1579,2.303877
217,1579,16.837212
218,1579,17.458712
75,1580,20.457554
76,1580,0.038462
209,1580,27.421976
212,1580,29.948315
214,1580,3.193895
215,1580,1.785714
216,1580,2.0
218,1580,23.356028
42,1892,3.863253
43,1892,7.697162
44,1892,23.519257
57,1892,11.275271
58,1892,13.812103
68,1892,1.404804
69,1892,1.260442
70,1892,0.525179
71,1892,0.484766
72,1892,0.484766
73,1892,0.390748
74,1892,0.114852
75,1892,0.131066
76,1892,0.412182
81,1892,0.114852
82,1892,0.114852
83,1892,0.06
84,1892,0.06
85,1892,0.06
86,1892,0.06
87,1892,0.201131
88,1892,0.039683
89,1892,0.037975
90,1892,0.030043
105,1892,1.712766
106,1892,22.535038
76,1581,0.038462
215,1581,1.863457
216,1581,2.182304
5,1893,0.540921
7,1893,17.613916
42,1893,3.641324
43,1893,4.473902
44,1893,23.773523
57,1893,6.892321
58,1893,8.662292
75,1893,0.114852
76,1893,0.36304
77,1893,0.232175
87,1893,0.06
88,1893,0.071066
89,1893,0.071066
106,1893,18.978247
7,1894,27.482027
42,1894,2.774445
43,1894,7.769732
57,1894,6.392321
58,1894,0.015625
75,1894,0.12
76,1894,0.131066
77,1894,0.131066
107,1894,9.983081
42,1895,2.774445
43,1895,7.906629
56,1895,27.567062
57,1895,10.691104
59,1895,0.020202
107,1895,1.270163
108,1895,15.466666
7,1896,0.650472
8,1896,0.963319
42,1896,2.774445
43,1896,7.818783
56,1896,21.738716
57,1896,11.182373
44,1584,1.889372
45,1584,3.112955
46,1584,2.966293
0,1897,8.391445
1,1897,5.508241
5,1897,0.593809
6,1897,3.981379
7,1897,4.221195
8,1897,3.926462
42,1897,3.315008
43,1897,9.229864
57,1897,0.492155
58,1897,0.373857
59,1897,0.10944
109,1897,27.856651
41,1585,8.077611
42,1585,6.889402
43,1585,7.3692
44,1585,4.059317
45,1585,2.192144
46,1585,5.962368
47,1585,25.106115
0,1898,6.339657
1,1898,7.993281
42,1898,2.928542
57,1898,1.225431
58,1898,0.471965
59,1898,0.137585
60,1898,17.859863
102,1898,4.047844
108,1898,4.831362
109,1898,13.148142
41,1586,5.048406
42,1586,2.866531
43,1586,4.535261
44,1586,1.734889
45,1586,1.419612
46,1586,2.032373
47,1586,4.658573
243,1586,22.069908
57,1899,1.460007
58,1899,0.549231
59,1899,0.137585
103,1899,3.48934
104,1899,1.569535
107,1899,15.473473
108,1899,29.122974
41,1587,4.989796
42,1587,3.596325
43,1587,2.230365
44,1587,1.212515
45,1587,1.240159
46,1587,1.675248
47,1587,4.783344
48,1587,3.118768
243,1587,6.983216
57,1900,2.502741
58,1900,1.000298
59,1900,0.114704
104,1900,3.823932
105,1900,1.844158
41,1588,4.308956
42,1588,2.645009
43,1588,2.841692
44,1588,1.934715
45,1588,2.233619
46,1588,2.358478
47,1588,2.822976
126,1588,11.968729
243,1588,9.519341
244,1588,10.651749
249,1588,12.343172
250,1588,4.410006
251,1588,8.385974
41,1589,3.539634
42,1589,2.446393
43,1589,3.402899
44,1589,1.42801
45,1589,1.907262
46,1589,3.019478
47,1589,4.011284
48,1589,7.149332
127,1589,13.33812
128,1589,10.457184
129,1589,12.787825
244,1589,3.076921
245,1589,1.877195
246,1589,11.528639
247,1589,8.275867
248,1589,7.049198
249,1589,18.285004
250,1589,3.275868
252,1589,1.83721
253,1589,0.709091
254,1589,3.112343
58,1901,1.385558
59,1901,0.156931
104,1901,4.397744
105,1901,26.070465
58,1902,1.878075
59,1902,0.389584
104,1902,3.815605
105,1902,1.975554
41,1590,6.56303
42,1590,3.920193
43,1590,4.281721
44,1590,2.07989
45,1590,2.906014
46,1590,3.016644
47,1590,4.25832
48,1590,9.209931
127,1590,18.335073
130,1590,15.800943
245,1590,2.4375
247,1590,9.567166
248,1590,5.0
251,1590,1.150725
253,1590,1.387934
41,1591,5.301364
42,1591,3.64401
43,1591,5.496083
44,1591,2.252397
45,1591,3.305474
46,1591,4.20523
47,1591,4.334835
251,1591,1.199051
58,1903,1.895675
59,1903,1.490952
104,1903,3.662145
105,1903,2.074769
59,1904,1.839516
104,1904,3.166622
105,1904,11.990303
41,1592,4.517162
42,1592,3.154616
43,1592,1.958141
44,1592,1.894585
45,1592,2.7894
46,1592,3.549333
47,1592,5.816315
247,1592,3.77333
251,1592,0.373737
41,1593,3.397246
42,1593,5.250119
43,1593,3.266574
44,1593,2.371885
45,1593,4.471654
46,1593,13.768408
59,1905,0.919142
104,1905,4.036672
105,1905,12.362366
106,1905,22.972399
107,1905,13.727321
59,1906,1.049362
104,1906,4.203918
105,1906,2.463052
106,1906,0.4822
41,1594,4.576703
42,1594,2.250587
43,1594,4.934808
44,1594,2.423873
45,1594,5.112552
46,1594,9.51191
47,1594,26.266682
41,1595,3.098068
42,1595,2.97572
43,1595,3.402653
44,1595,3.497917
45,1595,4.801763
46,1595,12.910774
47,1595,17.006317
184,1595,3.959669
185,1595,2.642816
186,1595,22.839365
59,1907,1.309501
104,1907,4.747769
105,1907,2.002173
106,1907,1.27436
41,1596,2.194155
42,1596,1.820233
43,1596,2.75397
44,1596,3.908114
45,1596,12.159891
46,1596,14.731473
185,1596,9.999997
186,1596,11.54322
186,1597,11.119999
105,1908,2.902213
106,1908,2.449449
107,1908,1.198908
105,1909,5.065211
106,1909,6.138066
107,1909,6.444597
40,1598,14.225104
41,1598,18.505861
166,1598,5.273248
167,1598,10.28371
168,1598,10.271821
169,1598,24.393387
170,1598,24.473122
172,1598,18.380493
173,1598,14.53949
186,1598,2.294574
40,1599,26.856609
42,1599,21.135822
43,1599,12.460745
44,1599,14.391633
45,1599,10.533256
186,1599,4.589149
40,1600,2.822068
41,1600,0.155556
42,1600,0.324324
43,1600,2.628121
44,1600,2.089286
45,1600,1.750537
147,1600,19.458183
185,1600,24.704275
40,1601,2.938579
41,1601,2.32097
42,1601,1.279213
43,1601,1.024783
44,1601,5.641434
146,1601,5.859942
147,1601,16.34774
148,1601,19.572699
149,1601,15.340433
185,1601,24.411036
41,1602,3.500829
42,1602,1.947176
43,1602,0.911214
185,1602,25.620842
185,1603,18.493626
101,1915,19.068455
102,1915,6.148613
103,1915,6.850245
104,1915,0.232355
105,1915,0.041035
94,1604,4.795879
95,1604,0.765731
145,1604,7.507428
151,1604,20.163336
154,1604,11.508871
164,1604,10.857275
181,1604,4.423097
86,1916,0.20442
101,1916,21.540871
102,1916,11.005543
103,1916,6.874776
104,1916,0.063762
152,1605,5.889787
154,1605,8.889859
168,1605,8.55002
170,1605,12.082485
171,1605,9.082478
172,1605,9.082478
173,1605,26.286812
181,1605,4.638118
60,1917,0.126582
64,1917,0.054852
84,1917,0.126582
85,1917,0.126582
86,1917,0.126582
87,1917,0.071066
89,1917,0.018987
91,1917,0.06
92,1917,0.06
93,1917,0.071066
94,1917,0.071066
95,1917,0.119576
96,1917,0.119576
97,1917,0.070955
98,1917,0.109098
99,1917,21.601402
100,1917,3.635228
101,1917,2.179115
102,1917,4.817437
103,1917,0.211111
104,1917,0.117464
105,1917,1.313889
106,1917,0.977778
107,1917,7.4375
108,1917,4.123693
109,1917,11.232313
60,1918,0.054852
61,1918,7.492352
62,1918,0.054852
63,1918,0.126582
69,1918,0.315861
70,1918,0.06
71,1918,0.030043
72,1918,0.030043
73,1918,0.030043
74,1918,0.030043
75,1918,0.030043
76,1918,0.030043
77,1918,0.030043
78,1918,0.071066
79,1918,0.071066
80,1918,0.030043
81,1918,0.071066
82,1918,0.030043
83,1918,0.071066
84,1918,0.030043
85,1918,0.173567
86,1918,0.173567
87,1918,0.018987
88,1918,0.049467
89,1918,0.049467
90,1918,0.02476
91,1918,0.030043
92,1918,0.030043
93,1918,0.030043
94,1918,0.030043
95,1918,0.030043
96,1918,0.044859
97,1918,0.603783
98,1918,0.039683
99,1918,0.039683
100,1918,0.039683
102,1918,0.035984
103,1918,0.055556
104,1918,0.437745
105,1918,0.42185
106,1918,2.37185
107,1918,7.4375
108,1918,4.123693
109,1918,11.232313
168,1606,11.535819
169,1606,17.488533
181,1606,4.423097
70,1919,0.276514
71,1919,0.126582
72,1919,0.126582
73,1919,0.126582
74,1919,0.054852
75,1919,0.126582
76,1919,0.126582
77,1919,0.054852
78,1919,0.152198
79,1919,0.152198
80,1919,0.126582
81,1919,0.137129
82,1919,0.137129
83,1919,0.2542
84,1919,0.2542
85,1919,0.285043
86,1919,0.275896
87,1919,0.119576
88,1919,3.552675
89,1919,3.552675
90,1919,3.552675
91,1919,0.476864
92,1919,0.396887
93,1919,13.100729
94,1919,4.63072
95,1919,0.476864
96,1919,0.476864
97,1919,0.640183
98,1919,4.773062
99,1919,4.773062
100,1919,0.663491
101,1919,2.668137
105,1919,0.392103
106,1919,3.483012
107,1919,17.207266
108,1919,12.25
109,1919,11.232313
88,1920,22.285954
89,1920,22.285954
91,1920,11.038712
92,1920,10.538711
93,1920,10.538711
94,1920,10.538711
95,1920,10.538711
99,1920,19.050098
102,1920,16.998594
103,1920,1.310499
104,1920,1.510573
105,1920,1.572247
106,1920,1.572247
107,1920,16.071184
107,1921,1.88189
153,1610,26.28421
153,1611,8.959065
154,1611,3.978048
186,1611,1.150725
186,1612,0.373737
184,1613,8.722206
183,1614,5.468541
184,1614,4.846271
243,1615,4.852373
166,1617,5.556249
167,1617,3.935992
168,1617,7.819989
53,1618,28.306839
53,1619,4.756378
84,1619,23.502623
151,1619,4.178782
152,1619,9.376746
37,1620,26.614393
47,1620,17.099234
48,1620,28.194103
53,1620,3.164717
83,1620,23.793898
85,1620,6.809794
86,1620,19.829109
87,1620,23.420876
88,1620,22.87598
89,1620,22.768646
37,1621,18.758358
38,1621,23.498856
40,1621,26.706598
41,1621,24.870289
42,1621,24.116194
43,1621,27.377886
44,1621,23.730051
46,1621,5.419474
47,1621,13.935547
90,1621,29.37978
92,1621,25.94063
93,1621,29.868536
37,1622,19.768009
38,1622,16.614357
39,1622,11.094787
40,1622,4.934203
41,1622,14.150053
42,1622,21.327023
43,1622,25.290852
44,1622,25.274845
45,1622,2.044194
46,1622,9.392066
47,1622,4.009833
48,1622,18.848364
53,1622,5.238156
38,1623,6.533124
39,1623,3.91305
40,1623,3.202661
41,1623,8.065869
42,1623,6.272254
43,1623,8.822875
44,1623,9.546736
45,1623,1.035047
46,1623,9.896843
47,1623,22.66227
48,1623,8.41889
53,1623,17.985594
46,1624,8.932714
47,1624,17.423868
48,1624,22.424049
49,1624,29.235065
147,1624,0.575459
148,1624,0.793271
149,1624,1.313303
150,1624,2.43654
151,1624,7.325052
152,1624,4.297331
153,1624,22.420111
147,1625,8.257952
148,1625,8.071207
149,1625,7.033328
150,1625,7.033328
151,1625,3.893936
147,1626,4.153111
148,1626,3.946872
149,1626,3.704566
151,1626,3.704566
153,1626,3.704566
154,1626,3.704566
156,1626,18.602768
133,1628,29.46727
134,1628,23.8326
137,1628,8.324703
151,1628,5.929737
134,1629,0.28125
154,1629,4.907297
155,1629,5.457088
167,1629,23.053516
186,1629,7.753145
144,1630,16.87455
184,1630,15.554628
186,1630,7.753145
185,1631,9.578125
186,1631,7.753145
145,1632,26.049387
144,1633,12.520481
146,1633,19.798634
149,1633,27.900702
150,1633,23.500013
151,1633,25.626936
138,1634,7.22666
139,1634,9.774059
140,1634,18.078148
143,1634,4.423097
144,1634,3.234578
145,1634,3.234578
147,1634,6.897087
148,1634,8.008692
150,1634,7.883291
151,1634,7.771317
152,1634,16.944075
153,1636,21.666113
154,1636,22.508465
50,1637,17.592342
52,1637,16.614235
50,1638,15.844302
52,1638,18.63765
53,1638,12.188963
56,1638,27.986219
128,1638,0.37037
129,1638,0.37037
133,1638,0.203704
136,1638,1.566375
50,1639,21.429071
52,1639,11.647973
54,1639,7.677395
49,1640,1.578522
50,1640,8.150191
58,1641,18.961176
139,1641,4.423097
155,1951,0.130081
58,1642,12.088799
127,1642,0.203704
128,1642,0.203704
129,1642,0.245902
46,1643,4.798295
47,1643,0.10971
58,1643,19.330645
164,1643,3.234578
38,1644,5.320339
48,1644,16.870466
58,1644,28.946295
30,1645,7.233362
38,1645,3.576632
40,1645,0.874369
46,1645,11.311259
47,1645,7.739013
48,1645,8.748884
49,1645,2.287315
50,1645,19.376406
51,1645,0.534688
24,1957,17.960791
39,1646,7.369317
40,1646,5.411344
46,1646,7.279942
47,1646,2.647904
49,1646,15.587075
50,1646,1.230103
85,1646,22.313082
46,1647,19.692318
51,1647,24.344172
24,1958,4.397847
25,1958,21.379053
24,1959,2.019116
25,1959,4.965074
26,1959,7.228573
27,1959,20.790596
24,1960,29.13217
25,1960,0.182826
26,1960,3.534803
27,1960,15.883429
37,1649,26.64901
85,1649,5.74814
90,1649,12.417576
24,1961,0.170443
25,1961,1.904594
26,1961,11.416006
27,1961,22.222982
32,1650,9.794187
33,1650,4.278883
34,1650,18.24609
35,1650,9.388776
86,1651,0.989442
87,1651,0.989442
90,1651,4.488893
24,1962,0.020833
25,1962,1.446018
26,1962,14.75597
27,1962,25.198929
25,1963,0.754345
26,1963,6.569277
27,1963,23.681831
152,1652,12.559353
26,1964,3.025018
27,1964,20.884949
40,1653,8.07247
58,1653,24.933641
83,1653,0.401657
86,1653,0.498105
115,1653,24.875473
151,1653,1.804736
152,1653,8.398534
26,1965,2.101277
54,1654,1.656916
55,1654,1.823886
56,1654,1.216343
57,1654,0.954361
58,1654,13.113956
126,1654,0.203704
127,1654,0.203704
128,1654,0.203704
129,1654,0.203704
130,1654,0.203704
131,1654,0.203704
132,1654,0.245902
133,1654,0.245902
134,1654,0.245902
165,1654,13.030237
167,1654,17.635277
168,1654,19.422535
48,1655,11.923026
130,1655,0.163265
131,1655,0.114286
132,1655,0.114286
133,1655,0.114286
134,1655,0.346154
163,1655,12.68569
164,1655,17.816072
165,1655,12.029424
167,1655,10.870077
168,1655,11.760663
45,1656,12.391018
46,1656,14.522578
47,1656,2.57003
48,1656,0.173013
125,1656,15.654531
168,1656,24.741781
178,1656,19.772114
45,1657,2.892536
46,1657,1.504909
115,1657,3.058704
134,1657,1.905189
135,1657,0.6
36,1658,0.575832
50,1658,0.498105
51,1658,0.486996
52,1658,0.486996
53,1658,0.486996
54,1658,0.385549
55,1658,1.737166
56,1658,1.250027
57,1658,3.337813
58,1658,1.397895
59,1658,0.486996
60,1658,0.486996
61,1658,17.381298
109,1658,2.69696
110,1658,4.213364
111,1658,4.265815
112,1658,1.578315
125,1658,15.654531
127,1658,11.678916
133,1658,0.114286
140,1658,23.636787
141,1658,11.669685
151,1658,4.14648
36,1659,0.441496
123,1659,15.654531
124,1659,2.604166
137,1659,8.411772
146,1659,8.810596
147,1659,8.810596
148,1659,11.157225
149,1659,8.883323
178,1659,13.553003
179,1659,4.222226
180,1659,3.578942
36,1660,0.603459
48,1660,0.852914
178,1660,6.895849
180,1660,3.075266
36,1661,0.725235
115,1661,3.187513
116,1661,17.108112
36,1662,1.327601
171,1662,10.857275
172,1662,6.500347
173,1662,27.136412
177,1662,9.743187
178,1662,18.742657
36,1663,1.101178
178,1663,12.547014
181,1664,6.895849
166,1973,22.464626
167,1973,25.969101
168,1973,25.969101
168,1665,9.955927
122,1668,0.114286
56,1669,3.847907
104,1669,16.617317
105,1669,0.436714
106,1669,0.313984
107,1669,0.647317
108,1669,0.647317
109,1669,0.647317
110,1669,0.313984
111,1669,0.313984
112,1669,0.235916
113,1669,0.235916
114,1669,2.877243
115,1669,18.189369
38,1670,16.095572
114,1670,0.348856
115,1670,0.163265
145,1670,1.864864
114,1671,0.273077
115,1671,0.163265
139,1671,9.810596
114,1672,0.688763
138,1672,0.156863
44,1673,17.631506
89,1673,1.678856
114,1673,1.072976
138,1673,3.952723
159,1673,10.502681
162,1673,9.462354
184,1673,15.949606
38,1674,3.615359
39,1674,1.451344
90,1674,1.852942
102,1674,1.826542
138,1674,0.257576
139,1674,6.833324
39,1675,0.801583
40,1675,3.1869
90,1675,2.6875
91,1675,15.654531
144,1675,8.883323
157,1982,14.354281
90,1676,2.6875
91,1676,15.654531
144,1676,11.989864
147,1676,11.157225
166,1676,6.90906
90,1677,3.288346
91,1677,2.604166
104,1677,3.668906
105,1677,4.166004
106,1677,4.166004
107,1677,3.649812
108,1677,3.583541
109,1677,0.454396
110,1677,0.454396
111,1677,0.454396
112,1677,0.181319
120,1677,0.207547
146,1677,9.578776
147,1677,12.870453
89,1678,17.189365
90,1678,0.810084
91,1678,3.583591
104,1678,11.857691
105,1678,1.522902
106,1678,1.700246
110,1678,17.920395
111,1678,2.149707
112,1678,2.241707
120,1678,0.962628
121,1678,0.346154
111,1679,1.368097
112,1679,1.516753
113,1679,2.059468
114,1680,2.078133
250,1680,16.281784
10,1681,4.694495
60,1681,1.175499
114,1681,1.624699
250,1681,8.555533
9,1682,26.466339
60,1682,1.175499
89,1682,8.126491
90,1682,1.738733
91,1682,19.016247
92,1682,18.962303
93,1682,5.304157
94,1682,5.849277
95,1682,5.770271
96,1682,29.965036
114,1682,0.366916
120,1682,0.132653
121,1682,0.378378
122,1682,0.378378
123,1682,0.333333
9,1683,14.489627
10,1683,9.237016
60,1683,0.359457
89,1683,21.234385
90,1683,0.984393
91,1683,0.831673
92,1683,2.260069
93,1683,2.109475
94,1683,1.387773
95,1683,1.525953
96,1683,2.247515
114,1683,0.366916
120,1683,0.675168
121,1683,0.333333
122,1683,0.225352
123,1683,0.1875
126,1683,0.358005
127,1683,0.756757
141,1683,2.049999
150,1989,16.951178
9,1684,10.518598
10,1684,1.964121
11,1684,9.6674
60,1684,0.333333
89,1684,2.109811
103,1684,0.578209
104,1684,0.465986
105,1684,0.132653
106,1684,0.132653
107,1684,0.132653
108,1684,0.132653
109,1684,0.368569
114,1684,0.316288
120,1684,0.1875
121,1684,0.225352
126,1684,0.132653
127,1684,0.378378
140,1684,10.125
141,1684,1.864864
146,1684,6.833324
10,1685,3.585642
11,1685,14.440764
60,1685,0.433751
125,1685,0.375
126,1685,0.666667
184,1685,1.925537
48,1991,2.131176
159,1991,1.081711
9,1686,9.984865
10,1686,5.952509
60,1686,0.440137
125,1686,0.375
126,1686,1.150908
184,1686,1.925537
8,1687,24.90873
9,1687,6.870491
10,1687,24.985882
8,1688,10.515339
94,1688,0.333333
160,1688,2.028166
9,1689,0.12709
34,1689,0.55914
35,1689,0.55303
36,1689,0.55303
37,1689,0.55303
90,1689,0.389089
91,1689,0.415182
92,1689,0.415182
93,1689,0.354745
94,1689,1.790437
95,1689,0.442839
162,1689,7.692757
73,1690,2.369902
95,1690,1.903115
96,1690,0.657143
168,1690,12.187614
94,1691,0.503979
95,1691,0.225352
111,1691,7.214729
112,1691,8.816498
113,1691,14.618617
167,1691,5.087768
168,1691,1.847483
81,1693,1.720272
82,1693,1.263134
83,1693,1.754585
84,1693,1.659076
140,1997,0.991666
83,1694,0.679276
84,1694,0.958092
123,1694,3.61547
124,1694,1.045045
125,1694,1.045045
120,1695,5.371088
142,1999,1.858154
143,1999,1.948595
144,1999,3.624529
145,1999,4.056708
148,2001,0.980392
149,2001,2.940261
150,2001,13.595295
161,2002,20.1884
163,2002,2.163422
164,2002,2.163422
165,2002,2.163422
159,2003,2.974998
160,2003,10.761147
161,2003,2.29073
162,2003,0.929077
163,2003,0.929077
164,2003,0.929077
165,2003,0.490196
129,1702,1.072444
142,1702,16.958212
75,1703,0.713821
123,1703,2.546826
124,1703,1.986175
125,1703,2.54929
126,1703,2.605102
127,1703,1.560763
128,1703,1.447103
129,1703,0.827164
134,1703,3.075266
135,1703,3.075266
136,1703,3.075266
137,1703,2.471543
138,1703,5.316991
139,1703,5.263999
142,1703,5.436672
143,1703,3.727191
144,1703,3.609472
145,1703,6.671431
146,1703,6.936945
74,1704,0.713821
75,1704,0.1875
134,1704,4.789063
135,1704,4.789063
136,1704,6.725152
6,1708,15.016727
200,1708,2.265625
135,2012,3.245132
140,2012,0.991666
141,2012,0.991666
145,2012,1.299064
146,2012,4.159022
147,2012,2.632864
148,2012,2.632864
149,2012,1.299064
150,2012,1.299064
151,2012,4.649532
166,2012,1.684024
167,2012,23.964296
169,2012,4.028449
109,1710,15.780275
111,1710,2.702771
126,1710,26.329525
127,1710,28.451668
134,2013,0.991666
135,2013,13.149061
143,2013,0.333333
147,2013,1.027211
148,2013,1.027211
149,2013,1.027211
150,2013,0.596939
164,2013,0.333333
5,1711,6.653461
129,1711,26.252722
130,1711,23.311857
5,1712,6.229242
6,1712,23.177752
6,1713,27.659052
171,1714,26.288239
172,1714,22.742828
174,1714,18.583288
175,1714,18.062773
176,1714,16.849873
177,1714,14.06625
178,1714,20.578058
4,1715,19.339943
171,1715,16.471352
173,1715,2.952393
174,1715,2.722192
176,1715,11.456924
177,1715,6.205863
178,1715,5.372301
179,1715,4.226533
4,1716,18.476978
5,1716,5.915265
170,1716,28.738108
171,1716,12.748131
172,1716,4.101657
173,1716,3.75
174,1716,0.625
175,1716,1.25
176,1716,4.632576
177,1716,7.052277
178,1716,5.559809
179,1716,10.602498
180,1716,9.205548
4,1717,28.049873
5,1717,8.556966
170,1717,19.817144
171,1717,8.681055
172,1717,3.843458
173,1717,0.562253
174,1717,0.268775
175,1717,0.225296
176,1717,4.64814
177,1717,10.329956
178,1717,24.859781
3,1718,9.671081
4,1718,3.033007
5,1718,3.593585
170,1718,13.927575
171,1718,15.81911
172,1718,8.287422
173,1718,0.822943
174,1718,0.822943
175,1718,0.822943
176,1718,2.197942
3,1719,3.956803
4,1719,1.18633
5,1719,2.826789
170,1719,11.698294
171,1719,6.327819
172,1719,0.430517
173,1719,0.326268
174,1719,0.330409
175,1719,0.248835
176,1719,11.621087
201,1719,27.503662
171,1720,1.36877
172,1720,1.147449
173,1720,1.244497
174,1720,1.244497
175,1720,1.244497
199,1720,4.032643
200,1720,8.482025
201,1720,0.744207
201,1721,7.366832
71,1725,2.337524
86,1725,14.779849
71,1726,1.267283
72,1726,3.148168
73,1726,2.468051
80,1726,4.516933
81,1726,2.758458
84,1726,21.760118
3,1727,0.864721
4,1727,0.92676
5,1727,0.066667
83,1727,1.16087
84,1727,0.518622
154,1730,0.310811
154,1731,0.310811
155,1731,0.140244
1,1732,4.094337
2,1732,1.773843
3,1732,0.783637
4,1732,0.17412
5,1732,0.125
72,1732,1.782329
72,1733,0.287971
1,1736,0.773318
2,1736,1.085623
3,1736,0.084337
4,1736,0.109782
5,1736,0.076923
66,1736,6.195139
1,1737,0.773318
2,1737,1.085623
3,1737,0.584337
4,1737,0.063544
5,1737,0.076923
65,1737,3.387088
66,1737,2.86569
136,1737,0.333333
140,1737,0.333333
147,1737,0.333333
1,1738,0.470084
2,1738,0.889738
3,1738,0.584337
4,1738,0.147727
5,1738,0.076923
52,1738,26.987717
135,1738,6.888472
1,1739,1.470084
2,1739,1.402817
3,1739,0.084337
4,1739,0.040816
5,1739,3.326923
59,1739,19.914528
64,1739,25.613922
65,1739,26.026207
66,1739,20.443516
1,1740,1.586149
2,1740,2.212373
3,1740,1.027903
4,1740,0.257509
5,1740,4.221421
33,1740,13.591463
66,1740,1.150065
67,1740,3.95076
1,1741,19.697248
2,1741,8.877142
3,1741,1.687151
4,1741,3.226582
5,1741,6.360981
32,1741,0.746618
33,1741,0.720391
2,1742,10.595897
3,1742,2.302199
4,1742,3.541301
5,1742,7.332846
1,1743,23.627659
2,1743,7.820973
3,1743,5.297379
5,1743,5.116231
32,1743,1.698546
33,1743,1.016607
58,1743,24.583242
0,1744,6.495296
1,1744,5.411238
2,1744,4.624525
3,1744,1.978561
4,1744,3.254858
5,1744,2.510989
30,1744,0.893816
31,1744,0.249044
32,1744,0.418028
0,1745,2.213936
1,1745,0.984626
2,1745,0.317172
3,1745,0.950794
5,1745,3.364286
6,1745,26.845636
122,1745,3.836778
123,1745,1.44695
124,1745,16.198215
0,1746,0.450794
1,1746,0.222222
2,1746,0.090909
5,1746,8.199692
29,1746,0.437308
68,1746,14.578213
122,1746,28.528349
123,1746,29.491182
124,1746,11.636132
1,1747,0.058824
2,1747,0.043478
3,1747,0.102302
5,1747,1.204271
6,1747,2.530907
69,1747,6.209194
1,1748,0.043478
2,1748,0.07205
3,1748,0.058863
4,1748,0.446808
5,1748,4.640959
6,1748,3.022024
67,1748,2.353152
68,1748,16.781982
69,1748,12.48047
70,1748,12.765306
73,1748,13.820436
0,1749,0.015385
1,1749,0.015385
2,1749,0.028571
3,1749,0.015385
5,1749,3.632297
6,1749,14.243261
0,1750,0.025
1,1750,0.040385
2,1750,0.205
3,1750,0.687671
6,1750,6.241057
177,1750,24.797112
178,1750,11.087955
179,1750,3.764709
0,1751,0.4
2,1751,0.841045
177,1751,28.927107
178,1751,11.468805
179,1751,3.764709
177,1752,24.353605
178,1752,12.012454
176,1753,8.321392
177,1753,10.909806
178,1753,5.321428
36,1755,29.873734
36,1756,26.171099
35,1757,23.360729
176,1757,25.279776
177,1757,21.141706
178,1757,2.769232
8,1758,22.751339
66,1758,1.567868
67,1758,2.130919
176,1758,28.376762
177,1758,21.950966
178,1758,2.430071
9,1759,0.025
35,1759,8.394219
66,1759,8.80495
67,1759,4.163614
175,1759,24.662809
176,1759,22.806908
177,1759,10.664705
178,1759,0.666667
8,1760,0.015385
36,1760,2.884617
66,1760,7.366385
67,1760,2.626828
9,1761,3.572378
41,1761,10.165296
66,1761,17.107035
67,1761,4.335854
126,1761,6.930617
179,1761,18.407932
180,1761,15.11881
44,1762,19.8041
126,1762,4.649319
175,1762,25.748095
146,1763,2.780742
8,1765,24.741953
48,1765,22.285488
8,1766,0.36
9,1772,29.771807
8,1775,5.686039
8,1776,0.235316
8,1777,1.019412
8,1781,0.078125
216,1786,15.001053
217,1787,8.329317
217,1788,10.347097
153,1789,6.459689
150,1790,14.771755
151,1790,4.759278
162,1790,5.233265
205,1793,10.054077
203,1794,5.898313
205,1794,12.010911
203,1795,2.855072
157,1797,6.893182
158,1797,9.157425
159,1797,9.157425
160,1797,9.157425
161,1797,9.157425
162,1797,9.157425
163,1797,5.817805
164,1797,5.817805
165,1797,5.817805
166,1797,5.817805
167,1797,5.817805
168,1797,7.081696
169,1797,7.081696
170,1797,9.157425
171,1797,6.835007
172,1797,6.835007
173,1797,6.835007
179,1797,13.05028
149,1798,8.649931
150,1798,5.37576
151,1798,9.41119
152,1798,9.413611
153,1798,7.820229
154,1798,7.998224
155,1798,7.998224
156,1798,5.891741
157,1798,5.886802
158,1798,5.741091
159,1798,5.741091
160,1798,6.350083
161,1798,6.350083
162,1798,6.350083
163,1798,6.350083
164,1798,6.350083
165,1798,8.672502
166,1798,6.350083
167,1798,6.350083
168,1798,6.350083
169,1798,6.493502
170,1798,5.251648
171,1798,5.395066
172,1798,7.37655
173,1798,7.868285
174,1798,7.790391
175,1798,6.73186
176,1798,9.800757
177,1798,8.933535
178,1798,12.060801
146,1799,28.93198
147,1799,27.902103
148,1799,21.460732
149,1799,6.609261
150,1799,7.543217
151,1799,8.018429
152,1799,7.425862
153,1799,8.943469
154,1799,9.003534
155,1799,6.791195
156,1799,6.791195
157,1799,8.102777
158,1799,8.542488
159,1799,8.542488
160,1799,8.542488
161,1799,8.542488
162,1799,8.542488
163,1799,4.180912
164,1799,4.180912
165,1799,4.180912
166,1799,4.180912
167,1799,4.180912
168,1799,6.561004
169,1799,6.561004
170,1799,8.542488
171,1799,7.977777
172,1799,7.977777
173,1799,7.977777
174,1799,8.962783
175,1799,8.962783
147,1800,26.450874
149,1800,13.331285
150,1800,6.813869
151,1800,7.961068
152,1800,7.659439
153,1800,5.279346
154,1800,6.457792
155,1800,6.457792
156,1800,6.079004
157,1800,5.988095
158,1800,3.866665
159,1800,3.866665
160,1800,3.463156
161,1800,3.463156
162,1800,3.463156
163,1800,3.463156
164,1800,3.463156
165,1800,4.027866
166,1800,3.463156
167,1800,3.463156
168,1800,3.463156
169,1800,3.463156
170,1800,3.866665
171,1800,3.866665
172,1800,4.245453
173,1800,6.366883
174,1800,6.366883
175,1800,14.350927
176,1800,28.694752
143,1801,18.581615
144,1801,27.738613
146,1801,11.026563
147,1801,11.604017
148,1801,12.912839
149,1801,5.902188
150,1801,4.245453
151,1801,4.681376
152,1801,1.647774
153,1801,2.000001
154,1801,2.000001
155,1801,1.544616
156,1801,1.544616
157,1801,1.205455
158,1801,1.25974
159,1801,1.25974
160,1801,1.25974
161,1801,1.25974
162,1801,1.25974
163,1801,0.866667
164,1801,0.866667
165,1801,0.866667
166,1801,0.866667
167,1801,0.866667
168,1801,0.880952
169,1801,0.880952
170,1801,1.25974
171,1801,1.205455
172,1801,1.205455
173,1801,1.491169
174,1801,2.576924
175,1801,6.293707
143,1802,26.518511
144,1802,24.719019
145,1802,10.354243
146,1802,7.09204
147,1802,6.75346
148,1802,3.301281
149,1802,3.308612
150,1802,0.826667
151,1802,0.477444
152,1802,0.477444
153,1802,0.463158
154,1802,0.677885
155,1802,0.677885
156,1802,0.674208
157,1802,0.674208
158,1802,0.218824
159,1802,0.218824
160,1802,0.16
161,1802,0.16
162,1802,0.16
163,1802,0.16
164,1802,0.16
165,1802,0.214286
166,1802,0.16
167,1802,0.16
168,1802,0.16
169,1802,0.16
170,1802,0.218824
171,1802,0.218824
172,1802,0.2225
173,1802,0.820742
174,1802,0.769231
175,1802,18.675299
142,1803,27.846045
143,1803,15.517495
144,1803,14.336359
145,1803,3.981068
146,1803,1.115936
147,1803,2.0214
148,1803,0.82967
149,1803,0.36
150,1803,0.2225
151,1803,0.273109
152,1803,0.2
153,1803,0.342857
154,1803,0.342857
155,1803,0.247619
156,1803,0.247619
157,1803,0.110119
158,1803,0.139423
159,1803,0.139423
160,1803,0.139423
161,1803,0.139423
162,1803,0.139423
163,1803,0.058824
164,1803,0.058824
165,1803,0.058824
166,1803,0.058824
167,1803,0.058824
168,1803,0.135747
169,1803,0.135747
170,1803,0.139423
171,1803,0.110119
172,1803,0.0625
173,1803,0.0625
174,1803,0.530716
175,1803,27.841021
145,1804,4.613688
146,1804,2.238358
147,1804,0.357143
148,1804,0.258824
149,1804,0.0625
150,1804,0.106443
151,1804,0.076923
152,1804,0.076923
153,1804,28.0
154,1804,0.142857
155,1804,0.142857
156,1804,0.142857
157,1804,0.142857
158,1804,0.047619
159,1804,0.047619
160,1804,0.047619
161,1804,0.047619
162,1804,0.047619
163,1804,0.047619
164,1804,0.047619
165,1804,0.076923
166,1804,0.047619
167,1804,0.047619
168,1804,0.047619
171,1804,0.047619
172,1804,0.047619
173,1804,1.142857
174,1804,0.996847
175,1804,20.323526
