385,909,5.237234
396,909,0.074149
397,909,8.151797
398,909,27.539434
399,909,26.718906
404,909,0.326645
396,910,0.056927
397,910,7.577055
398,910,13.281704
399,910,29.508778
400,910,23.279938
401,910,14.108031
402,910,1.498732
403,910,2.854421
396,911,0.053628
397,911,6.334035
398,911,4.572342
399,911,20.302433
400,911,13.608493
401,911,0.191826
402,911,0.224495
403,911,0.048553
404,911,0.827068
409,911,12.343943
396,912,0.106441
397,912,0.279232
398,912,0.339449
399,912,4.248378
400,912,0.461297
401,912,0.293999
402,912,0.211928
403,912,0.17346
404,912,0.56669
427,912,0.52516
428,912,11.173263
396,913,0.826807
397,913,0.904892
398,913,0.313215
399,913,4.49289
400,913,3.00148
401,913,0.946366
402,913,0.51777
403,913,0.422104
405,913,16.459728
406,913,28.959122
407,913,29.243849
410,913,1.972911
427,913,0.033963
428,913,3.799484
429,913,5.773891
433,913,0.663419
434,913,0.175258
397,914,1.066473
398,914,8.140669
399,914,10.603271
400,914,5.922886
401,914,6.154513
402,914,1.324347
403,914,0.804488
406,914,11.435711
407,914,7.101998
426,914,1.254626
427,914,0.026474
428,914,2.807878
429,914,3.977779
430,914,2.261211
431,914,2.261211
432,914,0.0625
433,914,0.0625
407,915,2.624334
429,915,0.009036
430,915,0.895147
431,915,0.177778
432,915,0.029412
426,916,1.145485
428,916,0.02572
430,916,0.700964
431,916,0.091954
428,917,0.028203
430,917,0.640521
431,917,0.185792
429,918,0.679787
430,918,0.671755
431,918,0.267148
404,930,0.564535
405,930,3.364755
407,930,3.304658
408,930,5.9224
407,931,1.00143
408,931,1.869039
463,931,3.105388
464,931,4.34088
382,933,1.519863
475,935,15.363938
387,936,18.344271
396,936,27.735474
474,936,12.859546
378,937,11.759406
379,937,4.344872
381,937,2.353605
386,937,2.101087
395,937,5.088256
396,937,6.868937
473,937,11.201077
474,937,11.579152
475,937,15.353557
385,938,7.121365
386,938,3.221504
443,938,20.545586
473,938,12.73674
474,938,21.141304
475,938,13.175021
476,938,15.047657
427,939,13.581532
443,939,20.848284
444,939,15.940764
473,939,25.412907
474,939,25.726812
475,939,10.003993
416,940,8.949522
443,940,23.535398
444,940,21.962837
474,940,28.540333
416,941,27.454729
451,941,26.851768
474,941,6.016994
460,942,7.073529
461,942,8.092251
474,942,5.649347
459,943,4.906845
462,943,16.576401
463,943,5.465286
473,943,18.542618
474,943,21.114029
459,944,4.675634
459,945,0.857424
461,945,0.492114
430,949,5.10926
431,949,6.513127
431,950,26.383648
432,950,10.136711
433,950,8.515253
434,950,10.704123
385,951,10.417035
386,951,5.651193
430,951,16.377338
431,951,9.091811
432,951,27.383329
433,951,11.994562
434,951,14.885548
435,951,22.251947
387,952,2.339943
388,952,5.10697
389,952,7.285827
390,952,7.104723
391,952,18.622133
419,952,1.511392
420,952,1.629652
421,952,1.044262
422,952,1.165306
423,952,1.265584
424,952,1.465202
425,952,1.618423
426,952,1.059442
427,952,4.005209
429,952,2.078193
430,952,25.971201
432,952,17.232187
433,952,15.806398
460,952,23.736837
387,953,0.703819
388,953,1.478977
389,953,2.989434
390,953,2.77037
391,953,4.828119
392,953,6.091826
393,953,4.7575
394,953,6.282221
404,953,2.414711
405,953,1.706575
406,953,2.765894
417,953,0.923575
418,953,1.259191
419,953,0.952165
420,953,0.892113
421,953,1.049213
422,953,0.798501
423,953,0.812643
424,953,1.366517
425,953,1.150763
426,953,0.944711
432,953,15.992952
433,953,19.97735
460,953,19.886499
389,954,0.543969
390,954,0.665434
391,954,1.139784
392,954,1.531843
393,954,2.528311
394,954,2.497319
403,954,13.518757
404,954,21.281439
405,954,10.402414
406,954,25.850351
407,954,25.913237
415,954,0.915027
416,954,0.552116
417,954,0.620318
418,954,0.930571
419,954,1.129221
420,954,1.073662
421,954,1.27153
422,954,0.927563
423,954,0.496071
424,954,0.591008
425,954,0.468652
426,954,0.405859
433,954,8.335465
434,954,23.357941
393,955,2.261535
394,955,5.596609
395,955,8.38583
406,955,8.225649
407,955,20.37693
414,955,0.500934
415,955,0.811446
416,955,1.342646
417,955,1.108165
418,955,1.179926
419,955,0.824208
420,955,0.68379
421,955,0.495789
422,955,0.227193
423,955,0.370291
424,955,0.22945
425,955,0.013947
426,955,28.422256
434,955,22.538887
412,956,19.222519
413,956,20.588774
414,956,21.9035
417,956,7.17096
418,956,6.428533
419,956,6.393188
420,956,6.323438
421,956,10.821436
422,956,10.808575
423,956,10.808575
424,956,16.742289
425,956,18.440248
426,956,16.511957
408,957,2.709383
409,957,7.400475
410,957,8.940338
411,957,5.024104
412,957,6.727573
414,957,5.459582
415,957,5.855412
416,957,6.78138
417,957,11.186069
418,957,11.417504
419,957,11.431208
420,957,11.708596
421,957,12.89033
422,957,12.949704
423,957,13.059593
424,957,21.379585
425,957,25.644262
426,957,28.207813
408,958,6.804806
409,958,8.437488
410,958,7.736676
411,958,9.054779
412,958,19.485216
413,958,17.663948
414,958,13.089109
415,958,12.730899
416,958,16.952644
417,958,26.446583
418,958,25.803299
419,958,24.707836
420,958,26.045404
385,971,14.833072
386,971,18.102835
384,972,6.262068
385,972,5.255993
386,972,8.844784
387,972,5.50363
388,972,5.552446
389,972,5.091803
391,972,8.080298
392,972,8.553256
397,972,27.585196
403,972,21.251698
384,973,2.163266
385,973,1.680922
386,973,1.028815
387,973,0.447965
391,973,0.299298
392,973,0.40437
393,973,0.40437
394,973,0.67629
395,973,0.672898
396,973,0.672898
397,973,0.40575
403,973,4.974013
404,973,11.252462
418,973,23.628952
433,973,2.021072
434,973,1.993928
437,973,9.529384
438,973,9.479489
403,974,1.181485
407,974,11.540462
408,974,4.736615
409,974,2.311496
410,974,20.852425
411,974,21.089001
412,974,14.36091
413,974,6.404714
414,974,3.365849
415,974,1.717219
416,974,1.471729
417,974,0.934609
418,974,0.870976
419,974,0.517904
420,974,0.246446
421,974,0.232282
422,974,0.175641
423,974,0.139589
424,974,0.096644
425,974,4.705611
428,974,14.468081
430,974,13.951487
431,974,0.197949
432,974,0.561298
433,974,1.523672
434,974,1.432288
435,974,1.434616
436,974,2.016549
437,974,0.112464
438,974,1.705327
439,974,6.422495
442,974,24.447014
407,975,7.223584
408,975,2.615794
410,975,0.918093
411,975,1.05652
412,975,0.638827
413,975,0.449901
414,975,0.148085
415,975,0.136658
416,975,0.122146
417,975,0.1303
418,975,0.099064
425,975,2.318694
428,975,11.222255
430,975,0.090703
431,975,0.361536
432,975,0.028203
433,975,0.013614
434,975,0.051282
435,975,0.0625
437,975,0.063492
438,975,0.063492
440,975,0.063492
441,975,0.072072
442,975,1.500117
443,975,3.04268
444,975,3.014843
445,975,0.296142
446,975,1.427514
447,975,4.656011
448,975,1.865585
449,975,0.649991
450,975,3.54484
453,975,1.33032
430,976,0.037937
431,976,0.040726
432,976,0.037937
433,976,0.017425
437,976,0.123288
438,976,0.123288
439,976,0.123288
440,976,0.123288
441,976,0.121951
442,976,0.403046
443,976,0.403046
444,976,0.391186
445,976,0.510506
446,976,0.510506
447,976,0.522366
448,976,0.501278
449,976,0.501278
450,976,0.538296
451,976,3.591831
453,976,0.879867
454,976,4.673792
383,977,2.147357
384,977,0.66656
385,977,0.66656
386,977,0.66656
387,977,0.66656
388,977,0.66656
389,977,0.66656
390,977,0.66656
391,977,0.374539
392,977,0.374539
393,977,0.326562
394,977,0.326562
395,977,0.326562
396,977,0.269452
397,977,0.269369
403,977,0.302279
409,977,0.023787
410,977,0.023787
411,977,0.024754
412,977,0.024754
453,977,0.574591
454,977,0.895708
457,977,16.657944
412,978,0.210546
453,978,0.140712
454,978,0.24326
456,978,26.407953
377,979,4.023284
416,979,0.20755
417,979,0.206403
418,979,0.031103
421,979,0.178765
422,979,0.017425
423,979,0.089497
424,979,0.112985
377,980,5.085287
416,980,0.636854
417,980,0.029134
418,980,0.031103
419,980,0.031103
420,980,0.031103
421,980,0.031103
422,980,0.031103
423,980,0.103175
424,980,0.643521
456,980,26.627974
383,982,5.511863
384,982,7.899959
385,982,4.355677
386,982,5.511912
387,982,6.414647
370,983,4.483598
383,983,2.786225
387,983,1.130139
388,983,1.752318
389,983,2.076123
390,983,1.738159
391,983,1.738159
392,983,1.756011
393,983,2.455964
394,983,1.965386
395,983,1.73615
396,983,1.729801
423,983,15.612516
424,983,5.91341
370,984,4.98525
408,984,15.663319
409,984,1.640348
410,984,1.326407
411,984,1.901602
412,984,2.175333
413,984,2.180172
414,984,5.608538
415,984,17.807484
416,984,21.423872
419,984,2.216388
420,984,2.321827
421,984,6.164677
422,984,11.973983
423,984,5.581118
424,984,18.009523
430,984,16.611113
434,984,28.397276
440,984,25.264097
442,984,5.16575
445,984,27.407242
446,984,5.701796
448,984,15.737581
449,984,4.354463
369,985,11.92829
370,985,12.34671
416,985,3.888946
417,985,3.784359
418,985,6.972626
420,985,3.440223
421,985,5.320961
422,985,3.367939
423,985,2.650371
424,985,2.5329
430,985,0.078081
434,985,0.094017
436,985,6.280445
437,985,4.472194
438,985,0.194023
441,985,11.760192
442,985,0.204109
445,985,8.772413
446,985,0.233379
448,985,11.783999
408,986,1.320583
421,986,13.646153
431,986,0.063492
432,986,2.371157
433,986,0.215049
434,986,0.072072
435,986,13.717828
436,986,27.467289
437,986,4.978633
438,986,0.072072
439,986,0.094017
441,986,0.072072
442,986,0.194023
443,986,0.204109
444,986,0.430254
445,986,0.272072
446,986,0.194023
447,986,3.880156
448,986,11.629996
449,986,19.492109
406,987,3.964284
407,987,3.765554
429,987,7.636732
430,987,11.499656
431,987,7.799119
432,987,8.058735
433,987,4.91492
434,987,4.946219
435,987,0.443875
436,987,0.04878
443,987,0.228874
444,987,0.184898
445,987,0.353449
446,987,1.075379
447,987,0.474451
448,987,3.962976
406,988,2.609372
407,988,0.860093
429,988,11.94941
430,988,7.622916
431,988,6.240799
432,988,2.687303
433,988,15.910755
435,988,0.834761
436,988,3.00739
443,988,0.52693
444,988,0.663476
445,988,0.790348
446,988,1.098248
447,988,1.131132
448,988,2.181712
406,989,0.809677
420,989,0.320774
421,989,0.054891
460,989,3.961966
575,655,26.240902
576,655,8.190289
577,655,10.493869
578,655,4.531816
579,655,0.164286
580,655,3.243577
581,655,0.160393
582,655,8.696598
583,655,5.369716
584,655,25.301622
572,656,14.593385
573,656,12.580023
574,656,8.226832
575,656,4.583963
576,656,1.644408
577,656,0.603255
578,656,0.039187
579,656,0.052789
580,656,3.552789
581,656,2.787969
582,656,4.492346
583,656,7.647981
405,990,5.204347
406,990,5.837806
407,990,24.32225
420,990,1.169509
421,990,0.050892
460,990,0.750206
375,991,9.955072
376,991,3.400121
405,991,6.5357
406,991,1.844476
413,991,0.391215
414,991,0.460611
415,991,0.303634
420,991,0.124135
421,991,0.089192
422,991,0.050892
423,991,0.036393
424,991,1.875129
425,991,0.712322
572,657,9.741241
575,657,1.514781
576,657,2.0502
577,657,0.386218
578,657,1.808333
579,657,1.770833
580,657,0.1625
581,657,1.89719
582,657,8.022175
583,657,11.70359
584,657,21.52692
570,658,10.140126
573,658,10.690692
574,658,4.05597
575,658,2.283964
576,658,0.678567
579,658,0.610347
580,658,1.422475
581,658,0.159474
582,658,2.115784
583,658,6.431429
375,992,5.57727
381,992,23.125397
383,992,17.337423
384,992,29.855434
385,992,29.401598
388,992,21.705481
389,992,20.275291
390,992,16.692871
391,992,7.48245
392,992,7.2986
405,992,5.607854
406,992,2.619136
413,992,0.38535
414,992,0.476211
415,992,0.054891
421,992,6.906466
422,992,0.358643
423,992,0.096508
424,992,0.060237
425,992,8.638793
375,993,11.882153
376,993,9.151225
381,993,22.588093
384,993,12.569315
385,993,12.587168
386,993,11.330488
387,993,9.482782
388,993,10.986467
389,993,12.26382
390,993,11.048171
391,993,7.646482
392,993,7.24999
393,993,7.354783
394,993,7.120749
395,993,5.153944
396,993,2.018478
397,993,1.910456
406,993,4.532451
413,993,1.141312
414,993,0.40087
415,993,0.337815
416,993,0.424634
417,993,0.316885
421,993,0.329315
422,993,0.275082
423,993,0.101448
424,993,0.047492
425,993,0.258952
454,993,4.510051
455,993,5.932693
456,993,1.13385
457,993,1.071918
458,993,0.754902
461,993,0.670946
570,659,13.883595
571,659,16.638924
572,659,3.202868
573,659,12.69644
574,659,2.961707
575,659,0.484692
576,659,0.7252
577,659,2.01277
578,659,0.613602
579,659,0.315722
580,659,1.83717
582,659,7.760053
583,659,5.21113
584,659,19.999945
497,660,27.125977
499,660,15.564681
571,660,19.438158
572,660,12.171588
573,660,15.454561
574,660,11.359389
575,660,11.453266
576,660,9.398011
577,660,13.042183
578,660,5.34848
579,660,5.516541
580,660,4.40378
581,660,16.031082
582,660,13.956646
583,660,18.412525
470,661,3.504372
471,661,3.504372
473,661,3.477176
474,661,3.477176
475,661,3.59287
476,661,1.990706
481,661,1.36922
482,661,0.56562
483,661,2.081452
484,661,1.67661
485,661,0.543366
497,661,22.227392
498,661,21.287157
499,661,8.316042
500,661,9.77638
570,661,23.687046
571,661,17.128717
574,661,25.147326
575,661,7.956293
576,661,21.278748
577,661,11.016063
578,661,12.822573
579,661,14.664032
580,661,13.421355
582,661,26.043146
375,994,10.867832
382,994,23.260292
383,994,24.505623
384,994,24.510471
385,994,24.510471
386,994,20.976496
387,994,11.84441
388,994,4.10323
389,994,4.106344
390,994,3.123836
391,994,3.120723
392,994,3.120723
393,994,3.33957
394,994,3.631236
395,994,4.278012
396,994,1.608573
397,994,3.850977
398,994,6.081445
406,994,5.82759
407,994,18.280134
413,994,13.068324
414,994,4.209199
415,994,0.233566
416,994,0.060237
417,994,0.047492
453,994,1.139383
454,994,1.500433
455,994,1.059106
456,994,1.196417
457,994,0.677712
458,994,1.185244
440,662,0.020964
441,662,0.257403
442,662,0.118314
460,662,3.189328
461,662,5.692856
462,662,4.463561
463,662,8.162848
475,662,2.155709
476,662,28.373575
486,662,17.37949
487,662,24.780037
488,662,22.736706
489,662,27.248978
490,662,28.634333
497,662,1.194685
498,662,0.329911
499,662,0.748268
500,662,5.359923
501,662,18.345921
580,662,19.312443
375,995,10.030524
388,995,16.065229
389,995,16.376245
390,995,16.376245
391,995,16.376245
392,995,16.376245
393,995,16.376245
394,995,16.561913
395,995,9.307459
405,995,15.855175
406,995,4.231418
407,995,10.497988
412,995,9.775294
413,995,3.66528
414,995,0.455064
415,995,0.249934
416,995,0.159646
417,995,0.047492
424,995,0.124052
425,995,1.190314
453,995,0.452561
454,995,0.521869
455,995,0.454397
456,995,0.710864
457,995,0.658314
462,995,1.124104
463,995,1.672813
464,995,2.346245
465,995,2.891822
466,995,2.420454
467,995,4.213659
468,995,4.239357
469,995,25.666643
374,996,5.019248
375,996,21.031404
412,996,9.775294
413,996,1.152121
414,996,0.350276
415,996,0.209037
416,996,0.163432
417,996,0.308231
418,996,0.55334
419,996,0.518304
420,996,0.255786
424,996,10.369705
425,996,16.773457
433,996,26.843376
442,996,27.856466
444,996,22.571022
445,996,17.146246
449,996,0.804581
453,996,0.6978
455,996,1.016565
456,996,0.644821
457,996,0.740402
462,996,2.721603
463,996,2.770137
465,996,2.796956
466,996,4.631677
439,663,1.631736
440,663,4.104632
441,663,1.600717
442,663,0.407945
475,663,0.24124
476,663,3.154738
486,663,14.307447
487,663,9.860754
488,663,7.818729
489,663,9.564109
490,663,14.469315
497,663,1.161417
498,663,1.188739
499,663,0.219814
500,663,2.040198
501,663,1.580436
375,997,21.566292
378,997,26.75111
412,997,0.248194
413,997,2.27779
414,997,0.251689
415,997,0.217565
416,997,0.104902
417,997,0.521328
418,997,0.58111
419,997,0.183174
420,997,3.210477
424,997,0.589965
425,997,5.870964
429,997,15.854523
430,997,0.270654
433,997,0.121951
437,997,0.121951
439,997,7.223607
440,997,26.738411
442,997,0.182164
445,997,0.432321
448,997,1.940834
449,997,0.532382
453,997,6.770362
454,997,1.653985
455,997,0.811459
456,997,0.532111
457,997,0.826376
475,664,0.51183
476,664,1.978295
486,664,26.00367
487,664,12.937691
488,664,6.165649
489,664,5.535146
490,664,15.133766
487,665,20.904755
413,998,2.305221
414,998,0.39244
415,998,0.24577
416,998,1.202589
417,998,1.572575
418,998,2.304603
419,998,0.102857
420,998,3.210477
423,998,0.023704
424,998,0.051572
425,998,3.404382
434,998,5.959637
435,998,3.20365
436,998,0.075501
437,998,0.094017
438,998,0.563515
439,998,0.215959
440,998,0.044643
441,998,1.271081
442,998,4.411827
443,998,7.774003
444,998,4.939872
445,998,3.792488
446,998,4.59694
447,998,2.742569
448,998,6.270555
449,998,0.273092
450,998,0.805433
453,998,2.081272
454,998,1.642788
455,998,6.043146
456,998,1.208047
457,998,1.202879
378,999,13.51819
413,999,2.307627
414,999,0.449091
415,999,0.294488
416,999,0.982886
417,999,0.981718
418,999,0.898919
419,999,1.266265
420,999,0.871
424,999,0.047409
425,999,6.131198
433,999,12.01613
434,999,11.752857
435,999,1.497756
436,999,0.647559
437,999,1.226816
438,999,0.069214
439,999,0.054958
440,999,0.037937
441,999,0.609974
442,999,0.710086
443,999,8.141253
444,999,6.183275
445,999,2.699961
446,999,2.30401
447,999,1.033136
448,999,0.784091
449,999,0.718574
450,999,0.52777
453,999,3.175111
455,999,5.71609
456,999,1.178657
457,999,2.459445
470,666,7.919731
471,666,6.482944
472,666,20.103958
473,666,20.414593
474,666,16.390598
475,666,28.632866
486,666,29.426493
489,666,18.61326
490,666,21.957327
470,667,4.893682
471,667,13.089611
472,667,15.805111
473,667,14.099593
474,667,19.545776
488,667,24.155083
489,667,6.483945
490,667,6.509924
378,1000,15.659808
411,1000,0.244309
414,1000,2.405418
415,1000,0.579286
416,1000,2.337348
417,1000,0.985413
418,1000,1.4931
419,1000,0.871
424,1000,0.047492
425,1000,7.10836
433,1000,13.845058
434,1000,7.845972
435,1000,1.054455
436,1000,0.291404
437,1000,0.622843
438,1000,0.032587
453,1000,3.661694
454,1000,11.807436
455,1000,2.913998
456,1000,2.077725
378,1001,13.473726
413,1001,1.133528
414,1001,0.527564
415,1001,3.167706
416,1001,3.984192
417,1001,4.366222
418,1001,2.881374
419,1001,1.587887
424,1001,6.475156
425,1001,5.223169
453,1001,6.173218
454,1001,6.279252
455,1001,3.729095
456,1001,2.84145
489,668,5.845795
490,668,7.525303
447,669,7.379561
448,669,3.63645
466,669,17.182259
467,669,18.795795
468,669,16.669119
469,669,7.163848
470,669,17.186714
471,669,10.167186
472,669,10.817322
473,669,15.732618
474,669,20.710712
490,669,27.220703
366,1002,8.480947
373,1002,6.840888
374,1002,28.084576
378,1002,13.473726
414,1002,2.279763
415,1002,1.240419
416,1002,17.881939
417,1002,4.951199
418,1002,4.359635
419,1002,1.755411
421,1002,2.477213
422,1002,4.671353
423,1002,3.757355
424,1002,15.719987
425,1002,5.331222
453,1002,2.635033
454,1002,2.526727
455,1002,2.98738
366,1003,9.913732
367,1003,17.287775
413,1003,2.32567
414,1003,15.843898
415,1003,15.268552
416,1003,2.033703
417,1003,2.280299
418,1003,1.855138
419,1003,1.651002
421,1003,2.06533
422,1003,2.208213
423,1003,2.137686
424,1003,2.504793
425,1003,2.899088
442,670,2.612386
443,670,18.813253
445,670,7.596836
446,670,12.091778
447,670,3.311535
448,670,3.179261
449,670,3.554881
450,670,3.842706
451,670,0.650421
467,670,8.068127
468,670,6.134259
469,670,6.557145
470,670,5.264033
471,670,4.52475
472,670,5.617869
473,670,10.9214
474,670,19.675209
367,1004,16.584734
423,1004,2.546759
424,1004,2.475856
444,671,1.934705
445,671,8.573385
446,671,14.961128
447,671,8.307652
448,671,0.349685
449,671,0.543366
450,671,1.245333
451,671,0.695411
456,671,0.407106
457,671,0.383412
458,671,0.279527
459,671,0.338549
366,1005,7.737833
367,1005,9.770345
423,1005,2.392019
424,1005,2.925372
445,672,1.579022
446,672,1.260298
447,672,0.374344
448,672,0.062217
449,672,3.995407
450,672,0.592708
367,1006,16.044941
377,1006,11.456758
423,1006,5.826006
424,1006,2.899687
444,673,1.263158
445,673,1.300405
446,673,2.287262
447,673,1.310712
448,673,1.023647
449,673,1.205683
450,673,1.256832
367,1007,3.153045
368,1007,8.97748
373,1007,3.768713
377,1007,9.853798
452,1007,8.624952
454,1007,3.945881
455,1007,12.327329
441,674,15.183955
442,674,13.444768
443,674,7.62193
444,674,0.258065
446,674,0.159091
447,674,0.127273
448,674,0.665849
449,674,3.834401
450,674,16.373001
451,674,18.937382
442,675,3.394805
443,675,1.151739
447,675,0.352941
448,675,0.379928
449,675,4.833882
450,675,15.847715
451,675,8.312834
435,1008,21.858549
452,1008,15.027861
453,1008,7.26141
441,676,7.731339
442,676,4.7424
443,676,2.387121
447,676,0.159091
448,676,0.037874
449,676,6.535524
450,676,17.267948
451,676,4.530356
435,1009,3.309325
436,1009,1.256482
452,1009,2.773418
453,1009,3.294123
454,1009,3.561224
455,1009,3.112825
456,1009,7.984768
457,1009,12.020057
458,1009,7.606739
459,1009,6.881948
460,1009,14.565831
461,1009,10.555437
462,1009,9.225253
463,1009,6.625577
464,1009,6.65536
441,677,14.348446
442,677,5.157569
447,677,0.035294
448,677,0.049585
449,677,4.758423
450,677,16.679207
451,677,6.696774
435,1010,2.33549
447,678,0.532783
448,678,0.310426
449,678,0.490053
450,678,0.827568
383,1011,27.60067
389,1011,19.253651
393,1011,12.436683
410,1011,6.082258
413,1011,3.733331
414,1011,3.38009
419,1011,1.464853
420,1011,25.395161
421,1011,4.811817
435,1011,26.352917
372,1012,20.870754
392,1012,25.184086
393,1012,21.481697
394,1012,17.11096
395,1012,11.782793
396,1012,16.809917
397,1012,6.689345
405,1012,29.595234
406,1012,16.486404
420,1012,2.497721
421,1012,2.344739
442,681,16.858873
459,681,2.350957
460,681,0.493634
461,681,1.679321
462,681,0.500571
463,681,0.279527
464,681,1.631807
467,681,1.550284
468,681,0.407925
396,1013,27.073528
421,1013,3.933791
454,1014,15.320604
455,1014,1.648347
459,1014,2.479167
462,1014,9.861355
463,1014,10.687103
443,682,15.081853
444,682,24.734055
447,682,21.412039
459,682,0.657535
468,682,0.220874
469,682,5.412475
468,683,0.407925
469,683,3.521925
396,1015,21.675814
455,1015,2.746473
459,1015,0.394744
460,1015,0.293347
461,1015,3.497668
462,1015,2.939298
396,1016,17.590326
397,1016,7.49248
398,1016,12.848493
396,1017,14.694666
455,1017,1.62351
457,1017,2.911217
458,1017,8.97046
461,1017,19.532866
437,1018,2.669539
439,1018,2.586776
440,1018,0.446704
441,1018,3.386619
442,1018,19.641222
443,1018,0.284024
444,1018,0.284024
445,1018,0.333333
446,1018,0.333333
447,1018,0.441441
455,1018,7.752799
457,1018,2.711241
458,1018,0.346699
453,1019,19.513035
454,1019,26.620146
455,1019,6.509322
456,1019,17.556412
457,1019,17.96767
458,1019,2.985927
459,1019,2.90707
460,1019,7.645759
461,1019,4.988242
463,1019,18.652803
464,1019,26.401028
440,1020,16.695913
441,1020,4.565571
446,1020,1.821572
447,1020,3.358675
454,1020,19.866173
441,1021,2.854263
444,1021,5.421966
445,1021,6.121239
446,1021,5.214731
447,1021,3.020683
382,1022,13.654427
387,1023,12.242235
390,1023,11.947338
396,1023,6.794696
397,1023,3.033434
404,1023,15.286037
454,1023,3.379523
455,1023,3.038179
456,1023,3.19389
457,1023,0.659929
458,1023,0.538961
459,1023,0.538961
460,1023,0.448783
461,1023,0.254805
462,1023,1.269003
463,1023,1.889585
464,1023,1.889585
465,1023,2.24295
466,1023,2.440343
467,1023,2.315354
385,1024,11.750122
388,1024,0.107377
391,1024,0.108344
393,1024,0.114693
394,1024,0.114693
395,1024,5.77023
396,1024,18.64641
404,1024,1.590174
405,1024,4.832959
406,1024,4.825191
407,1024,10.200929
408,1024,7.077393
453,1024,3.730462
456,1024,22.887911
422,1027,21.114231
422,1028,28.961199
423,1028,8.092281
422,1029,27.365297
423,1029,8.980705
424,1029,1.668023
423,1030,17.599215
424,1030,17.599215
458,1034,2.146758
458,1035,2.771758
370,1036,16.585459
459,1037,8.053226
461,1037,20.202017
462,1037,13.664085
463,1037,23.603647
458,1038,0.369986
459,1038,18.049248
460,1038,10.779595
461,1038,6.996507
462,1038,27.096622
460,1039,3.678656
461,1040,16.392124
462,1040,12.056738
463,1040,15.628126
464,1040,0.166667
461,1041,24.240456
376,1042,0.181599
442,1044,5.009602
443,1044,1.272424
444,1044,3.432262
445,1044,3.529004
446,1044,13.72601
447,1044,25.668213
448,1044,19.220093
444,1045,1.363054
445,1045,2.013974
446,1045,1.005952
449,1045,19.862198
443,1048,21.983883
426,715,22.219212
428,715,0.747336
407,1049,3.441892
442,1049,10.548311
443,1049,4.075035
440,1050,10.790211
441,1050,18.15
442,1050,6.093243
443,1050,10.325476
446,1050,12.504059
447,1050,5.349874
448,1050,6.434009
405,1051,25.163094
405,1052,24.130438
405,1054,15.31987
405,1055,29.879845
570,725,18.107075
407,1059,16.766335
409,1059,13.829968
410,1059,7.52521
411,1059,7.560875
441,1059,2.330315
467,726,18.153305
468,726,9.290462
569,726,24.416424
570,726,15.185419
404,1060,23.839954
407,1060,1.012836
408,1060,10.312571
409,1060,10.311567
410,1060,8.937258
411,1060,5.338169
412,1060,5.973704
418,1060,22.075188
422,1060,9.266836
423,1060,4.44526
424,1060,7.762134
442,1060,18.758739
467,727,3.828538
468,727,2.099617
469,727,0.015317
470,727,0.015317
471,727,4.519082
472,727,16.436127
473,727,10.076465
476,727,13.018867
485,727,0.757455
569,727,24.565691
570,727,27.239031
467,728,1.754588
468,728,5.705498
469,728,6.275861
470,728,27.151838
471,728,18.850729
472,728,12.522879
473,728,15.169953
474,728,19.87096
504,728,20.4498
405,1061,2.366153
406,1061,20.844992
407,1061,11.666999
408,1061,19.858807
409,1061,19.408409
411,1061,4.22276
412,1061,8.215215
413,1061,7.027522
414,1061,7.802906
415,1061,7.862563
416,1061,12.482121
417,1061,25.061441
418,1061,26.330595
419,1061,17.717064
420,1061,15.512877
421,1061,21.880772
422,1061,6.644432
423,1061,0.151404
442,1061,14.123751
412,1062,11.966125
413,1062,11.286621
414,1062,8.01364
415,1062,4.462746
418,1062,7.485534
419,1062,10.357261
420,1062,8.876991
421,1062,8.517098
486,729,1.822735
487,729,0.757455
489,729,0.211838
490,729,0.118159
494,729,11.248343
487,730,0.394312
488,730,0.75468
489,730,0.44769
490,730,0.468787
491,730,0.553601
492,730,0.668408
493,730,5.428459
434,1063,0.4091
433,1064,0.27542
442,1064,11.125816
443,1064,15.692768
446,1064,14.756898
470,731,2.056309
485,731,1.223934
486,731,1.434059
487,731,2.110669
489,731,7.691676
395,1065,20.527897
446,1065,2.055238
469,732,2.342664
469,733,19.256445
476,733,11.798856
395,1066,25.150707
469,734,22.032768
476,734,17.094822
542,734,8.040204
543,734,2.628481
544,734,3.378942
413,1067,0.101482
414,1067,0.258426
469,735,17.033533
541,735,9.071494
542,735,16.840845
543,735,13.270183
544,735,1.096705
413,1068,0.104596
414,1068,0.104596
415,1068,0.193485
470,1068,25.698843
471,1068,14.283918
472,1068,29.392258
544,736,22.276728
569,736,16.428148
570,736,19.491629
470,1069,1.030689
471,1069,5.129949
472,1069,12.461848
386,1070,0.023787
387,1070,0.023787
474,1070,6.76114
386,1071,0.023704
387,1071,0.023704
396,1071,10.196742
509,737,0.437018
569,737,6.526839
570,737,10.386392
481,738,24.647472
482,738,29.875986
483,738,16.317427
509,738,0.416352
510,738,0.839116
567,738,11.65306
569,738,2.944547
404,1072,1.402783
407,1072,10.44777
408,1072,9.836321
409,1072,6.822758
410,1072,6.782021
411,1072,7.070481
412,1072,8.562979
413,1072,7.955909
412,1073,0.337098
413,1073,1.692569
414,1073,2.744849
415,1073,2.164881
416,1073,2.039582
417,1073,3.996722
418,1073,4.198421
419,1073,3.360933
509,739,0.692828
510,739,1.254663
567,739,14.089517
568,739,12.930809
571,739,14.000846
572,739,8.320457
508,740,2.159587
509,740,2.60834
510,740,3.868715
569,740,11.958947
570,740,19.228226
376,1074,27.667513
378,1074,23.85858
379,1074,17.684446
380,1074,7.334698
383,1074,23.90567
384,1074,18.611362
385,1074,21.18504
386,1074,10.114635
387,1074,10.156578
375,1075,1.736119
376,1075,1.735015
379,1075,0.713935
380,1075,2.814523
470,741,1.483489
568,741,15.359927
571,741,17.79101
588,742,25.752573
569,743,28.382793
587,743,19.269926
588,743,23.962433
369,1076,0.215062
552,744,3.846831
369,1077,19.734169
470,745,23.555958
471,745,10.331594
472,745,7.996608
473,745,2.479918
474,745,1.721631
475,745,1.434752
476,745,8.578648
547,745,2.533354
548,745,13.368025
552,745,4.665098
379,1078,0.291945
380,1078,0.592461
381,1078,2.067796
382,1078,0.809833
383,1078,0.809833
384,1078,0.023787
385,1078,0.023787
386,1078,0.023787
387,1078,0.031103
388,1078,0.031103
389,1078,0.024754
390,1078,0.024754
391,1078,0.024754
468,746,2.656128
469,746,6.634005
471,746,9.314397
472,746,3.781469
473,746,1.983907
474,746,1.683079
475,746,0.860689
476,746,23.150894
547,746,1.856883
548,746,2.825623
552,746,1.635939
374,1079,20.517506
375,1079,0.512773
376,1079,0.512773
377,1079,0.372176
378,1079,0.344347
379,1079,0.497855
380,1079,2.371462
387,1079,0.023704
468,747,1.321539
469,747,0.545106
470,747,7.337534
471,747,9.764636
472,747,17.901886
473,747,13.255126
474,747,21.35758
475,747,12.129739
547,747,1.461859
548,747,3.122066
469,748,10.749371
470,748,6.557781
471,748,18.352943
475,748,28.143038
505,748,27.41659
506,748,13.331612
547,748,1.138366
548,748,2.167778
407,1081,0.1051
408,1081,0.025862
409,1081,0.025862
546,749,26.915096
547,749,2.502664
548,749,2.126339
383,750,24.444864
547,750,3.325583
548,750,1.714921
405,1082,0.681364
406,1082,0.023704
407,1082,0.023704
408,1082,0.023704
409,1082,0.023704
410,1082,0.023704
412,1082,0.023704
413,1082,0.023704
414,1082,0.023704
415,1082,0.023787
405,1083,0.132066
547,751,0.383579
548,751,0.457626
546,752,28.666416
547,752,4.387402
548,752,0.448456
586,752,8.535649
587,752,18.843603
381,1085,2.695293
382,1085,3.020432
383,1085,3.185976
386,1085,2.205925
547,753,0.860009
585,753,15.917414
586,753,9.194929
373,1086,28.521017
374,1086,1.687353
375,1086,1.66513
376,1086,6.191916
377,1086,4.804644
378,1086,3.07408
381,1086,0.684964
382,1086,0.692172
383,1086,0.692172
384,1086,0.533886
385,1086,3.174478
386,1086,0.677509
548,754,0.279527
583,754,10.525629
585,754,20.186058
586,754,11.340923
583,755,24.960848
585,755,17.229607
586,755,8.298373
469,756,0.684777
512,756,22.022112
547,756,0.616713
548,756,0.173273
584,756,15.837066
585,756,11.800261
586,756,10.550312
469,757,0.983775
585,757,19.942659
586,757,20.983948
469,758,11.343264
547,758,27.167532
586,758,28.327307
547,759,1.703554
389,760,7.632319
390,760,0.096619
391,760,0.104573
392,760,0.104573
393,760,0.108415
394,760,0.108415
395,760,0.108415
396,760,0.108415
397,760,0.083859
398,760,0.112399
399,760,0.112399
400,760,0.159202
401,760,0.173813
402,760,0.173813
403,760,0.168074
404,760,0.178139
405,760,0.178139
406,760,0.203079
407,760,0.199238
408,760,0.199238
409,760,0.345664
410,760,0.345664
411,760,1.292905
412,760,0.537373
413,760,0.537373
414,760,0.59999
415,760,1.818269
420,760,3.804987
421,760,3.794716
422,760,3.193977
423,760,1.583177
424,760,3.899215
425,760,3.051245
426,760,3.059187
427,760,3.211627
428,760,7.205219
429,760,5.496436
430,760,6.73109
431,760,7.884769
432,760,6.651412
433,760,7.641233
434,760,10.443267
435,760,9.6071
436,760,4.651796
547,760,12.08777
377,1092,3.105464
378,1092,3.105464
379,1092,3.105464
380,1092,0.199567
381,1092,0.124857
390,761,0.131166
391,761,0.039228
392,761,0.039228
393,761,0.347582
394,761,0.731262
395,761,0.683656
396,761,0.581505
397,761,0.725266
398,761,0.208836
399,761,0.075865
400,761,0.151101
401,761,0.169065
402,761,0.169065
403,761,0.169065
404,761,0.107579
405,761,0.195897
406,761,0.138128
407,761,0.136276
408,761,0.136276
409,761,0.169439
410,761,0.169439
411,761,0.169724
412,761,0.109389
413,761,0.109389
414,761,0.837093
415,761,5.469278
420,761,7.933306
421,761,2.881053
422,761,3.573224
423,761,1.749242
424,761,2.111056
425,761,3.688266
426,761,3.096631
427,761,3.564246
428,761,2.025547
429,761,2.055442
430,761,1.735612
431,761,1.17067
432,761,2.035286
433,761,1.384511
434,761,2.87386
435,761,1.414615
436,761,24.410118
391,762,1.441508
393,762,5.286874
397,762,2.05793
398,762,3.207037
405,762,10.776566
406,762,13.829836
407,762,11.104168
408,762,13.190638
409,762,13.299666
410,762,9.09934
411,762,9.256538
412,762,7.937742
413,762,25.142248
414,762,12.542913
415,762,6.288052
420,762,9.893485
421,762,21.053217
422,762,19.950058
423,762,7.324954
424,762,0.854843
425,762,0.942479
426,762,1.506899
427,762,2.706017
428,762,0.38909
429,762,0.444645
430,762,0.770484
431,762,0.710976
432,762,1.167987
433,762,1.856613
434,762,1.404346
435,762,1.903236
436,762,4.765175
437,762,18.80818
547,762,0.858182
421,763,20.114775
423,763,7.756651
424,763,9.658481
425,763,8.419936
426,763,10.046412
427,763,11.639744
428,763,6.528498
429,763,7.238874
430,763,4.403364
431,763,4.702808
432,763,5.832623
433,763,15.866563
434,763,9.306763
435,763,7.914595
436,763,9.629146
437,763,11.69328
373,1093,5.259041
374,1093,16.379988
375,1093,18.751926
376,1093,18.138506
377,1093,4.933396
378,1093,5.218884
379,1093,1.549203
380,1093,0.301501
381,1093,0.051633
382,1093,0.039474
384,1093,0.018968
385,1093,0.024754
370,1094,9.222752
371,1094,8.615586
372,1094,4.616872
373,1094,4.013309
374,1094,25.146111
375,1094,11.894044
376,1094,19.254566
377,1094,5.536419
378,1094,5.837791
379,1094,1.642744
424,764,24.303596
429,764,20.077471
430,764,19.282549
431,764,24.241322
432,764,14.525054
433,764,26.940739
434,764,20.407742
372,1095,0.258141
373,1095,0.364065
374,1095,0.098097
375,1095,0.099064
376,1095,0.165731
377,1095,0.099064
378,1095,0.099064
379,1095,3.458974
380,1095,1.149577
381,1095,5.673418
382,1095,2.229949
383,1095,1.239287
384,1095,6.479799
385,1095,3.646338
386,1095,1.682029
448,1095,0.405539
449,1095,0.30924
468,765,17.769739
548,765,1.582806
378,1096,0.425169
379,1096,0.829226
380,1096,1.053163
381,1096,1.053163
382,1096,1.053163
383,1096,1.082666
547,766,10.881702
548,766,2.662007
547,767,24.383673
548,768,16.616415
450,1100,1.286491
446,769,10.225785
449,1101,1.113068
450,1101,0.875813
451,1101,0.833882
432,1102,4.838385
433,1102,2.807856
445,1102,1.179322
448,1102,1.567415
442,771,23.878586
434,1103,5.466336
436,1103,11.601637
446,1103,1.169222
384,1104,4.036647
434,1104,21.691483
436,1104,6.486762
451,1104,1.602664
573,772,0.617533
384,1105,0.842198
386,1105,0.846959
434,1106,16.140213
435,1106,4.70583
436,1106,28.163025
457,1108,0.031103
458,1108,0.311925
460,1108,0.843401
546,776,29.401464
569,776,0.672224
457,1109,0.284958
458,1109,0.357273
440,779,0.733987
441,779,22.65769
443,779,26.177267
444,779,21.006592
440,780,5.618786
441,780,26.508121
443,780,13.801979
444,780,14.311319
445,780,25.547325
446,780,11.124285
447,780,9.267832
460,1113,0.645584
461,1113,28.418417
463,1113,1.479148
453,1114,0.443608
454,1114,0.021758
456,1114,0.305715
457,1114,0.606093
461,1114,0.733556
462,1114,1.605664
463,1114,2.801592
464,1114,6.960286
468,783,17.618473
454,1115,10.676925
455,1115,0.023787
457,1115,0.371399
461,1115,0.360161
454,1116,7.597631
456,1116,15.617023
460,1116,7.696597
461,1116,3.878295
461,1118,16.086872
462,1118,15.56822
461,1119,16.621824
462,1119,9.445633
408,790,14.621423
409,790,7.322803
410,790,2.516707
411,790,3.232742
412,790,2.39199
413,790,13.768125
414,790,6.477428
415,790,2.382246
402,791,21.566721
403,791,7.762159
404,791,4.095458
405,791,11.898467
406,791,3.108129
407,791,3.113912
408,791,5.468137
409,791,5.137128
410,791,3.42415
411,791,2.336281
412,791,2.540879
413,791,5.103312
414,791,2.564448
415,791,2.258351
448,791,23.956369
401,792,17.04838
402,792,16.841375
405,792,3.87685
406,792,3.201788
415,792,8.639447
469,792,3.917921
470,792,9.847727
465,1121,22.264547
463,1122,21.344986
396,793,25.162794
400,793,20.138813
448,793,28.765354
449,793,21.56329
469,793,3.685763
470,793,17.429255
448,794,22.791189
469,794,3.323552
470,794,21.484816
448,795,11.540121
469,795,4.709797
470,795,6.541481
448,796,18.692219
469,796,3.443479
470,796,4.209816
562,796,0.757097
563,796,0.352408
564,796,0.290569
455,1125,4.946239
456,1125,4.348711
457,1125,5.08054
462,1125,0.761329
463,1125,0.427844
464,1125,0.28272
465,1125,0.28272
466,1125,4.182531
448,797,19.781
451,797,19.471622
468,797,0.450745
469,797,11.077162
470,797,3.537183
560,797,5.850824
561,797,1.198772
562,797,18.263615
563,797,0.852504
565,797,4.666451
455,1126,7.058612
464,1126,1.780891
448,798,12.398013
467,798,3.880064
468,798,2.643012
469,798,11.383116
470,798,23.650021
560,798,14.356073
561,798,13.797403
563,798,29.728306
448,799,22.734652
591,799,0.120341
592,799,0.760483
461,1128,1.108217
462,1128,0.434478
463,1128,0.38497
464,1128,13.233969
448,800,15.556821
449,800,27.12694
450,800,27.975954
468,800,11.945016
592,800,0.074951
593,800,0.267881
596,800,19.287743
448,801,8.88131
449,801,11.359101
450,801,12.851074
451,801,17.218361
592,801,0.147154
593,801,0.292567
594,801,17.665903
595,801,11.74683
461,1129,1.251069
462,1129,1.251567
464,1129,27.18605
460,1130,1.058378
461,1130,16.421947
449,802,7.945763
450,802,6.742245
593,802,25.509258
595,802,29.369555
448,803,11.924885
449,803,1.680122
450,803,5.665686
451,803,16.431479
448,804,4.757481
449,804,0.431506
450,804,1.990207
450,805,2.346952
566,805,0.723955
567,805,0.412205
450,806,4.29914
450,807,1.290879
451,807,11.675063
568,807,16.116066
569,807,29.979382
452,808,13.086154
440,813,7.305226
453,1141,16.046188
439,1143,0.023704
440,1143,4.806637
437,1144,0.360161
438,1144,0.34714
484,1144,0.841888
437,1145,0.319626
438,1145,0.394574
436,1146,4.816111
437,1146,0.359538
438,1146,0.357273
439,1146,0.359538
440,1146,0.358378
568,823,25.757004
439,1147,0.357273
440,1147,0.360161
444,1147,0.666698
549,824,2.203959
568,824,3.482854
550,825,0.103884
551,825,0.951881
567,825,2.154868
568,825,0.823102
444,1149,7.753343
437,1150,0.367693
444,1150,8.241725
550,826,0.173981
551,826,1.074695
582,826,28.24238
591,826,15.399728
545,827,1.04878
546,827,1.26133
579,827,7.968688
580,827,4.892163
581,827,10.702804
591,827,13.964812
437,1151,4.874811
443,1151,21.595438
444,1151,4.418539
434,1152,25.499561
435,1152,13.575127
436,1152,16.460207
437,1152,0.985389
444,1152,8.255308
578,828,5.368181
579,828,3.346905
580,828,4.611794
581,828,4.476146
553,829,1.289253
554,829,0.740127
579,829,6.523574
580,829,6.797675
581,829,7.163638
442,1153,29.160103
444,1153,8.331102
457,1153,18.110567
458,1153,17.802929
459,1153,15.29239
460,1153,9.295741
461,1153,8.777359
462,1153,7.644925
463,1153,5.599288
464,1153,12.04014
443,1154,17.130518
444,1154,22.46401
464,1154,10.286953
465,1154,15.549648
553,830,2.26082
443,1155,22.604023
393,836,18.286045
394,836,17.770613
395,837,0.504827
