2331,1171,10.280152
2332,1171,19.587505
2332,1172,16.583843
2328,1174,18.394381
2342,1174,8.20846
2326,1181,17.924404
2247,1182,22.126577
2251,1182,1.580644
2248,1183,19.61627
2251,1183,13.636662
2254,1184,5.904183
2243,1185,0.801986
2254,1185,0.241243
2243,1186,5.12427
2259,1186,10.947819
2260,1186,12.506988
2244,1187,0.625911
2244,1188,7.909709
2287,1188,21.234644
2256,1189,5.584789
2247,1191,3.183419
2246,1192,2.328221
2247,1192,2.090932
2260,1192,24.657946
2244,1193,0.508348
2273,1194,6.720104
2274,1194,4.370237
2275,1194,1.02941
2351,1194,23.220499
2352,1194,18.86195
2358,1194,22.699581
2259,1195,8.561677
2274,1195,3.603444
2275,1195,0.863977
2274,1196,3.591177
2275,1196,0.810918
2274,1197,4.854106
2275,1197,0.970131
2276,1197,4.011183
2274,1198,2.110704
2275,1198,0.961902
2277,1198,1.011178
2273,1199,9.380193
2274,1199,0.698911
2275,1199,0.461601
2276,1199,0.804143
2277,1199,1.800013
2278,1199,1.317165
2279,1199,1.105875
2280,1199,0.841017
2281,1199,1.096054
2282,1199,2.686742
2283,1199,1.187905
2291,1199,5.303523
2270,1200,6.847034
2271,1200,2.675555
2272,1200,2.683878
2273,1200,0.891402
2274,1200,0.619797
2275,1200,0.879952
2276,1200,0.759469
2277,1200,2.073606
2278,1200,1.021232
2279,1200,1.268595
2280,1200,1.166725
2281,1200,1.202771
2282,1200,1.390076
2283,1200,4.854561
2291,1200,4.297649
2270,1201,21.296589
2271,1201,7.635507
2272,1201,2.485604
2273,1201,2.396139
2274,1201,0.75131
2275,1201,0.534889
2276,1201,0.55102
2277,1201,1.061595
2278,1201,0.320667
2279,1201,0.71832
2280,1201,1.271442
2281,1201,1.365651
2282,1201,1.319421
2272,1202,24.364151
2273,1202,6.806348
2274,1202,6.86446
2275,1202,2.984425
2276,1202,0.684987
2277,1202,0.294324
2278,1202,0.725459
2279,1202,1.745977
2280,1202,3.041715
2281,1202,1.671081
2273,1203,28.077566
2274,1203,11.763791
2275,1203,6.747075
2276,1203,6.023362
2277,1203,0.507003
2278,1203,1.335471
2279,1203,1.352142
2280,1203,1.028476
2281,1203,2.28144
2275,1204,10.388001
2276,1204,13.398661
2277,1204,1.252767
2278,1204,0.645005
2279,1204,1.547017
2280,1204,1.166425
2281,1204,2.293244
2277,1205,13.350707
2278,1205,0.788678
2279,1205,0.9859
2280,1205,3.031281
2282,1205,5.04764
2278,1206,19.796339
2279,1206,2.221512
2280,1206,4.114382
2282,1206,17.493872
2495,1206,8.822676
2496,1206,26.089108
2497,1206,22.886959
2279,1207,7.084042
2495,1207,28.550755
2279,1208,25.521378
2313,1208,24.48501
2491,1208,22.858833
2494,1208,5.440505
2495,1208,23.389677
2496,1208,8.213881
2495,1209,16.186045
2287,1210,2.760999
2285,1211,3.477186
2286,1211,1.679514
2285,1212,6.093474
2244,1217,6.172657
2244,1218,12.214273
2245,1218,5.737873
2247,1218,4.563264
2248,1218,4.435186
2249,1218,5.49228
2245,1219,5.690605
2246,1219,2.454909
2247,1219,1.557054
2248,1219,3.108654
2249,1219,9.293588
2250,1219,7.715889
2251,1219,8.378685
2252,1219,26.973726
2246,1220,1.126534
2247,1220,1.047108
2248,1220,1.233362
2249,1220,1.787579
2250,1220,2.4647
2251,1220,7.505314
2252,1220,12.409715
2246,1221,0.671268
2247,1221,0.377683
2248,1221,0.870296
2249,1221,1.524572
2250,1221,3.012443
2251,1221,7.144041
2252,1221,14.197914
2245,1222,14.323864
2246,1222,2.288735
2247,1222,0.387379
2248,1222,0.865639
2249,1222,0.703911
2250,1222,0.533348
2251,1222,4.970263
2252,1222,13.770902
2253,1222,29.897972
2246,1223,5.03756
2247,1223,0.49978
2248,1223,0.146708
2249,1223,1.381564
2250,1223,2.300129
2251,1223,10.210077
2252,1223,12.349808
2253,1223,25.455109
2246,1224,0.543855
2247,1224,0.391949
2248,1224,1.518621
2249,1224,0.571123
2250,1224,1.938812
2251,1224,8.731658
2252,1224,29.73325
2244,1225,11.767069
2245,1225,1.206054
2246,1225,0.695928
2247,1225,0.186676
2248,1225,0.434343
2249,1225,1.118179
2250,1225,2.983539
2251,1225,5.936716
2252,1225,25.376684
2244,1226,8.625237
2245,1226,1.109428
2246,1226,0.561067
2247,1226,0.186676
2248,1226,1.422447
2249,1226,1.210413
2250,1226,2.370621
2251,1226,8.459667
2244,1227,4.204621
2245,1227,0.975962
2246,1227,0.499641
2247,1227,0.277778
2248,1227,0.647447
2249,1227,0.646162
2250,1227,2.858863
2251,1227,13.983391
2282,1227,19.721125
2243,1228,11.695827
2244,1228,1.939672
2245,1228,0.451546
2246,1228,1.304839
2247,1228,1.029712
2248,1228,0.420635
2249,1228,1.712109
2250,1228,2.220395
2251,1228,14.477918
2243,1229,12.69482
2244,1229,3.185709
2245,1229,2.306379
2246,1229,0.200565
2248,1229,1.074895
2249,1229,15.486107
2250,1229,12.286243
2251,1229,11.799612
2243,1230,3.662035
2244,1230,1.9026
2245,1230,0.465026
2246,1230,0.222222
2247,1230,0.711616
2248,1230,7.635683
2249,1230,12.814219
2243,1231,5.754567
2244,1231,1.260979
2245,1231,1.004234
2246,1231,0.052632
2247,1231,0.073781
2248,1231,9.599448
2249,1231,20.250416
2242,1232,14.76842
2243,1232,17.358047
2244,1232,2.50829
2245,1232,0.245491
2246,1232,0.407844
2247,1232,1.395506
2248,1232,1.407345
2249,1232,12.754268
2243,1233,25.716743
2244,1233,4.64709
2245,1233,7.030651
2246,1233,7.852055
2247,1233,12.514163
2248,1233,7.295926
2249,1233,21.958851
2264,1234,8.312797
2482,1236,0.63968
2406,1241,5.512233
2405,1242,13.645589
2406,1242,7.972516
2405,1243,11.299373
2406,1243,25.21537
2403,1244,13.454436
2404,1244,22.905674
2406,1244,19.642721
2403,1245,27.582001
2405,1245,22.189602
2498,1245,3.03062
2499,1245,2.701046
2499,1246,2.246968
2475,1247,19.561659
2499,1247,1.480601
2487,1248,2.747868
2488,1248,28.810783
2499,1248,5.644195
2487,1249,4.167139
2488,1249,11.378757
2494,1249,2.968378
2493,1250,1.335565
2494,1250,0.428222
2493,1251,5.146428
2494,1251,13.64863
2495,1252,2.553516
2479,1255,15.518312
2479,1256,26.145971
2477,1257,6.472242
2478,1257,17.795286
2479,1257,7.380843
2478,1258,5.009815
2260,1261,28.836662
2254,1268,5.338013
2291,1268,9.271811
2292,1268,3.726325
2293,1268,7.581568
2395,1268,24.031235
2496,1268,6.719794
2498,1268,4.745001
2479,1084,11.730482
2480,1084,2.390122
2481,1084,0.144679
2482,1084,0.199817
2479,1085,3.766131
2480,1085,3.666655
2452,1088,6.400578
2457,1088,2.588631
2458,1088,4.609042
2459,1088,16.581337
2460,1088,9.447441
2459,1089,4.119215
2460,1089,2.520729
2465,1089,8.430709
2466,1089,6.389965
2424,1092,16.088654
2447,1092,13.293344
2424,1093,12.184013
2423,1094,3.446547
2424,1094,13.165943
2446,1094,24.37528
2423,1095,3.526579
2424,1095,10.240708
2445,1095,5.637904
2446,1095,13.394197
2424,1096,9.87028
2444,1096,11.221358
2445,1096,14.2794
2423,1097,2.199396
2424,1097,7.957189
2443,1097,29.101065
2444,1097,26.149488
2423,1098,4.390971
2424,1098,14.780064
2443,1098,8.146837
2444,1098,15.536167
2457,1098,21.416237
2458,1098,16.618607
2459,1098,19.744009
2424,1099,4.964654
2425,1099,11.775339
2444,1099,6.645283
2452,1099,17.658478
2453,1099,28.548916
2454,1099,29.095095
2456,1099,24.845598
2457,1099,17.557026
2458,1099,13.126004
2459,1099,2.482597
2460,1099,2.974455
2464,1099,3.512653
2465,1099,25.662148
2466,1099,25.472403
2424,1100,2.117485
2425,1100,15.822819
2445,1100,18.617641
2459,1100,2.622749
2460,1100,2.355529
2461,1100,4.589937
2462,1100,2.107063
2463,1100,3.649434
2464,1100,6.297234
2465,1100,6.131667
2466,1100,21.257977
2251,1101,22.580278
2424,1101,2.115744
2425,1101,9.529181
2466,1101,26.833181
2251,1102,17.754368
2424,1102,1.907874
2425,1102,10.116426
2424,1103,5.45371
2425,1103,2.386886
2452,1103,22.979538
2460,1103,1.166615
2461,1103,0.470988
2424,1104,5.711455
2443,1104,9.321096
2451,1104,8.611105
2460,1104,1.162049
2461,1104,15.966827
2462,1104,1.210801
2463,1104,5.122123
2464,1104,7.461888
2465,1104,14.615485
2423,1105,7.29167
2460,1105,0.806808
2461,1105,8.475112
2462,1105,1.353577
2463,1105,3.439665
2464,1105,13.057343
2465,1105,13.90902
2252,1106,5.963738
2460,1106,0.50961
2461,1106,4.797089
2462,1106,1.839381
2463,1106,2.260808
2464,1106,2.597728
2261,1107,10.069361
2461,1107,1.312208
2462,1107,1.727905
2463,1107,5.219055
2464,1107,6.560959
2461,1108,1.256422
2462,1108,2.101342
2463,1108,8.863256
2464,1108,7.282271
2462,1109,10.822235
2463,1109,15.724096
2464,1109,17.304754
2461,1110,18.751442
2462,1110,7.14364
2463,1110,23.606665
2461,1111,12.915519
2462,1111,17.801504
2447,1112,16.128967
2281,1113,29.677353
2283,1113,13.534494
2284,1113,3.48687
2289,1113,20.345009
2290,1113,7.859033
2282,1114,4.393789
2283,1114,9.400973
2289,1114,4.333415
2290,1114,11.109889
2299,1114,13.970282
2300,1114,22.098734
2447,1114,28.606287
2282,1115,3.161194
2283,1115,9.059584
2284,1115,4.775198
2290,1115,10.827361
2291,1115,3.058124
2292,1115,2.164014
2298,1115,3.822856
2299,1115,6.83012
2300,1115,7.674979
2447,1115,7.481952
2261,1116,3.16748
2282,1116,3.202281
2283,1116,5.08308
2284,1116,6.276633
2290,1116,7.932513
2291,1116,1.967965
2446,1116,11.702588
2282,1117,3.050331
2283,1117,12.589737
2486,1117,0.082671
2487,1117,3.705681
2283,1118,3.259871
2445,1118,2.371191
2446,1118,15.168519
2282,1119,8.35345
2283,1119,6.285632
2444,1119,2.611481
2445,1119,4.258473
2446,1119,9.781538
2283,1122,12.470084
2280,1123,19.515541
2281,1123,0.490281
2283,1123,12.181743
2245,1124,0.333197
2246,1124,1.15077
2280,1124,14.826271
2281,1124,1.423926
2270,1125,24.76614
2337,1128,3.634109
2338,1128,4.41396
2339,1128,3.273066
2337,1129,3.237481
2338,1129,1.128257
2339,1129,1.373857
2340,1129,1.46299
2344,1129,3.055624
2337,1130,2.099787
2338,1130,1.801576
2339,1130,0.451387
2340,1130,1.721432
2341,1130,2.263893
2342,1130,0.695461
2343,1130,1.830664
2344,1130,26.917358
2337,1131,5.055967
2338,1131,1.975864
2339,1131,1.799649
2340,1131,1.145465
2341,1131,2.242096
2342,1131,3.675301
2343,1131,8.818863
2351,1131,9.146422
2246,1132,6.813372
2247,1132,9.223203
2248,1132,8.94171
2337,1132,4.117845
2338,1132,0.907476
2339,1132,1.168811
2340,1132,0.440308
2341,1132,1.108041
2342,1132,1.375863
2343,1132,14.156801
2337,1133,3.298598
2338,1133,0.771693
2339,1133,0.813835
2340,1133,0.472413
2341,1133,2.212828
2342,1133,4.964117
2343,1133,14.250109
2337,1134,3.339264
2338,1134,0.595684
2339,1134,0.541038
2340,1134,0.61527
2341,1134,1.405887
2342,1134,3.554329
2343,1134,25.168993
2350,1134,27.553318
2337,1135,2.0187
2338,1135,0.886301
2339,1135,0.261869
2340,1135,0.418567
2341,1135,2.287474
2342,1135,6.58785
2336,1136,5.844877
2337,1136,2.629542
2338,1136,1.360053
2339,1136,1.028536
2340,1136,0.511549
2341,1136,3.691579
2342,1136,6.990698
2336,1137,3.764673
2337,1137,2.30779
2338,1137,1.034487
2339,1137,0.466631
2340,1137,0.582122
2341,1137,4.243897
2342,1137,7.33778
2349,1137,28.541559
2351,1137,29.039288
2336,1138,3.921024
2337,1138,2.216563
2338,1138,1.216093
2339,1138,0.466631
2340,1138,16.023785
2341,1138,2.757802
2342,1138,7.495086
2460,1138,5.59576
2336,1139,6.932734
2337,1139,3.87701
2338,1139,2.053512
2339,1139,5.687331
2340,1139,0.284193
2341,1139,2.338425
2342,1139,12.03506
2336,1140,7.214437
2337,1140,6.055912
2338,1140,2.02822
2339,1140,2.553417
2340,1140,2.044887
2341,1140,3.514231
2342,1140,10.760173
2336,1141,15.19384
2337,1141,2.048049
2338,1141,4.010581
2339,1141,16.127626
2340,1141,3.555845
2341,1141,6.131729
2342,1141,11.524086
2335,1142,9.184667
2338,1142,1.584893
2339,1142,18.992346
2340,1142,1.998704
2341,1142,4.603155
2275,1143,1.999748
2339,1143,4.905872
2340,1143,3.504488
2341,1143,16.269466
2341,1144,12.620053
2341,1145,12.366516
