1864,1805,2.057415
1895,1805,6.798182
1896,1805,5.151448
1897,1805,2.764708
1898,1805,7.073831
1899,1805,6.030933
1900,1805,3.729449
1901,1805,1.796612
1865,1806,3.354836
1877,1806,7.821917
1895,1806,8.92308
1896,1806,2.432976
1897,1806,0.631579
1898,1806,23.787449
1879,1807,6.57804
1880,1807,14.099699
1881,1807,10.041016
1894,1807,5.697018
1895,1807,4.775887
1242,2445,4.918998
615,2448,16.917543
617,2448,12.735799
619,2448,29.13744
620,2448,19.779581
621,2448,10.819729
615,2449,15.478863
616,2449,11.772919
763,2450,0.27323
623,2451,29.51667
666,2451,9.132683
676,2451,7.402801
623,2452,28.041677
669,2452,14.000051
620,2453,11.311337
673,2453,13.538475
926,2454,13.938655
1189,2456,8.681704
1340,2457,27.515799
1209,2458,7.667333
1034,2462,25.884155
826,2464,26.650162
826,2465,19.178179
908,2465,3.848715
1165,2465,29.496452
640,2466,0.674419
641,2466,1.181665
826,2466,2.945276
908,2466,7.36976
1346,2466,9.608168
908,2467,7.478219
1343,2467,13.247142
908,2468,7.050914
1195,2468,24.360331
1196,2468,24.4517
1340,2468,13.111581
1343,2468,23.918596
1344,2468,18.557756
908,2469,5.992999
621,2470,3.259259
621,2471,1.296296
727,2471,23.523729
728,2471,23.523729
654,2473,6.12025
654,2474,2.358974
655,2474,3.942235
656,2474,0.611111
1210,2474,14.10548
1211,2474,13.044617
635,2475,5.867093
655,2475,1.666666
656,2475,2.3125
657,2475,0.733333
825,2475,21.859148
654,2476,2.199568
655,2476,1.512822
656,2476,3.931548
825,2476,16.914621
1338,2476,26.880859
1345,2476,1.943823
1346,2476,10.865309
654,2477,1.899628
655,2477,3.960738
656,2477,3.356384
657,2477,1.4
825,2477,1.233668
1347,2477,13.44043
1348,2477,12.703666
1349,2477,12.703666
1354,2477,10.821407
1355,2477,14.033407
1356,2477,14.033407
1357,2477,10.821407
1358,2477,10.821407
655,2478,2.147977
656,2478,3.259027
1357,2478,13.44043
1358,2478,13.44043
1359,2478,19.283407
656,2479,8.104082
609,2481,3.792332
622,2481,28.090723
689,2481,26.379435
690,2481,20.090935
656,2482,19.375504
689,2482,26.379435
1365,2482,28.375
689,2483,26.379435
690,2483,23.590961
705,2483,1.597761
706,2483,1.116279
711,2483,0.618483
690,2484,20.090935
706,2484,1.967211
706,2485,1.431131
824,2487,16.333334
602,2488,15.038478
824,2488,0.81165
825,2488,0.27323
1338,2488,25.407331
1340,2488,19.119425
1341,2488,27.409647
1342,2488,16.58824
1343,2488,16.58824
1344,2488,10.821407
1345,2488,10.821407
1346,2488,16.58824
1347,2488,27.409647
1348,2488,24.854815
1349,2488,10.821407
1350,2488,10.821407
1351,2488,10.821407
600,2489,3.121226
601,2489,0.5
602,2489,0.147059
1236,2489,15.773088
1237,2489,25.691031
1330,2489,19.238569
1341,2489,26.144096
1352,2489,29.161434
1353,2489,16.58824
1354,2489,23.688236
1355,2489,17.921402
1356,2489,25.008907
1357,2489,25.008907
1358,2489,25.008907
1359,2489,17.921402
596,2490,14.483428
598,2490,24.615774
599,2490,8.526872
600,2490,3.558222
601,2490,3.415147
602,2490,3.28653
603,2490,5.324401
1330,2490,19.238569
1352,2490,19.238569
1376,2490,7.099996
1330,2491,13.44043
1376,2491,14.1875
702,2492,2.569798
1330,2492,13.44043
702,2493,8.839802
710,2493,27.260235
748,2493,0.618483
749,2493,28.530636
950,2493,19.215225
1330,2493,13.44043
701,2494,4.979812
748,2494,26.089941
749,2494,28.735798
1156,1853,27.750004
721,2495,0.42699
722,2495,1.275849
723,2495,0.948318
724,2495,0.42699
749,2495,28.444477
1156,1854,27.750004
1157,1854,20.986111
1168,1854,6.733328
749,2496,25.228041
1329,2496,26.144096
1437,2496,2.969258
1156,1855,27.750004
1157,1855,20.986111
1158,1855,5.809091
1159,1855,9.149056
1160,1855,7.043988
1161,1855,9.635695
1162,1855,10.603103
1163,1855,11.898955
1164,1855,11.898955
1166,1855,18.457144
1167,1855,1.228572
1329,2497,12.703666
1329,2498,14.033407
1156,1856,9.000002
1157,1856,7.375
1158,1856,2.2
1159,1856,0.854545
1160,1856,7.745989
1161,1856,7.536542
1162,1856,4.614973
1163,1856,5.101248
1164,1856,5.301604
1165,1856,2.545098
1166,1856,0.533333
1156,1857,19.875
1157,1857,7.375
1158,1857,4.5
1159,1857,0.4
1160,1857,5.767543
1161,1857,2.552632
1162,1857,2.508772
1163,1857,2.254386
1164,1857,1.041667
1165,1857,0.208333
1340,2499,21.253635
1341,2499,21.176353
1342,2499,23.059465
1343,2499,21.130339
1344,2499,17.29262
1345,2499,7.164626
1156,1858,19.875
1157,1858,9.75
1158,1858,4.5
1159,1858,0.4
1160,1858,0.5
1162,1858,1.066667
1163,1858,1.2
1164,1858,0.1
1155,1859,28.222149
1157,1859,11.999997
1158,1859,8.0
1159,1859,0.5
1160,1859,0.5
1162,1859,0.5
1156,1860,7.375
1157,1860,2.2
1158,1860,0.285714
1159,1860,0.333333
1160,1860,0.2
1156,1861,15.682545
1157,1861,17.999998
1158,1861,0.428571
1159,1861,0.333333
1160,1861,0.2
1161,1861,0.25
1162,1861,0.5
1155,1862,23.928535
1156,1862,15.682545
1157,1862,8.200001
1158,1862,0.428571
1160,1862,0.2
1161,1862,0.25
1162,1862,1.0
1098,1863,28.222149
1156,1864,15.682545
1157,1864,14.499997
1158,1864,0.428571
1159,1864,0.583333
1160,1864,0.45
1161,1864,0.25
1162,1864,0.25
1165,1864,1.676471
1155,1865,9.000002
1156,1865,9.11111
1157,1865,2.2
1158,1865,0.428571
1159,1865,0.142857
1160,1865,0.342857
1161,1865,0.5
1162,1865,0.5
1163,1865,2.5
1164,1865,1.0
1165,1865,2.416667
1158,1866,4.5
1159,1866,4.5
1160,1866,4.5
1161,1866,4.5
1162,1866,4.5
1163,1866,3.666667
1164,1866,6.5
1165,1866,1.142857
1166,1866,1.5
1157,1867,13.171431
1158,1867,13.171431
1159,1867,13.171431
1160,1867,13.171431
1161,1867,13.171423
1162,1867,13.171423
1163,1867,21.238089
1164,1867,11.399998
1166,1867,1.666667
1167,1867,1.666667
858,2188,3.134618
1156,1868,8.909115
1157,1868,18.609135
1158,1868,18.609135
1159,1868,18.609135
1160,1868,18.609135
1161,1868,18.609135
1162,1868,18.609135
1165,1868,13.171431
1166,1868,6.571427
1167,1868,6.571427
1168,1868,6.571427
1156,1869,10.3132
1157,1869,24.624371
1158,1869,24.624371
1159,1869,24.624371
1160,1869,24.624371
1161,1869,25.644503
1162,1869,29.871845
1163,1869,29.871845
1165,1869,13.3125
1166,1869,13.3125
1167,1869,13.3125
1168,1869,13.3125
857,2189,18.834705
1155,1870,11.925198
1156,1870,11.925198
1157,1870,28.064045
1158,1870,28.064045
1159,1870,28.064045
1160,1870,28.064045
1161,1870,28.064045
1162,1870,28.064045
1165,1870,11.333332
1166,1870,11.333332
1167,1870,11.333332
1168,1870,11.333332
1169,1870,11.333332
1170,1870,24.792213
1171,1870,22.752258
1164,1871,29.625076
1165,1871,17.686031
1166,1871,17.686031
1167,1871,17.686031
1168,1871,17.686031
1169,1871,17.686031
968,2193,13.407338
969,2194,18.337473
969,2201,18.589355
969,2202,17.599993
969,2203,19.599993
968,2204,26.392941
971,2204,18.258049
1239,1953,15.239219
1322,1956,18.069523
1105,2278,0.088235
743,2285,11.418172
1260,1968,6.380952
1261,1968,2.583333
758,2287,17.999968
759,2287,17.999968
760,2287,27.142847
761,2287,27.428638
762,2287,27.428638
1260,1969,18.935545
762,2288,16.352966
763,2288,8.625
1260,1970,28.484789
1261,1970,25.313446
764,2289,12.028551
1260,1971,25.085592
765,2290,16.026653
1198,2291,0.408602
1223,1975,6.350863
1214,1976,25.232094
1222,1976,4.733335
1223,1976,15.880979
1214,1977,18.069523
1215,1977,22.752258
1218,1977,22.752258
1219,1977,22.752258
1220,1977,22.752258
1221,1977,16.977686
1222,1977,18.95326
1215,1978,24.792213
1216,1978,24.792213
1218,1978,24.792213
1219,1978,24.792213
1220,1978,24.792213
1896,1671,6.241954
1903,1671,2.069936
1904,1671,0.96131
1905,1671,1.092548
1906,1671,4.665745
1211,1979,20.583336
1211,1980,1.444445
1217,1980,0.933333
1218,1980,1.666667
1219,1980,6.083335
1220,1980,2.666668
1897,1674,19.464975
1901,1674,23.688305
1211,1981,3.839998
1212,1981,4.839997
1217,1981,2.666668
1218,1981,5.958329
1219,1981,5.958329
1220,1981,10.450022
1221,1981,6.761898
1896,1675,29.969244
1897,1675,5.057895
1899,1675,0.108108
1900,1675,27.811863
1906,1675,5.842322
1899,1676,9.542883
1900,1676,2.655354
1901,1676,1.767017
1905,1676,1.560002
1906,1676,0.255556
1907,1676,0.294643
1211,1982,4.948713
1212,1982,20.266178
1217,1982,6.761898
1218,1982,12.222196
1219,1982,19.999987
1220,1982,20.855099
1221,1982,16.057081
1217,1983,13.227316
1906,1677,0.294643
1571,1678,16.735773
1578,1678,4.866665
1906,1678,2.364579
1567,1679,18.304087
1568,1679,8.054087
1611,1679,7.272723
1893,1679,7.531082
1380,2307,15.250414
1599,1680,6.199996
1603,1680,3.526317
1612,1680,21.000044
1888,1680,0.317073
1599,1681,6.199996
1602,1681,6.199996
1896,1681,2.180531
1601,1682,6.199996
1602,1682,4.866665
1896,1682,3.770507
1897,1682,4.673594
1898,1682,7.554198
1899,1682,14.80922
1577,1696,6.199996
1578,1696,6.199996
750,2323,18.499954
749,2324,27.876781
753,2324,22.0805
751,2325,17.779306
752,2325,13.885622
753,2325,11.835871
755,2325,6.612897
1200,2327,2.03958
1858,1708,14.862712
866,2010,14.503789
1858,1709,8.817922
1884,1709,23.606152
1885,1709,15.433942
1886,1709,8.65115
1887,1709,10.789933
1888,1709,26.799982
1890,1709,14.178818
1891,1709,17.151871
1906,1709,18.086752
1321,2332,5.769228
1858,1710,7.136865
1885,1710,4.484698
1886,1710,1.832825
1887,1710,2.797193
1888,1710,2.470821
1889,1710,12.298256
1890,1710,13.257417
1891,1710,6.52589
1892,1710,7.168191
1858,1711,1.391228
1885,1711,4.819813
1886,1711,1.781865
1887,1711,0.772447
1888,1711,1.080576
1892,1711,8.458877
1886,1712,5.005656
1887,1712,2.199089
1886,1713,6.158026
1887,1713,4.961089
1819,1716,1.560002
1269,2018,22.752258
1819,1717,0.736363
1956,1717,21.31134
1957,1717,22.886797
1958,1717,29.319641
1246,2019,24.786879
1819,1718,0.736363
1956,1718,14.575291
1957,1718,10.108018
1958,1718,3.622226
1959,1718,4.643911
1245,2020,10.580545
1246,2020,18.238008
1957,1719,3.622226
1958,1719,1.333334
1958,1720,5.145451
1958,1721,3.787876
1645,1722,19.461582
1864,1722,12.745647
1946,1722,7.021362
1962,1722,5.587875
1964,1722,4.116327
1843,1723,3.940375
1857,1723,0.666667
1946,1723,1.111351
1947,1723,3.401472
1948,1723,7.963899
1640,1724,19.461582
1843,1724,2.8063
1856,1724,1.741934
1857,1724,1.741934
1636,1725,27.941576
1638,1725,25.871265
1639,1725,17.391272
1640,1725,8.479994
1634,1726,16.959988
1635,1726,17.35878
1636,1726,25.000044
1637,1726,12.818174
1638,1726,9.545452
1639,1726,5.545452
1640,1726,4.0
1630,1727,22.794916
1631,1727,20.724606
1632,1727,10.229994
1633,1727,24.333378
1634,1727,8.0
1635,1727,5.972222
1636,1727,4.625
1637,1727,2.444445
1638,1727,1.847222
1639,1727,1.222222
1640,1727,0.625
1641,1727,3.308081
1629,1728,27.263582
1630,1728,21.058867
1631,1728,5.663099
1632,1728,6.171714
1633,1728,5.527778
1634,1728,2.138889
1635,1728,0.83767
1636,1728,1.960526
1637,1728,1.057692
1638,1728,0.26935
1639,1728,1.294118
1640,1728,0.75
1641,1728,1.352942
1642,1728,1.4
1479,1729,12.583334
1628,1729,0.364372
1629,1729,0.654971
1630,1729,0.210526
1631,1729,0.421053
1632,1729,0.960526
1633,1729,1.294118
1634,1729,2.044118
1635,1729,1.585526
1636,1729,1.375
1637,1729,2.75
1638,1729,2.15
1639,1729,1.1
1640,1729,1.4
1641,1729,1.85
1642,1729,2.523811
1479,1730,6.749999
1627,1730,1.585526
1628,1730,2.75
1629,1730,2.669118
1630,1730,1.4
1631,1730,2.799999
1632,1730,2.475
1633,1730,1.1
1634,1730,2.2
1635,1730,2.775
1636,1730,1.899999
1637,1730,2.75
1638,1730,3.299999
1639,1730,3.31818
1640,1730,2.523811
1641,1730,4.71818
1642,1730,5.13044
1627,1731,2.775
1628,1731,3.274999
1629,1731,2.999999
1630,1731,1.899999
1631,1731,3.799999
1632,1731,4.42381
1633,1731,3.31818
1634,1731,5.841991
1635,1731,6.854541
1636,1731,4.954542
1637,1731,9.909084
1638,1731,7.654251
1640,1731,5.13044
1641,1731,9.723821
1626,1732,5.841991
1627,1732,10.172721
1628,1732,9.909084
1629,1732,8.272722
1630,1732,7.030439
1631,1732,10.26088
1867,1734,2.278445
1869,1734,3.132812
1872,1734,17.533272
1873,1734,14.780813
1876,1734,13.506936
1877,1734,19.261831
1878,1734,24.293285
1879,1734,11.109285
1880,1734,15.374871
1881,1734,15.865454
1882,1734,16.594278
1866,1735,3.183563
1867,1735,0.557895
1868,1735,3.701263
1869,1735,0.9
1870,1735,2.581806
1871,1735,2.431714
1872,1735,8.225284
1873,1735,7.30668
1874,1735,9.041355
1875,1735,3.547409
1876,1735,3.496929
1877,1735,8.864988
1878,1735,5.228869
1879,1735,4.082228
1880,1735,5.624446
1881,1735,5.073547
1882,1735,7.739545
1883,1735,15.04839
585,2356,27.470427
709,2356,4.000003
1866,1736,1.159818
1867,1736,0.166667
1868,1736,1.309908
1869,1736,0.316757
1870,1736,0.916343
1871,1736,0.855712
1872,1736,0.81458
1873,1736,1.058713
1874,1736,1.527473
1875,1736,1.041167
1876,1736,0.597595
1877,1736,1.097595
1878,1736,1.036409
1879,1736,0.536409
1880,1736,0.631317
1881,1736,0.921339
1882,1736,1.159696
1883,1736,5.141781
1884,1736,9.591685
1885,1736,11.415847
677,2357,24.587721
1622,1737,9.909084
1866,1737,0.096154
1867,1737,0.018868
1868,1737,0.159466
1869,1737,0.063312
1870,1737,0.159466
1871,1737,0.120544
1872,1737,0.120544
1873,1737,0.06
1874,1737,0.200598
1875,1737,0.140598
1876,1737,0.140598
1877,1737,0.140598
1878,1737,0.191057
1879,1737,0.191057
1880,1737,0.166667
1881,1737,0.166667
1882,1737,0.166667
1883,1737,0.549987
1622,1738,9.909084
1870,1738,0.103268
1871,1738,0.162092
1872,1738,0.380191
1876,1738,0.210526
1877,1738,0.580645
1878,1738,0.580645
1879,1738,0.888889
1880,1738,1.099415
1881,1738,0.921901
1882,1738,2.142588
1883,1738,2.099304
1884,1738,13.907002
1314,2359,8.269228
1622,1739,4.954542
1870,1739,0.290323
1871,1739,0.791171
1876,1739,1.382354
1877,1739,2.764708
1878,1739,2.661424
1879,1739,2.55814
1880,1739,2.655081
1881,1739,3.712046
1882,1739,6.430518
1883,1739,5.787811
1884,1739,5.014275
1622,1740,3.31818
1870,1740,2.661424
1871,1740,3.189719
1876,1740,1.796612
1877,1740,6.709671
1878,1740,6.709671
1879,1740,2.842103
1880,1740,4.638715
1881,1740,12.277916
1882,1740,8.219233
1883,1740,9.242968
1884,1740,13.081505
1314,2360,27.623035
1315,2360,2.0
1316,2360,15.35555
1317,2360,17.392334
656,2361,3.333333
1870,1741,6.709671
1871,1741,10.302896
1876,1741,2.336641
1877,1741,4.673282
1878,1741,5.697018
1870,1742,4.673282
1313,2361,5.769228
656,2362,7.000001
2011,1743,13.454525
2012,1743,12.409076
655,2363,2.538463
658,2363,15.89999
1346,2363,16.532976
1974,1744,10.726809
2016,1744,2.288892
2017,1744,3.787876
655,2364,3.269522
659,2364,2.871796
1625,1745,4.954542
1626,1745,4.954542
1627,1745,5.13044
1628,1745,10.084982
1629,1745,10.26088
1630,1745,10.084982
1632,1745,17.413784
1633,1745,17.413784
1634,1745,14.808306
660,2365,23.60227
1617,1746,13.906469
1625,1746,1.375
1626,1746,1.899999
1627,1746,1.899999
1628,1746,3.274999
1629,1746,4.42381
1630,1746,4.42381
1631,1746,5.79881
1632,1746,7.255957
1633,1746,7.255957
1634,1746,8.844694
1635,1746,10.26088
1640,1746,5.13044
1641,1746,2.523811
661,2366,2.871796
1616,1747,16.476553
1617,1747,14.015877
1625,1747,1.375
1626,1747,1.375
1627,1747,2.4
1628,1747,2.775
1629,1747,2.799999
1630,1747,3.775
1631,1747,3.769118
1632,1747,8.741207
1633,1747,2.779069
1634,1747,2.75
1635,1747,5.047623
1636,1747,5.841991
1637,1747,5.218179
1638,1747,4.69318
1639,1747,3.31818
1640,1747,2.523811
661,2367,7.749997
1615,1748,15.125693
1616,1748,6.179936
1617,1748,1.997058
1625,1748,0.153846
1626,1748,0.210526
1627,1748,0.210526
1628,1748,0.364372
1629,1748,0.960526
1630,1748,0.960526
1631,1748,1.114372
1632,1748,1.647059
1633,1748,2.941177
1634,1748,2.75
1635,1748,2.5
1636,1748,2.2
1637,1748,2.5
1638,1748,2.669118
1639,1748,1.1
1640,1748,1.4
1614,1749,17.757256
1615,1749,10.299034
1616,1749,1.392429
1617,1749,0.594595
1625,1749,0.181818
1626,1749,0.181818
1627,1749,0.058824
1628,1749,0.240642
1629,1749,0.117647
1630,1749,0.240642
1631,1749,1.026263
1632,1749,0.503268
1633,1749,0.598291
1634,1749,0.421053
1635,1749,1.5
1636,1749,2.044118
1637,1749,1.504644
1638,1749,1.447964
1639,1749,1.294118
1607,1750,20.670732
1614,1750,10.26005
1615,1750,1.345382
1616,1750,0.261345
1617,1750,0.054054
1619,1750,26.323462
1620,1750,16.996498
1621,1750,13.405382
1625,1750,1.2
1626,1750,0.25
1627,1750,0.25
1628,1750,1.45
1629,1750,0.613636
1630,1750,0.613636
1631,1750,1.813636
1632,1750,0.727273
1633,1750,0.581818
1634,1750,0.117647
1635,1750,0.503268
1636,1750,0.888889
1637,1750,0.503268
1638,1750,0.553846
1639,1750,0.444444
1607,1751,16.689919
1608,1751,28.974901
1614,1751,2.766473
1615,1751,0.471383
1616,1751,0.027027
1618,1751,24.985226
1619,1751,7.420029
1620,1751,6.976763
1621,1751,3.881106
1622,1751,1.501367
1625,1751,0.714286
1626,1751,0.714286
1627,1751,0.3
1628,1751,1.014286
1629,1751,0.6
1630,1751,1.014286
1631,1751,1.880952
1632,1751,0.8
1633,1751,2.4
1634,1751,0.613636
1635,1751,0.727273
1636,1751,0.763636
1637,1751,0.65
1638,1751,0.4
1350,2370,4.898986
1607,1752,3.200861
1608,1752,13.912991
1614,1752,0.685587
1615,1752,0.027027
1618,1752,2.743978
1619,1752,1.719475
1620,1752,0.951777
1621,1752,0.868599
1622,1752,0.485657
1625,1752,2.2
1626,1752,0.625
1627,1752,0.625
1628,1752,2.825
1629,1752,1.25
1630,1752,1.25
1631,1752,3.45
1632,1752,1.291667
1633,1752,1.428571
1634,1752,0.6
1635,1752,0.8
1636,1752,1.0
1637,1752,0.8
662,2371,18.666668
667,2372,3.181816
669,2372,10.667953
1606,1753,22.623671
1608,1753,5.455954
1618,1753,0.672711
1619,1753,0.471383
1620,1753,0.288372
1621,1753,0.221133
1622,1753,0.074074
1631,1753,1.333333
1632,1753,3.2
1633,1753,2.825
1634,1753,1.25
1635,1753,1.25
1636,1753,1.291667
1608,1754,0.892286
1618,1754,0.027027
1619,1754,0.027027
1620,1754,0.027027
1625,1754,0.2
1626,1754,0.125
1627,1754,0.125
1628,1754,0.325
1629,1754,0.525
1630,1754,0.525
1631,1754,0.725
1632,1754,0.666667
1635,1754,1.0
1317,2373,2.055556
581,2374,29.807816
582,2374,13.044768
1609,1755,15.831258
1610,1755,11.721229
1611,1755,13.702888
1612,1755,14.25913
1613,1755,14.843148
1614,1755,11.463309
1631,1755,0.333333
1632,1755,0.4
1633,1755,0.25
1634,1755,0.8
584,2375,12.396485
1609,1756,6.198164
1610,1756,3.494463
1611,1756,2.143602
1612,1756,2.116641
1613,1756,1.031679
1614,1756,0.795614
1631,1756,0.333333
1632,1756,0.333333
1610,1757,0.43861
1611,1757,0.411583
1612,1757,0.228571
1613,1757,0.261345
1614,1757,0.221133
1615,1757,0.101101
1625,1757,0.25
1626,1757,0.25
1628,1757,0.25
1630,1757,0.25
1611,1758,0.054054
1612,1758,0.027027
666,2381,15.999995
662,2384,7.666668
663,2384,7.666668
662,2385,17.531525
663,2385,29.333626
664,2386,22.080753
662,2387,25.701153
663,2387,24.7216
664,2387,26.067774
1445,1770,22.752258
1312,2392,2.307465
1315,2392,1.502259
1316,2392,16.098118
1310,2393,14.069649
1316,2397,19.6647
1317,2397,19.693827
1190,2398,4.87819
1191,2398,0.890553
1313,2398,23.968203
1312,2399,18.974838
1314,2401,23.9006
1310,2402,0.618051
1255,2404,2.234951
1193,2406,3.854549
711,2407,10.070216
1192,2407,18.58869
1323,2087,15.250414
1322,2088,24.792213
1323,2088,22.752258
1321,2089,8.573492
1323,2089,18.069523
1321,2090,8.573492
1321,2091,1.642125
854,2092,5.999999
855,2092,5.999999
1321,2092,0.323944
1330,2092,25.232094
1858,1802,5.882592
1859,1802,10.158558
1861,1802,6.094334
1862,1802,8.219233
1863,1802,1.59486
1864,1802,2.057415
1865,1802,7.821917
1859,1803,2.432976
1860,1803,5.412251
1861,1803,5.787811
1862,1803,0.444445
1863,1803,4.306989
1864,1803,6.57804
1903,1803,27.645725
750,2427,7.555559
629,2105,26.6875
1256,2433,14.902811
1195,2435,23.56101
933,2439,5.719175
1217,2439,0.757397
1218,2439,1.151512
1249,2440,0.890553
753,2117,17.0
1863,1804,0.952153
1864,1804,6.57804
1896,1804,4.775887
1899,1804,8.983445
1900,1804,4.441185
1901,1804,3.263327
1902,1804,12.826234
