619,866,14.133006
619,867,25.214071
621,867,13.544153
624,229,5.087594
626,229,10.721554
621,230,23.965187
622,230,13.751096
623,230,5.555028
625,230,16.253529
626,230,9.313627
666,230,12.42482
696,230,21.281666
697,230,6.192086
617,231,7.62797
620,231,5.752769
621,231,15.558794
622,231,12.57436
623,231,10.282616
624,231,9.22736
625,231,2.104708
626,231,1.047371
665,231,6.95753
666,231,3.06233
667,231,10.190802
668,231,11.94595
695,231,25.783094
696,231,19.99123
697,231,5.776392
698,231,9.619292
699,231,13.21982
700,231,18.405432
616,232,10.479305
617,232,8.919411
618,232,14.723114
619,232,12.301365
620,232,6.845703
621,232,3.605455
663,232,5.675789
664,232,3.538331
665,232,4.503185
666,232,1.565583
667,232,3.155002
668,232,6.372081
669,232,8.732972
695,232,9.383947
696,232,4.142825
697,232,4.027944
698,232,3.311883
699,232,5.552561
700,232,5.489665
701,232,9.732881
702,232,22.629313
615,233,3.73752
618,233,4.178862
619,233,3.87554
620,233,0.315128
663,233,5.876186
664,233,1.558283
665,233,0.45697
666,233,1.804079
667,233,4.888495
668,233,6.406628
669,233,5.386288
670,233,10.198778
671,233,26.660595
695,233,4.7669
696,233,0.343802
697,233,2.683342
698,233,2.922827
699,233,2.743798
700,233,2.70083
701,233,3.773482
702,233,3.951171
703,233,6.331797
705,233,27.55246
834,233,12.661973
613,234,16.55674
614,234,5.653655
615,234,1.735862
616,234,2.25027
619,234,3.281994
664,234,0.503328
665,234,0.411634
666,234,0.249258
667,234,3.306075
668,234,3.532537
669,234,8.097039
670,234,5.015946
671,234,21.391039
690,234,16.087452
695,234,7.682671
696,234,0.247923
697,234,2.164562
698,234,1.692253
699,234,2.54223
700,234,2.31919
701,234,1.717371
702,234,3.249308
703,234,3.467979
704,234,3.901523
705,234,3.705541
706,234,9.671459
707,234,27.737734
833,234,6.407394
834,234,17.788689
835,234,16.046154
610,235,22.903465
611,235,5.449683
612,235,7.661575
613,235,6.040403
614,235,12.859455
615,235,0.972942
666,235,0.196077
667,235,3.909336
668,235,4.335468
669,235,7.699109
670,235,12.338639
671,235,21.512793
690,235,9.59891
694,235,13.835068
695,235,3.052973
696,235,1.112903
697,235,0.679937
698,235,0.670698
699,235,3.206247
700,235,2.02204
701,235,3.870082
702,235,2.191055
703,235,3.700793
704,235,4.204545
705,235,2.561314
706,235,4.155368
707,235,4.107707
708,235,3.930041
709,235,17.272224
710,235,29.854782
712,235,1.522819
713,235,3.752941
715,235,25.133858
716,235,18.698887
833,235,1.908692
834,235,5.17463
835,235,2.420377
609,236,13.486055
610,236,9.215098
611,236,22.776554
612,236,2.038869
613,236,0.436413
614,236,1.348153
615,236,0.860129
668,236,6.855588
669,236,8.912056
670,236,14.579561
671,236,17.234838
689,236,27.075676
694,236,3.674817
695,236,0.374571
696,236,0.116662
697,236,0.917133
698,236,1.10597
699,236,1.463889
700,236,3.157738
701,236,1.002971
702,236,1.929399
703,236,3.56217
704,236,1.024049
705,236,1.593133
706,236,4.627517
707,236,1.928984
708,236,2.315427
709,236,3.764515
710,236,2.93549
711,236,4.360562
712,236,0.556965
713,236,1.09228
714,236,1.606123
715,236,3.069183
716,236,4.800614
717,236,1.553705
718,236,3.931225
610,237,26.879662
611,237,10.293247
612,237,9.326838
613,237,25.359421
614,237,0.266918
615,237,1.948896
670,237,14.57161
671,237,17.090939
694,237,5.245154
695,237,0.329893
696,237,0.03083
697,237,0.076814
698,237,1.186957
699,237,1.585317
700,237,2.897834
701,237,1.621086
702,237,2.7
703,237,1.037454
704,237,2.339714
705,237,1.506984
706,237,1.237878
707,237,1.697438
708,237,2.536381
709,237,1.060533
710,237,2.827855
711,237,2.315427
712,237,0.223855
713,237,0.157141
714,237,2.49034
715,237,1.117864
716,237,1.094488
717,237,0.385887
718,237,0.449178
719,237,0.615738
720,237,1.987535
721,237,2.724324
722,237,1.66226
834,237,2.286841
611,238,25.999472
612,238,22.903555
613,238,20.256504
614,238,2.46598
615,238,1.435431
693,238,10.576818
694,238,1.044093
695,238,0.128289
696,238,0.059166
697,238,0.12191
698,238,0.230681
699,238,0.25
700,238,1.707792
701,238,2.418651
702,238,1.09443
703,238,1.408048
704,238,1.797222
705,238,1.700758
706,238,2.620455
707,238,0.874987
708,238,1.353097
709,238,0.930855
710,238,2.211483
711,238,0.161915
712,238,0.242772
713,238,0.877871
714,238,2.45932
715,238,0.355267
716,238,0.575058
717,238,0.650029
718,238,0.152817
719,238,0.244958
720,238,0.259724
721,238,0.723156
722,238,0.415314
726,238,7.80945
727,238,15.193985
731,238,4.942793
614,239,7.248386
615,239,3.044759
616,239,5.173944
693,239,9.986225
694,239,2.063816
695,239,0.154666
696,239,1.33997
697,239,0.155159
698,239,0.165239
699,239,1.238406
700,239,0.621429
701,239,1.083333
702,239,1.0
703,239,1.853626
704,239,2.032197
705,239,1.347222
706,239,1.216301
707,239,0.533333
708,239,0.952951
709,239,0.260087
710,239,0.592124
711,239,0.25
712,239,0.438095
713,239,1.092262
714,239,0.732392
715,239,0.848289
716,239,0.877871
717,239,0.325816
718,239,0.17106
719,239,0.083314
720,239,0.244104
721,239,0.107729
722,239,0.515177
725,239,9.772534
726,239,4.801181
727,239,0.8987
728,239,7.129093
729,239,1.132951
730,239,0.40204
731,239,2.323148
732,239,3.778671
738,239,4.877047
739,239,10.112017
624,877,7.230041
615,240,8.115847
693,240,8.273386
694,240,0.957703
695,240,2.590719
696,240,1.49782
697,240,0.064127
698,240,0.022727
699,240,0.058873
700,240,0.072944
701,240,0.136957
702,240,0.121795
703,240,1.738095
704,240,2.404762
705,240,1.883929
706,240,1.270292
707,240,0.9375
708,240,0.659483
709,240,0.545455
710,240,0.533333
711,240,0.399562
712,240,1.265963
713,240,2.764204
714,240,1.119697
715,240,1.267498
716,240,0.217262
717,240,0.509443
718,240,0.236941
719,240,0.378576
720,240,0.241922
721,240,0.135937
722,240,0.100935
725,240,4.142537
726,240,7.207983
727,240,0.870166
728,240,1.500896
729,240,2.158567
730,240,1.087324
731,240,1.284381
732,240,2.214685
733,240,7.44874
739,240,9.195496
741,240,5.256623
742,240,7.319676
832,240,7.128215
647,241,5.508584
693,241,15.548657
694,241,12.751468
695,241,7.180746
696,241,5.033452
697,241,0.728378
698,241,1.041237
699,241,0.134895
700,241,0.065715
701,241,0.065252
702,241,0.108696
703,241,0.8
704,241,1.333333
705,241,1.5
706,241,3.738095
707,241,1.0625
708,241,0.534483
709,241,0.636364
710,241,1.0
711,241,1.25
712,241,3.284946
713,241,2.090476
714,241,1.407828
715,241,0.430839
716,241,0.866175
717,241,0.449603
718,241,0.849779
719,241,0.094922
720,241,0.080026
721,241,0.174843
724,241,12.692944
725,241,3.219365
726,241,2.536564
727,241,2.166721
728,241,1.302649
729,241,1.341132
730,241,0.880344
731,241,3.78941
732,241,3.863273
741,241,4.990495
743,241,8.965039
745,241,15.439226
648,242,4.207406
649,242,0.966449
656,242,1.582719
696,242,5.540573
697,242,1.360525
698,242,4.841643
699,242,0.388664
700,242,0.055118
701,242,0.039778
702,242,0.038462
703,242,0.288462
704,242,0.967949
705,242,0.045455
706,242,0.966667
707,242,3.833333
708,242,0.571429
709,242,0.571429
712,242,2.0
713,242,3.0
714,242,0.833333
715,242,4.725806
716,242,0.385057
718,242,0.340178
719,242,0.087875
720,242,0.369043
721,242,0.543818
725,242,13.063138
726,242,1.082239
727,242,3.129991
728,242,11.563224
729,242,3.452065
730,242,0.813829
731,242,6.091301
732,242,3.516645
746,242,3.173651
626,243,4.461129
648,243,12.068473
649,243,8.454378
656,243,1.610344
698,243,3.350965
699,243,1.16801
700,243,0.627436
701,243,2.498276
702,243,0.311704
703,243,0.177426
704,243,0.322944
705,243,0.264493
706,243,0.884615
707,243,0.032258
708,243,0.378788
713,243,0.082796
714,243,0.590909
716,243,0.03907
717,243,0.25
718,243,0.123084
719,243,0.334017
720,243,0.312945
725,243,10.540581
727,243,10.911598
728,243,9.800114
729,243,2.622558
731,243,12.158032
656,244,1.474474
698,244,5.808114
699,244,7.168899
700,244,2.98408
701,244,2.178436
702,244,0.290584
703,244,0.421619
704,244,0.287474
705,244,0.388034
706,244,0.326316
707,244,0.168428
708,244,0.847826
709,244,0.532258
710,244,0.3
711,244,0.349462
714,244,0.014493
715,244,0.017241
717,244,0.229477
718,244,0.083089
719,244,0.371821
720,244,0.96193
723,244,0.304554
724,244,0.269558
725,244,0.210057
727,244,12.38878
729,244,6.978509
701,245,0.54151
702,245,0.506754
703,245,0.388422
704,245,0.370181
705,245,0.370016
706,245,0.167333
707,245,0.527438
708,245,0.405128
709,245,0.568965
710,245,0.051282
711,245,0.551282
713,245,1.3
714,245,0.110887
715,245,0.372403
716,245,0.253584
717,245,0.057037
718,245,0.337285
719,245,0.299539
720,245,0.484406
722,245,0.48783
723,245,0.492623
724,245,0.403289
725,245,0.072993
726,245,0.207453
727,245,0.055331
728,245,0.252581
739,245,1.076386
648,246,3.429896
649,246,1.094223
650,246,0.126113
651,246,0.176596
701,246,2.797409
702,246,3.484306
703,246,1.429237
704,246,0.198094
705,246,0.337891
706,246,1.008194
707,246,0.377952
708,246,0.368111
709,246,0.278943
710,246,0.526316
711,246,0.246398
712,246,2.524065
713,246,0.132937
714,246,0.114224
715,246,0.002604
716,246,0.511521
717,246,0.042109
718,246,0.298038
719,246,0.961218
722,246,0.533223
723,246,0.298542
724,246,0.04386
725,246,0.025806
726,246,0.047323
727,246,0.038658
728,246,0.29149
729,246,0.2026
738,246,7.772995
647,247,3.740927
648,247,2.88708
649,247,0.107637
650,247,1.98087
673,247,16.9702
701,247,5.963917
702,247,5.192045
703,247,3.030327
704,247,0.814579
705,247,2.159316
706,247,1.53319
707,247,0.37728
708,247,1.166437
709,247,0.292105
710,247,0.522222
711,247,1.084499
713,247,0.395833
714,247,1.139999
715,247,0.007937
716,247,0.054971
717,247,0.053066
718,247,0.359092
719,247,0.614602
722,247,0.436486
723,247,0.210934
724,247,0.196614
725,247,0.15851
726,247,0.075464
727,247,0.04283
728,247,0.187051
729,247,0.846826
730,247,1.630933
647,248,0.218029
648,248,1.662621
649,248,3.918338
673,248,21.949017
703,248,7.256026
704,248,7.293246
705,248,10.066838
706,248,1.920549
707,248,0.651037
708,248,0.984992
709,248,0.371984
710,248,0.384154
711,248,0.118307
712,248,0.085565
713,248,0.746553
714,248,0.652294
715,248,0.380983
716,248,0.044771
717,248,0.077155
718,248,0.257093
719,248,0.26514
721,248,0.057927
722,248,0.31856
723,248,0.130628
724,248,0.127242
725,248,0.49786
726,248,0.510307
727,248,0.727164
728,248,0.320448
729,248,2.182889
730,248,2.082236
731,248,4.55573
741,248,11.927595
742,248,13.427531
743,248,15.784075
620,887,1.004434
646,249,3.027622
647,249,0.354984
648,249,2.547515
649,249,1.353484
703,249,27.149939
704,249,27.256918
705,249,20.461937
706,249,7.160654
707,249,4.376227
708,249,6.148073
709,249,1.375934
710,249,1.933118
711,249,0.37063
712,249,0.021739
713,249,0.41961
714,249,0.352475
715,249,0.376546
716,249,0.648527
717,249,0.164784
718,249,0.663872
721,249,0.147785
728,249,1.157415
741,249,4.768384
742,249,4.586749
743,249,2.551886
744,249,5.748302
745,249,6.469767
746,249,8.425529
747,249,10.671354
674,250,26.883915
708,250,5.435201
709,250,7.249714
710,250,1.920796
711,250,0.252854
712,250,0.161786
713,250,0.584684
714,250,0.739587
715,250,0.362587
716,250,0.967378
717,250,0.542923
718,250,1.329784
720,250,0.13185
721,250,0.142157
725,250,1.815255
741,250,5.058069
742,250,1.934419
743,250,4.39783
744,250,4.807491
745,250,5.989566
746,250,3.705595
747,250,3.86047
748,250,4.808402
749,250,5.156624
750,250,9.180133
620,889,10.920768
674,251,23.894676
693,251,17.158712
694,251,0.131706
696,251,9.767535
697,251,2.42637
709,251,9.852391
710,251,1.750226
711,251,0.070871
712,251,0.349551
713,251,0.642723
714,251,0.688956
715,251,0.961119
716,251,1.190629
717,251,0.673186
718,251,1.262914
722,251,2.07823
723,251,3.39526
724,251,0.550007
725,251,3.699654
741,251,7.047081
742,251,0.775742
743,251,1.425305
744,251,1.770424
745,251,0.723633
746,251,1.865871
747,251,3.026309
748,251,3.938725
749,251,1.525688
750,251,1.260647
751,251,3.220319
754,251,15.627813
755,251,14.605009
674,252,9.420391
675,252,19.445011
692,252,15.584427
693,252,1.260668
694,252,1.030652
695,252,0.028829
696,252,1.752517
697,252,1.204301
698,252,1.030985
699,252,2.297231
700,252,15.15932
702,252,1.593397
710,252,1.344332
711,252,0.459645
712,252,1.703669
713,252,1.795828
714,252,1.79186
715,252,1.773097
723,252,1.380652
741,252,6.479816
742,252,0.550357
743,252,0.04386
744,252,0.002242
745,252,0.012748
746,252,0.193796
747,252,0.12613
748,252,0.081324
749,252,0.019305
752,252,1.001178
753,252,2.412987
754,252,0.39849
755,252,0.009129
694,253,0.247837
696,253,0.290958
697,253,2.993607
698,253,0.27909
699,253,1.565172
700,253,2.587103
701,253,0.663605
702,253,0.496062
722,253,2.101731
723,253,2.038304
724,253,1.63517
742,253,0.058983
743,253,0.140236
744,253,1.142407
745,253,0.156914
746,253,0.315924
747,253,0.928025
674,254,12.899281
694,254,1.2993
699,254,15.221258
700,254,0.603334
717,254,0.436529
718,254,1.553489
719,254,1.026346
722,254,2.365792
723,254,1.362482
724,254,1.378565
725,254,0.266152
726,254,0.287168
727,254,0.619997
730,254,6.356045
731,254,6.952093
732,254,5.372303
742,254,0.085571
743,254,0.180423
744,254,4.148726
693,255,1.728324
694,255,6.855794
706,255,21.525019
707,255,3.075052
708,255,2.344183
709,255,3.124926
713,255,2.409812
714,255,2.409812
715,255,3.037966
716,255,0.48352
717,255,0.259072
718,255,0.080075
719,255,0.473266
723,255,1.524694
724,255,2.878662
725,255,11.827883
726,255,10.796991
727,255,12.021371
728,255,17.230389
729,255,15.509982
730,255,23.41865
742,255,0.064446
743,255,2.599089
694,256,3.897703
695,256,6.534975
702,256,10.071169
703,256,4.740807
704,256,6.124519
705,256,4.182752
706,256,1.028743
707,256,0.990769
708,256,0.371589
710,256,6.02082
711,256,1.419678
712,256,1.501903
713,256,0.528668
714,256,1.612938
715,256,1.603604
716,256,0.810118
717,256,6.037515
718,256,0.217027
719,256,0.138298
723,256,0.530135
724,256,14.193465
742,256,0.285407
743,256,4.450449
699,257,28.582014
700,257,15.188767
701,257,1.915424
702,257,2.422658
703,257,1.275897
704,257,0.208619
707,257,0.230955
708,257,0.081023
709,257,0.509574
710,257,3.121575
711,257,2.987379
712,257,1.407796
713,257,0.367495
714,257,1.430485
715,257,1.03378
716,257,0.386781
717,257,1.174766
718,257,1.033924
719,257,0.601419
720,257,3.353368
723,257,0.103552
724,257,12.971222
742,257,0.291179
698,258,0.86136
699,258,0.450745
700,258,0.114023
703,258,0.031185
704,258,0.055563
705,258,1.828864
706,258,2.854759
707,258,1.115752
708,258,0.070283
709,258,0.233127
710,258,1.263111
711,258,0.949305
712,258,0.71438
713,258,0.735651
714,258,2.078245
715,258,2.158961
716,258,0.681801
717,258,1.944311
721,258,15.294497
723,258,0.391443
724,258,1.744395
742,258,0.431164
607,259,9.807927
608,259,16.279238
613,259,28.717657
696,259,1.317079
697,259,0.612549
700,259,0.340156
701,259,0.885242
702,259,0.976275
703,259,0.002604
704,259,0.022727
705,259,0.261717
706,259,0.027293
707,259,3.351002
708,259,0.042125
709,259,0.038739
710,259,2.400696
711,259,2.910479
712,259,2.215403
713,259,2.151137
723,259,1.044311
724,259,0.611141
600,576,11.097174
599,577,14.153288
600,577,0.33166
608,260,3.029114
609,260,6.849406
610,260,4.716737
697,260,0.055118
698,260,0.993855
699,260,1.120564
700,260,0.114183
701,260,0.261717
702,260,0.030769
703,260,0.047521
704,260,0.95022
705,260,1.95022
706,260,2.003495
707,260,4.732899
708,260,0.13154
709,260,0.436647
710,260,0.132185
723,260,0.061233
724,260,0.57889
741,260,6.75608
609,261,0.694783
610,261,2.803264
611,261,2.633024
613,261,4.826848
615,261,9.185698
616,261,25.380737
618,261,20.702135
696,261,1.6304
697,261,1.593717
698,261,0.005629
699,261,8.741354
700,261,0.694356
701,261,2.057972
702,261,0.238949
703,261,0.026014
704,261,1.507148
705,261,0.210972
706,261,0.46303
707,261,1.836812
721,261,24.584686
722,261,8.471872
723,261,2.106026
600,578,0.108491
609,262,23.018148
610,262,0.789494
611,262,1.917761
612,262,1.595479
613,262,1.258091
614,262,1.371835
615,262,3.499372
616,262,0.958702
617,262,3.154043
700,262,0.941265
703,262,0.172251
704,262,0.728184
721,262,11.993065
722,262,14.402643
723,262,0.030376
741,262,13.703889
742,262,0.324626
609,263,23.791056
610,263,14.035525
611,263,0.480055
612,263,0.890254
613,263,0.17796
614,263,0.603647
615,263,0.728108
616,263,1.740651
617,263,3.041986
618,263,2.612245
721,263,15.187379
722,263,10.447923
723,263,0.317578
600,579,0.243767
600,580,0.243767
609,264,19.805412
610,264,3.534206
611,264,3.384835
613,264,0.730633
614,264,0.605344
615,264,0.780558
616,264,0.534843
617,264,1.14613
618,264,3.169356
721,264,25.853497
722,264,2.247651
723,264,0.579341
619,903,23.253664
608,265,7.950725
609,265,4.067846
610,265,1.738185
611,265,0.1625
612,265,0.392982
613,265,1.049462
614,265,0.390878
615,265,1.455674
616,265,0.590707
617,265,1.305799
618,265,2.073961
722,265,7.438912
723,265,1.85441
608,266,24.164772
609,266,3.486186
610,266,0.970994
611,266,0.352035
612,266,0.424426
613,266,1.049462
614,266,1.713415
615,266,0.407179
616,266,0.260665
617,266,1.591529
618,266,1.530329
623,266,9.191725
721,266,28.712112
722,266,2.766583
723,266,1.857264
600,581,0.243767
619,904,21.811136
600,582,16.097019
610,267,1.180392
611,267,0.281208
612,267,0.547053
613,267,0.326531
614,267,0.413415
615,267,0.404266
616,267,0.620818
617,267,1.544199
618,267,1.133674
623,267,3.905666
624,267,2.398441
625,267,2.79318
708,267,21.887091
722,267,7.58075
723,267,1.440359
619,905,28.379318
610,268,1.604365
611,268,0.31556
612,268,0.623976
613,268,0.39839
614,268,0.037975
615,268,0.451915
616,268,0.528195
617,268,0.566287
618,268,1.451979
624,268,0.461808
625,268,2.929888
711,268,17.868038
713,268,4.990685
714,268,13.50612
715,268,3.637706
722,268,11.490013
723,268,1.767932
600,584,5.298257
619,906,27.426151
609,269,5.362939
610,269,1.67646
611,269,0.738636
612,269,0.585514
613,269,0.151138
614,269,0.2
615,269,0.256435
616,269,0.529882
617,269,0.531072
618,269,0.386648
624,269,1.810766
625,269,0.154453
626,269,0.938754
627,269,0.740794
715,269,22.746254
716,269,20.191572
723,269,3.962116
611,270,5.123022
612,270,1.779452
613,270,1.175258
614,270,0.820627
615,270,1.110926
616,270,1.583381
617,270,2.03762
618,270,1.363067
623,270,1.407788
624,270,0.342166
625,270,1.222037
626,270,0.58444
627,270,0.405582
628,270,0.354699
629,270,0.238078
630,270,1.010529
631,270,0.72084
632,270,0.72084
724,270,6.176067
600,585,5.298257
600,586,0.743065
612,271,3.541924
613,271,0.429813
614,271,14.044509
615,271,0.799871
616,271,0.472645
617,271,1.713153
618,271,0.461963
624,271,0.389539
625,271,0.941544
626,271,0.11626
627,271,0.224526
628,271,0.192973
629,271,0.080752
630,271,0.15842
631,271,0.226837
632,271,0.238078
633,271,0.316474
634,271,0.590938
635,271,1.069336
636,271,1.112743
637,271,1.078974
638,271,0.835645
642,271,3.033089
645,271,6.23885
724,271,10.253368
725,271,4.674958
612,272,0.279167
613,272,0.01955
614,272,0.036856
615,272,0.17619
616,272,0.236663
617,272,2.460896
618,272,2.070748
624,272,2.180662
625,272,3.004283
626,272,0.109802
627,272,0.105573
628,272,0.058763
629,272,0.07733
630,272,0.105407
631,272,0.278075
632,272,0.278075
633,272,0.113804
634,272,0.223844
635,272,0.261815
636,272,0.588158
637,272,0.872268
638,272,1.21387
639,272,0.821324
640,272,0.821759
641,272,3.303044
642,272,4.291543
643,272,12.325895
644,272,16.150946
645,272,19.730204
724,272,24.650101
795,272,0.292078
796,272,0.186826
611,273,0.051282
612,273,2.361353
613,273,7.038162
614,273,0.450257
615,273,1.773318
616,273,0.186936
617,273,0.364181
618,273,4.615987
619,273,13.030819
624,273,10.49589
625,273,0.379946
626,273,0.709148
627,273,0.127408
628,273,0.168163
629,273,1.54103
630,273,2.045485
631,273,1.817788
632,273,0.676943
633,273,0.112286
634,273,0.103817
635,273,0.059957
636,273,0.109544
637,273,0.10726
638,273,0.104216
639,273,0.081445
640,273,0.44404
641,273,1.137405
642,273,0.817118
643,273,3.265882
645,273,23.061543
795,273,0.421273
796,273,0.241172
797,273,0.051936
609,274,1.48592
610,274,0.038884
611,274,0.201384
612,274,0.253557
613,274,0.486076
614,274,4.504857
615,274,3.543538
616,274,0.789765
617,274,9.166929
618,274,1.992655
619,274,6.441799
624,274,0.90045
625,274,1.718308
626,274,1.640003
627,274,2.317306
628,274,1.332198
629,274,11.240862
630,274,5.600266
631,274,27.536684
632,274,17.094681
633,274,1.51724
634,274,2.147825
635,274,0.591594
636,274,0.526323
637,274,0.514875
638,274,2.640909
639,274,3.182864
796,274,0.838456
797,274,0.222515
607,275,1.374897
608,275,2.669595
611,275,3.840552
613,275,8.154419
614,275,4.464761
627,275,3.156479
628,275,1.855311
657,275,6.005189
796,275,0.930331
797,275,0.227063
607,276,3.660917
608,276,7.191092
611,276,5.238227
646,276,21.930923
647,276,6.267839
648,276,26.416151
665,276,9.784141
672,276,13.826547
673,276,10.402298
675,276,18.445866
676,276,10.013746
677,276,24.648357
795,276,0.490196
796,276,0.420064
797,276,11.539109
631,277,2.270695
632,277,2.638877
633,277,1.292097
634,277,3.422986
635,277,8.885788
637,277,24.425545
638,277,9.957907
639,277,14.773089
640,277,20.636801
641,277,9.714751
642,277,10.01811
643,277,10.755593
644,277,10.013544
646,277,21.76535
647,277,25.974581
666,277,19.999517
670,277,27.044193
671,277,19.536816
672,277,20.819355
673,277,22.155964
674,277,13.917894
675,277,7.346138
796,277,1.393308
797,277,12.842261
798,277,12.587135
631,278,14.450803
638,278,25.561451
640,278,23.753094
667,278,28.513895
669,278,19.66959
670,278,12.326615
671,278,11.804858
672,278,14.199311
673,278,14.208548
674,278,19.005489
797,278,8.16719
798,278,13.985492
633,279,21.459656
634,279,23.23064
797,279,20.701241
798,279,21.057707
607,280,26.586058
797,280,16.087133
796,281,11.041988
797,281,15.27781
812,281,1.294481
797,282,24.67137
812,282,0.142707
601,933,3.405364
601,934,2.201627
727,300,0.64805
727,301,13.389452
728,301,0.06667
729,301,0.033044
730,301,0.033044
731,301,0.009129
732,301,0.014039
733,301,0.279272
727,302,12.14637
728,302,2.911039
729,302,0.049299
730,302,0.008483
731,302,0.002854
732,302,0.005709
733,302,1.212713
727,303,8.135671
728,303,4.579884
729,303,3.698852
730,303,1.896118
731,303,3.633539
732,303,0.11674
733,303,0.967794
728,304,18.759033
729,304,6.028539
730,304,4.654874
731,304,12.392865
732,304,14.234344
733,304,8.971496
605,305,1.116729
608,305,16.900171
610,305,16.613474
728,305,26.882339
729,305,20.311234
730,305,17.122175
607,307,15.028061
608,307,1.860736
607,308,2.232369
608,308,2.934638
609,308,6.700623
610,308,10.801408
611,308,15.49145
616,950,9.794715
617,950,8.23149
707,311,25.566561
711,311,23.002548
712,311,23.002548
713,311,13.418186
714,311,8.644066
715,311,21.132236
608,951,18.063761
616,951,6.362421
617,951,6.415591
609,952,21.314245
613,952,5.901361
616,952,9.793535
617,952,6.133907
707,312,27.382483
708,312,6.410874
709,312,12.606861
710,312,12.168793
711,312,4.531988
712,312,4.531988
713,312,3.088845
714,312,3.650043
715,312,3.650043
716,312,0.50243
717,312,0.130343
718,312,1.829504
719,312,0.556456
720,312,0.28853
707,313,16.784702
708,313,5.632653
709,313,7.324368
710,313,1.635215
711,313,1.323918
712,313,1.323918
713,313,2.039135
714,313,1.079022
715,313,3.23031
716,313,0.27846
717,313,0.178112
718,313,4.561471
719,313,3.055763
765,313,5.346467
663,314,25.930784
664,314,27.426519
665,314,27.409798
668,314,25.586714
707,314,3.012305
708,314,1.239192
709,314,10.537635
710,314,4.246212
711,314,4.412454
712,314,2.321969
713,314,3.474928
714,314,2.372457
715,314,3.0202
716,314,3.201656
717,314,3.518945
718,314,0.002854
753,314,3.283956
765,314,3.145103
610,953,16.667152
612,953,5.89689
613,953,5.102437
661,315,0.865608
707,315,3.569605
708,315,6.40082
709,315,15.743876
710,315,11.964788
711,315,10.71489
712,315,8.011264
713,315,10.531817
714,315,9.958952
715,315,8.473794
716,315,8.770717
717,315,4.673698
718,315,4.677084
739,315,6.557747
748,315,5.086758
751,315,2.040892
752,315,3.220239
753,315,3.219733
754,315,5.969439
764,315,0.778104
765,315,2.530701
766,315,7.740705
610,954,12.604654
611,954,4.456114
612,954,9.812717
613,954,5.143397
707,316,11.57659
710,316,10.570509
712,316,11.144255
713,316,9.817216
714,316,7.488017
715,316,7.416421
716,316,7.416421
717,316,5.886124
718,316,6.040405
719,316,21.410881
739,316,1.288143
740,316,5.465715
746,316,20.732847
747,316,0.752889
748,316,2.708671
751,316,1.450763
752,316,1.870761
753,316,0.354781
754,316,0.159712
756,316,0.550262
764,316,1.336827
765,316,3.422211
766,316,8.636927
631,0,3.924733
631,1,5.266474
632,1,10.477837
633,1,17.084389
634,1,10.750978
635,1,16.162786
608,955,24.736399
609,955,22.469631
610,955,11.900196
611,955,11.852458
612,955,7.274395
613,955,5.928512
608,956,21.170605
611,956,19.062477
612,956,10.333069
613,956,5.823598
656,317,2.738064
681,317,21.33724
739,317,0.853913
740,317,0.002854
744,317,3.894136
751,317,1.08091
752,317,5.286843
753,317,3.143707
754,317,0.226497
756,317,0.478226
763,317,1.264306
764,317,0.66589
631,2,0.651515
632,2,5.963092
656,318,4.171826
658,318,1.511219
676,318,8.121722
677,318,8.831456
679,318,23.733524
739,318,6.884356
740,318,0.417056
741,318,0.002854
744,318,17.240314
745,318,6.344455
746,318,5.861823
747,318,7.616148
751,318,15.870097
752,318,14.587684
753,318,11.360956
754,318,2.800215
763,318,5.036595
764,318,1.59346
609,957,21.08514
611,957,19.006992
612,957,8.069331
613,957,4.847799
632,3,2.744236
608,958,22.851315
610,958,1.938819
611,958,1.212907
612,958,3.888533
658,319,1.023029
667,319,6.218748
668,319,3.577203
669,319,2.40474
670,319,5.111401
671,319,8.243887
675,319,19.681381
676,319,22.616753
677,319,15.633246
678,319,11.514915
763,319,0.918174
764,319,12.815645
661,320,0.00491
662,320,1.464535
663,320,1.425587
664,320,0.025119
665,320,0.025119
666,320,0.00491
667,320,0.00491
668,320,0.174599
695,320,10.689632
696,320,7.747908
697,320,7.058887
698,320,7.295377
699,320,5.396549
700,320,8.47175
701,320,16.54578
702,320,2.877553
703,320,0.621724
704,320,1.634729
705,320,2.881594
706,320,2.05129
707,320,9.877708
708,320,14.720836
765,320,5.240833
630,4,0.37082
608,959,25.146658
609,959,13.81926
610,959,2.377191
611,959,4.754027
612,959,5.105
631,5,0.010707
632,5,13.869675
700,5,4.675778
609,960,7.191513
610,960,1.018941
611,960,1.755847
614,960,2.220916
615,960,1.677839
656,321,8.718307
657,321,17.404375
658,321,9.655631
659,321,0.043671
660,321,7.546865
696,321,1.485407
697,321,1.96375
698,321,6.225732
699,321,3.233998
700,321,2.318213
701,321,0.859362
702,321,1.16057
703,321,1.419481
704,321,1.062927
705,321,2.594918
706,321,2.728419
707,321,1.376246
708,321,0.766122
761,321,24.109898
763,321,23.776169
655,322,0.970935
656,322,1.426294
657,322,1.618139
658,322,0.315657
659,322,0.227879
697,322,1.715939
698,322,1.271706
699,322,2.289962
700,322,4.212949
701,322,4.108164
702,322,2.354125
703,322,0.538051
704,322,0.574022
705,322,0.839067
706,322,2.155553
707,322,2.473529
708,322,7.813776
630,6,8.981471
631,6,0.88251
699,6,0.02647
700,6,1.554375
610,961,0.490864
611,961,0.945202
612,961,2.904973
614,961,1.749315
615,961,2.797086
616,961,0.395598
617,961,2.841613
618,961,0.509726
619,961,0.44351
631,7,24.428432
699,7,2.649168
700,7,2.878473
619,962,0.463253
649,323,5.157943
659,323,0.177709
697,323,2.675415
698,323,4.239645
699,323,20.253862
700,323,3.842925
701,323,2.828352
702,323,5.81754
703,323,1.870384
704,323,3.416296
705,323,4.250289
706,323,0.950727
707,323,1.747499
708,323,9.172125
756,323,19.093971
697,8,0.045737
698,8,0.45811
699,8,3.330129
700,8,3.005334
644,324,8.39345
645,324,7.144687
648,324,4.910385
649,324,5.681674
657,324,6.375067
698,324,15.962731
699,324,13.334646
700,324,4.475334
701,324,8.368912
702,324,7.727914
703,324,7.511308
704,324,11.366175
705,324,6.799307
706,324,8.350191
707,324,1.747499
708,324,9.05413
755,324,0.313744
697,9,0.362571
698,9,0.384473
699,9,2.580932
700,9,3.337778
648,325,9.111333
649,325,0.927453
698,325,9.929938
699,325,19.822012
700,325,24.325518
702,325,18.590471
704,325,12.88705
705,325,23.703308
706,325,15.18596
707,325,6.840826
708,325,10.251054
654,326,4.073918
657,326,1.729557
665,326,0.338755
666,326,10.94598
667,326,3.964658
668,326,0.406396
669,326,4.682482
670,326,6.012033
671,326,1.299504
672,326,0.251873
674,326,0.359958
654,327,6.680192
667,327,1.626557
668,327,7.252357
669,327,5.478449
673,327,2.240496
674,327,1.3208
715,12,0.499501
716,12,0.093097
642,328,9.554495
646,328,24.732206
648,328,1.057258
649,328,27.029503
654,328,4.970214
673,328,4.739251
674,328,2.50236
680,328,13.107761
643,329,1.437996
644,329,0.862347
645,329,0.153559
646,329,1.209743
647,329,2.467137
648,329,0.743353
649,329,1.448734
654,329,4.011622
655,329,1.65415
673,329,19.402912
674,329,8.537354
654,330,3.938783
655,330,0.894288
679,330,20.658699
734,330,3.303347
755,330,2.309092
654,331,5.131834
655,331,2.998718
734,331,1.899862
735,331,0.71404
743,331,6.851431
744,331,4.900821
745,331,5.838897
746,331,11.699681
747,331,4.761748
748,331,1.304698
749,331,2.205707
750,331,2.265062
751,331,0.566818
752,331,0.911439
753,331,0.528979
754,331,2.936117
654,332,3.325874
655,332,2.361559
668,332,7.390308
669,332,0.390674
670,332,1.684012
671,332,0.107673
672,332,6.067523
673,332,6.258959
674,332,6.602881
734,332,5.016405
735,332,1.420063
742,332,0.20491
743,332,0.780236
744,332,0.299399
745,332,3.418279
746,332,1.441142
747,332,6.880596
748,332,5.707162
749,332,3.353276
750,332,4.278239
751,332,6.050355
752,332,21.629194
753,332,11.473375
754,332,7.807174
654,333,3.100358
655,333,1.413023
668,333,3.232187
669,333,5.279437
670,333,3.9228
671,333,4.53326
672,333,5.364258
673,333,25.277483
674,333,12.967836
734,333,1.765475
735,333,16.508078
742,333,12.924314
743,333,4.843882
744,333,7.014402
745,333,7.0883
746,333,10.414536
747,333,10.653607
748,333,17.797579
749,333,12.362745
750,333,11.230434
751,333,18.216993
752,333,11.052096
753,333,11.972408
754,333,8.821234
755,333,13.05759
719,19,1.364025
734,334,2.553758
735,334,14.211391
742,334,7.292749
744,334,7.388634
745,334,6.76534
746,334,6.992931
747,334,9.342934
748,334,9.342934
749,334,9.342934
750,334,7.61718
751,334,11.76606
752,334,11.81544
753,334,11.548344
754,334,6.819818
755,334,15.857531
698,335,3.451926
699,335,1.171347
734,335,3.783527
735,335,3.389624
641,336,0.356515
642,336,0.216027
643,336,0.829025
645,336,1.488728
646,336,0.368874
647,336,0.537387
648,336,0.769513
649,336,0.567777
698,336,12.028853
699,336,25.928783
723,336,4.481484
724,336,5.573352
735,336,3.192357
736,336,3.045091
641,337,0.278099
642,337,1.539775
643,337,1.852721
645,337,0.80905
646,337,0.8162
647,337,3.117853
648,337,1.044237
649,337,6.424307
674,337,1.504431
723,337,2.20969
729,337,22.293291
730,337,13.455113
735,337,15.497521
736,337,21.119453
645,338,0.312864
646,338,1.221726
647,338,0.221726
648,338,0.211359
649,338,0.500657
654,338,5.628149
655,338,1.018175
676,338,16.569792
722,338,28.604403
729,338,3.987764
730,338,29.559921
646,339,0.980419
647,339,0.965613
648,339,0.479767
649,339,1.438389
654,339,1.98992
655,339,2.435321
661,339,5.92825
662,339,7.767446
663,339,10.374365
664,339,7.180747
665,339,1.445236
668,339,3.147049
669,339,7.078146
670,339,3.033662
671,339,4.165905
672,339,28.113752
729,339,13.055498
730,339,3.76826
654,340,3.937844
655,340,2.603901
658,340,19.098362
665,340,25.296131
668,340,10.169008
672,340,25.123381
730,340,3.662151
790,25,23.467318
791,25,8.079967
792,25,16.512304
794,25,24.284376
645,341,0.695459
647,341,0.622361
648,341,6.678766
649,341,1.096397
654,341,1.704474
711,341,6.677659
712,341,6.085523
713,341,1.918791
714,341,6.293532
715,341,5.419144
716,341,5.071557
717,341,7.848308
718,341,4.92521
719,341,4.766546
720,341,0.248372
721,341,9.342686
647,342,3.0876
648,342,0.374573
654,342,2.328577
655,342,2.841949
698,342,28.148256
712,342,17.540142
714,342,8.329219
720,342,21.80751
722,342,29.713207
788,26,21.739771
789,26,13.347347
790,26,23.72061
798,26,13.855035
799,26,9.040661
800,26,6.894862
648,343,0.831315
654,343,1.535276
655,343,1.643447
712,343,19.610447
716,343,13.064598
717,343,9.733338
718,343,21.056129
719,343,10.440238
720,343,17.820839
721,343,8.068798
722,343,10.075142
729,343,11.840449
730,343,13.404516
642,344,0.675385
646,344,0.434043
647,344,4.93103
648,344,4.046767
654,344,3.220028
655,344,0.554161
730,344,20.2771
642,345,0.091525
643,345,1.601977
654,345,1.488937
655,345,1.597355
642,346,3.282256
665,346,22.117577
667,346,0.6466
668,346,2.745775
669,346,1.758625
670,346,0.605258
671,346,5.479247
672,346,4.579601
673,346,3.084594
731,346,1.751023
642,347,8.847668
643,347,2.076485
667,347,1.50903
668,347,5.04146
669,347,7.31838
670,347,6.564953
671,347,6.564953
672,347,8.11504
673,347,3.028751
674,347,10.624574
730,347,6.741995
731,347,0.266643
736,347,12.116158
737,347,6.040866
639,348,1.424146
640,348,0.703965
642,348,1.412986
643,348,4.631992
703,348,29.932367
736,348,2.845449
737,348,27.507236
602,988,3.725245
603,988,2.679778
604,988,1.858026
642,349,1.831494
643,349,2.868699
668,349,1.583096
669,349,1.501585
670,349,1.781862
671,349,1.290376
672,349,7.65333
673,349,15.619039
736,349,15.818719
639,350,9.785135
640,350,11.149476
642,350,4.47543
643,350,27.992144
649,350,17.39258
658,350,12.671114
659,350,13.785595
660,350,22.466253
661,350,3.455634
662,350,6.070646
668,350,6.753175
669,350,8.661121
670,350,23.898684
671,350,6.204788
730,350,1.966129
731,350,23.810955
639,351,13.267686
649,351,1.041299
660,351,29.93161
663,351,1.16574
731,351,15.203934
732,351,22.625397
641,352,0.098682
642,352,0.105675
649,352,1.257189
663,352,12.030573
643,353,0.640918
649,353,1.291021
663,353,5.5394
732,353,1.005848
643,354,9.187496
649,354,1.220694
663,354,14.271667
732,354,0.636922
643,355,3.366297
649,355,1.149781
663,355,18.404291
732,355,14.389395
741,355,7.736353
742,355,1.294046
684,40,16.268415
675,41,10.390447
676,41,10.374581
677,41,24.45211
639,356,4.238097
642,356,2.381173
643,356,0.257878
649,356,1.149781
663,356,7.776567
733,356,18.42989
737,356,23.485371
741,356,13.383905
742,356,3.258296
743,356,0.687953
744,356,5.319838
649,357,4.353039
663,357,19.338961
601,997,26.624508
733,358,22.511139
741,358,19.981136
743,358,21.249008
744,358,3.109326
660,359,8.709403
662,359,22.348186
659,360,22.561619
746,361,26.48291
754,361,16.903275
755,361,10.16894
756,361,6.516223
757,361,9.805153
758,361,3.364537
759,361,15.612827
760,361,11.26169
646,362,20.478031
647,362,16.381493
648,362,11.539866
746,362,23.882034
753,362,19.29623
754,362,17.646555
756,362,27.667276
758,362,21.514853
647,363,20.053604
648,363,17.646587
758,363,23.031208
618,1005,1.47881
619,1005,1.843636
620,1005,1.642368
635,365,8.062586
600,1006,17.722054
652,369,13.173899
726,370,22.339874
727,370,25.396461
643,371,1.494048
728,371,19.223513
642,372,1.236084
643,372,3.910055
642,373,6.103726
644,373,7.41312
645,373,8.633688
650,373,16.340927
644,374,5.693742
645,374,5.961806
629,1012,7.851712
647,375,4.65017
618,1014,1.398964
619,1014,1.495897
620,1014,2.39235
621,1014,1.799949
622,1014,1.501283
623,1014,2.487988
624,1014,2.887209
625,1014,9.991529
670,63,15.503268
671,63,9.107925
672,63,5.58
673,63,2.745369
674,63,2.712806
675,63,2.324982
676,63,4.007054
684,63,0.434691
685,63,0.682005
636,376,2.479772
636,377,24.415459
637,377,4.776066
667,64,5.482399
668,64,7.303655
670,64,1.297295
671,64,1.374398
672,64,2.739015
673,64,2.52038
674,64,2.619307
675,64,3.008346
676,64,6.452903
680,64,0.754262
681,64,6.811257
682,64,4.150979
683,64,29.303068
686,64,19.959082
689,64,3.257499
690,64,29.050581
666,65,9.629158
667,65,6.15512
668,65,2.106432
669,65,3.030203
670,65,1.709213
671,65,1.622067
672,65,3.117305
673,65,3.028441
674,65,3.509701
675,65,2.910698
676,65,4.770581
679,65,3.2581
680,65,1.202259
682,65,21.73579
689,65,25.41259
667,66,5.592477
668,66,1.734747
669,66,1.951347
670,66,1.473562
671,66,1.932689
672,66,1.358941
673,66,3.372452
674,66,1.76252
675,66,0.827796
676,66,15.957582
679,66,1.027463
680,66,11.571411
703,66,10.935865
614,1017,3.070012
615,1017,0.169355
616,1017,0.133758
764,379,20.432005
636,67,3.133468
637,67,2.483051
667,67,6.279891
668,67,2.626205
669,67,2.320866
670,67,2.095871
671,67,1.350912
672,67,1.798523
673,67,3.234118
674,67,1.564169
675,67,4.989532
679,67,1.936816
680,67,26.064083
597,1018,0.385733
614,1018,0.254318
615,1018,0.252174
616,1018,0.129288
628,68,3.515135
629,68,2.201716
631,68,20.595392
632,68,5.423345
633,68,0.578689
634,68,0.534817
635,68,0.589043
636,68,2.164422
637,68,5.138077
638,68,0.957235
639,68,0.189303
640,68,0.197525
667,68,11.866191
668,68,3.858605
669,68,2.76705
670,68,4.396297
671,68,6.257535
672,68,8.783792
673,68,8.23918
674,68,16.213213
675,68,27.182055
679,68,16.816769
842,68,27.122911
843,68,29.640501
850,68,26.393408
776,380,24.63707
597,1019,1.333167
614,1019,0.37358
615,1019,0.276021
621,69,1.480624
622,69,1.439715
623,69,1.028829
624,69,3.008813
625,69,8.199759
626,69,8.521089
627,69,6.979707
628,69,9.531908
629,69,16.443375
630,69,17.05654
631,69,10.392349
632,69,0.724991
636,69,27.572453
637,69,25.551729
638,69,3.331877
639,69,1.006786
640,69,0.102989
641,69,0.998001
667,69,7.815547
668,69,16.259165
670,69,18.951336
673,69,8.709429
674,69,26.348812
679,69,20.39591
614,1020,0.527024
615,1020,0.341769
617,70,25.127502
618,70,4.609558
619,70,0.162506
620,70,12.667069
621,70,17.629
622,70,13.999077
623,70,13.277004
624,70,1.572586
625,70,1.169038
633,70,29.734924
634,70,0.808075
639,70,1.535247
640,70,0.102989
641,70,0.133598
666,70,15.831715
669,70,19.374479
670,70,23.066225
673,70,14.956778
674,70,17.085247
675,70,25.934792
614,1021,0.370333
615,1021,10.331935
614,1022,0.37358
615,1022,5.149276
626,71,1.342206
631,71,13.564507
632,71,22.254467
633,71,1.159325
634,71,0.496677
674,71,14.408949
675,71,17.326639
624,72,12.277418
625,72,15.754469
626,72,1.387635
627,72,1.041741
652,72,1.345455
674,72,13.422082
675,72,24.836075
603,1023,3.381891
604,1023,3.85153
605,1023,3.381891
606,1023,2.949217
614,1023,0.255759
615,1023,8.518609
603,1024,3.197712
604,1024,2.560047
605,1024,2.981919
606,1024,5.981947
614,1024,4.089283
620,73,0.865476
666,73,0.014862
667,73,0.010707
668,73,0.012165
669,73,0.005051
673,73,25.01783
674,73,29.794821
675,73,25.939823
668,74,0.043495
669,74,0.005495
670,74,0.038462
673,74,17.120544
667,75,0.447551
668,75,0.331281
669,75,0.340165
670,75,0.285736
614,1025,2.782516
667,76,0.447551
668,76,0.331281
669,76,0.340165
670,76,0.083165
847,76,3.417701
848,76,6.340091
850,76,7.072792
667,77,0.447551
668,77,0.472284
669,77,0.342706
670,77,10.380553
846,77,5.715405
667,78,0.502917
668,78,0.45265
669,78,20.493464
670,78,20.493464
844,78,14.451929
845,78,4.731675
846,78,5.987255
620,1027,7.381043
668,79,22.235891
669,79,21.703957
670,79,22.309557
597,1028,7.609542
598,1028,1.531915
599,1028,1.664793
600,1028,0.71795
601,1028,0.71795
602,1028,0.670857
618,1028,5.736193
619,1028,5.987081
620,1028,3.740404
723,79,14.070286
723,80,5.30108
722,81,2.92078
723,81,2.566219
724,81,1.365711
598,1029,1.664793
599,1029,0.810372
600,1029,0.810372
601,1029,0.71795
602,1029,0.670857
611,1029,21.388489
612,1029,9.549499
613,1029,13.303725
614,1029,7.578187
615,1029,13.294743
616,1029,5.494189
617,1029,4.9846
618,1029,5.912907
610,1030,2.985394
616,1030,2.175576
617,1030,3.010856
607,1031,22.137239
722,82,7.010147
723,82,1.974074
724,82,1.851511
725,82,13.06496
605,1032,19.61632
606,1032,25.733246
607,1032,20.882948
721,83,3.085483
722,83,2.496328
724,83,0.351449
725,83,4.218807
618,1033,1.785038
619,1033,3.421699
628,1034,5.740308
725,84,0.957449
628,1035,4.07984
628,1036,12.757854
628,1037,8.241858
628,1038,15.66269
628,1040,21.235687
682,94,18.196411
683,94,9.588266
684,94,8.771831
685,94,6.938107
686,94,2.762808
687,94,3.552608
688,94,2.976673
689,94,2.758308
690,94,2.662562
683,95,4.421452
684,95,14.083153
685,95,6.634516
686,95,2.267374
687,95,0.186085
688,95,4.16132
689,95,0.100556
690,95,0.007949
695,95,0.685338
684,96,12.119686
685,96,0.534565
686,96,0.663201
687,96,2.618132
688,96,2.718044
695,96,0.038923
696,96,0.238036
697,96,0.163773
683,97,22.21171
685,97,0.541689
686,97,0.153723
687,97,0.048569
688,97,0.348378
689,97,1.921554
690,97,4.031056
691,97,0.050633
695,97,2.531687
696,97,0.541215
697,97,1.437631
698,97,5.296324
699,97,6.522685
791,97,28.484859
686,98,0.781577
687,98,2.386262
688,98,19.073593
689,98,14.071042
690,98,21.11495
750,98,18.23184
751,98,18.580261
759,98,22.596594
760,98,24.036245
810,102,0.236707
811,102,0.3584
810,103,4.235734
747,107,0.720253
603,1056,24.870346
604,1056,20.178381
605,1056,7.791687
606,1056,6.565975
618,1056,12.614216
747,109,0.560734
746,110,0.557691
750,113,22.484467
785,113,3.488416
786,113,1.883535
787,113,2.319653
788,113,1.420167
789,113,1.287329
790,113,2.083937
791,113,5.376369
792,113,9.401768
744,115,12.538598
745,115,1.211717
746,115,8.592094
747,115,0.547471
784,115,3.181073
785,115,2.810972
786,115,3.553401
787,115,2.318665
788,115,3.047632
790,115,3.67931
791,115,11.382113
792,115,9.028796
793,115,17.966694
794,115,18.986425
795,115,27.820904
796,115,16.160835
797,115,17.218294
783,116,3.904281
784,116,1.980909
785,116,2.256955
786,116,1.652418
787,116,1.366848
788,116,1.496039
790,116,3.058605
791,116,2.179183
792,116,3.635527
793,116,4.748694
794,116,2.419939
795,116,3.140464
796,116,13.318204
821,116,10.236362
748,117,0.39741
758,117,3.136313
784,117,0.979613
785,117,0.935162
786,117,0.859722
787,117,1.287632
788,117,1.140341
790,117,0.743373
791,117,1.760655
792,117,3.37453
793,117,2.091163
794,117,2.429487
795,117,1.274081
748,118,0.165431
755,118,1.184862
785,118,1.564912
786,118,1.526325
787,118,0.34388
788,118,0.587664
790,118,1.433287
791,118,0.545774
792,118,2.876328
794,118,25.185911
743,119,0.086729
744,119,0.032887
745,119,0.078501
746,119,1.131556
747,119,0.221665
755,119,1.184862
787,119,1.06552
788,119,0.830635
790,119,1.30953
791,119,0.857896
792,119,4.909256
793,119,2.516229
794,119,3.291348
824,119,8.938627
608,1067,10.346754
613,1067,19.567934
614,1067,21.124676
615,1067,20.717096
618,1067,4.291813
747,120,1.307652
748,120,0.290094
755,120,0.955717
784,120,2.988605
785,120,1.685488
786,120,0.501438
787,120,13.589137
788,120,1.271979
790,120,1.852409
791,120,1.417845
792,120,3.124372
793,120,3.713416
794,120,2.966858
822,120,12.614923
823,120,8.4129
602,1068,2.995193
603,1068,1.20802
604,1068,1.156895
605,1068,1.421072
606,1068,0.440678
607,1068,0.440678
608,1068,0.440678
616,1068,29.590956
617,1068,4.900538
743,121,0.910668
744,121,0.096073
745,121,0.039013
746,121,0.094568
747,121,0.039192
748,121,0.278189
750,121,2.704133
754,121,1.222615
822,121,13.315523
614,1069,4.039998
615,1069,4.039998
616,1069,4.674124
617,1069,0.440678
743,122,0.099095
745,122,0.069498
746,122,0.225465
752,122,1.119635
753,122,0.942945
754,122,1.82837
784,122,1.878917
785,122,0.910724
786,122,1.204592
787,122,1.264243
788,122,2.031853
789,122,1.015729
790,122,2.614728
791,122,2.571756
792,122,5.671789
793,122,2.244555
794,122,4.406409
795,122,0.911829
796,122,2.708451
797,122,26.792286
818,122,28.991024
822,122,9.152647
613,1070,0.440678
614,1070,0.540541
615,1070,0.540541
616,1070,6.727267
617,1070,0.491803
616,1071,0.540541
617,1071,1.36407
782,123,2.871323
783,123,4.302319
784,123,0.948192
785,123,0.615549
759,124,1.635075
762,124,2.109302
763,124,1.489504
826,124,10.285217
616,1072,11.460109
768,125,2.663999
769,125,8.876599
825,125,4.078163
826,125,14.137226
833,125,17.752457
746,126,11.020741
747,126,4.589226
748,126,9.851171
826,126,12.906603
827,126,11.276815
833,126,7.413262
746,127,16.876551
747,127,16.566523
749,127,29.316875
759,127,18.479883
769,127,21.325533
823,127,9.436975
824,127,12.979435
825,127,13.625316
827,127,16.228939
753,128,5.342273
754,128,8.720442
755,128,9.280765
757,128,18.605326
758,128,9.071432
759,128,21.288645
762,128,6.041026
763,128,5.864014
764,128,5.274697
765,128,12.159097
766,128,20.445984
767,128,13.293189
768,128,12.595817
769,128,29.918186
823,128,12.434187
824,128,6.825004
825,128,7.690652
827,128,3.385769
831,128,2.479891
832,128,2.768928
833,128,7.725887
834,128,3.873358
835,128,4.005277
748,129,16.200397
749,129,14.609398
750,129,18.823692
751,129,12.663095
752,129,9.602309
754,129,21.18404
755,129,6.201364
756,129,8.157355
757,129,11.284684
758,129,3.770142
759,129,5.135492
760,129,4.514362
761,129,6.111719
762,129,5.169215
763,129,9.182367
764,129,3.712807
765,129,8.779849
766,129,25.442778
767,129,28.09004
768,129,29.983608
824,129,10.040108
825,129,17.426176
831,129,8.642241
832,129,11.633064
833,129,9.853742
834,129,16.264713
746,130,8.861582
747,130,14.946918
748,130,12.286767
749,130,12.255278
750,130,23.412022
751,130,9.537187
752,130,12.110481
753,130,10.096254
754,130,18.491819
755,130,3.838578
756,130,13.495932
759,130,11.146273
760,130,5.596603
761,130,10.700415
762,130,7.581826
763,130,12.843256
764,130,12.6602
766,130,23.694508
828,130,15.719923
835,130,1.513665
745,131,14.341
746,131,10.101116
747,131,2.675411
748,131,1.826037
749,131,10.87488
750,131,17.676704
751,131,10.440294
752,131,13.696809
753,131,10.652235
754,131,6.186473
755,131,10.19449
756,131,9.155633
757,131,17.230633
759,131,10.071484
825,131,15.306891
832,131,1.646921
833,131,8.172283
834,131,10.596004
835,131,9.595299
745,132,20.172331
746,132,27.267504
747,132,20.273806
748,132,16.769161
749,132,16.187826
751,132,29.016914
752,132,18.803825
754,132,9.567903
784,132,9.49938
785,132,20.287247
786,132,21.271788
823,132,13.656666
825,132,8.510103
827,132,2.72459
831,132,7.841406
832,132,13.501595
833,132,12.734416
746,133,21.600548
784,133,4.359051
785,133,14.842288
786,133,16.172899
782,134,7.784878
783,134,24.080299
717,135,2.644525
823,136,8.044787
823,137,7.858641
721,138,3.865156
722,138,4.3013
822,138,10.420063
823,138,27.01235
826,138,9.300621
716,139,0.035533
717,139,0.050633
719,139,0.712247
721,139,3.751508
722,139,11.728367
759,139,1.177423
760,139,0.297635
761,139,0.263489
821,139,18.363722
822,139,4.672605
721,140,0.221715
722,140,9.161077
759,140,0.582586
760,140,0.184308
761,140,0.25808
690,141,28.953012
699,141,13.714982
721,141,0.111525
722,141,7.160449
747,141,0.248275
760,141,0.220276
761,141,0.371475
762,141,0.218453
690,142,16.535326
693,142,3.62536
694,142,4.218162
695,142,4.227626
696,142,5.656607
697,142,3.210743
698,142,0.536776
699,142,12.348841
700,142,6.945805
722,142,4.509535
761,142,0.252288
762,142,0.36928
807,142,2.66066
808,142,1.791904
809,142,7.548448
673,143,3.163706
692,143,12.85273
693,143,4.649755
694,143,6.991033
695,143,5.580335
696,143,1.924606
697,143,1.487985
698,143,0.106307
699,143,0.59774
700,143,2.791387
718,143,1.267416
719,143,0.218798
720,143,5.408801
722,143,4.479196
671,144,2.111502
687,144,13.03789
694,144,1.862189
695,144,2.179365
696,144,5.817551
716,144,0.890746
717,144,0.28829
718,144,0.099401
719,144,0.098696
720,144,3.25784
705,457,22.302694
708,457,11.782069
709,457,20.415791
672,145,6.437394
687,145,2.636876
692,145,0.076127
693,145,0.098219
694,145,7.298439
695,145,1.237607
715,145,0.170511
716,145,0.07514
717,145,0.072084
718,145,0.050239
719,145,0.02329
720,145,2.099821
708,458,27.628304
709,458,29.561968
686,146,1.033535
687,146,6.12589
688,146,5.717137
600,763,18.1134
601,763,25.246523
602,763,11.783555
686,147,5.401103
687,147,0.479179
688,147,3.803297
600,764,25.637413
601,764,14.007412
602,764,11.523104
603,764,25.386005
602,765,9.64394
603,765,13.824693
668,148,27.50655
687,148,0.007949
688,148,3.050695
720,148,25.447336
721,148,1.751979
723,148,12.276871
724,148,8.751389
664,149,10.67853
666,149,16.243111
686,149,0.059814
688,149,12.100715
689,149,9.537915
716,149,3.662321
717,149,28.410652
718,149,28.364496
719,149,0.990775
720,149,0.231325
721,149,2.672431
722,149,4.434313
723,149,2.588072
603,766,15.523701
606,766,0.115962
658,150,18.997156
659,150,8.654959
660,150,21.085808
661,150,4.862349
662,150,22.453949
685,150,0.240758
687,150,11.018608
688,150,8.529076
689,150,1.655928
692,150,10.251129
693,150,16.579622
709,150,6.651474
710,150,5.495174
711,150,4.690583
712,150,3.573265
714,150,15.394031
715,150,5.877231
716,150,8.06254
717,150,0.065507
723,150,0.442507
724,150,9.878978
603,767,28.285807
606,767,0.996972
607,767,11.903977
661,151,4.316421
662,151,1.773633
663,151,0.522265
664,151,0.522265
679,151,1.478597
680,151,5.610422
681,151,9.147798
682,151,18.300098
683,151,0.02908
684,151,0.232634
685,151,0.232634
688,151,1.267712
689,151,3.494485
708,151,0.447783
709,151,1.446773
710,151,0.591861
711,151,0.370281
712,151,0.075995
718,151,0.068397
719,151,0.260355
720,151,0.085924
721,151,0.050535
722,151,0.057171
723,151,0.089387
724,151,1.321571
658,152,2.242239
659,152,1.896444
660,152,14.147136
661,152,1.062139
675,152,0.468462
676,152,0.202503
677,152,0.068783
678,152,0.068783
679,152,0.831468
680,152,0.278388
681,152,9.408611
682,152,0.111008
683,152,0.305912
684,152,0.047149
685,152,0.114139
686,152,0.139497
688,152,3.847731
712,152,0.035101
713,152,0.019608
714,152,0.415361
715,152,0.039027
716,152,0.041106
717,152,0.186958
718,152,0.233996
719,152,0.356422
720,152,0.3219
721,152,0.153066
603,768,0.254545
608,769,7.890584
657,153,1.319762
659,153,4.477498
672,153,1.228037
673,153,0.335534
674,153,0.281099
675,153,0.338381
676,153,0.09896
677,153,0.033642
678,153,0.09896
679,153,0.089164
680,153,0.031619
681,153,0.047149
682,153,1.118823
684,153,0.574854
685,153,0.067477
686,153,6.202164
687,153,8.727881
689,153,0.042419
707,153,1.938169
708,153,0.016084
709,153,0.052263
710,153,0.308769
711,153,0.045697
712,153,0.13179
713,153,0.016822
714,153,0.017802
715,153,0.018902
721,153,0.036531
722,153,0.014218
723,153,0.131579
724,153,2.525635
725,153,0.636699
657,154,13.110737
659,154,9.118916
660,154,3.934383
668,154,2.50559
669,154,2.594014
672,154,0.058582
673,154,0.092876
674,154,0.102121
675,154,0.066839
676,154,0.1357
677,154,0.823986
678,154,0.1357
679,154,0.046373
681,154,0.026954
682,154,0.066378
683,154,0.076384
684,154,0.027094
685,154,0.008584
686,154,3.36556
687,154,5.687432
688,154,13.107196
706,154,0.713571
707,154,0.028924
708,154,0.082766
709,154,0.60384
716,154,0.023952
718,154,0.046517
719,154,0.864436
720,154,0.036413
721,154,0.107672
722,154,0.01315
723,154,0.008584
724,154,0.07231
665,155,12.831992
667,155,2.38822
672,155,1.374503
673,155,0.022528
674,155,0.021625
675,155,0.094188
676,155,0.122832
678,155,0.838692
679,155,0.034474
680,155,0.01977
681,155,0.033442
682,155,0.022936
683,155,0.035533
684,155,0.977246
685,155,1.465054
687,155,1.628667
689,155,21.128323
710,155,0.624365
711,155,0.125331
712,155,0.087366
713,155,0.141757
714,155,0.025102
715,155,0.01732
716,155,0.014218
718,155,0.036413
725,155,4.240591
726,155,4.189
792,155,7.338327
663,156,4.304825
664,156,4.786664
673,156,0.008584
679,156,0.050633
704,156,0.309983
705,156,0.213306
706,156,0.159195
707,156,0.111934
708,156,0.010104
709,156,0.029712
710,156,0.129619
711,156,0.115854
712,156,0.646517
713,156,0.156083
719,156,0.031847
720,156,0.019608
721,156,0.014218
722,156,0.031847
723,156,0.014929
724,156,0.035533
725,156,0.035533
726,156,0.368771
781,156,1.252951
782,156,6.635941
787,156,1.770754
788,156,2.045953
789,156,3.590067
790,156,3.174547
791,156,5.297338
792,156,3.067987
793,156,4.243829
605,771,26.225176
672,157,0.14028
673,157,0.010363
689,157,7.537242
703,157,0.007949
704,157,0.010707
705,157,0.023808
706,157,0.035857
707,157,0.049375
713,157,0.622004
714,157,0.055939
715,157,0.276316
716,157,0.527539
717,157,0.036413
718,157,0.014929
719,157,0.01315
720,157,0.062427
721,157,0.071488
722,157,0.018784
777,157,2.711451
778,157,1.928104
779,157,1.136585
780,157,0.626809
781,157,1.212714
782,157,6.139128
786,157,6.532369
787,157,0.523539
788,157,13.298184
789,157,6.390482
790,157,5.850947
647,158,3.429415
669,158,0.047698
670,158,0.039347
672,158,0.022936
707,158,0.03531
708,158,0.027902
709,158,0.995325
710,158,0.036377
711,158,0.051255
712,158,0.034984
713,158,0.044481
714,158,0.022241
715,158,0.017675
716,158,0.107672
721,158,0.062427
722,158,0.014929
723,158,0.035533
724,158,0.050633
725,158,0.050633
727,158,29.346605
770,158,4.147738
776,158,3.593094
777,158,3.364293
778,158,1.926875
779,158,0.330307
781,158,0.862172
782,158,0.625887
664,159,0.045549
665,159,0.047698
672,159,0.037775
673,159,0.165416
704,159,0.024022
705,159,0.00965
706,159,0.048345
707,159,0.081718
708,159,0.083533
709,159,0.391159
710,159,0.139448
718,159,15.236097
719,159,12.582795
727,159,11.570113
765,159,0.894261
766,159,2.313956
767,159,2.7635
768,159,2.757219
769,159,2.263901
770,159,15.706154
771,159,10.662121
772,159,10.741569
773,159,2.220035
776,159,4.098794
605,772,25.811502
606,772,18.915365
605,773,23.418325
606,773,16.364679
661,160,0.035101
662,160,0.175259
663,160,0.08996
664,160,0.015991
665,160,0.08246
710,160,11.682943
760,160,0.637797
761,160,0.642395
762,160,1.822973
763,160,2.808055
764,160,1.480548
765,160,0.648528
766,160,8.493575
767,160,0.786668
768,160,0.678365
769,160,1.150614
770,160,0.445962
771,160,0.444802
772,160,0.557792
660,161,0.050633
661,161,0.01777
706,161,6.369089
707,161,11.859969
708,161,26.122181
755,161,0.291119
756,161,0.294447
757,161,4.835562
758,161,4.459788
759,161,1.680388
760,161,0.732687
761,161,0.657874
762,161,0.564038
763,161,0.569666
764,161,1.012277
765,161,0.777408
766,161,2.007495
767,161,1.654025
768,161,0.543699
606,774,23.987459
607,774,20.195459
749,162,1.659948
751,162,2.000644
752,162,0.534728
753,162,0.253653
754,162,0.16627
755,162,0.161392
756,162,0.653145
757,162,0.617442
758,162,2.560309
759,162,8.369102
760,162,1.041444
761,162,1.22219
762,162,0.695276
763,162,0.901929
764,162,0.471657
765,162,0.408037
766,162,3.299225
767,162,1.955751
748,163,1.578329
749,163,2.235532
750,163,0.375389
751,163,0.246664
752,163,0.648899
753,163,0.079649
754,163,0.309536
755,163,0.26858
756,163,0.407594
757,163,0.619794
758,163,0.594257
759,163,0.635995
760,163,0.64974
761,163,1.467435
762,163,0.63639
763,163,1.066778
764,163,4.84514
746,164,0.675182
747,164,0.42904
748,164,0.135386
749,164,0.234584
750,164,1.212655
751,164,0.201302
752,164,0.149799
753,164,0.498345
754,164,0.623218
755,164,1.107278
756,164,0.921618
757,164,1.754027
758,164,2.528792
759,164,1.640817
760,164,2.901845
749,165,0.60775
750,165,0.534729
751,165,0.583582
754,165,2.03141
755,165,2.904194
613,1111,17.978756
614,1111,12.409769
615,1111,11.047702
616,1111,3.982241
614,1112,7.63747
615,1112,3.560991
749,166,0.610302
750,166,3.174978
666,167,0.559571
617,1113,11.498488
800,168,20.401875
597,1114,27.405563
773,171,1.860628
774,171,2.898055
775,171,0.634877
776,171,0.811222
777,171,1.065901
778,171,1.687949
779,171,0.685586
780,171,0.769582
770,172,5.575524
771,172,3.152858
772,172,3.832749
773,172,1.852874
774,172,1.186257
775,172,0.853157
776,172,1.120072
777,172,0.506549
778,172,0.600851
779,172,0.531357
780,172,12.133613
761,173,1.758751
763,173,0.576788
764,173,1.777862
765,173,2.353152
766,173,1.29538
771,173,1.603928
772,173,1.079652
773,173,1.025363
774,173,1.77488
775,173,0.994643
776,173,1.16198
777,173,1.625355
778,173,2.799037
779,173,9.846456
757,174,2.80306
758,174,2.186593
759,174,0.460631
760,174,0.678748
761,174,0.03674
762,174,1.017167
763,174,0.494313
764,174,0.179656
765,174,0.540242
766,174,1.941538
771,174,20.608461
772,174,2.125459
777,174,5.785203
779,174,0.661972
780,174,0.40007
781,174,0.415617
614,1118,6.951872
754,175,6.496353
755,175,0.220695
756,175,0.260333
757,175,0.056282
758,175,0.20301
759,175,0.040706
760,175,0.110599
761,175,0.198815
762,175,0.070992
763,175,0.03202
764,175,0.077711
765,175,0.121751
766,175,0.803313
774,175,1.038177
775,175,0.188937
776,175,0.191017
777,175,0.683913
778,175,4.418665
779,175,0.926169
780,175,1.125547
781,175,0.357079
751,176,0.328513
752,176,0.112156
753,176,1.322246
754,176,0.216696
755,176,0.214901
756,176,0.056736
757,176,0.66754
758,176,0.033487
759,176,0.075842
760,176,0.106897
761,176,0.073462
762,176,0.115483
763,176,0.057244
764,176,0.147226
765,176,1.473931
766,176,4.486635
771,176,0.384701
772,176,1.758298
773,176,1.176838
774,176,0.407342
775,176,1.330598
776,176,4.53508
777,176,0.625717
778,176,0.814876
779,176,3.887084
780,176,2.724407
781,176,12.135083
604,790,0.205264
747,177,1.016882
748,177,0.417925
749,177,0.122771
750,177,0.078566
751,177,0.029333
752,177,0.069575
753,177,0.71076
754,177,0.112206
755,177,0.092563
756,177,0.093193
757,177,0.170937
758,177,0.140809
759,177,0.084099
760,177,0.120716
761,177,0.125887
762,177,0.965862
763,177,1.346802
764,177,0.805197
765,177,0.512728
766,177,5.791614
767,177,6.064455
771,177,1.504064
772,177,2.855418
773,177,3.445044
774,177,1.707731
775,177,3.648824
776,177,4.252082
777,177,2.699641
778,177,9.638359
779,177,5.829731
780,177,7.940988
781,177,26.937071
599,791,1.132095
604,791,0.255771
605,791,0.10424
606,791,0.205417
607,791,0.297411
599,792,0.669102
604,792,0.192012
605,792,0.173981
606,792,0.202368
607,792,1.128526
747,178,0.115972
748,178,0.024667
749,178,0.028133
750,178,0.305704
751,178,0.174704
752,178,0.093335
753,178,0.418533
754,178,0.173469
755,178,0.138697
756,178,0.085051
757,178,0.099528
758,178,0.058422
759,178,0.097351
760,178,0.244159
761,178,0.25
762,178,0.615961
763,178,0.097351
764,178,1.992809
765,178,0.299183
766,178,1.159276
767,178,5.302625
771,178,9.153772
772,178,1.495214
773,178,4.997524
774,178,5.802725
775,178,6.788953
776,178,5.808112
778,178,19.437017
779,178,29.571901
748,179,0.575233
749,179,0.092042
750,179,0.072576
751,179,0.120352
752,179,0.058496
753,179,0.074519
754,179,0.058496
755,179,0.055818
756,179,0.446845
757,179,0.180684
758,179,0.244159
759,179,1.19174
760,179,1.540478
761,179,2.287091
763,179,0.928616
764,179,1.40835
765,179,1.200057
766,179,2.174751
767,179,9.871216
771,179,25.527279
772,179,7.399002
773,179,14.129144
774,179,9.368715
775,179,2.177857
776,179,2.255595
777,179,4.054437
599,793,1.249423
748,180,0.215967
749,180,0.734016
750,180,0.144069
751,180,0.202138
752,180,0.34483
753,180,0.213958
754,180,0.34483
755,180,0.160339
756,180,0.499264
757,180,0.681405
758,180,2.004742
763,180,2.102352
766,180,6.850937
767,180,7.412153
771,180,2.516338
772,180,1.116708
773,180,1.494249
774,180,4.706781
775,180,5.302468
748,181,1.722956
749,181,0.663439
750,181,1.125885
751,181,0.301169
752,181,0.455419
754,181,0.525641
755,181,0.497449
756,181,1.079592
766,181,4.692315
767,181,6.549773
748,182,2.946148
749,182,2.214128
750,182,2.193569
750,183,5.411862
783,183,4.407724
604,799,0.950137
777,184,17.217508
605,800,0.948386
611,800,9.742105
606,801,0.006431
606,803,15.044805
607,803,4.229826
608,803,28.267778
609,803,11.093147
610,803,22.753021
607,804,9.809296
608,804,1.084081
609,804,13.871117
607,805,3.213426
608,805,7.479532
609,805,27.735245
756,190,6.491149
607,806,6.025002
620,815,1.484434
775,200,2.206495
