725,1167,28.5
846,1167,4.98466
847,1167,11.044124
848,1167,11.811038
849,1167,11.824634
850,1167,11.824634
851,1167,11.633881
851,1168,11.199991
852,1168,16.39999
869,849,7.933386
880,849,2.705793
881,849,20.201616
693,1171,0.980394
694,1171,0.716217
695,1171,1.432434
734,852,10.75419
733,853,1.129727
871,853,10.486262
872,853,7.099082
873,853,1.97927
874,853,2.039357
875,853,2.601054
876,853,2.593986
877,853,3.159497
878,853,5.046746
879,853,2.502585
880,853,2.534322
882,853,15.296484
883,853,12.233266
884,853,6.936884
885,853,9.569499
833,1174,1.773586
736,854,7.571634
832,1175,1.4375
894,1175,5.912317
895,1175,5.925913
896,1175,2.962957
746,537,4.430177
693,857,23.01236
774,857,2.769919
775,857,0.968133
776,857,14.648314
736,858,15.132232
740,540,18.474007
741,540,10.011294
736,859,17.700357
851,859,10.382935
852,859,10.559856
853,859,19.322485
854,859,14.263051
855,859,14.993813
856,859,16.315462
857,859,7.895382
858,859,7.896288
866,859,3.661509
868,859,2.510116
690,860,18.481596
691,860,24.809788
734,860,23.484058
737,860,5.901632
738,860,21.686449
856,860,6.461156
861,860,19.863258
862,860,5.069564
865,860,1.657864
772,542,0.638555
776,542,21.897116
856,542,15.648659
858,542,3.864599
770,543,4.596024
771,543,6.858229
772,543,14.062708
773,543,20.783125
827,543,4.484257
828,543,5.056895
829,543,18.575459
838,543,16.863321
857,543,8.453528
969,543,1.797478
970,543,1.269762
690,861,7.237325
691,861,3.665971
738,861,2.105094
739,861,2.508602
690,862,3.709826
691,862,9.944326
770,544,3.048198
781,544,12.56668
841,544,2.949069
855,544,2.006471
856,544,5.130735
857,544,3.032337
858,544,0.828045
859,544,2.334841
860,544,1.500742
861,544,3.068306
872,544,15.392555
969,544,0.961052
970,544,0.492658
971,544,2.329863
972,544,1.77101
842,545,0.853313
855,545,12.065096
856,545,3.894159
857,545,1.53322
858,545,0.3479
859,545,0.75905
860,545,1.178214
969,545,0.387946
970,545,1.836906
971,545,1.566228
972,545,0.643041
690,863,26.748194
827,1183,2.94936
828,1183,2.94936
829,1183,2.94936
830,1183,2.94936
831,1183,2.035299
833,1183,2.791665
843,546,7.187584
860,546,11.316903
970,546,0.355481
971,546,1.690097
691,864,15.73942
759,864,23.134077
691,865,8.037945
759,865,20.895666
760,865,15.494778
761,865,10.676746
762,865,3.591157
763,865,15.313172
849,1184,2.791665
850,1184,2.791665
844,547,3.945796
971,547,2.530559
758,866,3.715008
759,866,6.529008
760,866,21.985994
761,866,14.353736
762,866,12.92857
854,548,3.973873
855,548,1.121693
856,548,0.777988
857,548,0.113901
858,548,0.183032
859,548,0.080616
860,548,0.082181
861,548,8.046472
972,548,0.588095
973,548,0.1753
759,867,5.515368
760,867,7.38065
761,867,4.902152
762,867,2.22151
763,867,4.104584
857,867,27.391338
858,867,27.622578
861,867,29.518848
973,549,4.741562
864,550,3.6883
865,550,11.68104
972,550,5.842785
973,550,0.755141
757,868,22.872721
759,868,19.186403
760,868,0.519275
761,868,1.564816
762,868,1.023669
763,868,0.941762
854,868,25.031715
855,868,11.076729
856,868,9.315294
857,868,8.635571
858,868,14.244579
859,868,15.06469
860,868,20.903372
861,868,15.407115
862,868,18.580751
863,868,18.862951
864,868,16.196625
865,868,18.450687
866,868,11.562418
867,868,12.78432
868,868,17.207821
869,868,14.025368
870,868,21.372103
871,868,16.820705
872,868,17.090153
873,868,18.355467
875,868,14.782516
861,551,6.10904
862,551,4.116574
864,551,6.45419
895,551,3.128511
896,551,2.689011
898,551,3.485812
972,551,0.495067
973,551,0.198043
758,869,29.018143
759,869,11.574037
760,869,9.441591
761,869,3.640892
762,869,0.962622
825,869,2.567027
860,869,4.620101
861,869,7.053361
873,869,4.134601
874,869,9.393399
875,869,11.780867
826,1188,2.035299
827,1188,2.035299
828,1188,2.035299
829,1188,2.035299
830,1188,2.035299
831,1188,2.035299
832,1188,2.035299
833,1188,2.035299
834,1188,2.035299
835,1188,2.035299
836,1188,2.035299
790,552,5.697274
801,552,3.686092
802,552,2.372409
804,552,6.077195
861,552,9.745551
862,552,0.330758
863,552,1.987267
864,552,7.79081
897,552,5.671283
898,552,1.550373
899,552,1.959898
900,552,7.048215
901,552,9.185699
902,552,0.479678
903,552,0.482278
904,552,0.479355
905,552,0.536036
906,552,0.335044
907,552,0.249498
757,870,15.933619
758,870,10.917637
759,870,8.793535
760,870,4.789032
761,870,1.288897
762,870,0.203952
784,870,19.713818
875,870,2.216127
791,553,4.531578
800,553,3.111527
801,553,7.304762
805,553,16.581491
827,553,26.363842
828,553,8.102111
856,553,25.564316
861,553,13.918773
862,553,11.509453
863,553,1.842405
864,553,3.350578
869,553,6.324884
900,553,3.458854
901,553,1.492231
902,553,1.252768
903,553,1.56324
904,553,0.641642
974,553,7.700209
711,871,29.63298
757,871,18.122164
758,871,15.95874
759,871,10.051685
760,871,3.116191
761,871,1.071176
762,871,0.261686
792,554,7.855772
801,554,0.259804
802,554,0.083333
803,554,0.083333
804,554,29.253603
828,554,16.569832
856,554,21.786753
861,554,6.090965
862,554,2.709507
863,554,1.760079
864,554,2.73061
865,554,1.923601
866,554,2.288011
867,554,1.946183
868,554,1.977389
710,872,27.676075
757,872,21.481419
758,872,24.26454
759,872,11.193782
760,872,3.970464
761,872,1.309992
762,872,0.310277
712,873,7.746686
757,873,25.099522
758,873,22.694248
759,873,9.511181
760,873,7.591371
761,873,1.738326
762,873,0.279969
770,555,14.210758
801,555,1.79059
804,555,1.482214
815,555,23.146988
828,555,28.161287
861,555,6.748955
862,555,4.897718
863,555,0.234685
864,555,0.777478
865,555,2.076365
866,555,1.313929
867,555,1.717051
868,555,5.402369
869,555,1.562804
771,556,14.02523
794,556,1.030397
801,556,10.30873
804,556,2.689352
815,556,26.103741
858,556,19.538826
861,556,5.684178
862,556,8.348943
864,556,0.454548
865,556,1.10338
866,556,1.463604
867,556,3.795213
868,556,5.295872
869,556,9.889541
711,874,9.754758
757,874,23.368891
758,874,7.380376
759,874,5.997685
760,874,7.591371
761,874,1.178988
762,874,0.279969
861,874,5.112505
712,875,26.301661
730,875,20.315367
735,875,3.095318
736,875,2.91472
737,875,19.535204
758,875,9.126909
759,875,5.319693
760,875,22.546402
761,875,2.987541
762,875,0.279969
857,875,0.430321
858,875,7.672478
859,875,13.098495
867,875,14.082179
794,557,2.260659
799,557,5.772565
801,557,6.841001
802,557,7.225842
803,557,7.282093
804,557,8.182076
807,557,0.855641
815,557,28.207283
861,557,11.280062
863,557,3.446067
864,557,1.198434
865,557,2.337382
866,557,5.710081
970,557,0.153271
971,557,0.17218
972,557,0.031579
973,557,0.075712
974,557,0.276819
740,558,4.305675
741,558,8.585507
742,558,10.17331
743,558,7.470267
744,558,3.62159
745,558,6.279195
746,558,6.766245
747,558,2.872053
748,558,4.883073
749,558,2.684058
750,558,3.496569
751,558,4.929457
752,558,2.151592
754,558,1.086869
800,558,4.505091
802,558,27.945108
803,558,21.721518
804,558,1.899344
806,558,0.413921
861,558,11.094334
862,558,8.607006
863,558,2.993443
864,558,1.320062
865,558,3.15352
947,558,14.520716
948,558,11.386414
949,558,20.36249
727,876,2.150248
731,876,3.225208
732,876,6.647905
733,876,8.392005
734,876,0.140097
735,876,0.140097
736,876,0.117318
737,876,0.117318
738,876,3.150882
739,876,1.509722
759,876,20.059628
760,876,10.167329
761,876,1.756812
856,876,3.178001
857,876,1.329706
858,876,0.781601
859,876,1.030322
861,876,16.322741
863,876,16.871756
865,876,10.920784
866,876,13.487059
867,876,1.074196
823,1194,2.791665
824,1194,2.791665
825,1194,2.791665
826,1194,2.791665
827,1194,2.791665
828,1194,2.791665
829,1194,2.035299
830,1194,2.035299
838,1194,2.94936
753,559,3.435857
754,559,19.251257
801,559,3.282339
802,559,0.272737
803,559,0.127902
804,559,0.363628
805,559,0.476646
861,559,23.775063
862,559,12.965487
863,559,3.31584
864,559,6.776719
727,877,4.003512
728,877,27.234684
730,877,4.408154
931,559,11.473262
731,877,9.260701
732,877,0.546392
733,877,0.120482
734,877,0.086614
735,877,0.120482
737,877,0.283376
738,877,0.379618
760,877,13.164079
761,877,9.402424
762,877,2.664527
854,877,3.269389
855,877,1.815015
856,877,3.522471
857,877,3.402592
858,877,0.73993
859,877,1.451777
860,877,9.26872
861,877,14.924999
864,877,13.394852
865,877,5.146581
866,877,1.877314
867,877,4.933559
868,877,6.092638
869,877,12.280404
754,560,14.258533
861,560,23.8899
862,560,6.597079
931,560,1.876176
932,560,3.277924
933,560,5.174478
935,560,4.013254
936,560,5.890196
937,560,7.057877
938,560,7.362604
939,560,7.727753
940,560,6.435309
941,560,16.368242
946,560,14.015639
726,878,2.396751
727,878,5.735873
728,878,4.494567
729,878,2.898255
730,878,1.512469
731,878,1.512469
732,878,1.633015
737,878,1.376093
738,878,9.856046
760,878,7.143559
761,878,14.612139
762,878,8.965156
854,878,0.180538
855,878,0.044302
856,878,0.04401
857,878,0.036302
858,878,0.018018
864,878,7.434499
865,878,26.252758
866,878,23.235109
868,878,1.118383
869,878,0.645259
870,878,1.864591
871,878,0.805582
872,878,1.591174
705,879,4.12275
726,879,1.850104
727,879,2.641225
728,879,1.158215
729,879,5.1885
730,879,1.081004
731,879,1.081004
732,879,1.158215
733,879,1.627312
734,879,0.129412
737,879,0.36409
760,879,6.049515
761,879,10.533392
762,879,6.017221
763,879,5.928652
863,879,0.465196
864,879,1.586782
865,879,1.681818
872,879,1.443402
873,879,1.148572
785,561,13.667391
786,561,0.506914
861,561,18.889627
726,880,3.212163
732,880,1.333524
733,880,5.179341
738,880,1.797423
739,880,13.465946
788,880,4.586556
789,880,2.922162
790,880,4.319314
792,880,4.003037
863,880,1.858573
864,880,1.814782
865,880,7.455195
873,880,1.034033
751,562,4.469894
841,562,25.127096
949,562,5.707129
950,562,26.102913
951,562,22.374273
725,881,3.300435
738,881,1.556303
739,881,4.166117
863,881,2.571656
864,881,1.533978
725,882,2.489054
738,882,2.038543
739,882,2.654337
862,882,7.15763
863,882,12.273226
767,563,3.794399
768,563,6.569049
769,563,0.724828
779,563,2.388588
780,563,2.423738
781,563,3.70939
782,563,1.565877
783,563,2.769421
784,563,2.702568
785,563,3.112824
728,883,3.57901
738,883,2.865384
739,883,4.184096
859,883,0.448108
860,883,1.749625
861,883,18.030157
862,883,19.712429
863,883,15.159204
864,883,0.75418
721,564,4.145345
767,564,1.590175
768,564,1.13186
769,564,10.376961
770,564,1.987561
771,564,0.967016
775,564,0.590236
784,564,0.427738
785,564,2.664921
786,564,26.776676
907,564,4.93566
908,564,4.013856
909,564,3.961881
916,564,0.632605
917,564,0.437461
728,884,2.105107
729,884,2.079586
730,884,3.519728
731,884,3.560962
732,884,5.07991
733,884,0.329697
734,884,0.285396
738,884,2.865384
739,884,3.001842
812,884,8.62548
813,884,4.471362
860,884,0.716735
861,884,1.322453
862,884,1.475488
863,884,1.863681
864,884,0.817614
729,885,2.438287
730,885,2.438287
731,885,5.342061
732,885,2.121063
733,885,2.585128
734,885,0.117318
738,885,5.749348
739,885,2.651378
813,885,3.483006
814,885,2.571446
859,885,0.055435
860,885,0.762738
861,885,0.99028
862,885,1.078532
863,885,0.826543
695,886,4.575088
696,886,21.778189
699,886,7.353057
700,886,8.006077
702,886,23.344088
703,886,3.829652
734,886,0.257415
738,886,1.519432
739,886,0.446843
813,886,2.983006
814,886,6.542206
815,886,0.776842
816,886,5.15403
858,886,0.632098
859,886,1.238547
860,886,0.47308
861,886,0.113674
862,886,0.032724
722,565,21.135082
767,565,1.143485
768,565,0.97121
769,565,4.017796
770,565,1.300408
775,565,0.712501
776,565,0.296218
779,565,0.293592
780,565,0.259845
781,565,0.175703
782,565,0.21352
783,565,0.198388
784,565,0.173121
785,565,0.640312
786,565,15.579366
787,565,18.860973
907,565,3.647238
908,565,0.905645
909,565,3.508709
767,566,0.929293
768,566,1.857955
769,566,0.336489
770,566,0.494214
786,566,5.124301
807,566,14.871798
808,566,27.822638
908,566,2.770241
909,566,0.876742
687,887,12.771412
688,887,16.119762
689,887,14.064447
691,887,6.08007
692,887,15.421635
693,887,21.023924
695,887,26.243952
697,887,9.638687
699,887,10.513589
701,887,4.792764
702,887,1.148575
703,887,0.113684
738,887,2.259068
813,887,2.276941
814,887,2.478849
815,887,2.250279
816,887,3.917032
817,887,14.32703
860,887,0.139542
861,887,0.146471
862,887,0.04793
692,888,9.586383
694,888,17.658489
695,888,23.370167
813,888,3.367454
814,888,2.5263
815,888,0.382116
816,888,0.477092
817,888,1.436097
818,888,0.309022
819,888,1.145239
860,888,0.187364
861,888,0.056918
862,888,0.039031
875,888,1.041342
885,888,0.019868
754,567,13.125471
767,567,0.910944
768,567,0.441406
769,567,0.281849
770,567,0.302561
807,567,25.326973
808,567,16.709162
907,567,5.699233
973,567,22.319344
749,568,0.008065
751,568,0.158981
752,568,0.079756
753,568,9.99961
754,568,19.34903
755,568,29.683519
767,568,1.014191
768,568,0.394264
769,568,0.282214
770,568,1.487732
808,568,9.43082
809,568,7.230494
906,568,9.831799
708,889,20.899803
709,889,20.439333
710,889,7.042247
711,889,1.927466
712,889,2.157493
713,889,1.828368
714,889,11.126252
731,889,10.373292
732,889,1.573365
733,889,3.409184
734,889,0.722442
735,889,0.719913
736,889,2.426803
737,889,1.759397
738,889,0.277285
779,889,8.904556
813,889,5.63841
814,889,2.248849
815,889,1.082371
816,889,0.47565
817,889,0.052336
818,889,0.201962
820,889,1.219297
856,889,0.243692
859,889,0.145739
860,889,0.178032
861,889,0.072824
862,889,0.030495
866,889,0.304348
867,889,0.278417
868,889,8.704719
870,889,14.48966
871,889,3.42112
872,889,3.304956
873,889,1.353141
874,889,3.159878
875,889,0.689534
908,889,10.222125
708,890,12.605714
709,890,17.144512
711,890,8.312085
713,890,3.083104
714,890,11.926766
731,890,2.853248
732,890,0.507655
734,890,0.015723
778,890,15.559008
779,890,20.387726
780,890,1.403679
788,890,12.818359
789,890,0.913294
790,890,1.486237
791,890,1.017813
792,890,1.158823
793,890,1.068665
794,890,0.739649
795,890,1.133563
813,890,5.63841
814,890,1.478595
815,890,0.782433
816,890,0.221617
817,890,0.015723
818,890,0.048439
819,890,0.072172
856,890,0.063842
857,890,0.249811
858,890,0.131155
859,890,0.194976
860,890,0.121363
861,890,0.096791
862,890,0.018018
863,890,0.601318
866,890,0.077099
867,890,18.610809
868,890,12.273354
869,890,23.36969
870,890,12.844843
871,890,7.547124
872,890,6.350075
873,890,1.552201
874,890,0.065088
884,890,0.155157
885,890,3.113857
744,569,0.034483
746,569,0.021739
748,569,0.022472
750,569,1.02
751,569,0.148949
752,569,1.720232
753,569,6.738219
755,569,18.274004
767,569,1.020509
768,569,0.378003
769,569,0.44585
770,569,0.473884
806,569,23.616383
807,569,5.383621
808,569,4.211771
767,570,2.233794
768,570,0.427585
769,570,0.760198
770,570,0.698606
771,570,0.677841
806,570,13.834597
807,570,18.999252
938,570,13.342941
709,891,3.607147
711,891,1.465399
712,891,18.660461
713,891,2.846761
714,891,2.916072
715,891,2.28733
737,891,0.863769
738,891,2.374078
739,891,0.422316
740,891,4.229664
741,891,0.730965
779,891,3.710225
780,891,2.879321
781,891,13.924458
788,891,21.12756
789,891,1.649311
790,891,1.346807
791,891,1.628971
792,891,1.454224
793,891,1.821257
795,891,0.588936
796,891,0.614271
813,891,2.314214
814,891,3.328923
815,891,1.646306
816,891,0.543689
817,891,1.294761
818,891,0.556818
819,891,0.03954
854,891,0.054014
855,891,0.070021
856,891,0.519065
857,891,0.519065
858,891,0.497332
859,891,0.482228
860,891,0.547915
861,891,11.351025
862,891,3.033069
863,891,4.651809
864,891,3.632966
865,891,6.665446
866,891,18.169577
867,891,20.826862
868,891,15.570389
869,891,19.928837
870,891,15.010281
871,891,11.316942
872,891,14.558805
873,891,0.317114
874,891,0.260652
875,891,0.568645
887,891,27.615028
888,891,9.115422
889,891,22.730953
891,891,2.211479
892,891,2.19976
767,571,2.347498
768,571,1.827462
769,571,1.47139
770,571,1.936052
783,571,14.231571
784,571,26.490067
711,892,0.596106
712,892,0.663689
713,892,0.596106
714,892,0.596106
715,892,0.858581
716,892,1.056131
718,892,1.670354
727,892,1.545264
729,892,1.279932
731,892,1.675442
734,892,0.142324
735,892,0.142324
736,892,0.013129
778,892,2.101547
779,892,1.62318
780,892,0.868069
781,892,0.868069
787,892,11.386591
788,892,4.988792
789,892,0.625809
790,892,0.625809
791,892,0.596106
792,892,0.596106
793,892,0.596106
794,892,0.892089
797,892,0.015723
798,892,0.029703
799,892,0.013129
813,892,2.620952
814,892,3.520547
815,892,1.409889
816,892,0.489362
817,892,1.348441
818,892,0.508289
819,892,0.502491
820,892,0.508389
821,892,0.060547
822,892,0.072172
854,892,0.015723
855,892,0.522793
856,892,0.323129
857,892,0.213918
858,892,0.276423
859,892,0.213918
860,892,0.323129
861,892,6.446808
862,892,5.903119
863,892,7.256223
864,892,8.475488
865,892,8.475488
866,892,8.475488
867,892,8.475488
868,892,8.475488
869,892,17.339935
870,892,21.142698
871,892,2.406885
872,892,0.896287
744,572,0.039216
748,572,0.009709
749,572,0.008621
750,572,0.022929
751,572,0.031478
752,572,0.760599
753,572,6.485103
754,572,1.543891
755,572,11.180538
767,572,1.536401
768,572,0.884527
769,572,0.573353
770,572,0.706288
783,572,4.178668
799,572,10.610915
860,572,28.305878
738,893,12.879069
794,893,0.625809
795,893,0.025581
797,893,0.019713
812,893,4.8083
813,893,2.304973
814,893,1.39303
815,893,0.949804
816,893,0.337406
817,893,0.213918
818,893,0.417492
819,893,0.417492
820,893,0.417492
821,893,0.472996
822,893,0.019027
823,893,0.019027
824,893,0.053685
855,893,0.298039
860,893,0.276423
870,893,9.98776
871,893,14.190872
872,893,10.190879
899,893,4.659246
709,894,1.21733
710,894,1.793325
711,894,1.720222
712,894,6.406213
714,894,5.32761
734,894,0.013129
735,894,0.013129
736,894,0.607471
821,894,0.213918
824,894,0.019713
871,894,3.956837
872,894,3.956837
898,894,28.302034
900,894,4.589195
746,573,0.022472
747,573,0.022222
748,573,0.025641
750,573,0.058824
751,573,0.029897
752,573,0.054978
753,573,2.945794
754,573,4.763336
755,573,10.236088
767,573,1.180391
768,573,0.499428
769,573,0.437767
770,573,1.921497
771,573,1.360374
775,573,9.12889
776,573,5.530314
777,573,6.008195
778,573,4.498623
779,573,5.994793
780,573,4.049368
781,573,4.440224
782,573,10.371625
783,573,8.595721
784,573,4.995507
785,573,10.010331
786,573,13.77825
798,573,5.706255
799,573,25.430351
800,573,10.890963
860,573,16.593834
747,574,0.046755
748,574,0.022222
749,574,0.660169
750,574,0.008772
751,574,0.330949
752,574,0.178065
753,574,8.330171
754,574,4.010452
755,574,6.297385
767,574,1.18512
768,574,0.591678
769,574,0.69974
770,574,2.330647
771,574,1.573571
775,574,2.226794
776,574,1.347273
777,574,6.76804
778,574,1.267274
779,574,1.051847
780,574,5.847383
781,574,6.759158
782,574,7.630059
783,574,6.672505
784,574,7.846985
785,574,5.064604
786,574,6.499032
787,574,8.038324
798,574,11.029921
799,574,9.351326
800,574,21.83127
844,574,4.541967
845,574,19.637939
859,574,25.620651
709,895,2.022657
710,895,12.074965
760,895,26.41242
761,895,11.265025
896,895,19.335894
899,895,0.009804
709,896,2.022657
738,896,19.341026
739,896,7.604808
762,896,6.333896
897,896,25.694122
898,896,19.571394
899,896,0.009804
900,896,0.020258
747,575,0.978326
748,575,2.146355
749,575,0.503385
750,575,0.058818
751,575,0.288776
752,575,1.58575
753,575,0.755018
754,575,7.107072
755,575,6.844215
767,575,2.58853
768,575,0.714996
769,575,0.656691
770,575,15.1798
787,575,25.33102
799,575,16.9531
840,575,3.008706
841,575,1.740443
842,575,0.653065
843,575,1.928862
844,575,2.197089
767,576,4.214789
768,576,1.084175
769,576,1.710915
770,576,6.389072
798,576,10.4449
799,576,21.921083
840,576,3.029332
841,576,0.729387
842,576,0.443017
843,576,0.983518
844,576,4.304013
845,576,15.051851
708,897,2.529249
709,897,1.899637
738,897,8.156722
739,897,1.631318
852,897,0.019713
862,897,6.658362
866,897,15.748468
875,897,0.276423
897,897,27.652735
898,897,19.576134
899,897,0.009804
900,897,0.020258
818,1213,2.791665
819,1213,2.035299
820,1213,2.035299
821,1213,2.035299
822,1213,2.035299
823,1213,2.035299
824,1213,2.94936
825,1213,2.94936
826,1213,2.94936
827,1213,2.94936
828,1213,2.94936
829,1213,2.962957
830,1213,2.962957
748,577,2.454314
749,577,2.934386
750,577,1.671285
751,577,1.291094
754,577,29.874435
767,577,2.809587
768,577,1.556826
769,577,1.731428
770,577,3.314008
798,577,13.810012
799,577,13.496787
800,577,25.025177
840,577,1.02639
841,577,0.935381
842,577,0.800885
843,577,0.721946
844,577,1.213794
845,577,23.317467
708,898,1.372048
709,898,1.180281
710,898,1.148587
738,898,6.994333
763,898,6.127395
764,898,3.503078
777,898,15.979164
786,898,16.275276
850,898,0.552644
851,898,0.054014
862,898,0.530269
873,898,0.316657
874,898,1.786661
875,898,0.213918
879,898,10.893516
880,898,9.873515
884,898,6.387065
897,898,23.40716
898,898,23.180416
899,898,0.009804
900,898,0.020258
821,1214,26.933329
826,1214,29.806662
831,1214,2.94936
832,1214,2.962957
833,1214,5.925913
737,578,0.111419
746,578,1.830995
747,578,1.373844
748,578,0.353678
749,578,0.710993
750,578,0.034743
751,578,0.417528
752,578,4.639292
768,578,1.029532
769,578,2.481664
770,578,2.762807
771,578,3.828461
797,578,19.777218
798,578,25.247961
799,578,24.300762
851,578,13.727984
852,578,27.335318
853,578,23.543333
687,899,0.14854
688,899,1.13275
689,899,1.49912
690,899,1.491211
691,899,2.928573
692,899,26.928024
693,899,0.175432
694,899,0.166533
695,899,1.711007
698,899,26.44803
699,899,3.621212
700,899,5.029634
701,899,1.276069
702,899,0.829634
703,899,2.629555
704,899,4.619007
705,899,3.916506
710,899,1.158215
730,899,8.57299
738,899,6.570472
739,899,1.612128
763,899,4.771986
764,899,2.747665
765,899,1.947126
766,899,0.608864
767,899,0.608864
768,899,1.278357
769,899,1.990286
772,899,3.89467
774,899,3.474552
775,899,4.770988
776,899,7.759302
784,899,17.539286
785,899,20.124619
786,899,14.728718
788,899,3.746883
792,899,3.521899
793,899,1.286442
794,899,6.608947
795,899,6.706962
796,899,2.545776
850,899,16.787416
851,899,0.045135
862,899,0.316657
873,899,1.4641
874,899,0.458523
879,899,4.276322
880,899,8.529845
881,899,11.15997
882,899,16.840921
883,899,12.915377
884,899,21.245665
885,899,24.509781
890,899,5.155567
897,899,23.228149
898,899,23.040218
899,899,0.009804
900,899,0.020258
915,899,1.276597
916,899,2.621851
917,899,3.262631
688,900,0.845432
689,900,1.939835
690,900,12.835922
691,900,0.907759
692,900,0.907759
693,900,1.19515
694,900,0.965265
695,900,0.266071
696,900,0.275661
697,900,0.275661
698,900,5.272984
699,900,3.201689
700,900,3.937802
701,900,3.554192
702,900,3.347187
703,900,6.548693
704,900,7.338178
705,900,1.38183
706,900,1.372048
708,900,0.494526
709,900,0.663689
710,900,0.596106
711,900,0.663689
712,900,0.84878
713,900,0.827587
714,900,0.985116
715,900,0.837758
716,900,0.577691
719,900,0.494526
720,900,4.259918
721,900,2.140443
722,900,2.140443
723,900,4.259918
724,900,0.484898
738,900,7.921161
739,900,2.022604
763,900,12.223711
764,900,1.289242
765,900,1.571337
766,900,0.456886
767,900,0.489168
768,900,0.365753
769,900,2.497158
770,900,2.053061
771,900,0.637655
772,900,2.59256
773,900,0.791316
774,900,3.03167
775,900,0.933301
776,900,1.285216
777,900,1.425191
778,900,1.91177
781,900,3.23941
782,900,2.519192
783,900,2.56535
784,900,3.79447
785,900,5.26029
786,900,4.168413
787,900,0.99469
789,900,1.310149
792,900,0.578707
793,900,0.903803
794,900,1.776192
795,900,2.199632
796,900,0.479778
797,900,0.991213
799,900,0.336156
852,900,0.015723
853,900,0.019027
862,900,22.80946
863,900,0.323129
873,900,0.596126
874,900,0.749423
875,900,0.011719
876,900,0.019868
879,900,0.059374
880,900,8.915335
881,900,22.353773
882,900,20.391773
883,900,22.688995
884,900,20.343285
885,900,20.421406
886,900,5.367835
887,900,21.130007
889,900,2.397346
890,900,1.032378
897,900,13.807109
899,900,0.009804
900,900,0.020258
690,901,1.99118
691,901,1.518658
692,901,0.988014
693,901,0.957903
694,901,14.409376
695,901,10.636606
696,901,1.694822
697,901,3.043277
698,901,0.827587
699,901,1.103622
700,901,1.103622
701,901,0.84878
702,901,0.84878
703,901,2.815386
704,901,5.585356
705,901,1.61203
708,901,0.53305
709,901,0.494526
710,901,0.484898
711,901,0.494526
712,901,0.821969
713,901,0.663689
714,901,0.663689
715,901,0.969326
716,901,0.596106
719,901,0.53305
720,901,0.821969
721,901,3.477103
722,901,11.241297
723,901,0.484898
738,901,8.246992
739,901,2.892139
761,901,17.567955
763,901,22.910181
764,901,1.499784
765,901,0.445115
766,901,0.271804
767,901,0.440627
768,901,0.1128
769,901,0.083438
770,901,0.787231
771,901,0.96198
772,901,1.817959
773,901,0.512081
774,901,0.453001
775,901,1.434023
776,901,0.596728
777,901,0.403222
778,901,5.540102
779,901,0.797639
780,901,2.277956
781,901,0.515479
782,901,1.153366
639,579,6.883824
768,579,1.021091
769,579,1.352919
770,579,3.7822
771,579,2.604289
798,579,25.103354
834,579,20.712265
851,579,26.53352
852,579,15.53931
853,579,23.082203
783,901,0.468954
784,901,0.565822
785,901,1.050702
786,901,0.982936
787,901,1.483654
788,901,0.394301
789,901,1.054767
790,901,0.300544
791,901,0.778693
792,901,0.573668
793,901,0.402469
794,901,0.536211
795,901,1.412601
796,901,0.069778
797,901,0.410682
798,901,0.082889
799,901,0.068909
800,901,0.089402
801,901,0.093995
851,901,3.726333
852,901,0.015723
853,901,0.019027
862,901,4.831441
863,901,0.013129
872,901,2.591835
873,901,0.462581
874,901,0.014599
875,901,0.011719
876,901,0.019868
879,901,0.089176
880,901,0.282697
883,901,9.245943
884,901,10.213593
885,901,6.785147
888,901,18.634714
889,901,27.240015
890,901,10.977171
897,901,15.825654
768,580,1.268145
769,580,1.063601
832,580,10.882635
834,580,21.842617
850,580,7.339688
851,580,7.633969
852,580,4.437627
853,580,20.168701
694,902,29.994949
695,902,12.486496
696,902,3.355823
697,902,1.436625
698,902,0.821969
699,902,0.596106
700,902,0.596106
701,902,0.596106
702,902,0.596106
703,902,1.117225
704,902,1.986892
705,902,1.408417
708,902,0.53305
709,902,0.484898
711,902,0.494526
712,902,0.494526
713,902,0.494526
714,902,0.484898
715,902,0.596106
716,902,0.596106
717,902,0.494526
719,902,0.865901
720,902,4.404173
721,902,0.577161
722,902,0.719348
723,902,0.484898
738,902,8.932894
739,902,3.21645
760,902,25.925825
761,902,14.392302
764,902,5.300785
765,902,0.453514
766,902,0.074006
767,902,0.061255
768,902,0.057049
769,902,0.208652
770,902,0.163346
771,902,0.127779
772,902,0.127779
773,902,0.411818
774,902,0.480597
775,902,1.132281
776,902,0.955593
777,902,0.341852
778,902,0.356225
779,902,0.357826
780,902,0.36989
781,902,0.609521
782,902,1.142869
783,902,0.400821
784,902,2.955629
785,902,0.368737
786,902,0.589436
787,902,0.514703
788,902,0.371677
789,902,2.292141
790,902,0.628102
791,902,0.162325
792,902,0.711178
793,902,0.378111
794,902,0.350057
795,902,0.676213
796,902,0.076614
797,902,1.357033
798,902,0.129078
799,902,0.126849
800,902,0.075748
801,902,0.077451
813,902,17.931293
851,902,22.639198
852,902,0.131628
853,902,0.019713
861,902,22.295826
863,902,29.759073
865,902,0.015723
866,902,0.027501
867,902,0.029416
868,902,0.489283
870,902,0.041315
871,902,1.074613
872,902,0.695893
873,902,0.858022
875,902,0.011719
876,902,0.019868
878,902,0.142687
879,902,0.088786
880,902,0.161051
887,902,28.181833
888,902,19.370224
889,902,27.707035
890,902,9.399663
897,902,21.223787
692,903,22.643894
693,903,29.190638
695,903,11.3129
696,903,5.378879
697,903,1.633015
698,903,1.090632
719,903,1.542642
720,903,2.897616
721,903,0.596106
722,903,0.596106
723,903,9.460897
738,903,6.864033
739,903,3.48553
760,903,20.051279
762,903,7.458799
764,903,1.788406
765,903,0.644395
766,903,0.148109
767,903,0.067806
768,903,0.106968
769,903,0.09536
770,903,0.104268
771,903,0.057049
772,903,0.057049
773,903,0.111129
774,903,0.062348
775,903,0.201514
776,903,0.035219
777,903,0.146025
778,903,0.4455
779,903,0.192715
780,903,0.065486
781,903,0.067715
782,903,0.236195
783,903,0.068215
786,903,0.073146
787,903,0.077474
788,903,0.045368
789,903,0.161962
790,903,0.04985
791,903,0.083088
792,903,0.097568
793,903,0.2617
794,903,0.146956
795,903,0.149918
796,903,0.117311
797,903,0.078229
798,903,0.061255
799,903,0.089212
800,903,0.077483
801,903,0.070897
852,903,0.029703
853,903,0.025581
854,903,0.041867
855,903,0.24944
856,903,1.437579
857,903,1.330319
858,903,1.426413
859,903,0.486255
860,903,20.497341
861,903,19.39559
863,903,20.234194
864,903,0.557553
865,903,0.672231
866,903,0.667491
867,903,1.006388
868,903,0.204424
869,903,1.18113
870,903,1.446657
871,903,6.085455
872,903,0.958587
873,903,0.907462
897,903,18.032082
719,581,12.390496
724,581,12.478155
725,581,2.191725
726,581,3.558617
727,581,0.183865
769,581,1.000972
770,581,7.265337
771,581,13.936823
775,581,18.324024
776,581,2.596373
777,581,4.966383
778,581,2.296771
779,581,4.388959
780,581,4.642291
781,581,3.851787
782,581,5.817555
783,581,3.08274
784,581,2.041367
785,581,4.744542
786,581,5.465338
787,581,8.099013
823,581,23.364922
832,581,16.111111
833,581,5.415786
834,581,20.45919
850,581,10.540735
851,581,5.627106
852,581,4.575822
686,904,0.779291
687,904,1.577704
688,904,6.022982
689,904,1.381039
690,904,1.395689
691,904,2.416429
692,904,12.59998
693,904,11.983852
694,904,15.690176
695,904,2.614458
696,904,1.373978
697,904,1.391996
698,904,3.22314
699,904,1.716217
700,904,1.857957
701,904,1.587699
702,904,1.469183
703,904,1.586514
704,904,1.21733
705,904,1.166559
706,904,2.458452
707,904,2.751266
708,904,16.314938
710,904,3.974319
711,904,4.134364
723,904,1.180281
739,904,3.41819
760,904,15.74417
762,904,5.937601
763,904,16.063612
764,904,2.905224
765,904,0.590168
766,904,0.160279
767,904,0.117371
768,904,0.109158
769,904,0.13756
770,904,0.049288
771,904,0.049288
772,904,0.049288
773,904,0.029412
774,904,0.13756
775,904,0.136399
776,904,0.068269
777,904,0.104343
778,904,0.095339
779,904,0.030495
780,904,0.035219
781,904,0.060224
782,904,0.102175
783,904,0.138704
784,904,0.150955
785,904,0.130169
786,904,0.268964
787,904,0.202297
788,904,0.124461
789,904,0.261895
790,904,0.074868
791,904,0.04709
792,904,0.095909
793,904,1.028238
794,904,0.864349
795,904,0.224698
796,904,0.159578
797,904,0.123077
798,904,0.074643
799,904,0.088071
800,904,0.087441
851,904,22.748196
852,904,8.353352
853,904,1.167631
854,904,0.947104
855,904,0.032057
856,904,0.060024
857,904,0.055284
858,904,0.823647
859,904,0.579422
860,904,5.66502
861,904,5.546521
862,904,5.406397
863,904,11.986039
864,904,22.556599
865,904,0.472648
866,904,3.827006
867,904,0.76471
868,904,0.768523
869,904,0.470074
870,904,0.450975
871,904,0.620681
872,904,0.462892
873,904,0.439651
897,904,17.880556
719,582,25.561703
691,1219,21.094767
720,582,7.518647
721,582,16.664801
722,582,15.835659
723,582,19.618006
724,582,3.496953
725,582,1.252774
726,582,0.332684
770,582,8.748073
775,582,14.989588
776,582,8.102186
777,582,6.193439
778,582,10.463702
779,582,10.945297
782,582,13.875935
783,582,24.540657
784,582,23.096645
785,582,11.440975
786,582,18.896749
787,582,16.717577
824,582,8.210757
825,582,5.587682
826,582,9.501462
832,582,11.232295
842,582,12.367657
843,582,3.598629
844,582,2.533396
850,582,8.209752
851,582,7.280832
852,582,3.68858
853,582,20.341154
690,905,1.013723
691,905,1.254682
692,905,2.314814
693,905,2.04322
694,905,1.796969
695,905,1.858541
696,905,1.791295
697,905,1.512469
698,905,1.485658
699,905,1.418075
700,905,1.665045
701,905,1.481765
702,905,1.869653
703,905,1.438121
704,905,5.725264
739,905,3.169518
760,905,22.810425
762,905,9.941254
763,905,10.508482
764,905,2.344547
765,905,0.828825
766,905,0.161553
767,905,0.047439
768,905,0.350589
769,905,0.240642
770,905,0.121047
771,905,0.105913
772,905,0.105913
773,905,0.124038
774,905,0.243357
775,905,0.169726
776,905,0.118769
777,905,0.295921
778,905,0.136029
779,905,0.077859
780,905,0.077859
781,905,0.105913
782,905,0.074868
783,905,0.04709
784,905,1.162537
785,905,0.240272
786,905,0.355254
787,905,0.118769
788,905,0.095909
789,905,0.15545
790,905,0.224722
791,905,0.290791
792,905,0.773955
793,905,7.261314
795,905,0.591169
796,905,1.45161
797,905,0.717619
798,905,0.062983
799,905,0.108748
800,905,0.066907
852,905,19.396397
853,905,16.427217
854,905,8.326577
855,905,7.709248
856,905,8.643906
857,905,1.674455
858,905,0.935114
859,905,0.58313
860,905,0.58313
861,905,0.574077
862,905,0.574077
863,905,0.631742
864,905,0.432456
876,905,1.094953
877,905,0.781749
878,905,0.774944
887,905,25.962471
889,905,20.833548
897,905,20.932587
717,1220,17.617413
720,583,19.315334
721,583,6.596219
722,583,1.971487
725,583,0.660708
726,583,0.931261
769,583,6.336641
824,583,21.917461
825,583,6.714359
826,583,1.09049
842,583,2.914475
843,583,1.451549
844,583,2.249647
850,583,5.943648
851,583,5.479396
852,583,6.666189
853,583,11.096991
854,583,15.333592
720,584,15.333544
721,584,7.213844
722,584,2.160104
723,584,18.708105
724,584,3.977833
725,584,5.080795
726,584,0.652262
770,584,5.332071
824,584,20.81934
825,584,1.800654
826,584,5.243587
827,584,3.876421
841,584,1.424829
843,584,1.168729
844,584,1.463113
860,584,21.152365
690,906,0.653518
691,906,1.311252
692,906,2.311372
693,906,1.564962
694,906,1.259795
695,906,1.349059
696,906,1.090632
697,906,1.090632
698,906,1.017948
699,906,1.078701
700,906,1.069073
739,906,3.948378
762,906,9.233185
763,906,9.490304
764,906,2.344547
765,906,0.693844
766,906,0.214185
767,906,0.174674
768,906,0.355599
769,906,0.11128
770,906,0.028571
771,906,0.028571
772,906,0.028571
773,906,0.126132
774,906,0.11128
775,906,0.230599
776,906,0.209596
777,906,0.121324
778,906,0.14205
779,906,0.108121
780,906,0.09587
781,906,0.04709
782,906,0.04709
783,906,0.081019
784,906,0.018519
785,906,0.086325
786,906,0.078388
787,906,0.078388
788,906,0.331638
789,906,0.135931
790,906,0.152
791,906,0.620387
792,906,0.824091
793,906,2.211294
794,906,0.535695
795,906,0.970695
796,906,1.669728
797,906,1.983023
798,906,1.206548
799,906,0.073207
800,906,0.06909
801,906,0.078167
852,906,7.463942
853,906,7.206625
854,906,11.212898
855,906,18.523998
856,906,18.110077
857,906,0.020513
858,906,0.020513
859,906,0.020513
860,906,0.015789
879,906,0.020258
691,907,0.838425
692,907,0.846933
693,907,0.677308
739,907,5.326222
761,907,9.523933
762,907,13.889994
763,907,6.118805
764,907,2.580913
765,907,0.629362
766,907,0.132982
767,907,0.047439
768,907,1.310539
769,907,0.980952
770,907,0.339286
771,907,0.233187
772,907,0.108187
775,907,0.333333
776,907,1.528571
777,907,0.0964
778,907,0.104336
781,907,0.055556
783,907,0.083333
785,907,0.109387
786,907,0.109387
787,907,0.061553
788,907,0.652857
789,907,0.457027
790,907,1.105408
791,907,1.321932
792,907,2.653758
793,907,3.210859
794,907,6.863205
795,907,2.554782
796,907,12.5722
797,907,7.523608
798,907,5.586537
799,907,0.086194
800,907,0.055111
856,907,8.879994
916,907,3.477746
917,907,3.262631
720,585,6.865508
721,585,3.68679
722,585,0.231762
723,585,0.136218
724,585,0.072036
725,585,0.072036
726,585,0.093023
823,585,13.891993
824,585,4.726851
826,585,1.645211
827,585,1.359837
841,585,3.086345
842,585,1.283425
843,585,1.388278
844,585,2.670233
860,585,24.589045
720,586,1.203906
721,586,0.098361
722,586,0.051724
824,586,9.052188
825,586,1.728426
826,586,0.676128
827,586,7.506812
840,586,6.432927
841,586,4.019137
842,586,3.503162
843,586,2.836642
844,586,4.925693
853,586,25.423946
854,586,29.524881
860,586,14.26939
861,586,10.386757
693,908,0.846933
724,908,1.148587
739,908,2.399752
761,908,23.490219
762,908,15.978767
763,908,4.958055
764,908,2.376957
765,908,0.602555
766,908,0.1206
768,908,0.40823
769,908,0.75861
770,908,1.019913
771,908,1.019913
772,908,1.019913
773,908,0.267857
779,908,0.0625
781,908,0.083333
782,908,0.060606
783,908,0.094298
784,908,0.052632
785,908,0.030303
786,908,0.061553
787,908,0.37165
788,908,2.22856
789,908,1.211334
790,908,2.884292
791,908,2.889016
792,908,4.195196
793,908,12.795093
794,908,12.624407
795,908,15.480348
797,908,27.359547
798,908,14.737844
799,908,20.469311
800,908,5.101323
723,909,1.372048
724,909,1.306867
739,909,4.165277
761,909,18.548697
762,909,12.073425
763,909,4.748468
764,909,1.877777
765,909,0.485334
766,909,0.127334
767,909,0.018868
768,909,0.04878
769,909,0.195489
770,909,0.142857
771,909,9.385964
772,909,1.885965
780,909,0.041667
781,909,0.041667
782,909,0.030303
783,909,0.164583
784,909,0.3
785,909,0.21875
786,909,0.21875
787,909,2.474036
788,909,6.999278
789,909,5.825001
790,909,8.877174
791,909,7.676311
792,909,10.583574
793,909,18.589035
796,909,20.959841
800,909,15.36645
756,1223,7.2342
694,910,3.348847
695,910,2.340629
696,910,1.806584
723,910,1.247864
724,910,1.502376
739,910,2.688199
761,910,13.238318
762,910,9.052902
763,910,3.401221
764,910,1.303111
765,910,0.560675
766,910,0.218478
767,910,0.643478
768,910,0.043478
769,910,0.043478
772,910,1.166667
779,910,0.083333
780,910,0.041667
781,910,0.030303
782,910,0.352632
783,910,0.35125
784,910,0.758696
785,910,0.441576
786,910,0.455163
787,910,3.716745
788,910,8.108246
789,910,13.150546
790,910,12.257514
791,910,17.480768
792,910,18.001787
824,587,25.999968
825,587,11.317346
826,587,16.521334
827,587,5.861395
850,587,9.383717
851,587,9.548494
852,587,18.848574
853,587,11.476212
854,587,10.157535
855,587,28.262951
859,587,12.39737
860,587,26.66395
861,587,23.434761
726,1224,11.315763
755,1224,4.328679
697,911,1.703234
698,911,3.413965
699,911,1.178291
700,911,2.690337
701,911,11.104609
702,911,9.206738
724,911,1.247864
739,911,2.473869
760,911,25.970669
761,911,16.552172
762,911,6.478351
763,911,3.310285
764,911,0.83105
765,911,0.297454
766,911,0.018868
768,911,0.052632
769,911,0.142857
779,911,0.060606
780,911,0.030303
781,911,0.352632
782,911,0.453333
783,911,0.455163
784,911,2.06832
785,911,2.108555
786,911,1.664286
787,911,23.853846
705,1225,8.235301
699,912,6.911331
701,912,9.296084
702,912,17.616009
706,912,1.380163
716,912,1.380163
723,912,1.748419
724,912,1.180281
739,912,2.394304
762,912,9.306054
763,912,2.710783
764,912,0.818667
765,912,0.248035
766,912,0.685535
767,912,0.111111
768,912,0.052632
778,912,0.083333
779,912,0.094298
780,912,0.164583
781,912,0.35125
782,912,0.455163
783,912,1.696352
784,912,1.585318
785,912,2.281923
786,912,1.54263
788,912,16.659203
706,913,2.442752
711,913,1.611801
712,913,1.479997
713,913,1.187752
716,913,1.148587
717,913,2.059617
718,913,2.814088
719,913,1.343306
720,913,1.343306
721,913,1.316495
722,913,1.316495
723,913,1.593767
724,913,1.117225
728,913,1.148587
729,913,0.865979
730,913,0.743078
731,913,0.707991
732,913,2.008631
733,913,1.816725
734,913,0.129622
735,913,1.233436
736,913,1.078701
739,913,2.321619
760,913,24.999084
762,913,11.320874
763,913,1.597086
764,913,0.576052
765,913,0.139077
766,913,0.667648
767,913,0.04878
771,913,1.5
779,913,0.052632
780,913,0.3
781,913,0.758696
782,913,1.622137
783,913,1.085318
784,913,1.718616
924,913,3.262631
710,914,3.314561
711,914,3.929756
712,914,2.887185
713,914,2.938559
714,914,2.646265
716,914,2.495344
717,914,2.893697
718,914,2.09379
720,914,2.520571
721,914,3.137606
723,914,2.621434
724,914,2.621434
727,914,1.603684
728,914,1.852005
729,914,1.852005
730,914,1.463852
731,914,1.343306
732,914,1.316495
733,914,1.316495
761,914,28.061001
763,914,1.101802
764,914,0.450484
765,914,0.093478
766,914,0.26989
767,914,0.092259
768,914,0.043478
771,914,0.052632
772,914,0.052632
773,914,0.052632
774,914,0.09611
775,914,0.643478
778,914,0.060606
779,914,0.030303
780,914,0.21875
781,914,0.441576
782,914,1.312185
783,914,2.256649
869,914,23.180536
727,915,2.09379
729,915,1.4834
730,915,1.759259
731,915,1.759259
736,915,1.117225
761,915,20.881622
762,915,18.161764
763,915,11.341905
764,915,2.818731
765,915,0.03125
767,915,0.6
768,915,0.166667
770,915,0.043478
771,915,0.092259
772,915,0.101412
773,915,0.14489
774,915,0.14489
775,915,0.092259
776,915,0.04878
777,915,0.04878
778,915,0.060606
779,915,0.061553
780,915,0.21875
781,915,0.455163
782,915,0.819079
783,915,1.04263
661,591,4.426518
715,591,0.07446
817,591,21.369978
713,592,0.078278
715,592,11.685683
742,592,1.297644
743,592,1.732069
744,592,0.761318
745,592,0.492387
746,592,1.559968
747,592,2.072449
748,592,1.159784
749,592,1.298517
750,592,0.768304
751,592,1.190066
752,592,1.00809
799,592,4.547717
800,592,5.089902
801,592,4.272862
817,592,3.810547
818,592,23.540594
699,916,13.1196
701,916,18.948343
761,916,23.962906
762,916,16.232891
763,916,8.230134
764,916,2.976691
765,916,1.190231
766,916,0.223278
767,916,0.067648
768,916,0.12028
769,916,0.062346
770,916,0.062346
771,916,0.067648
772,916,0.12028
773,916,0.12028
774,916,0.101412
775,916,0.04878
776,916,0.067648
777,916,0.109315
778,916,0.079474
779,916,0.0625
780,916,0.21875
781,916,0.535
782,916,0.819079
783,916,1.196818
661,593,3.557954
716,593,17.846394
741,593,0.079172
742,593,0.041435
743,593,0.166435
744,593,0.440082
745,593,1.027008
746,593,1.022468
747,593,1.143777
748,593,0.880199
749,593,0.856005
750,593,1.354125
751,593,2.021787
752,593,1.517983
799,593,3.563134
800,593,14.643722
801,593,10.042471
817,593,5.020638
818,593,24.679506
822,593,11.867362
888,593,28.402111
906,593,2.916327
692,917,1.776406
696,917,4.221197
697,917,12.151298
698,917,13.488564
699,917,12.206882
700,917,8.972994
701,917,12.11866
703,917,0.059406
704,917,2.637278
705,917,0.577827
706,917,1.069625
707,917,0.494526
761,917,23.203213
762,917,15.249659
763,917,9.581228
764,917,3.227334
765,917,1.034212
766,917,0.248762
767,917,0.202947
768,917,0.202947
769,917,0.202947
770,917,0.202947
771,917,0.158466
772,917,0.177334
773,917,0.188496
774,917,0.139716
775,917,0.283466
776,917,0.777334
777,917,0.719
778,917,0.264898
779,917,0.283333
780,917,0.495598
781,917,9.596401
782,917,16.206856
783,917,16.166491
784,917,28.142628
754,1229,22.080921
658,594,2.028183
659,594,6.504316
660,594,1.611742
661,594,2.217059
752,594,1.558468
798,594,5.782957
799,594,1.303755
800,594,12.587592
801,594,6.786191
802,594,5.29783
817,594,4.600414
818,594,14.16083
822,594,26.502398
825,594,26.360401
842,594,21.107433
852,594,10.206375
854,594,17.264381
860,594,26.914509
861,594,29.740637
927,594,24.453882
695,918,11.10673
696,918,13.721642
697,918,4.206053
698,918,4.139768
699,918,3.964667
700,918,3.914302
703,918,1.966663
704,918,0.847768
705,918,0.767484
706,918,1.130389
707,918,0.596106
715,918,2.468045
716,918,1.198564
717,918,5.743696
718,918,12.518322
719,918,8.763697
720,918,29.681517
722,918,21.426645
762,918,22.51844
763,918,9.075547
764,918,4.247468
765,918,1.400222
766,918,1.388124
767,918,1.759628
768,918,0.727271
769,918,0.686975
770,918,0.686975
771,918,0.652596
772,918,0.706351
773,918,0.706351
774,918,0.716581
775,918,1.023822
776,918,2.150974
777,918,1.08658
778,918,3.067269
779,918,2.919149
780,918,0.497826
781,918,2.887575
782,918,2.077834
695,919,5.408353
696,919,4.442022
703,919,0.84878
704,919,0.827587
705,919,0.827587
706,919,0.969326
707,919,0.596106
715,919,4.046895
716,919,2.921149
727,919,28.229927
732,919,10.54215
734,919,17.695461
739,919,0.494526
762,919,25.069878
763,919,10.434543
764,919,3.308054
765,919,3.345787
766,919,3.260649
767,919,2.286892
768,919,2.091202
769,919,2.483698
770,919,2.483698
771,919,2.71692
772,919,2.469816
773,919,3.311637
774,919,2.344375
775,919,2.600055
776,919,2.636546
777,919,3.013591
778,919,4.816846
779,919,4.406533
780,919,3.294775
781,919,1.385635
782,919,0.875963
752,595,26.840902
798,595,22.980927
799,595,4.92207
800,595,2.879108
801,595,9.460189
802,595,6.335298
817,595,4.928372
818,595,12.996881
825,595,12.169668
833,595,19.899157
834,595,12.026857
842,595,19.316479
851,595,14.599704
853,595,9.776503
854,595,16.421171
861,595,15.478118
871,595,25.674437
926,595,6.959404
927,595,6.69792
928,595,5.216371
695,920,19.655176
703,920,0.596106
704,920,0.663689
705,920,0.663689
706,920,0.663689
731,920,5.238404
734,920,2.966057
739,920,1.550459
763,920,8.748897
764,920,15.969016
765,920,5.846125
766,920,6.332901
767,920,7.343895
768,920,6.421728
769,920,4.648112
770,920,4.496455
771,920,4.677719
772,920,4.668925
773,920,4.668925
774,920,4.732941
775,920,5.368496
776,920,4.920275
777,920,5.642821
778,920,7.586193
779,920,15.275531
780,920,16.013208
781,920,1.399222
782,920,0.849978
797,596,6.698238
798,596,7.474403
802,596,9.760516
803,596,6.245779
806,596,2.562361
811,596,1.62114
813,596,5.739728
814,596,0.378412
815,596,0.295036
816,596,0.382131
817,596,5.48499
818,596,13.897233
825,596,8.12804
826,596,25.178478
832,596,19.628357
833,596,13.066822
834,596,9.734477
841,596,12.962293
842,596,3.154736
843,596,9.060292
844,596,24.855637
850,596,18.253944
851,596,9.900291
852,596,7.918658
853,596,5.28748
854,596,12.309676
861,596,8.311794
926,596,6.278843
928,596,5.615178
929,596,3.707514
689,921,19.422174
703,921,0.494526
704,921,0.484898
705,921,0.494526
706,921,0.484898
707,921,0.484898
734,921,16.29936
738,921,1.247864
739,921,0.853807
763,921,13.047794
764,921,10.984471
765,921,17.254091
766,921,8.651445
767,921,6.861454
768,921,6.919581
769,921,7.176743
770,921,7.620274
771,921,8.005662
772,921,5.927339
773,921,6.349552
774,921,5.246484
775,921,7.821099
776,921,9.413263
777,921,7.047933
778,921,12.734628
779,921,27.636412
781,921,3.961382
782,921,0.661184
689,922,7.44955
690,922,4.043721
734,922,3.002664
739,922,0.938179
766,922,19.306652
767,922,22.479271
768,922,20.20933
769,922,8.356419
770,922,9.284413
771,922,11.931617
772,922,11.525765
773,922,18.918879
774,922,11.570988
775,922,14.07963
776,922,14.826935
777,922,9.071477
782,922,3.691737
783,922,1.0772
817,597,3.160675
818,597,11.077952
823,597,23.348497
832,597,24.348274
833,597,16.396545
834,597,17.037817
835,597,13.943979
841,597,4.73446
842,597,9.942818
844,597,8.807396
850,597,19.002941
851,597,13.351957
852,597,20.573648
853,597,2.450698
854,597,6.137664
925,597,3.424239
951,597,1.783155
721,598,9.706377
748,598,1.248889
749,598,1.071477
750,598,0.692405
793,598,9.764122
817,598,0.581708
818,598,0.174888
833,598,26.679197
834,598,28.815123
842,598,20.557274
843,598,21.404264
844,598,24.891188
850,598,24.096796
851,598,13.753781
852,598,5.592761
853,598,5.665184
854,598,23.315136
855,598,7.573148
916,598,11.107704
917,598,15.887112
920,598,1.430172
923,598,1.042976
924,598,1.105985
925,598,1.144955
926,598,2.184155
927,598,1.723001
688,923,11.122616
738,923,0.484898
739,923,1.156298
769,923,16.059362
770,923,23.700012
772,923,25.957037
773,923,24.856623
778,923,29.309124
782,923,10.930759
877,923,26.404688
688,924,12.101823
738,924,0.53305
717,599,11.474383
718,599,10.46763
720,599,1.480277
721,599,1.570307
722,599,2.637102
723,599,9.736591
803,599,0.365592
817,599,0.665536
818,599,0.174888
852,599,23.895605
853,599,16.725826
854,599,22.66482
906,599,28.278669
715,600,20.240559
716,600,4.809968
717,600,2.299597
718,600,1.326418
719,600,0.999274
720,600,0.091564
721,600,0.392658
722,600,0.438664
723,600,0.578546
742,600,3.665903
743,600,13.097882
744,600,4.736391
745,600,3.90183
746,600,3.714168
817,600,0.589993
818,600,1.717913
919,600,8.802619
920,600,21.917665
925,600,20.838207
698,925,0.763729
699,925,4.688022
700,925,1.594014
701,925,2.230289
738,925,0.637857
688,926,23.624289
689,926,1.742622
690,926,1.040453
691,926,5.551174
692,926,11.82911
693,926,4.512269
694,926,9.747772
698,926,13.007455
699,926,2.231135
700,926,2.21657
701,926,1.410713
702,926,1.212564
738,926,0.443925
715,601,9.476747
716,601,5.880491
717,601,4.299305
718,601,1.324192
719,601,1.736636
720,601,2.177844
742,601,0.15675
743,601,6.310777
744,601,3.713676
745,601,3.93595
715,602,23.114557
716,602,27.222628
717,602,8.339032
718,602,6.165381
719,602,1.473473
720,602,3.365959
735,602,1.052738
822,602,3.269014
823,602,2.5735
689,927,1.870429
690,927,0.515325
691,927,2.065377
692,927,3.357836
693,927,4.651444
694,927,4.259508
695,927,4.597939
696,927,3.34015
697,927,3.643907
698,927,4.846885
699,927,15.55229
700,927,1.543438
701,927,2.160964
702,927,9.49612
704,927,5.226069
738,927,0.413461
691,928,6.690018
692,928,5.369716
693,928,15.966305
694,928,12.394701
695,928,8.372435
696,928,6.70571
697,928,16.364204
698,928,12.034058
699,928,2.570498
700,928,10.720961
701,928,7.949749
702,928,9.340052
703,928,4.936762
704,928,7.441257
705,928,7.727196
706,928,4.648308
707,928,5.138621
712,928,6.797073
713,928,6.069309
714,928,12.523202
715,928,14.52462
717,928,10.302201
719,928,14.936959
723,928,7.803262
738,928,0.323129
695,929,9.54415
696,929,8.491563
697,929,9.681852
699,929,8.315696
700,929,8.207563
701,929,6.559606
702,929,10.051442
703,929,6.840807
704,929,10.398222
705,929,7.75935
706,929,1.219756
707,929,1.247864
712,929,3.652464
713,929,7.234643
723,929,7.280436
724,929,7.602594
725,929,7.115239
726,929,2.23548
727,929,8.725586
728,929,6.586643
729,929,5.065365
730,929,3.747088
731,929,1.039007
732,929,0.577877
733,929,11.327261
738,929,1.825114
717,603,21.546074
718,603,20.177326
719,603,9.235553
720,603,4.413007
721,603,5.186211
722,603,2.7501
818,603,0.783602
819,603,0.236739
820,603,0.881425
822,603,0.554858
823,603,0.227273
824,603,1.307884
827,603,22.926229
828,603,25.224735
973,603,5.919753
707,930,5.106172
728,930,10.567405
729,930,11.902291
730,930,6.149599
731,930,7.029508
732,930,4.338154
738,930,1.792131
731,931,8.123193
732,931,6.411256
733,931,12.990717
738,931,1.623212
794,1240,0.473404
795,1240,0.081218
720,604,25.061514
721,604,19.304426
722,604,16.006081
807,604,3.130442
818,604,0.358037
819,604,2.279349
820,604,1.238941
822,604,0.243415
825,604,17.47143
826,604,17.927454
827,604,17.953335
829,604,16.839104
830,604,16.985769
855,604,10.33965
856,604,2.072763
857,604,4.591755
973,604,0.496936
974,604,22.758413
807,605,3.097583
810,605,26.313332
825,605,16.39764
826,605,7.604928
827,605,13.275992
828,605,10.076818
829,605,14.237405
830,605,8.974806
831,605,19.611704
855,605,13.448172
856,605,12.446887
857,605,11.919293
858,605,15.824559
859,605,17.790127
860,605,14.559211
861,605,20.179504
862,605,17.238798
865,605,12.857418
975,605,21.636353
732,932,5.548835
733,932,15.305543
738,932,2.570615
739,932,7.252608
716,606,14.613905
717,606,4.526508
719,606,0.448247
720,606,0.12512
721,606,1.759574
722,606,4.254115
810,606,28.166559
811,606,18.27883
828,606,16.225912
829,606,16.99238
830,606,26.691181
856,606,22.071489
963,606,1.460137
964,606,0.177139
716,607,9.906229
717,607,3.142363
719,607,0.125
720,607,0.116348
721,607,0.517028
722,607,7.536716
811,607,23.192583
812,607,23.785442
867,607,13.954698
710,935,1.581179
711,935,1.09973
829,935,3.130501
716,608,15.592115
717,608,3.8561
718,608,0.351492
719,608,0.255772
720,608,0.144089
721,608,0.160321
722,608,2.084654
811,608,16.009954
812,608,15.6059
818,608,1.427548
819,608,0.356954
820,608,2.737752
821,608,13.937745
867,608,24.64362
962,608,2.485772
963,608,0.866527
716,609,7.077877
717,609,2.319044
718,609,0.254529
719,609,0.146625
720,609,0.146625
721,609,0.171099
722,609,0.930187
799,609,25.200369
801,609,9.801998
811,609,20.394037
818,609,8.369835
819,609,2.007987
820,609,2.320941
853,609,25.774174
854,609,19.172882
962,609,6.209594
963,609,4.219644
702,936,0.017021
710,936,4.783988
711,936,4.125728
713,936,7.929843
702,937,0.017021
711,937,10.746183
712,937,6.934226
713,937,7.749123
752,937,0.494526
813,937,24.805313
720,610,0.633781
721,610,2.201634
722,610,1.055472
738,610,16.051949
739,610,16.036734
854,610,20.428644
867,610,11.212253
739,938,7.357821
752,938,0.53305
762,938,0.53305
763,938,1.033047
764,938,0.484898
721,611,0.666399
722,611,0.082651
737,611,4.405437
738,611,3.621746
740,611,25.675598
696,939,0.91298
703,939,4.395656
739,939,17.938391
765,939,0.549643
766,939,0.484898
739,940,10.809624
778,940,5.933375
721,612,0.043961
722,612,0.114211
736,612,16.204788
737,612,8.362496
739,612,6.460511
740,612,16.390368
741,612,14.631001
742,612,7.024453
743,612,12.205953
744,612,12.270221
745,612,7.040445
819,612,7.148778
820,612,7.746316
822,612,4.790443
823,612,14.542559
739,941,20.740883
721,613,0.03036
723,613,3.033174
724,613,17.990225
735,613,11.529894
740,613,20.561058
743,613,16.955723
744,613,25.571121
855,613,13.786381
856,613,8.67384
865,613,26.494095
752,1250,22.47999
753,1250,12.759962
776,942,1.090631
691,943,0.739541
697,943,0.27931
698,943,0.30297
751,1251,16.843288
752,1251,1.932881
750,1252,11.388424
751,1252,0.642857
690,944,1.611726
691,944,9.231226
694,944,9.505537
695,944,0.291673
696,944,3.980057
697,944,4.501851
777,944,0.557092
778,944,8.636589
723,614,12.173466
724,614,0.019512
689,945,15.656565
691,945,15.131214
698,945,5.890022
704,945,29.70331
720,615,9.986625
721,615,21.885851
723,615,1.437619
724,615,0.171252
725,615,0.277304
748,1253,19.046175
750,1253,2.905724
757,946,2.441977
717,616,2.604076
718,616,7.207564
719,616,0.462647
723,616,2.148402
724,616,0.183172
725,616,0.209524
751,947,27.55163
773,947,3.91092
749,1255,25.197741
750,1255,0.5
717,617,12.862249
718,617,6.547348
719,617,2.717066
724,617,1.635177
725,617,0.637946
768,617,0.032563
769,617,1.27232
770,617,1.889404
751,948,13.325829
748,1256,2.938889
749,1256,1.452381
750,1256,0.857143
751,1256,0.222222
752,949,6.68439
777,949,9.956054
752,950,5.758627
753,950,2.148758
748,1257,5.261029
749,1257,2.230392
750,1257,3.055556
751,1257,2.138889
752,1257,0.8
717,618,28.321993
721,618,0.085606
768,618,0.074814
769,618,0.636914
750,1258,6.104168
751,1258,4.4375
752,1258,0.823529
717,619,18.844643
721,619,0.048626
752,951,4.476183
753,951,2.377782
738,952,0.494526
776,952,0.484898
845,952,27.729595
753,1259,2.9375
721,620,0.737455
814,620,10.951974
816,620,0.873986
819,620,0.335873
721,621,0.784063
815,621,0.637597
816,621,1.345474
819,621,0.758016
718,622,1.316975
719,622,0.111435
720,622,0.24064
721,622,0.359601
817,622,2.446889
819,622,0.6884
736,953,9.799027
737,953,1.010012
738,953,0.53305
717,623,2.771005
718,623,0.799601
719,623,0.093237
720,623,0.243921
721,623,0.316937
841,623,5.862849
842,623,12.019438
843,623,3.879024
844,623,7.730036
845,623,17.070856
846,623,6.852073
847,623,4.876544
848,623,4.658815
849,623,6.429591
735,954,25.488529
776,954,0.484898
777,954,0.865574
772,955,13.926187
773,955,9.189349
752,956,23.946499
716,624,21.171165
717,624,7.884296
718,624,0.065787
719,624,0.083862
720,624,0.069499
721,624,2.707238
745,624,25.023134
746,624,9.758549
845,624,14.403878
846,624,14.023679
847,624,10.977565
848,624,15.300673
849,624,16.737349
850,624,9.264671
851,624,12.901142
716,625,28.793304
717,625,5.921093
718,625,0.646719
719,625,0.036659
720,625,0.180833
721,625,2.961629
745,625,17.333965
746,625,0.897765
807,625,0.699757
819,625,2.476502
844,625,28.622128
845,625,15.27735
846,625,15.285639
847,625,11.205193
848,625,10.382623
849,625,8.962496
850,625,10.679608
852,625,14.098931
853,625,9.379943
855,625,25.676888
856,625,29.609413
753,957,6.649415
774,957,9.189349
776,957,4.625848
752,958,3.265625
773,958,3.757315
774,958,3.828796
777,958,4.625848
778,958,3.57908
715,626,28.652039
716,626,28.147522
717,626,7.834159
718,626,0.072981
719,626,0.060345
720,626,0.1982
721,626,0.112014
722,626,0.550406
723,626,1.26019
746,626,0.496963
808,626,0.71433
809,626,0.523906
814,626,0.3191
815,626,0.221277
819,626,0.581708
847,626,20.223616
848,626,17.183004
849,626,26.980661
850,626,25.795378
852,626,21.784767
853,626,20.921589
854,626,16.944206
855,626,24.037617
856,626,29.606731
857,626,13.383786
858,626,18.148394
752,959,2.148758
777,959,3.465696
716,627,3.722648
717,627,3.372694
718,627,1.58273
719,627,0.174069
720,627,0.18959
721,627,1.111724
722,627,1.136168
723,627,1.313568
814,627,1.412844
815,627,0.719556
819,627,2.472837
876,627,10.256338
888,627,4.346869
889,627,1.505883
736,960,7.309184
737,960,2.36537
774,960,5.535195
775,960,5.009233
776,960,4.1508
716,628,0.906884
717,628,0.181228
718,628,4.247734
719,628,6.020773
720,628,0.7215
721,628,0.457164
722,628,3.346169
723,628,0.902708
815,628,17.791433
817,628,27.822348
887,628,16.9004
888,628,1.953643
889,628,2.146633
736,961,7.204548
715,629,3.579538
716,629,5.520837
717,629,4.883129
718,629,5.885851
719,629,0.070499
720,629,0.191357
721,629,0.067348
722,629,0.611451
723,629,3.97474
815,629,20.818129
816,629,15.878541
817,629,28.383511
820,629,1.12676
821,629,0.381989
888,629,0.05849
889,629,0.07018
735,962,24.353096
736,962,8.917943
737,962,4.508812
718,630,4.201155
719,630,2.207995
720,630,2.111711
721,630,0.500539
722,630,0.076746
723,630,1.607465
796,630,1.719448
814,630,9.584434
815,630,8.291008
816,630,1.655339
817,630,2.246037
820,630,1.122243
821,630,1.283424
887,630,8.181259
888,630,0.325888
991,630,24.243612
720,963,1.681565
721,963,0.030388
722,963,0.030388
736,963,16.288404
752,963,29.047935
718,631,9.541273
719,631,1.83625
720,631,4.935432
721,631,3.563564
722,631,4.606413
723,631,2.447241
795,631,8.467484
796,631,8.917442
797,631,12.557305
798,631,12.983438
799,631,10.489987
800,631,19.269573
801,631,4.698667
802,631,10.258883
803,631,2.739244
804,631,2.096316
805,631,6.236465
806,631,7.826004
807,631,6.647956
809,631,0.082126
814,631,17.245123
815,631,0.695074
816,631,2.243642
817,631,2.61712
820,631,0.122996
821,631,0.376074
828,631,12.420411
829,631,7.546588
830,631,4.266544
831,631,10.035567
887,631,7.437844
703,964,8.715055
717,964,20.393915
719,964,0.56441
720,964,0.018018
721,964,0.018018
722,964,0.018018
724,964,18.174376
731,964,1.277018
732,964,8.154346
736,964,19.407837
703,965,11.344213
715,965,9.776287
717,965,5.634467
724,965,0.874808
736,965,19.25102
806,632,3.013047
807,632,8.809933
809,632,0.082126
813,632,10.750141
814,632,5.908613
815,632,2.233466
816,632,0.95422
817,632,5.06214
818,632,10.199248
821,632,10.754237
828,632,14.28413
829,632,9.325754
831,632,15.580833
888,632,18.123848
889,632,2.056246
718,966,13.896111
719,966,8.979279
725,966,24.888002
733,966,23.667608
734,966,27.88298
816,633,8.110416
817,633,2.1737
820,633,12.412381
821,633,15.443358
822,633,1.508145
827,633,26.310833
828,633,18.852474
829,633,2.757136
830,633,1.392361
831,633,7.590342
832,633,16.082195
783,634,17.908796
806,634,16.805286
807,634,0.454905
808,634,0.209402
815,634,2.900528
816,634,7.043118
820,634,23.635794
822,634,0.794949
827,634,11.165007
828,634,2.030559
829,634,7.988107
830,634,3.781367
831,634,17.09992
832,634,14.76599
887,634,11.26842
803,635,1.749185
805,635,1.521668
806,635,4.091656
807,635,0.131707
808,635,0.082126
815,635,2.960268
816,635,1.237351
820,635,15.280195
822,635,2.835371
827,635,3.61393
829,635,5.549494
830,635,15.576404
831,635,12.358567
803,636,0.40994
805,636,0.40994
806,636,0.246504
807,636,0.082126
808,636,0.046358
813,636,1.887145
814,636,0.557186
815,636,0.33926
816,636,1.884366
829,636,1.089935
830,636,1.359176
675,637,1.133993
803,637,0.738404
805,637,0.696978
806,637,0.64226
807,637,0.082126
808,637,0.008772
813,637,1.887145
814,637,0.411536
815,637,0.932514
816,637,2.047712
791,638,8.243614
792,638,16.589779
793,638,7.398225
794,638,9.333406
806,638,0.615645
807,638,0.05848
808,638,0.082126
813,638,2.92633
814,638,5.730187
815,638,0.943351
816,638,1.190302
819,638,27.175083
820,638,28.020775
831,638,4.393017
789,639,23.174583
790,639,5.05386
791,639,1.50058
792,639,0.818911
793,639,2.091081
794,639,1.042871
795,639,5.153302
802,639,5.449603
803,639,9.725182
804,639,13.739157
805,639,0.587403
813,639,3.259664
814,639,2.606838
815,639,0.73757
816,639,3.06007
821,639,27.16658
823,639,12.902241
824,639,6.842775
825,639,6.354689
826,639,6.788899
827,639,10.384094
828,639,14.985945
829,639,7.124316
831,639,3.777889
705,640,17.392122
789,640,5.475955
790,640,1.359178
797,640,10.265445
798,640,2.845324
799,640,18.806507
800,640,3.527924
801,640,3.344829
802,640,1.943856
803,640,3.434707
804,640,0.489022
805,640,0.722901
813,640,3.501521
814,640,4.374988
815,640,0.621243
816,640,1.495063
822,640,26.061258
823,640,7.281972
824,640,8.030233
825,640,7.347984
826,640,8.332646
827,640,22.09494
828,640,9.977429
705,641,3.925159
782,641,17.674191
783,641,16.59351
785,641,21.383247
788,641,5.4408
789,641,13.261922
790,641,4.016023
791,641,13.570439
792,641,5.43497
793,641,4.27371
794,641,14.93356
795,641,16.358694
798,641,4.506173
799,641,5.066965
800,641,0.623936
801,641,2.51932
802,641,0.088844
803,641,0.236739
804,641,0.543139
806,641,1.436742
807,641,1.95383
808,641,1.868487
809,641,8.950678
813,641,3.050689
814,641,1.847758
815,641,1.650997
816,641,1.240274
821,641,24.531301
822,641,12.741892
823,641,11.089477
824,641,21.771311
825,641,28.589291
826,641,19.553894
780,642,16.022343
781,642,9.274605
782,642,10.507453
783,642,11.858599
784,642,28.589193
785,642,24.635309
788,642,1.739111
789,642,1.55558
790,642,2.419127
791,642,2.22227
792,642,2.973916
793,642,2.191428
794,642,8.847401
795,642,15.306787
797,642,4.419654
798,642,5.924965
799,642,1.108871
801,642,0.820819
802,642,0.541746
803,642,0.065934
806,642,1.647615
807,642,1.469911
808,642,0.360109
809,642,10.262829
810,642,25.848606
813,642,15.018165
814,642,25.696201
815,642,1.988277
816,642,1.315791
779,643,14.236925
780,643,6.181722
781,643,5.280558
782,643,3.365149
783,643,4.108045
784,643,7.742666
785,643,26.139465
788,643,5.076339
790,643,0.44103
791,643,0.5544
792,643,0.187638
793,643,0.663993
794,643,1.177069
795,643,1.964401
801,643,0.722901
802,643,0.218719
803,643,0.065934
806,643,1.897471
807,643,0.154829
808,643,0.074926
809,643,15.415686
813,643,19.720715
815,643,1.127628
816,643,7.820987
830,643,19.154728
779,644,13.257653
780,644,15.028434
781,644,19.650949
782,644,16.112936
783,644,20.318098
784,644,12.768574
785,644,22.163799
788,644,0.007353
789,644,1.166714
790,644,0.065934
791,644,0.325538
792,644,0.282258
793,644,0.062909
794,644,0.16174
795,644,1.942177
797,644,5.293225
798,644,0.505931
801,644,0.783602
802,644,0.543139
803,644,0.667123
805,644,1.693077
806,644,1.440514
807,644,1.159473
813,644,15.262874
814,644,21.208689
815,644,0.392864
816,644,3.740072
704,645,4.469902
705,645,16.204498
736,645,19.534327
775,645,10.122122
779,645,14.683967
780,645,23.418545
788,645,0.343549
789,645,0.007353
790,645,0.052941
791,645,0.007353
792,645,0.165934
793,645,0.147993
794,645,1.92093
795,645,2.931871
797,645,8.259183
798,645,0.579399
805,645,1.739762
806,645,0.561433
807,645,0.3525
808,645,19.72369
809,645,11.797226
813,645,17.162529
814,645,13.051062
815,645,0.762019
816,645,1.334489
736,646,5.317088
737,646,6.4634
739,646,17.786619
740,646,20.774677
741,646,20.900059
775,646,5.489357
779,646,14.116711
780,646,23.377804
788,646,0.074218
789,646,0.052941
791,646,0.506181
792,646,0.076339
793,646,0.289201
794,646,5.264725
797,646,1.897589
798,646,0.227937
799,646,1.541198
800,646,2.171248
801,646,0.825383
802,646,1.23535
803,646,0.68653
804,646,3.515493
805,646,10.768282
806,646,28.621452
808,646,6.047258
809,646,8.551945
810,646,14.671227
813,646,21.641315
814,646,5.664543
819,646,24.764753
820,646,5.690768
735,647,3.686247
736,647,4.78163
737,647,4.485401
738,647,5.754251
740,647,6.091644
741,647,14.492977
778,647,17.950695
779,647,13.3533
780,647,9.615935
788,647,0.189093
789,647,0.207937
791,647,0.4811
792,647,0.317568
793,647,0.153878
794,647,0.404182
797,647,4.049636
798,647,1.533491
799,647,0.208531
800,647,1.108487
801,647,0.970658
802,647,0.304002
803,647,0.141929
804,647,1.250306
805,647,1.131638
807,647,5.71499
808,647,7.073309
809,647,11.261347
819,647,8.140859
820,647,7.982526
736,648,2.072461
737,648,5.561492
741,648,2.084457
745,648,19.188297
774,648,3.116597
778,648,25.340422
779,648,13.877399
780,648,10.930354
788,648,0.127143
789,648,0.700659
791,648,1.012313
792,648,0.186533
793,648,0.136126
794,648,0.516197
797,648,3.816368
798,648,2.457097
799,648,0.201978
800,648,1.142488
801,648,2.195124
802,648,1.000616
803,648,0.504691
804,648,1.901767
805,648,6.438576
806,648,3.394408
807,648,13.756329
815,648,13.259665
816,648,1.354531
819,648,20.940657
820,648,4.945039
742,649,1.092775
744,649,1.542476
745,649,3.051028
774,649,0.402901
778,649,29.876736
779,649,2.97285
780,649,14.64551
788,649,0.136126
789,649,2.738877
791,649,0.427531
792,649,0.218791
793,649,0.69207
794,649,2.188122
797,649,23.164251
798,649,3.677086
799,649,0.339065
800,649,0.236502
801,649,0.749161
802,649,1.544556
803,649,0.481134
804,649,0.618033
805,649,7.063461
806,649,2.219967
807,649,3.69491
815,649,4.913108
816,649,6.480621
742,650,5.235953
743,650,16.4648
744,650,7.18078
745,650,4.076677
777,650,12.69776
778,650,11.839622
779,650,2.722988
780,650,5.563734
781,650,19.465351
788,650,0.136126
789,650,0.421661
791,650,0.806959
792,650,0.051282
793,650,2.220641
794,650,1.290442
799,650,1.564375
800,650,0.733384
801,650,3.223062
802,650,7.935453
803,650,2.219712
804,650,18.959454
815,650,24.5728
816,650,10.897515
822,650,23.054729
823,650,3.859628
824,650,9.136092
825,650,7.573254
826,650,6.745521
709,651,0.524129
710,651,1.542417
777,651,29.772278
778,651,8.34349
779,651,1.191119
780,651,2.757208
782,651,3.493191
783,651,18.439852
784,651,9.036024
785,651,17.437344
788,651,0.136126
789,651,0.294007
791,651,1.693374
792,651,0.243444
793,651,0.329994
794,651,1.150585
815,651,7.849158
816,651,23.913149
822,651,15.309202
823,651,12.534095
824,651,7.045137
825,651,9.610649
826,651,13.040966
827,651,15.429235
828,651,7.616317
748,652,0.054978
777,652,2.974447
782,652,2.531313
783,652,4.081355
784,652,3.968445
785,652,4.481147
786,652,20.92005
788,652,0.213873
789,652,0.136126
791,652,1.409194
792,652,1.17107
793,652,3.786465
794,652,0.690785
815,652,6.598133
816,652,24.178333
824,652,25.174318
825,652,19.76421
826,652,15.805516
827,652,17.142038
830,652,12.648602
741,653,9.097692
784,653,3.193135
785,653,4.885521
789,653,0.136126
797,653,10.12601
798,653,1.963012
799,653,2.853301
800,653,0.392225
801,653,0.865777
802,653,2.972496
803,653,4.4339
815,653,6.951552
666,654,8.420248
667,654,6.211883
741,654,1.764737
742,654,0.654182
743,654,9.912485
744,654,13.777096
793,654,0.481194
794,654,1.51765
795,654,1.205883
796,654,16.060429
797,654,8.419007
798,654,0.305882
799,654,1.162487
800,654,0.055944
802,654,0.213873
803,654,0.227273
815,654,3.091394
816,654,11.464201
831,654,12.902166
778,988,1.429716
779,988,0.989744
780,988,5.762345
739,655,2.183652
740,655,1.234714
790,655,0.008772
791,655,0.124157
792,655,0.04878
793,655,1.944506
798,655,0.136126
799,655,0.136126
800,655,0.136126
802,655,1.395393
803,655,0.945579
804,655,20.084827
814,655,5.061829
815,655,6.359899
830,655,19.583937
831,655,11.460119
793,656,12.554912
796,656,0.945579
797,656,0.359136
798,656,0.359136
799,656,2.532114
800,656,3.207937
804,656,1.184317
814,656,16.094425
820,656,15.627413
799,991,6.848334
800,991,7.228277
794,657,1.746598
796,657,3.734456
789,658,0.699376
796,658,11.978709
819,658,10.210021
820,658,18.296391
923,658,7.793417
725,992,13.133199
811,992,3.517348
810,993,4.713504
811,993,3.261628
790,659,3.365279
791,659,1.711084
793,659,0.880549
888,659,18.87228
926,659,4.194789
927,659,3.186296
928,659,1.913811
929,659,14.408448
733,660,1.29931
734,660,2.054619
735,660,0.619969
790,660,1.592736
822,660,5.428421
823,660,8.388196
824,660,6.805942
825,660,10.48337
826,660,14.758579
827,660,13.846465
888,660,20.980509
889,660,25.272017
719,661,1.089137
720,661,0.643992
733,661,0.313396
734,661,0.282645
735,661,0.144862
888,661,20.787081
810,994,3.807014
811,994,0.630966
715,662,13.312952
716,662,25.776207
717,662,1.492417
718,662,0.576366
719,662,0.09783
720,662,0.208187
733,662,0.437204
734,662,0.133523
736,662,2.175132
737,662,2.866821
738,662,3.172059
739,662,2.5117
740,662,15.639252
741,662,6.037455
742,662,17.525923
774,995,23.720066
810,995,2.116865
775,996,0.213918
776,996,0.213918
809,996,2.936368
841,996,0.119298
717,663,0.062899
718,663,0.143918
719,663,0.195944
720,663,0.373076
733,663,0.437204
734,663,0.128717
736,663,5.976369
737,663,0.536232
738,663,1.617644
739,663,2.559862
740,663,2.935508
741,663,13.19551
742,663,25.739059
720,997,5.9139
721,997,0.511207
722,997,0.514178
723,997,0.514178
724,997,1.319786
717,664,0.110082
718,664,0.19368
719,664,0.373076
733,664,1.170411
734,664,0.110455
945,664,3.253594
733,665,0.328172
734,665,0.357167
774,998,1.308439
775,998,1.308439
784,998,0.298039
775,999,0.276423
776,999,15.821933
911,665,21.27268
945,665,3.536836
960,665,10.655362
961,665,15.659315
825,666,3.467524
898,666,11.178106
899,666,6.612399
900,666,9.043279
901,666,8.905227
902,666,9.789257
903,666,5.321056
904,666,8.016216
905,666,7.758478
911,666,18.174986
912,666,13.460725
944,666,6.782917
945,666,4.501444
946,666,8.317036
961,666,20.992294
989,666,18.273987
911,667,23.344181
912,667,12.691344
920,667,11.405107
921,667,15.059321
944,667,10.146925
945,667,9.357985
952,667,3.041149
953,667,1.3252
960,667,3.879038
961,667,0.60985
962,667,7.512581
989,667,23.68396
784,1000,0.866638
775,1001,9.392637
783,1001,0.276423
912,668,8.438924
920,668,9.821631
945,668,12.450825
953,668,0.818182
960,668,4.388536
962,668,4.252213
989,668,15.089618
722,669,28.583138
911,669,11.17462
912,669,9.210006
913,669,5.373974
919,669,11.324523
929,669,28.464424
932,669,11.182138
933,669,28.669092
945,669,17.613235
953,669,4.666196
960,669,7.499038
962,669,4.810722
686,1003,0.683234
718,670,14.81397
719,670,9.036754
720,670,16.707396
721,670,4.820735
722,670,12.719077
723,670,2.611639
724,670,7.637665
725,670,4.258867
726,670,0.016129
727,670,13.643084
728,670,10.642344
729,670,10.72388
730,670,9.654643
731,670,8.404251
732,670,12.679436
733,670,18.05121
763,670,11.818953
912,670,7.441604
913,670,5.863956
919,670,11.455422
945,670,6.459074
960,670,2.505061
988,670,19.253223
989,670,28.579199
686,1004,1.083
722,671,4.542175
723,671,6.395379
725,671,21.409061
726,671,5.142423
727,671,8.832932
728,671,9.40755
729,671,9.28341
730,671,8.970352
731,671,9.608163
732,671,5.299672
733,671,7.632679
851,671,9.628028
853,671,9.049047
912,671,3.767055
913,671,6.55359
919,671,17.151556
952,671,10.963093
953,671,8.247223
954,671,3.152639
955,671,5.473865
956,671,3.1108
957,671,2.677235
958,671,2.230993
687,1005,1.083
850,672,14.787908
912,672,8.093689
913,672,11.939833
919,672,10.300741
950,672,25.628428
953,672,27.779354
954,672,7.6527
955,672,0.916949
957,672,0.673632
687,1006,0.129288
773,1006,6.550884
774,1006,1.962508
912,673,6.501173
913,673,5.59834
920,673,3.407686
687,1007,0.133758
887,674,9.419082
936,674,13.014104
937,674,24.241577
938,674,13.057465
943,674,0.578948
951,674,4.235337
952,674,10.950908
953,674,11.154091
954,674,11.535809
955,674,14.667192
956,674,11.512468
957,674,17.036715
958,674,4.82629
959,674,9.32911
887,675,28.35314
908,675,2.566517
909,675,12.411091
910,675,22.431625
911,675,24.427885
934,675,0.243902
935,675,5.793383
936,675,1.789575
937,675,0.455039
938,675,0.462368
939,675,1.569658
940,675,2.989575
941,675,0.243902
951,675,3.990153
952,675,16.784468
953,675,13.677475
954,675,6.169674
955,675,11.466179
956,675,28.063107
957,675,17.843647
958,675,4.439511
959,675,4.684388
960,675,4.878858
904,676,11.116892
907,676,16.782938
922,676,3.203262
943,676,0.28481
944,676,0.243902
952,676,1.629095
953,676,8.945504
954,676,2.827169
955,676,8.112843
956,676,2.856686
957,676,3.750069
958,676,2.408769
959,676,5.424124
960,676,6.377412
968,676,29.535435
833,1009,1.567004
957,677,2.297656
958,677,2.489968
959,677,0.906064
987,677,11.602575
833,1010,5.007769
942,678,1.290397
944,678,0.563436
945,678,1.135458
946,678,8.614334
987,678,19.009233
772,1011,17.955713
773,1011,1.779794
833,1011,12.728023
737,679,1.085811
738,679,1.697201
739,679,5.31279
740,679,0.684215
741,679,0.81691
930,679,2.788656
931,679,1.962149
932,679,1.542764
933,679,0.308222
934,679,7.244561
935,679,2.4389
942,679,4.128218
986,679,22.716816
987,679,9.815166
773,1012,0.276423
774,1012,0.828235
833,1012,2.965324
928,680,23.094511
942,680,3.810704
943,680,3.822742
944,680,0.252427
963,680,4.118929
942,681,12.550959
943,681,6.035882
944,681,0.618648
945,681,4.284101
988,681,6.22022
989,681,15.846266
990,681,5.189822
774,1013,0.276423
774,1014,0.298039
988,682,1.374749
990,682,13.788441
951,683,1.126168
952,683,5.41305
953,683,4.838077
954,683,6.022987
955,683,5.374346
956,683,5.809435
957,683,13.837666
958,683,6.45151
959,683,2.070559
960,683,8.243015
988,683,7.492393
989,683,6.961489
774,1015,0.276423
951,684,9.671579
953,684,17.819302
954,684,26.324661
955,684,23.337959
960,684,3.76336
989,684,2.449924
990,684,24.573139
697,1016,1.84339
774,1016,0.276423
774,1017,0.276423
988,685,1.264092
989,685,1.197446
990,685,10.954608
989,686,0.694956
990,686,13.234937
991,686,19.49085
782,1019,2.828267
944,687,2.947431
945,687,10.712515
946,687,2.053011
989,687,21.239855
990,687,28.887516
991,687,9.008367
766,1020,22.511511
767,1020,10.081038
927,688,0.818539
939,688,3.278881
940,688,5.135845
942,688,0.572427
944,688,0.528713
945,688,0.912251
946,688,2.322025
991,688,7.930794
692,1021,0.129288
804,1021,0.111801
704,1022,4.431715
770,1022,7.796562
803,1022,0.298039
804,1022,0.323129
921,689,0.055556
939,689,7.386256
940,689,9.417718
941,689,14.028789
942,689,1.259054
943,689,15.438692
944,689,2.324993
945,689,0.645368
950,689,0.950698
951,689,24.967882
704,1023,6.315433
705,1023,1.514621
706,1023,1.484894
804,1023,0.323129
937,690,3.748003
939,690,17.659487
940,690,8.905232
941,690,2.192686
942,690,10.432165
943,690,6.675732
944,690,22.309738
704,1024,2.294855
706,1024,0.937116
803,1024,8.084116
804,1024,0.213918
950,691,4.421624
951,691,4.282594
952,691,23.852682
954,691,14.182809
951,692,18.889038
952,692,3.947528
699,1025,8.559009
700,1025,4.286723
703,1025,2.811374
704,1025,3.417896
705,1025,4.43916
706,1025,3.412742
941,693,2.833322
944,693,8.912064
696,1026,0.129288
706,1026,4.297955
933,694,4.751479
939,694,2.712542
695,1027,0.129288
937,695,0.012736
939,695,0.888814
688,1028,0.129288
689,1028,2.555618
690,1028,1.986708
692,1028,0.129288
693,1028,0.169355
695,1028,0.129288
703,1028,0.133758
704,1028,0.440114
689,1029,0.129288
690,1029,0.169355
694,1029,0.129288
704,1031,1.514938
705,1031,5.62544
690,1032,11.026977
691,1032,6.880798
692,1032,8.0632
693,1032,12.959624
694,1032,14.640167
695,1032,12.804891
706,1032,0.792662
707,1032,24.674809
708,1032,22.79261
938,700,11.020266
939,700,26.764639
696,1033,10.928862
703,1033,0.626499
706,1033,2.698424
707,1033,2.238541
708,1033,11.378844
709,1033,8.604251
703,1034,1.664161
706,1034,0.428571
707,1034,23.789822
676,1035,3.551278
703,1035,0.969987
703,1036,2.00968
704,1036,1.4127
706,1036,2.821885
673,1037,0.295671
676,1037,1.252263
677,1037,0.129288
698,1037,6.829292
706,1037,4.967985
673,1038,0.245742
676,1038,1.278917
677,1038,0.133758
695,1038,0.129288
706,1038,9.12722
954,705,20.974119
955,705,19.439341
677,1039,0.129288
695,1039,0.133758
677,1040,0.129288
695,1040,0.133758
673,1041,2.043826
677,1041,6.693348
695,1041,0.133758
675,1042,2.339051
676,1042,5.6777
677,1042,2.427569
672,1043,1.827232
675,1043,2.339051
676,1043,2.562254
677,1043,8.133699
678,1043,2.562254
679,1043,0.407722
680,1043,0.410391
672,1044,4.024991
680,1044,2.339051
681,1044,2.75459
682,1045,3.170676
822,1048,13.564992
823,1048,11.34348
824,1048,4.123687
825,1048,0.487445
823,1049,16.49251
824,1049,1.762241
825,1049,8.487084
823,1050,0.458948
824,1050,0.119298
825,1050,8.487084
888,1050,23.520077
889,1050,2.122448
687,1051,3.548591
825,1051,0.458948
888,1051,15.131819
889,1051,12.214801
682,1052,7.342631
688,1052,2.967849
689,1053,2.464616
691,1054,0.242983
794,1058,12.411054
795,1058,2.321229
795,1059,3.505991
794,1062,0.111801
799,1062,15.583389
800,1062,17.860264
801,1062,16.922531
729,732,7.245662
731,732,19.354012
729,733,13.622849
731,733,9.550093
732,733,14.564581
733,733,20.044989
734,733,16.231928
735,733,16.361097
736,733,18.711958
686,1066,10.94858
787,1066,0.827642
799,1066,4.510608
801,1066,12.000098
802,1066,0.119298
732,734,13.011769
733,734,11.113282
685,1067,20.763065
686,1067,18.023788
806,1069,7.781087
807,1069,0.440906
808,1069,0.440906
809,1069,0.321608
800,1070,1.836076
806,1070,0.440906
806,1071,2.730527
809,1071,1.656255
764,1072,0.321608
785,1072,18.799416
787,1072,5.372878
802,1072,2.213781
809,1072,1.661503
810,1072,10.1745
813,1072,3.511875
800,1073,1.656255
802,1073,2.213781
803,1073,2.271755
804,1073,2.271755
805,1073,2.05083
809,1073,2.003794
810,1073,1.859542
830,1073,5.451262
805,1074,1.536759
810,1074,0.111801
786,1075,4.050006
798,1075,1.859542
806,1075,1.536759
807,1075,2.05083
808,1075,2.05083
809,1075,1.775145
685,1076,23.656883
686,1076,0.31746
773,1076,9.993664
774,1076,9.993664
798,1076,0.3125
799,1076,1.656255
811,1076,1.656255
748,1077,4.183719
783,1077,3.038464
806,1077,1.775145
807,1077,1.775145
808,1077,1.775145
809,1077,1.874975
811,1077,1.874975
684,1078,0.31746
748,1078,4.183719
751,1078,4.050006
754,1078,3.038464
800,1078,1.775145
811,1078,0.15534
812,1078,1.527031
813,1078,1.567004
814,1078,3.61655
815,1078,4.714342
685,1079,1.503538
754,1079,4.050006
789,1079,0.15534
684,1080,15.124471
685,1080,4.492532
785,1080,9.282524
800,1080,1.877566
750,1081,4.425919
754,1081,6.902328
755,1081,4.050006
756,1081,4.050006
757,1081,4.050006
758,1081,4.050006
759,1081,3.038464
760,1081,4.050006
761,1081,5.562775
762,1081,15.253276
763,1081,1.775145
764,1081,21.077457
767,1081,2.226995
768,1081,0.321608
790,1081,7.781382
791,1081,16.448681
792,1081,23.677401
793,1081,23.367437
794,1081,23.367437
795,1081,24.771265
796,1081,25.4515
734,750,18.955196
735,750,6.529839
736,750,3.084064
754,1082,5.395351
795,1082,1.714151
902,1083,29.050409
704,751,1.322382
705,751,4.370872
734,751,21.303495
735,751,1.265532
752,1084,8.248844
753,1084,9.663586
760,1084,0.348315
704,752,1.159665
705,752,4.621831
734,752,2.262046
735,752,3.713434
660,753,12.710198
704,753,0.941505
705,753,16.311766
733,753,0.484205
734,753,1.862365
735,753,2.434169
741,753,7.740091
770,1086,22.100031
704,754,16.673088
705,754,4.101161
733,754,0.438024
734,754,2.859132
735,754,1.039879
741,754,2.403224
756,1087,5.625
758,1087,21.487661
759,1087,21.487661
761,1087,26.795361
766,1087,2.410885
767,1087,4.323526
768,1087,2.20617
769,1087,0.46784
773,1087,0.46784
704,755,3.228835
732,755,13.107095
733,755,3.138071
734,755,4.872849
735,755,2.569963
703,756,13.880244
704,756,6.411135
732,756,16.696728
733,756,4.147663
734,756,3.580404
735,756,0.291617
741,756,6.91664
792,1088,0.119298
793,1088,0.119298
794,1088,0.276498
795,1088,0.267176
797,1088,0.348315
703,757,16.394611
704,757,7.818668
734,757,3.621657
735,757,1.378964
830,1089,8.516768
703,758,6.907286
735,758,0.596696
721,1090,27.649231
722,1090,29.886345
736,759,1.007524
685,1091,16.024649
924,1091,26.617794
761,1092,2.122448
762,1092,5.070252
763,1092,6.51241
764,1092,5.627296
765,1092,1.510352
769,1093,1.567004
770,1093,10.144959
775,1093,7.425838
814,1094,2.973902
815,1094,18.558241
827,764,6.382206
786,1095,1.375568
787,1095,2.341283
681,1097,15.751881
932,1098,26.310675
759,1099,15.350836
760,1099,8.581059
761,1099,12.286498
762,1099,4.856903
763,1099,21.272018
764,1099,4.856903
765,1099,5.909707
789,1099,1.216142
793,1099,3.006788
769,1100,24.220682
785,1100,0.276498
931,1100,12.405407
932,1100,2.961718
825,1101,12.442633
826,1101,12.878315
829,1101,26.112812
921,1101,5.923387
931,1101,1.332891
921,1102,4.055464
922,1102,11.058815
921,1103,2.409489
928,1103,1.214804
791,1104,0.885058
915,1104,0.884616
916,1104,0.884616
917,1104,0.402439
926,1104,2.194371
927,1104,2.217949
786,1105,2.548559
922,1105,14.859202
926,1105,3.560075
803,1106,21.005001
911,1106,1.474578
926,1106,14.563074
832,774,3.606113
845,774,19.008646
843,775,5.002984
844,775,17.577967
845,775,15.378551
708,1107,5.152462
710,1107,14.986473
711,1107,19.022251
906,1107,7.280481
907,1107,10.402135
908,1107,22.582678
909,1107,0.267176
926,1107,21.349785
927,1107,2.026849
704,1108,28.943285
705,1108,16.527781
709,1108,22.645414
710,1108,13.11302
713,1108,9.050445
714,1108,1.557376
756,1108,4.425919
765,1108,8.381811
769,1108,21.487661
782,1108,0.885058
783,1108,1.889415
903,1108,17.788761
905,1108,18.298965
906,1108,16.587866
908,1108,7.933327
926,1108,15.422841
703,1109,25.039223
704,1109,20.186844
749,1109,5.51728
888,1109,27.394613
903,1109,21.94615
906,1109,20.903601
925,1109,0.777778
749,1110,11.949968
793,1110,1.473685
680,1113,14.742846
729,1113,28.717657
681,1114,29.451948
682,1114,15.242867
726,1114,18.891333
727,1114,22.796282
728,1114,15.342146
729,1114,10.623137
730,1114,1.287235
682,1115,28.865387
722,1115,8.314194
723,1115,8.305568
725,1115,24.104921
726,1115,26.917009
727,1115,26.750345
728,1115,21.80934
729,1115,6.42785
834,1115,15.406668
707,784,26.129223
708,784,11.874338
709,784,13.713848
710,784,13.677359
712,784,2.602793
713,784,15.203052
714,784,11.967157
715,784,17.872913
716,784,5.005264
717,784,6.141472
683,1116,13.785702
723,1116,18.689962
724,1116,19.453241
725,1116,18.579538
726,1116,9.450012
727,1116,6.768325
728,1116,1.761111
707,785,26.905851
708,785,22.614187
709,785,5.656016
710,785,13.830201
711,785,6.924702
712,785,1.569163
713,785,14.287941
714,785,7.740143
715,785,14.074488
716,785,3.645872
717,785,2.137589
718,785,3.691492
719,785,6.657339
707,786,26.543814
708,786,15.687744
709,786,11.468901
710,786,3.439797
711,786,3.372527
712,786,1.775817
713,786,2.047091
714,786,2.708462
715,786,7.265529
716,786,2.021839
717,786,2.03528
718,786,4.119825
724,1117,11.732183
725,1117,8.117403
726,1117,3.952832
727,1117,3.115711
884,1117,20.826336
707,787,13.933484
708,787,16.679485
709,787,7.618174
710,787,4.818354
711,787,1.146822
712,787,3.281129
713,787,1.105183
714,787,1.931942
715,787,1.785243
716,787,2.028413
717,787,1.943735
718,787,9.695812
719,787,9.425099
720,787,19.052124
703,1118,28.579382
715,1118,15.818253
716,1118,28.083618
717,1118,22.473455
724,1118,22.341541
725,1118,14.568005
726,1118,1.364502
727,1118,1.244434
906,1118,22.204294
707,788,12.260076
708,788,21.902693
709,788,15.142879
710,788,3.211469
711,788,4.07733
712,788,0.323498
713,788,0.484145
714,788,0.53641
715,788,2.260917
716,788,0.745166
717,788,1.771316
718,788,2.143881
719,788,7.074667
720,788,20.319153
707,789,12.304735
708,789,14.324027
710,789,3.636837
711,789,1.269319
712,789,1.27385
713,789,1.149359
714,789,1.251603
715,789,0.514889
716,789,0.514889
717,789,3.125451
718,789,4.715266
719,789,6.572838
720,789,15.281745
703,1119,12.672647
718,1119,27.266872
726,1119,0.181818
894,1119,12.825524
895,1119,11.115544
903,1119,23.333805
905,1119,15.213808
908,1119,21.240107
909,1119,2.407408
910,1119,4.416429
912,1119,18.630438
913,1119,13.088722
914,1119,2.919998
919,1119,3.963471
920,1119,6.954981
920,487,10.098856
921,487,12.792144
923,487,25.449251
940,487,8.371582
707,790,14.440322
708,790,8.112704
709,790,3.543629
710,790,14.544288
711,790,1.124974
712,790,1.317369
713,790,1.332423
714,790,1.754915
715,790,0.45
716,790,2.057633
717,790,1.289286
718,790,1.719749
719,790,5.787506
720,790,14.241512
922,488,10.809768
923,488,6.921731
924,488,16.89793
929,488,23.483557
930,488,0.37852
931,488,0.600183
932,488,9.959719
702,1120,25.429075
703,1120,8.746882
715,1120,19.80463
717,1120,19.63431
718,1120,20.696274
719,1120,21.713659
720,1120,17.319365
721,1120,26.39389
722,1120,21.037415
723,1120,14.083105
724,1120,15.587223
726,1120,0.363636
887,1120,6.962951
901,1120,12.809806
902,1120,14.273014
903,1120,15.48023
905,1120,18.198105
906,1120,17.11552
907,1120,4.070599
908,1120,6.364871
911,1120,1.230068
912,1120,14.77504
913,1120,4.25
914,1120,18.670073
915,1120,23.956045
916,1120,17.927492
707,791,12.298445
708,791,9.131227
709,791,4.908454
710,791,2.356914
711,791,1.766463
712,791,1.430029
713,791,1.33778
714,791,2.376343
715,791,2.248354
717,791,0.898172
718,791,0.924656
719,791,1.715061
720,791,20.787693
707,792,19.806023
708,792,9.275784
709,792,3.758664
710,792,4.647721
711,792,1.63168
712,792,1.320006
713,792,1.171224
714,792,2.496068
716,792,2.397105
717,792,0.657895
718,792,0.833401
719,792,1.875989
720,792,9.040884
936,490,9.91324
937,490,3.319024
938,490,4.010463
939,490,5.540785
702,1121,16.595631
703,1121,11.835673
704,1121,27.521164
716,1121,13.803148
718,1121,6.185904
719,1121,5.545419
720,1121,6.80699
721,1121,4.628778
722,1121,3.745645
723,1121,1.427732
724,1121,1.731169
725,1121,0.095238
726,1121,0.090909
782,1121,0.885058
783,1121,0.886793
784,1121,0.886793
785,1121,3.806792
786,1121,0.885058
701,1122,9.158318
702,1122,7.78582
703,1122,6.44585
704,1122,12.16353
706,1122,23.811512
709,1122,22.266302
711,1122,29.963385
713,1122,28.400904
714,1122,28.825455
716,1122,8.371823
717,1122,2.173533
782,1122,4.473684
783,1122,1.939999
784,1122,1.939999
785,1122,1.473685
707,793,22.138189
708,793,19.866177
709,793,4.720736
710,793,3.870394
711,793,1.902558
712,793,1.261708
713,793,1.26761
714,793,2.331232
717,793,2.646663
718,793,0.59896
719,793,4.668414
720,793,17.226763
708,794,29.539993
709,794,14.561287
710,794,5.549872
711,794,1.841963
712,794,1.463645
713,794,1.307915
714,794,1.916667
715,794,2.561508
717,794,1.131063
718,794,0.77033
719,794,2.178894
720,794,28.339294
707,1123,9.860711
708,1123,9.546495
709,1123,12.387263
710,1123,6.932042
711,1123,2.042681
712,1123,2.898617
713,1123,1.724279
714,1123,1.564755
715,1123,0.933333
725,1123,1.861111
726,1123,1.433333
727,1123,1.611111
706,1124,16.507137
708,1124,19.690475
718,1124,3.270258
719,1124,4.32143
720,1124,3.762719
721,1124,4.888095
722,1124,3.054761
723,1124,2.743712
724,1124,2.354763
725,1124,2.729763
726,1124,2.541667
727,1124,2.541667
728,1124,2.916667
894,1124,3.976381
708,795,24.564428
709,795,10.357947
710,795,7.13478
711,795,2.356459
712,795,1.385905
713,795,1.25002
714,795,1.836002
715,795,2.335276
717,795,1.157915
718,795,1.095462
719,795,4.16918
720,795,8.205136
708,796,28.861116
709,796,16.372728
710,796,6.140966
711,796,3.510321
712,796,1.998006
713,796,5.04532
714,796,2.224918
715,796,1.33407
716,796,4.275275
717,796,7.018251
718,796,2.893323
719,796,2.566067
720,796,14.006639
861,796,24.676092
709,1125,3.242857
710,1125,4.38143
711,1125,4.430449
712,1125,4.328804
713,1125,12.951211
714,1125,13.401812
715,1125,8.454185
716,1125,12.499615
717,1125,2.778427
718,1125,4.515709
719,1125,4.717754
720,1125,4.419088
721,1125,4.741498
722,1125,3.520447
723,1125,3.471427
724,1125,3.520447
725,1125,3.520447
726,1125,2.492481
727,1125,3.192479
728,1125,1.971427
709,797,17.687216
710,797,8.135651
711,797,7.138942
712,797,2.714125
713,797,3.329824
714,797,3.251878
715,797,2.794208
716,797,4.221573
717,797,9.492445
718,797,3.191521
719,797,5.802585
860,797,29.405907
710,1126,4.662638
711,1126,5.68851
712,1126,5.416183
714,1126,7.231469
715,1126,7.280488
718,1126,5.46359
719,1126,5.313508
720,1126,4.993295
721,1126,5.376653
722,1126,3.810921
723,1126,3.475627
724,1126,3.154282
725,1126,3.162638
726,1126,3.106395
727,1126,3.106395
728,1126,3.114751
710,798,10.742302
711,798,5.400886
712,798,12.96384
713,798,7.928395
714,798,9.436455
715,798,23.219498
716,798,24.849312
717,798,20.174126
718,798,20.295248
719,798,8.924238
885,1127,25.433765
888,1127,5.261157
889,1127,8.289138
890,1127,8.147571
891,1127,11.951477
921,495,21.64263
924,495,20.178423
925,495,18.100376
928,495,20.232309
929,495,10.32675
930,495,4.75058
931,495,20.26037
932,495,9.040369
934,495,21.616795
937,495,19.050936
938,495,9.244073
709,799,27.865673
710,799,13.249304
713,799,23.289858
714,799,26.175123
715,799,26.052114
928,496,6.112961
930,496,3.400105
931,496,3.417643
934,496,17.63192
936,496,5.002528
937,496,2.062807
938,496,7.507229
939,496,7.396054
947,496,9.692665
886,1128,15.43078
712,800,27.996616
887,1129,3.933423
886,1130,9.785703
887,1130,13.207399
888,1130,15.377204
935,497,18.548693
938,497,5.690985
939,497,6.971419
940,497,5.422249
942,497,3.188425
945,497,13.672967
946,497,14.74202
886,1131,6.949355
887,1131,6.949355
972,500,8.5437
972,501,1.351466
958,502,6.008436
932,808,4.29388
932,809,21.683149
973,504,20.989117
906,509,6.795708
733,815,3.1168
746,1147,0.771949
747,1147,13.655099
750,1147,2.841417
751,1147,19.89756
890,1147,26.592476
892,1147,29.110313
899,1147,11.583323
748,1148,3.361247
749,1148,3.333334
750,1148,1.4375
888,1148,9.226528
892,1148,7.043885
898,1148,10.566031
899,1148,8.848082
889,1149,12.909184
920,1149,12.555541
852,1150,29.463854
921,1150,24.000008
709,827,0.048352
710,827,0.034591
711,827,0.612142
712,827,10.604352
920,1151,13.241562
852,1152,5.466066
709,828,0.128795
710,828,0.077756
711,828,0.058569
712,828,4.091315
709,829,0.161713
710,829,0.161713
711,829,0.077756
851,1153,13.923554
852,1153,3.785709
851,1154,13.839337
882,1154,2.962957
850,1155,3.999994
851,1155,8.585706
872,1155,14.386265
873,1155,3.999994
825,1156,2.85275
872,1156,20.073578
873,1156,18.054291
874,1156,14.829624
869,1157,21.903841
870,1157,21.441652
873,1157,9.0
868,1158,6.562765
869,1158,12.012692
870,1158,6.071431
871,1158,26.888891
872,1158,26.375
894,1158,2.962957
895,1158,2.962957
896,1158,2.962957
897,1158,2.962957
896,834,23.782429
868,1159,3.594513
869,1159,6.086615
870,1159,12.21034
830,1162,13.018276
757,840,9.170305
829,1163,5.573503
830,1163,4.248013
831,1163,0.886793
830,1164,1.473685
830,1165,1.4375
830,1166,1.4375
878,1166,2.035299
879,1166,2.035299
880,1166,2.94936
881,1166,2.94936
