2421,2133,1.330407
2373,2137,7.525739
2443,2137,11.624797
2444,2137,15.994328
2373,2138,8.90154
2373,2139,13.180506
2374,2139,4.084768
2373,2140,17.185741
2374,2140,9.554047
2373,2141,18.426199
2374,2141,17.828484
2373,2142,12.878601
2374,2142,4.186459
2491,2142,6.313204
2373,2143,12.452176
2374,2143,6.643084
2373,2144,5.556303
2374,2144,2.855143
2373,2145,3.794843
2374,2145,5.159708
2373,2146,14.385212
2374,2146,10.548731
2373,2147,17.253782
2499,2147,10.560377
2372,2148,3.05059
2373,2148,11.793202
2499,2148,21.375296
2372,2149,9.86289
2373,2149,14.446948
2372,2150,10.812431
2469,2150,1.76742
2372,2151,24.473579
2425,2152,20.966644
2490,2152,13.436737
2405,2153,6.930576
2424,2153,17.142672
2425,2153,4.408335
2426,2153,2.236976
2405,2154,6.399779
2406,2154,2.646402
2465,2154,5.446789
2405,2155,5.137065
2406,2155,2.548732
2422,2157,23.663363
2440,2157,9.877109
2422,2158,21.179827
2425,2158,24.965603
2429,2158,24.903767
2400,2159,9.513236
2401,2159,9.647175
2402,2159,29.371197
2403,2159,21.860504
2405,2159,20.95421
2411,2159,28.264044
2406,2160,3.449411
2407,2160,23.322636
2412,2160,19.918655
2411,2161,25.61631
2390,2162,18.284533
2391,2162,13.36474
2411,2162,5.82351
2447,2162,2.000289
2403,2165,11.440732
2404,2165,17.106167
2405,2165,17.893028
2406,2165,23.030476
2472,2165,16.603445
2406,2166,29.534645
2413,2166,21.432823
2417,2167,17.57259
2425,2167,6.65606
2402,2168,0.410179
2403,2168,0.410179
2404,2168,0.410179
2474,2168,23.719292
2475,2168,17.624201
2403,2169,0.402913
2404,2169,1.010309
2405,2169,0.544118
2405,2170,0.402913
2416,2170,11.025039
2417,2170,7.637666
2405,2171,9.11915
2481,2171,23.487162
2407,2172,0.5375
2470,2173,14.767927
2406,2174,14.749454
2407,2174,17.461578
2463,2174,12.371001
2481,2174,14.307194
2482,2174,16.407448
2464,1967,7.946977
2425,1969,3.69561
2409,1970,0.306667
2425,1970,0.439394
2468,1971,3.722977
2413,1978,0.306667
2382,1980,10.566307
2383,1980,0.613333
2384,1980,0.306667
2445,1980,26.279409
2393,1986,0.306667
2394,1986,0.306667
2395,1986,0.306667
2477,1986,1.128196
2476,1987,1.128196
2392,1990,6.411768
2393,1990,0.44
2394,1990,0.44
2444,1990,14.646195
2445,1990,7.039007
2447,1990,5.99405
2448,1990,7.75539
2449,1990,15.195313
2444,1991,6.471122
2443,1995,3.717706
2444,1995,4.074867
2444,1996,11.352542
2445,1996,15.42964
2446,1996,9.880585
2444,1997,0.306667
2445,1997,4.180082
2446,1997,3.786664
2447,1997,8.544278
2385,1999,3.411767
2391,1999,0.613333
2393,1999,1.499049
2439,2001,29.208105
2433,2002,0.156626
2439,2002,13.812334
2446,2002,29.784842
2439,2003,13.367669
2446,2004,1.791097
2447,2004,0.004232
2458,2004,11.900805
2458,2005,15.910645
2440,2006,9.480927
2457,2006,4.777947
2439,2007,11.375319
2458,2007,4.777947
2451,2008,1.057477
2454,2008,0.5
2455,2008,1.111111
2456,2008,0.313253
2459,2008,11.630695
2385,2009,0.306667
2452,2009,0.958518
2453,2009,0.375
2454,2009,3.930556
2455,2009,4.957758
2456,2009,2.402699
2458,2009,0.741883
2459,2009,0.990683
2460,2009,3.479998
2461,2009,4.979998
2462,2009,23.233923
2387,2010,11.153851
2388,2010,16.246624
2389,2010,11.262337
2390,2010,21.58432
2391,2010,27.582695
2451,2010,1.192382
2452,2010,0.815
2453,2010,0.347826
2454,2010,10.469049
2455,2010,4.795853
2456,2010,6.504886
2458,2010,1.53821
2459,2010,2.807134
2460,2010,6.763288
2461,2010,4.442861
2392,2011,14.446627
2393,2011,25.565031
2451,2011,0.306667
2452,2011,0.545455
2454,2011,5.995328
2458,2011,2.230639
2459,2011,3.471505
2460,2011,3.207843
2451,2012,1.566984
2452,2012,5.550069
2453,2012,18.26103
2460,2012,6.45454
2390,2013,4.423084
2391,2013,4.828059
2392,2013,7.155931
2379,2014,0.380952
2378,2016,3.068452
2439,2016,2.862735
2442,2016,12.48999
2378,2017,3.201904
2438,2017,2.896945
2378,2018,3.201904
2378,2019,0.761905
2391,2020,0.746666
2384,2021,0.84
2385,2021,13.309685
2386,2021,0.666666
2387,2021,1.333333
2388,2021,2.198874
2389,2021,1.74359
2390,2021,1.74359
2391,2021,6.207458
2392,2021,2.574146
2407,2021,22.154284
2408,2021,11.914044
2384,2022,2.088462
2396,2023,6.567019
2405,2023,12.368995
2447,2023,0.59602
2464,2023,26.684067
2396,2024,13.415881
2464,2024,22.494461
2465,2024,8.97915
2378,2026,0.527778
2379,2026,0.666666
2396,2026,3.767884
2444,2026,17.7089
2446,2026,20.162937
2465,2026,19.075127
2378,2027,2.80195
2379,2027,1.134616
2468,2027,15.476891
2498,2027,22.837196
2378,2028,2.532307
2383,2028,0.527778
2384,2028,0.84
2385,2028,1.367778
2386,2028,3.64195
2387,2028,4.205852
2388,2028,3.12195
2389,2028,2.506566
2390,2028,3.299457
2391,2028,3.611679
2392,2028,4.583901
2393,2028,6.33818
2383,2029,11.352951
2384,2029,6.199998
2385,2029,3.818181
2386,2029,7.636361
2387,2029,9.399999
2388,2029,9.951513
2452,2030,6.70397
2379,2039,0.358974
2403,2039,11.200562
2382,2040,29.187145
2385,2040,23.045799
2417,2040,14.409559
2379,2041,5.526517
2385,2041,24.06694
2386,2041,19.625191
2378,2042,16.880699
2379,2042,20.252144
2380,2042,15.904304
2381,2042,18.177954
2377,2044,12.82683
2423,2044,15.870703
2377,2045,7.84115
2434,2050,13.328104
2435,2050,8.247057
2418,2051,19.107166
2393,2052,28.140221
2409,2052,12.088305
2416,2052,1.767677
2417,2052,0.852121
2436,2052,16.912254
2409,2053,0.390609
2410,2053,5.45708
2415,2053,12.166773
2417,2053,0.375
2436,2053,15.195147
2398,2054,1.37037
2421,2054,12.000361
2438,2054,25.291719
2398,2055,1.407407
2399,2055,1.416667
2431,2055,7.140195
2438,2055,21.690298
2398,2056,0.181818
2399,2056,0.238095
2417,2056,10.980518
2437,2056,18.000216
2487,2056,5.258652
2488,2056,0.545455
2489,2056,1.870427
2399,2057,0.238095
2437,2057,2.184649
2488,2057,23.254101
2489,2057,5.318208
2490,2057,0.75
2421,2058,21.309101
2437,2058,14.335701
2487,2058,4.266982
2490,2058,5.765419
2419,2059,0.333333
2420,2059,0.333333
2421,2059,0.333333
2437,2059,6.53036
2377,2060,22.649797
2385,2060,0.238095
2375,2061,3.783749
2375,2062,2.439999
2375,2063,2.439999
2375,2064,14.090899
2398,2064,0.577778
2375,2065,14.090899
2417,2065,10.809278
2389,2066,9.784019
2380,2067,1.479451
2381,2067,2.082385
2382,2067,3.210627
2383,2067,3.686783
2384,2067,5.133014
2385,2067,5.329675
2386,2067,24.794342
2387,2067,15.457669
2388,2067,10.079584
2389,2067,7.935712
2376,2081,4.29524
2377,2081,3.074651
2378,2081,3.074651
2379,2081,8.081612
2380,2081,4.186421
2381,2081,3.135139
2382,2081,2.408149
2383,2081,5.676245
2384,2081,7.635506
2385,2081,4.806238
2386,2081,5.999888
2387,2081,5.272898
2388,2081,5.272898
2389,2081,6.840467
2390,2081,6.299337
2391,2081,5.572347
2392,2081,7.926559
2393,2081,7.926559
2394,2081,6.92677
2395,2081,6.92677
2396,2081,7.417795
2397,2081,8.5486
2398,2081,9.548388
2399,2081,9.793901
2400,2081,9.738331
2401,2081,9.579558
2373,2082,1.129031
2374,2082,0.829268
2375,2082,1.658536
2376,2082,4.959743
2377,2082,5.045554
2378,2082,5.045554
2379,2082,24.46978
2380,2082,7.128406
2381,2082,3.043478
2382,2082,3.043478
2383,2082,8.020603
2384,2082,5.028538
2385,2082,4.927921
2386,2082,6.739049
2387,2082,6.326221
2388,2082,6.326221
2389,2082,7.84796
2390,2082,7.84796
2391,2082,7.435133
2392,2082,8.440083
2393,2082,8.412296
2394,2082,7.560533
2395,2082,7.560533
2396,2082,7.147705
2397,2082,9.522399
2398,2082,9.604138
2399,2082,9.945409
2400,2082,9.945409
2401,2082,9.389642
2402,2082,14.785847
2373,2083,1.051282
2374,2083,4.854168
2375,2083,6.586221
2376,2083,5.63384
2377,2083,1.689394
2378,2083,1.689394
2379,2083,1.689394
2380,2083,1.689394
2381,2083,1.416666
2382,2083,1.416666
2383,2083,1.689394
2384,2083,1.416666
2385,2083,1.416666
2386,2083,1.416666
2387,2083,1.416666
2388,2083,1.6875
2389,2083,1.6875
2390,2083,1.6875
2401,2083,3.567227
2402,2083,17.40056
2373,2084,1.129031
2374,2084,0.37931
2375,2084,2.515165
2376,2084,2.515165
2377,2084,2.515165
2378,2084,2.515165
2379,2084,0.957088
2380,2084,2.515165
2381,2084,1.479451
2382,2084,0.577778
2383,2084,0.957088
2384,2084,1.479451
2385,2084,1.479451
2386,2084,0.577778
2387,2084,1.479451
2388,2084,1.479451
2389,2084,1.479451
2390,2084,0.37931
2373,2085,1.051282
2374,2085,1.479451
2413,2085,4.595959
2373,2086,8.56805
2374,2086,2.515165
2403,2086,11.60124
2404,2086,26.112267
2373,2087,1.658536
2374,2087,3.995977
2402,2087,2.843056
2403,2087,3.527014
2404,2087,3.451786
2405,2087,19.31098
2373,2088,0.829268
2373,2089,0.829268
2383,2089,3.26177
2373,2090,0.829268
2379,2090,2.513319
2381,2090,2.915493
2497,2090,19.055431
2373,2091,1.380953
2372,2092,3.601813
2373,2092,1.380953
2372,2093,20.836542
2373,2093,3.857144
2403,2093,1.155556
2404,2093,2.283798
2372,2094,19.70751
2404,2094,9.191181
2440,2094,8.686751
2446,2094,5.426825
2372,2095,8.950619
2373,2095,5.062205
2372,2096,1.384616
2373,2096,9.495152
2403,2096,28.51545
2373,2097,11.881714
2374,2097,2.186147
2401,2097,10.151849
2373,2098,3.211806
2374,2098,6.49752
2375,2098,6.49752
2376,2098,6.260913
2377,2098,6.66022
2378,2098,5.544885
2379,2098,5.065464
2381,2098,26.590122
2385,2098,27.459435
2386,2098,27.214466
2387,2098,27.214466
2388,2098,29.197378
2394,2098,3.66188
2395,2098,5.596131
2396,2098,11.081632
2397,2098,24.386599
2398,2098,8.301137
2372,2099,1.158014
2373,2099,2.786335
2374,2099,2.786335
2375,2099,2.541364
2376,2099,2.649549
2377,2099,2.179241
2378,2099,2.179241
2379,2099,11.417456
2380,2099,10.290255
2381,2099,10.338451
2382,2099,12.967951
2383,2099,17.675299
2384,2099,13.434751
2385,2099,12.316338
2386,2099,13.537593
2387,2099,13.537593
2388,2099,19.100111
2390,2099,14.893442
2392,2099,14.406857
2393,2099,19.485348
2394,2099,17.75683
2395,2099,8.46429
2396,2099,8.46429
2375,2100,4.554935
2376,2100,9.784
2377,2100,9.791123
2378,2100,9.211362
2379,2100,9.218485
2380,2100,9.055895
2381,2100,8.22044
2382,2100,14.685077
2383,2100,12.587055
2391,2100,22.493029
2393,2100,12.919062
2394,2100,10.829163
2395,2100,7.13303
2396,2100,7.144393
2382,2103,12.635731
2372,2104,5.345085
2373,2104,4.554355
2374,2104,4.537941
2375,2104,5.017363
2376,2104,8.885415
2377,2104,21.393351
2381,2104,17.393669
2372,2105,10.479103
2373,2105,2.818182
2374,2105,7.836363
2375,2105,7.218182
2377,2105,23.219831
2380,2105,14.528072
2382,2105,27.207546
2374,2106,18.227304
2377,2106,28.537043
2372,2107,22.136511
2373,2107,21.291401
2374,2107,13.195594
2375,2107,19.039209
2376,2107,19.039209
2377,2107,19.039209
2382,2107,22.282692
2372,2108,16.575663
2373,2108,13.195594
2380,2108,27.316206
2381,2108,27.393692
2382,2108,24.885544
2372,2109,19.564873
2373,2109,12.325181
2381,2109,20.550133
2382,2109,28.692163
2372,2110,20.575151
2373,2110,11.634419
2381,2110,16.138496
2382,2110,19.212051
2478,2110,25.122532
2372,2111,19.739735
2373,2111,14.093904
2381,2111,23.446184
2382,2111,28.040558
2383,2111,14.492947
2384,2111,21.747974
2385,2111,21.747974
2475,2111,1.160816
2477,2111,1.160816
2478,2111,1.151285
2479,2112,13.408075
2373,2113,20.013603
2374,2113,25.08522
2373,2114,17.076555
2375,2114,18.52322
2405,2120,8.686751
2406,2120,8.686751
2379,2121,21.619005
