22,2452,16.900337
21,2453,13.557566
22,2453,21.476679
26,2453,13.149867
29,2453,15.184848
31,2453,21.806686
33,2453,10.57212
35,2453,17.05158
23,2454,6.106688
24,2454,5.949899
29,2454,13.174329
30,2454,14.359922
47,2455,6.51718
46,2456,3.968884
98,2464,0.143541
99,2464,17.057104
18,2467,29.009789
20,2467,24.622286
22,2467,15.026069
23,2467,12.046885
25,2467,29.144844
28,2467,24.124033
29,2467,16.653053
97,2467,10.27346
98,2467,4.522204
100,2467,15.678592
97,2468,4.475703
97,2470,6.732126
98,2470,0.601975
99,2471,0.669788
100,2471,0.766866
24,2477,14.740866
44,2481,2.261064
44,2482,7.457314
45,2482,11.069852
13,2483,0.825573
43,2483,4.131674
44,2483,5.638401
45,2483,15.933739
90,2483,0.079681
13,2484,2.429237
43,2484,0.859999
45,2484,22.107185
87,2484,0.637747
88,2484,1.065653
11,2485,7.748456
39,2486,2.079756
11,2496,25.193981
75,2195,2.996825
77,2196,2.0
78,2196,6.762317
89,2196,4.0
91,2196,11.341511
109,2196,17.626879
110,2196,10.036157
90,2197,1.666667
92,2197,18.36178
96,2197,1.666667
109,2197,6.918016
36,2198,1.92923
62,2199,4.018673
62,2200,10.027683
65,2200,2.757897
66,2200,4.759565
62,2201,17.146112
79,2201,2.318182
84,2201,0.991666
95,2202,1.183481
56,2204,0.010526
57,2204,27.122992
53,2205,0.122214
54,2205,0.075497
55,2205,0.052632
56,2205,0.046053
81,2210,21.07056
84,2210,16.538687
85,2210,19.787533
98,2210,1.16129
106,2210,0.067416
107,2210,11.169632
111,2210,26.25
81,2211,15.403721
97,2211,1.848838
98,2211,1.484277
99,2211,0.235294
100,2211,0.552239
19,2217,25.138
164,2217,16.554007
124,2226,4.108143
124,2227,8.415756
125,2227,17.876585
123,2228,0.953239
123,2229,1.269231
124,2229,3.900975
123,2230,6.699996
124,2230,4.261686
125,2230,4.563406
122,2231,0.071429
123,2231,1.628096
124,2231,2.917962
125,2231,4.301988
122,2232,0.071429
123,2232,0.17094
124,2232,0.242355
122,2233,0.071429
123,2233,0.17094
124,2233,1.803222
141,2235,1.391304
40,2246,24.813168
140,2246,20.925447
140,2247,1.391304
64,2250,3.912942
145,2250,4.869601
148,2250,12.761668
65,2252,3.191174
66,2252,5.49264
67,2252,13.142159
74,2252,4.041531
75,2252,2.048312
76,2252,1.176551
77,2252,1.176551
84,2252,11.317063
82,2253,15.858873
83,2253,6.768813
84,2253,8.787235
85,2253,7.713115
86,2253,6.130304
87,2253,4.402351
88,2253,3.208255
96,2253,8.968923
92,2254,4.541937
96,2254,12.710927
93,2255,6.192261
95,2255,20.92322
116,2255,0.071429
117,2255,0.071429
96,2256,25.914368
115,2256,0.356887
96,2257,24.23101
115,2257,0.101833
116,2257,0.302319
118,2257,0.116505
122,2258,0.116505
123,2258,0.071429
124,2258,0.116505
125,2258,0.116505
147,2258,0.305556
148,2258,0.305556
103,2259,2.031297
105,2259,3.452044
106,2259,2.436554
107,2259,0.53187
155,2259,1.310533
156,2259,7.699996
157,2259,4.354482
161,2259,5.061398
162,2259,18.221867
163,2259,7.914522
103,2260,3.907442
104,2260,6.928203
105,2260,8.944456
106,2260,3.02767
107,2260,1.031695
130,2260,0.071429
113,2261,2.100993
130,2261,0.372093
131,2261,11.447266
137,2261,1.677878
83,2262,7.369075
85,2262,11.126828
104,2262,26.649246
105,2262,8.224748
106,2262,0.711865
129,2262,0.12585
147,2262,0.305556
148,2262,0.702703
38,2263,3.73587
105,2263,3.048674
106,2263,0.113636
111,2263,7.373484
130,2263,9.835
148,2263,0.305556
149,2263,0.702703
117,2264,0.316644
122,2264,0.138988
130,2264,26.394459
133,2264,0.242355
144,2264,3.522214
117,2265,0.388281
133,2265,0.336354
134,2265,1.558333
135,2265,0.949972
177,2265,10.695134
133,2266,1.496941
135,2266,9.646038
144,2266,16.204222
175,2266,7.056252
177,2266,5.783895
178,2266,10.695134
124,2267,2.270925
133,2267,4.198047
160,2267,6.13533
175,2267,5.295319
120,2268,3.64661
121,2268,9.92484
122,2268,3.64661
124,2268,2.251811
125,2268,18.274523
133,2268,4.198047
159,2268,17.466122
161,2268,8.360437
162,2268,2.212533
119,2269,3.64661
120,2269,23.815651
122,2269,5.187143
125,2269,18.408455
163,2269,0.305556
110,2270,2.793102
119,2270,9.919134
120,2270,20.890558
130,2270,22.612202
119,2271,12.608593
130,2271,22.012438
172,2271,13.825489
133,2273,12.562083
119,2274,6.545237
133,2274,12.490042
134,2274,15.212503
135,2274,14.522327
136,2274,2.416595
139,2274,12.507238
67,2275,2.125434
68,2275,2.260646
69,2275,0.388247
133,2275,6.357719
137,2275,15.449295
66,2276,0.851873
67,2276,2.820313
68,2276,2.753856
69,2276,2.893831
65,2277,0.872299
66,2277,1.050672
67,2277,2.620128
68,2277,1.488347
69,2277,2.69767
70,2277,2.137062
137,2277,8.921271
140,2277,5.315809
163,2277,7.070747
65,2278,1.003253
66,2278,1.050672
67,2278,2.30862
68,2278,1.495406
69,2278,1.250799
70,2278,0.490029
64,2279,2.219926
65,2279,0.968502
66,2279,1.017674
67,2279,1.012021
68,2279,1.326125
69,2279,0.715398
70,2279,0.614121
71,2279,2.608428
86,2279,0.406398
91,2279,0.478261
144,2279,8.402524
65,2280,2.114397
66,2280,2.257743
67,2280,2.666766
68,2280,5.425487
69,2280,15.608208
70,2280,23.335623
87,2280,1.097915
88,2280,1.030499
89,2280,1.848838
90,2280,0.552239
91,2280,0.276596
92,2280,0.191489
137,2280,8.958229
58,2281,1.180749
59,2281,1.072583
60,2281,2.186612
66,2281,2.423088
67,2281,3.038602
68,2281,5.634163
69,2281,14.751462
70,2281,25.845606
88,2281,0.342433
89,2281,0.150943
90,2281,0.150943
91,2281,0.16129
92,2281,0.268293
175,2281,0.71575
176,2281,1.855585
58,2282,2.359909
59,2282,2.167578
60,2282,0.872299
64,2282,1.359108
66,2282,0.818786
67,2282,7.107955
68,2282,11.971156
69,2282,17.686125
89,2282,20.148199
90,2282,25.23035
91,2282,10.741188
92,2282,12.042478
93,2282,7.863315
94,2282,8.906027
101,2282,14.710483
108,2282,3.155826
109,2282,10.830851
54,2283,0.347826
58,2283,2.412339
59,2283,0.847273
60,2283,2.388251
62,2283,1.446678
63,2283,2.922363
66,2283,3.580709
67,2283,6.965986
68,2283,11.88613
69,2283,25.857908
92,2283,25.099892
93,2283,11.832258
94,2283,8.436056
101,2283,1.428571
107,2283,1.45054
108,2283,7.411376
54,2284,1.58248
60,2284,7.122728
61,2284,7.337406
62,2284,4.055618
63,2284,5.773437
64,2284,6.661174
65,2284,8.859595
66,2284,4.403905
67,2284,6.119972
68,2284,13.451232
94,2284,12.165591
96,2284,11.331894
98,2284,0.309524
99,2284,2.564047
100,2284,2.807284
101,2284,6.438721
102,2284,6.498084
103,2284,4.52955
104,2284,2.769737
105,2284,14.210528
106,2284,9.155858
54,2285,3.692199
60,2285,15.427337
61,2285,8.865435
62,2285,12.514141
63,2285,20.022182
64,2285,23.11306
65,2285,18.856031
66,2285,6.283851
94,2285,29.417465
95,2285,15.918669
96,2285,12.632327
97,2285,0.452381
98,2285,2.657637
99,2285,6.797118
100,2285,17.670343
101,2285,13.833091
102,2285,19.577604
103,2285,18.761322
104,2285,16.496002
105,2285,11.796838
107,2285,29.568481
152,2285,7.699998
55,2286,15.366091
66,2286,9.021196
67,2286,13.87603
68,2286,13.061894
96,2286,13.213581
97,2286,0.506494
98,2286,0.81947
99,2286,5.02314
100,2286,13.665228
101,2286,20.025816
105,2286,20.183369
119,2286,6.163388
124,2286,3.728907
151,2286,0.771318
152,2286,0.372093
67,2287,10.838285
68,2287,25.47677
96,2287,11.695479
97,2287,8.843297
98,2287,2.426178
99,2287,5.395012
100,2287,20.999998
135,2287,13.655243
136,2287,4.420906
137,2287,2.579998
67,2288,16.50139
98,2288,17.269394
99,2288,6.095262
100,2288,22.914988
138,2288,18.283955
145,2288,2.264475
100,2289,15.025856
32,2294,21.096855
139,2316,20.505033
140,2316,21.297396
172,2323,19.966513
175,2324,12.134209
182,2325,12.768184
96,2327,5.326689
182,2327,2.787878
2,2328,0.224096
5,2328,0.224096
81,2328,10.925614
182,2328,20.465521
2,2329,0.019999
3,2329,0.019999
4,2329,0.019999
5,2329,0.619021
182,2329,16.994205
182,2332,24.917042
174,2333,5.682412
175,2333,5.975535
183,2333,0.754284
11,2335,19.777784
38,2356,16.537182
43,2356,18.231686
3,2368,16.002813
51,2379,20.186069
52,2379,12.66275
49,2380,10.305765
50,2380,4.720238
51,2380,4.573579
52,2380,4.301515
53,2380,12.567842
39,2381,6.192258
40,2381,8.69923
43,2381,18.475601
50,2381,1.626495
51,2381,1.134597
52,2381,5.980337
39,2382,27.230978
40,2382,5.220117
41,2382,7.441752
42,2382,3.376432
43,2382,11.851836
13,2395,0.071429
15,2399,1.013481
39,2400,13.670723
6,2404,12.947257
7,2404,10.621818
13,2404,0.875801
14,2404,1.946665
9,2405,9.947618
12,2414,0.973333
0,2415,0.54878
1,2415,0.055556
3,2415,4.766155
4,2415,4.766155
5,2415,7.837607
6,2415,5.115578
7,2415,4.452345
8,2415,14.134275
9,2415,14.77768
39,2417,7.039927
40,2417,2.4075
41,2417,1.178512
42,2417,0.406306
43,2417,0.060619
44,2417,0.026716
39,2418,7.664374
40,2418,2.371497
41,2418,3.989818
42,2418,4.424925
43,2418,5.16707
44,2418,4.112179
45,2418,5.413471
46,2418,3.24065
47,2418,3.240475
48,2418,3.193187
49,2418,2.79983
50,2418,1.685859
40,2419,6.198715
137,2419,0.660557
50,2420,1.855072
51,2420,9.757821
136,2420,2.918104
137,2420,2.918104
139,2420,26.87063
50,2421,2.3121
86,2421,16.082966
136,2421,2.610042
137,2421,0.485042
13,2422,26.674545
50,2422,15.817078
4,2423,4.094978
5,2423,2.337234
6,2423,3.419394
7,2423,2.217723
8,2423,2.724564
9,2423,5.602964
10,2423,6.107657
11,2423,5.872478
62,2423,18.120525
4,2424,15.70018
5,2424,13.885776
6,2424,8.42059
7,2424,22.829666
8,2424,26.963604
58,2424,7.343586
158,2427,3.827044
6,2428,1.868555
7,2428,1.534177
139,2428,10.793591
159,2428,13.569283
8,2429,0.180795
9,2429,1.799611
10,2429,1.512561
139,2429,14.841323
141,2429,16.473024
145,2429,21.858345
149,2429,8.908621
70,2430,27.796286
71,2430,28.019009
72,2431,5.420348
74,2431,22.680552
75,2431,24.941204
78,2431,3.933088
79,2431,2.632808
80,2431,2.095693
139,2431,12.508535
