2108,210,0.063011
2109,210,0.054046
2110,210,1.796887
2109,211,0.003125
2110,211,0.215898
2138,211,4.946972
2139,211,8.217546
2140,211,7.112173
2141,211,7.120682
2142,211,8.895026
2143,211,9.267523
2144,211,5.802766
2145,211,3.644965
2146,211,2.396558
2187,211,27.612494
2231,211,1.517385
2239,211,4.559133
2240,211,1.482044
2241,211,1.106476
2242,211,2.451122
2109,212,0.003125
2110,212,0.58666
2129,212,3.392965
2130,212,11.127523
2138,212,3.717074
2139,212,4.766073
2140,212,2.40946
2141,212,2.325113
2142,212,6.910691
2143,212,7.916251
2187,212,28.126324
2188,212,27.344503
2231,212,0.96164
2239,212,0.978451
2241,212,1.873101
2109,213,0.003125
2110,213,1.09905
2117,213,3.741642
2124,213,10.270099
2125,213,0.29878
2126,213,6.047334
2127,213,3.170047
2128,213,3.422502
2129,213,6.946794
2130,213,2.901235
2138,213,11.744147
2141,213,10.778631
2231,213,1.775878
2109,214,0.007519
2110,214,4.717072
2117,214,1.817451
2118,214,2.344573
2119,214,0.455819
2120,214,0.678225
2121,214,1.799078
2122,214,4.847452
2123,214,1.983304
2124,214,8.343641
2125,214,3.833267
2126,214,3.616891
2127,214,1.467761
2128,214,2.369443
2129,214,3.478094
2130,214,3.281435
2110,215,0.12092
2117,215,1.673919
2118,215,1.075998
2119,215,8.332173
2120,215,0.739954
2121,215,0.618401
2122,215,6.809757
2123,215,1.907231
2124,215,1.747036
2125,215,0.838945
2126,215,0.484913
2127,215,1.817182
2128,215,2.412658
2129,215,4.011159
2130,215,9.374191
2110,216,0.229784
2116,216,8.189834
2117,216,3.322055
2118,216,2.8116
2119,216,3.104107
2120,216,0.946156
2121,216,1.276117
2122,216,2.498782
2123,216,1.830257
2124,216,2.053925
2125,216,0.710718
2126,216,1.92659
2127,216,4.783791
2128,216,7.519847
2129,216,8.157397
2130,216,9.496393
2231,216,7.575099
2110,217,7.53468
2231,217,14.374425
2110,218,5.386891
2228,218,6.823572
2229,218,5.309341
2230,218,7.153144
2231,218,7.269808
2110,219,2.099358
2229,219,6.686105
2230,219,10.506456
2231,219,8.000732
2229,220,4.661152
2230,220,13.808177
2231,220,12.165941
2230,221,2.418092
2231,221,1.733801
2135,222,27.056969
2136,222,28.7087
2137,222,6.169152
2138,222,6.389297
2139,222,14.635316
2140,222,13.221376
2135,223,9.860421
2136,223,13.955958
2137,223,8.855241
2138,223,8.915384
2139,223,16.754353
2140,223,17.410671
2228,223,1.685905
2237,223,0.992311
2238,223,2.509299
2117,225,10.601024
2118,225,3.278676
2119,225,3.110274
2120,225,6.315914
2121,225,5.79167
2122,225,6.770287
2123,225,5.620644
2124,225,6.942138
2125,225,1.812767
2126,225,2.773049
2127,225,5.530176
2128,225,3.987566
2237,225,2.782522
2238,225,2.165431
2239,225,2.778974
2240,225,1.491887
2241,225,2.995564
2242,225,1.095831
2108,226,29.952909
2116,226,9.582459
2117,226,4.899799
2118,226,3.343254
2119,226,6.482994
2120,226,4.581316
2121,226,3.769552
2122,226,4.1556
2123,226,3.620023
2124,226,2.143696
2125,226,1.545154
2126,226,1.669231
2127,226,2.282756
2235,226,0.781824
2236,226,1.991188
2237,226,2.360876
2242,226,3.714324
2106,227,23.547327
2107,227,15.306077
2228,227,1.804875
2229,227,0.797501
2235,227,1.750025
2236,227,1.370877
2237,227,1.074139
2238,227,1.661295
2239,227,1.180107
2241,227,2.498396
2106,228,13.919448
2228,228,1.726813
2229,228,0.66315
2230,228,1.075175
2235,228,2.196387
2236,228,4.153593
2237,228,0.67004
2238,228,0.50497
2239,228,1.340987
2240,228,0.725722
2105,229,23.606447
2106,229,28.991831
2107,229,27.462276
2228,229,8.276391
2229,229,2.650104
2235,229,3.059619
2236,229,1.43465
2237,229,0.496068
2238,229,1.779989
2240,229,3.248102
2105,230,21.425568
2238,230,7.235523
2240,230,1.668902
2105,231,25.423958
2240,231,3.717752
2242,231,9.62857
2238,232,1.303551
2239,232,0.525164
2240,232,1.773036
2243,232,10.42512
2238,233,1.006289
2241,233,3.027003
2243,233,14.028228
2162,234,2.747406
2163,234,3.007495
2164,234,8.716403
2165,234,12.309471
2166,234,9.210713
2162,235,10.960743
2163,235,7.373256
2164,235,25.562008
2165,235,24.858604
2163,236,3.655068
2164,236,13.078987
2165,236,15.644206
2239,236,1.906555
2240,236,6.279333
2241,236,0.760563
2242,236,3.065492
2243,236,9.399252
2103,237,12.652456
2104,237,8.976628
2105,237,12.881567
2238,237,0.891062
2239,237,1.004612
2240,237,2.803095
2241,237,10.318933
2243,237,14.093794
2102,238,14.946138
2103,238,6.746212
2104,238,5.653767
2105,238,14.272812
2121,238,11.610216
2122,238,9.165791
2123,238,8.509822
2124,238,12.324537
2125,238,9.698392
2126,238,6.720331
2127,238,6.247465
2128,238,6.462789
2129,238,6.210605
2235,238,3.133889
2236,238,2.97313
2237,238,0.466684
2238,238,1.112129
2103,239,3.437778
2104,239,4.933351
2105,239,17.995657
2106,239,17.578985
2128,239,8.301951
2104,240,5.036058
2105,240,9.840013
2106,240,6.419941
2240,240,9.048143
2242,240,2.445638
2106,241,2.69175
2107,241,7.121244
2107,242,4.550259
2237,247,0.171769
2238,247,0.656893
2240,247,0.380401
2241,248,1.314512
2242,248,5.588451
2236,249,0.651814
2240,249,0.48747
2241,249,25.660742
2195,250,13.656746
2239,250,0.601892
2240,250,1.735249
2175,251,22.416714
2195,251,5.247247
2240,251,0.34952
2241,251,0.321421
2176,252,1.876024
2178,252,12.7447
2235,252,0.133222
2236,252,0.162401
2237,252,0.161425
2238,252,0.218718
2239,252,0.292607
2240,252,0.626061
2241,252,1.161554
2176,253,13.189839
2202,253,6.190611
2203,253,14.882925
2237,253,0.19194
2239,253,0.395156
2237,254,0.456829
2240,254,0.224843
2241,254,0.24129
2237,255,0.482943
2238,255,0.186829
2239,255,0.148717
2240,255,1.413949
2236,256,0.45606
2237,256,0.344684
2238,256,0.098155
2239,256,0.167245
2240,256,0.105131
2241,256,1.201698
2242,256,2.359099
2238,257,0.221143
2239,257,0.162342
2240,257,0.164101
2241,257,0.1843
2242,257,1.485481
2236,258,0.557118
2240,258,0.220515
2242,258,3.232864
2237,259,0.557118
2238,259,0.138562
2240,259,0.16642
2241,259,0.371968
2242,259,3.198496
2116,260,17.458469
2119,260,1.182232
2234,260,0.975465
2241,260,0.205507
2118,261,1.756868
2198,261,10.965725
2237,261,0.209539
2238,261,0.142864
2239,261,0.194963
2240,261,0.240943
2241,261,0.609245
2110,262,0.781412
2121,262,8.197437
2201,262,29.755848
2240,262,0.247174
2241,262,0.264081
2110,263,0.642201
2236,263,0.473743
2237,263,0.239712
2238,263,0.153447
2239,263,0.197813
2240,263,0.250212
2232,264,1.066304
2233,264,1.624624
2234,264,0.790522
2227,265,8.370532
2237,265,0.338492
2238,265,0.400775
2239,265,0.386489
2240,265,0.396045
2241,265,0.280919
2161,266,2.400207
2162,266,0.921465
2165,266,2.330235
2235,266,0.716105
2236,267,0.214936
2237,267,0.423045
2238,267,0.412407
2239,267,0.412407
2240,267,0.411583
2241,267,0.438261
2236,268,0.111062
2167,270,1.485876
2127,271,20.030998
2160,271,0.008613
2163,271,0.024039
2165,271,0.954125
2166,271,0.406392
2212,271,20.401274
2142,272,26.60454
2143,272,28.122318
2144,272,8.915141
2145,272,8.26023
2146,272,3.392256
2147,272,0.907119
2148,272,2.246861
2149,272,0.370632
2196,272,14.992195
2197,272,15.808697
2198,272,17.607756
2199,272,17.273333
2202,272,29.581297
2212,272,26.621061
2224,272,2.433409
2225,272,1.655053
2226,272,1.183778
2195,273,10.981537
2196,273,10.828552
2197,273,12.929769
2198,273,14.512469
2199,273,16.62538
2200,273,21.145676
2201,273,11.219489
2202,273,15.876757
2204,273,15.369014
2224,273,12.065645
2225,273,0.30559
2224,274,0.794657
2225,274,0.662197
2236,274,1.378056
2237,274,0.302645
2238,274,11.437248
2239,274,1.521122
2237,275,0.623352
2236,276,2.537303
2237,276,0.451007
2239,276,3.83914
2243,276,2.719101
2235,277,0.891925
2236,277,0.413171
2237,277,1.068952
2239,277,0.702907
2243,277,0.582657
2109,278,8.553387
2110,278,2.520564
2135,278,0.870082
2225,278,3.953515
2232,278,0.706093
2233,278,2.205336
2235,278,0.429012
2239,278,2.30219
2241,278,7.054669
2110,279,9.610792
2132,279,2.071125
2134,279,0.748565
2135,279,0.52318
2229,279,1.864739
2232,279,1.013834
2233,279,0.34319
2235,279,0.330378
2239,279,14.150937
2240,279,1.80629
2241,279,0.419643
2242,279,2.919416
2133,280,3.2673
2134,280,3.187068
2135,280,1.091512
2136,280,1.071005
2175,280,20.287724
2176,280,1.410106
2179,280,0.184508
2180,280,0.149802
2182,280,8.057112
2229,280,1.293987
2231,280,1.723063
2144,281,4.597622
2145,281,12.722441
2175,281,0.581738
2177,281,0.122351
2179,281,0.954017
2180,281,1.940575
2181,281,1.611097
2182,281,7.349838
2229,281,0.112104
2230,281,0.299912
2231,281,0.249209
2232,281,0.167485
2233,281,0.234466
2234,281,0.239387
2235,281,0.239387
2238,281,3.80308
2240,281,0.750911
2134,282,0.59782
2135,282,1.21
2144,282,5.975337
2145,282,0.712324
2146,282,4.118863
2147,282,1.534538
2148,282,1.464615
2149,282,0.272029
2150,282,0.348012
2175,282,0.574827
2176,282,4.662021
2177,282,1.663212
2178,282,0.092657
2179,282,2.01725
2180,282,3.128054
2181,282,2.242355
2182,282,4.41061
2134,283,2.669306
2135,283,0.498252
2144,283,5.16269
2145,283,2.910286
2146,283,1.923215
2147,283,2.1875
2148,283,0.575686
2149,283,0.159244
2150,283,0.13968
2175,283,0.61492
2176,283,0.557764
2177,283,1.4318
2178,283,2.341722
2179,283,1.903135
2180,283,1.759555
2181,283,4.253227
2182,283,7.968362
2195,283,16.381399
2228,283,10.763715
2234,283,1.374813
2238,283,5.197068
2239,283,1.254858
2130,284,1.314043
2131,284,1.65666
2134,284,3.056627
2135,284,0.153106
2144,284,8.347273
2145,284,0.944538
2146,284,0.676644
2147,284,0.231655
2148,284,0.846078
2149,284,0.511738
2150,284,0.182219
2176,284,0.095192
2177,284,0.681638
2178,284,0.072691
2179,284,1.526191
2180,284,2.491644
2181,284,4.238623
2182,284,6.12227
2183,284,6.251266
2194,284,25.303705
2231,284,1.151999
2232,284,0.372682
2233,284,0.294099
2234,284,0.452661
2235,284,1.439774
2236,284,3.765611
2237,284,3.642674
2238,284,0.200561
2239,284,1.269895
2240,284,5.627423
2243,284,0.500222
2131,285,1.24186
2134,285,2.686227
2135,285,0.290071
2144,285,8.777405
2145,285,1.163869
2146,285,0.81522
2147,285,0.1625
2148,285,0.862769
2149,285,0.501481
2150,285,0.087491
2176,285,1.08675
2177,285,2.246563
2178,285,0.106271
2179,285,0.795532
2180,285,0.07507
2181,285,3.964852
2182,285,5.266084
2183,285,9.972112
2194,285,2.775871
2195,285,1.24962
2196,285,24.512793
2198,285,17.504225
2225,285,3.134022
2231,285,1.004104
2232,285,1.441867
2233,285,0.456004
2234,285,0.888162
2235,285,3.864005
2237,285,1.393184
2238,285,0.314196
2239,285,0.792412
2240,285,3.259209
2241,285,10.006607
2242,285,0.497857
2243,285,1.897259
2144,286,8.88905
2145,286,1.270676
2146,286,0.573446
2147,286,0.183333
2148,286,0.740859
2149,286,0.412432
2150,286,0.100405
2176,286,0.557506
2177,286,1.993658
2178,286,0.104073
2179,286,2.182425
2180,286,0.643941
2181,286,3.783138
2182,286,4.381854
2183,286,17.923655
2194,286,2.002147
2195,286,0.546391
2196,286,6.752714
2197,286,14.610909
2198,286,15.728348
2216,286,0.060498
2226,286,3.224935
2229,286,2.454369
2230,286,7.034699
2231,286,0.209288
2232,286,2.320096
2233,286,2.816894
2234,286,3.295043
2237,286,1.159115
2238,286,1.802487
2239,286,0.593814
2240,286,0.752711
2241,286,0.837016
2242,286,2.465225
2243,286,1.357713
2131,287,2.692207
2132,287,0.754737
2144,287,10.109158
2145,287,0.842947
2146,287,0.671953
2147,287,0.1625
2148,287,1.348415
2149,287,0.159815
2150,287,0.460295
2175,287,0.40184
2176,287,0.553054
2177,287,1.573427
2178,287,0.102576
2179,287,1.004098
2180,287,0.054098
2181,287,1.256302
2182,287,1.230841
2194,287,2.398382
2195,287,1.063923
2196,287,2.886914
2197,287,29.666918
2216,287,0.217498
2230,287,0.014063
2231,287,0.865908
2240,287,0.310767
2242,287,0.652068
2243,287,0.29551
2131,288,0.258333
2132,288,0.275929
2144,288,14.204793
2145,288,1.378299
2146,288,1.044904
2147,288,0.3125
2148,288,2.954692
2149,288,0.159815
2150,288,0.710346
2176,288,0.616216
2177,288,4.382217
2178,288,0.049747
2179,288,0.253204
2181,288,0.212422
2193,288,6.07409
2194,288,10.627682
2196,288,2.717807
2197,288,10.435576
2198,288,21.61968
2216,288,0.124804
2229,288,0.083552
2230,288,1.556218
2231,288,1.485608
2243,288,1.896829
2132,289,0.027218
2133,289,0.614408
2134,289,0.202616
2144,289,12.561508
2145,289,1.839125
2146,289,1.323952
2147,289,0.291667
2148,289,0.660547
2149,289,0.087502
2150,289,0.176634
2176,289,0.796328
2177,289,0.040267
2178,289,0.081346
2179,289,0.312482
2180,289,0.012195
2181,289,1.254042
2182,289,2.417423
2194,289,5.472157
2195,289,2.060063
2196,289,5.020256
2197,289,5.532017
2216,289,1.017083
2228,289,0.724341
2229,289,0.321023
2243,289,0.471059
2130,290,4.602149
2131,290,1.005128
2132,290,0.020818
2144,290,7.170626
2145,290,6.416294
2146,290,1.424706
2147,290,0.434524
2148,290,4.156985
2149,290,0.242722
2176,290,1.09296
2177,290,0.149391
2178,290,0.357195
2180,290,0.07149
2181,290,0.879007
2182,290,3.40805
2194,290,2.952997
2198,290,13.230383
2216,290,0.017839
2243,290,0.731912
2129,291,2.698224
2130,291,1.161902
2132,291,1.530647
2145,291,5.187284
2146,291,1.511961
2147,291,0.337297
2148,291,2.557852
2149,291,0.251125
2150,291,0.19969
2176,291,0.169687
2177,291,0.170358
2178,291,0.077819
2179,291,1.022333
2180,291,0.168335
2181,291,0.301866
2182,291,5.748539
2216,291,0.143717
2243,291,1.513074
2129,292,1.830446
2130,292,1.915137
2145,292,5.440559
2146,292,1.88517
2147,292,1.731638
2148,292,2.933094
2149,292,0.102839
2150,292,0.190995
2176,292,0.259013
2177,292,0.05339
2178,292,0.025003
2179,292,0.035397
2180,292,0.181811
2181,292,1.694715
2216,292,1.381324
2238,292,4.580006
2239,292,1.023592
2240,292,0.183826
2241,292,0.131365
2242,292,0.20761
2243,292,1.912506
2145,293,6.220649
2146,293,2.102226
2147,293,1.382515
2148,293,4.829419
2149,293,0.11274
2150,293,0.215343
2177,293,0.161135
2178,293,0.012502
2179,293,0.183979
2180,293,0.179467
2181,293,4.231106
2207,293,7.644979
2239,293,2.025934
2240,293,2.334451
2241,293,1.672791
2129,294,2.43877
2145,294,6.770517
2146,294,12.672709
2147,294,2.204116
2148,294,6.514605
2149,294,0.08461
2150,294,0.542837
2177,294,0.161532
2181,294,2.999367
2208,294,5.019725
2209,294,3.90735
2210,294,13.69356
2212,294,10.635183
2145,295,7.780462
2146,295,8.659841
2151,295,0.98286
2243,295,13.234355
2151,296,2.265671
2243,298,9.540869
2105,299,0.182432
2120,300,1.393464
2128,300,2.012906
2129,300,1.822723
2130,300,2.152185
2131,300,0.905961
2132,300,1.289294
2133,300,0.206565
2243,300,8.502918
2115,301,6.645973
2117,301,1.27243
2118,301,1.589583
2119,301,2.684679
2120,301,5.143181
2128,301,3.217605
2129,301,1.042852
2130,301,0.465823
2131,301,0.256621
2132,301,0.714296
2133,301,1.7734
2134,301,8.978758
2135,301,1.322153
2136,301,0.100697
2101,302,0.884436
2115,302,17.492327
2116,302,4.483016
2117,302,4.654367
2118,302,1.940732
2119,302,4.015097
2120,302,3.627705
2128,302,2.960924
2129,302,1.079666
2130,302,0.396809
2131,302,0.422204
2132,302,0.366796
2133,302,0.297955
2102,303,0.579859
2103,303,0.608471
2107,303,2.020271
2107,304,0.672
2108,304,4.23068
2206,304,9.015578
2208,304,5.355003
2107,305,1.74806
2108,305,3.593269
2118,305,10.667643
2120,305,5.66568
2121,305,7.313794
2122,305,5.771814
2127,305,23.668015
2128,305,18.467999
2129,305,7.477643
2130,305,9.722012
2157,305,7.310308
2207,305,0.614827
2208,305,2.937545
2209,305,1.492806
2210,305,0.731486
2211,305,5.286709
2212,305,2.341787
2100,306,4.353183
2107,306,3.861588
2108,306,2.013748
2117,306,9.088685
2123,306,11.337882
2126,306,9.621317
2127,306,10.605927
2128,306,8.522993
2129,306,7.396066
2130,306,6.944062
2131,306,5.813986
2132,306,3.528013
2206,306,7.247443
2208,306,0.128921
2211,306,0.09931
2098,307,13.450866
2100,307,0.516019
2101,307,5.963002
2102,307,1.155638
2103,307,1.193888
2104,307,1.257519
2105,307,4.88525
2106,307,3.65796
2107,307,2.872433
2108,307,1.704902
2101,308,8.943422
2102,308,2.404817
2103,308,1.859136
2104,308,4.583391
2105,308,5.463164
2106,308,3.05539
2107,308,4.538341
2108,308,6.306201
2098,309,6.900583
2101,309,6.403996
2102,309,4.63966
2104,309,4.884749
2105,309,5.837838
2106,309,5.459318
2216,309,1.764132
2098,310,5.555281
2216,310,1.519649
2098,311,3.480469
2216,311,0.986444
2098,312,4.151927
2103,312,0.500716
2104,312,11.173049
2105,312,10.494317
2106,312,12.908702
2107,312,1.909213
2108,312,1.215679
2109,312,2.42786
2110,312,7.013782
2117,312,3.061756
2118,312,1.470857
2119,312,0.775894
2120,312,1.575755
2216,312,1.011394
2098,313,4.072081
2103,313,1.923027
2104,313,3.965439
2105,313,2.219421
2106,313,1.066603
2107,313,2.083274
2108,313,2.905177
2109,313,4.27313
2110,313,7.414663
2117,313,13.703551
2118,313,6.205521
2119,313,8.035029
2120,313,10.892126
2121,313,8.37121
2122,313,15.167624
2123,313,5.949222
2216,313,0.062513
2098,314,5.525057
2103,314,0.5558
2104,314,2.699351
2105,314,4.132483
2106,314,5.462475
2107,314,6.365111
2108,314,5.171479
2109,314,1.34147
2110,314,9.164386
2098,315,0.346938
2103,315,0.745811
2104,315,1.780832
2105,315,1.369144
2106,315,1.087724
2107,315,2.468846
2108,315,1.24546
2109,315,1.949189
2110,315,1.370299
2098,316,0.688245
2103,316,2.338971
2104,316,2.461508
2105,316,1.960299
2106,316,2.790487
2107,316,3.570646
2108,316,3.590741
2109,316,5.694405
2174,316,0.101504
2175,316,0.141727
2176,316,0.094379
2177,316,0.09632
2178,316,0.101448
2179,316,0.093668
2198,316,16.201694
2206,316,4.434429
2208,316,1.559748
2209,316,11.699381
2242,316,5.465687
2098,317,2.054332
2173,317,21.164078
2174,317,0.199584
2177,317,0.18213
2179,317,0.09276
2206,317,5.263881
2207,317,2.739642
2208,317,1.528798
2209,317,0.847967
2210,317,4.790303
2211,317,3.651404
2098,318,0.38689
2118,318,3.574662
2119,318,3.388731
2120,318,4.798404
2179,318,0.150268
2180,318,0.327862
2097,319,1.209736
2098,319,0.280764
2100,319,4.041558
2101,319,4.237596
2102,319,2.513479
2103,319,1.865506
2104,319,1.940572
2105,319,0.994866
2106,319,0.815313
2107,319,1.223695
2108,319,1.795605
2109,319,4.586904
2118,319,8.130323
2119,319,6.764214
2120,319,10.895924
2121,319,10.668696
2122,319,12.029641
2173,319,0.311783
2098,320,2.033059
2100,320,4.02029
2101,320,1.715116
2102,320,4.44464
2103,320,3.491935
2196,320,28.378283
2120,4,29.022305
2121,4,29.461079
2117,5,26.342556
2118,5,13.268352
2120,5,12.929828
2121,5,10.54356
2122,5,14.871333
2133,5,21.528702
2097,321,0.215888
2098,321,3.225157
2100,321,9.033126
2101,321,4.718811
2098,322,10.512628
2173,322,3.314587
2119,6,7.310586
2120,6,8.931834
2121,6,18.992849
2122,6,28.181736
2133,6,6.285031
2134,6,17.005829
2117,7,18.66943
2133,7,6.775589
2134,7,11.606018
2158,7,18.987522
2161,7,18.735218
2097,323,0.907695
2149,323,24.240635
2179,323,0.31443
2133,8,13.657514
2174,324,11.184465
2122,326,18.448524
2123,326,13.360836
2124,326,24.002317
2125,326,23.594307
2126,326,17.566801
2126,11,9.361965
2127,11,18.247242
2128,11,25.709959
2100,327,9.784951
2101,327,2.691604
2122,327,18.645285
2123,327,12.809819
2124,327,28.259722
2125,327,17.694939
2100,328,14.816182
2101,328,2.75048
2100,329,8.240161
2101,329,2.32014
2172,329,8.441679
2173,329,10.256516
2133,13,11.374064
2134,13,4.141351
2134,14,4.268001
2100,330,7.008806
2101,330,1.532703
2174,330,1.715943
2175,330,1.932666
2176,330,0.464149
2101,331,2.83488
2174,331,0.221006
2175,331,0.505997
2179,331,0.056099
2180,331,0.221722
2181,331,0.589609
2126,15,23.915627
2134,15,5.2795
2134,17,29.003481
2101,332,3.742533
2174,332,2.227162
2175,332,2.157599
2179,332,2.471307
2182,332,1.46251
2133,18,26.799158
2134,18,28.516115
2141,18,11.490588
2101,333,4.069588
2129,19,27.14006
2133,19,21.656342
2134,19,12.953393
2141,19,2.194561
2101,334,4.585913
2102,334,5.030154
2102,335,3.28623
2179,335,3.147609
2126,20,20.863152
2127,20,6.69309
2128,20,12.983124
2129,20,20.863222
2133,20,10.073503
2134,20,13.737638
2141,20,2.710444
2123,21,13.300204
2124,21,18.747524
2125,21,24.853312
2126,21,4.795585
2127,21,19.800598
2128,21,10.312537
2129,21,4.721569
2133,21,11.013167
2141,21,5.315645
2102,336,3.334013
2103,336,5.667879
2104,336,4.542162
2105,336,4.785273
2106,336,8.466991
2189,336,7.736351
2190,336,2.463569
2191,336,2.566475
2189,337,9.809743
2121,22,16.882534
2122,22,7.16619
2124,22,25.813633
2125,22,4.835932
2126,22,11.316399
2127,22,4.837208
2128,22,2.730684
2129,22,5.654984
2133,22,11.478654
2141,22,5.235248
2120,23,4.095655
2121,23,6.780482
2122,23,6.932241
2123,23,5.929562
2124,23,4.63715
2125,23,13.833896
2126,23,3.483165
2127,23,3.41892
2128,23,2.867088
2129,23,4.913218
2133,23,10.336309
2141,23,1.459007
2142,23,2.471208
2118,24,26.056944
2119,24,24.54435
2120,24,17.968321
2122,24,10.695903
2123,24,5.59714
2124,24,3.517545
2125,24,2.10717
2126,24,2.335975
2127,24,5.294013
2128,24,3.65998
2133,24,8.99806
2141,24,2.373508
2142,24,2.348407
2118,25,22.517874
2119,25,24.911552
2123,25,1.156806
2124,25,3.366542
2125,25,2.691885
2126,25,3.890895
2127,25,3.068741
2128,25,18.553219
2129,25,11.953854
2133,25,9.282962
2141,25,1.991916
2142,25,12.241599
2198,342,0.217496
2204,342,2.400892
2206,342,4.056537
2118,26,27.839432
2119,26,13.054543
2120,26,21.50503
2122,26,9.646623
2123,26,6.379016
2124,26,5.386122
2125,26,1.97845
2126,26,6.11869
2127,26,2.775451
2128,26,3.102101
2129,26,13.696279
2133,26,10.876435
2143,26,20.863729
2121,27,5.589624
2122,27,3.200521
2123,27,6.407725
2124,27,1.489963
2125,27,1.547003
2126,27,2.9519
2127,27,5.783565
2128,27,4.851477
2133,27,6.828304
2145,27,7.283803
2146,27,5.166341
2147,27,6.618586
2148,27,7.917842
2149,27,4.216938
2198,343,0.543316
2199,343,1.340373
2122,28,8.854329
2123,28,7.553711
2124,28,2.737582
2125,28,2.818363
2126,28,10.297389
2127,28,2.565457
2128,28,1.449679
2129,28,11.066759
2144,28,7.299344
2153,28,14.349754
2126,29,14.237211
2128,29,7.845323
2181,345,2.316858
2201,345,8.368855
2098,346,19.166792
2200,346,3.56832
2203,346,1.593394
2204,346,1.477581
2133,30,6.598426
2098,347,20.40568
2203,347,1.393759
2204,347,9.346376
2133,32,8.134746
2098,348,15.825273
2203,348,5.033009
2176,351,5.164531
2197,351,3.909967
2123,37,21.857759
2125,37,22.280375
2126,37,10.453546
2128,37,15.179192
2129,37,11.764777
2130,37,22.425316
2195,352,1.373943
2197,352,2.75204
2199,352,4.963953
2132,38,28.084282
2196,353,3.413858
2198,353,2.795927
2199,353,1.965209
2098,354,5.257382
2099,354,5.154668
2118,354,29.543034
2098,355,26.813385
2099,355,20.767794
2100,355,7.155964
2146,39,16.468752
2100,356,24.03056
2101,356,17.296181
2109,356,6.64424
2124,356,20.544846
2222,357,1.222991
2223,357,0.111052
2224,357,0.766172
2229,43,11.432739
2222,358,3.264461
2223,358,1.506793
2224,358,1.435365
2122,359,4.452617
2124,359,26.981834
2221,359,7.870007
2222,359,1.460936
2225,360,3.404588
2225,361,4.177853
2229,361,1.607293
2223,362,3.718772
2226,362,2.362818
2227,362,2.660945
2228,362,0.678472
2229,362,0.759686
2116,363,2.311138
2222,363,3.044695
2223,363,5.725927
2225,363,15.342279
2226,363,0.384866
2227,363,2.190106
2221,364,1.17958
2222,364,2.416524
2223,364,1.878154
2179,365,3.351625
2180,365,3.170077
2222,365,1.504042
2223,365,1.76606
2226,365,0.940286
2227,365,1.184181
2120,366,2.39432
2121,366,26.548185
2122,366,4.475221
2123,366,0.780776
2124,366,7.884183
2125,366,0.408944
2126,366,0.605053
2127,366,1.638647
2128,366,0.746638
2129,366,0.997428
2132,366,2.771838
2133,366,3.122755
2134,366,6.203129
2222,366,2.785412
2223,366,2.59901
2225,366,3.461144
2226,366,2.790409
2227,366,3.100027
2228,366,1.325956
2231,366,2.179803
2232,366,5.340864
2122,367,13.220653
2123,367,10.524059
2124,367,2.441834
2125,367,12.252485
2126,367,4.843923
2127,367,2.303772
2128,367,2.04134
2132,367,1.058507
2133,367,8.993582
2134,367,15.729694
2221,367,2.303498
2222,367,0.999227
2223,367,1.759195
2231,367,2.91567
2220,368,0.799158
2226,368,2.131796
2227,368,2.728972
2230,368,3.189157
2231,368,3.275872
2174,63,28.013599
2125,66,29.332455
2126,66,28.23263
2171,68,27.716404
2207,70,16.239429
2172,71,22.692974
2211,71,14.039139
2212,71,14.260863
2172,72,19.879215
2209,72,27.567614
2213,72,12.2386
2220,72,8.107316
2143,73,12.27532
2170,74,9.334371
2170,75,20.678476
2122,76,22.225874
2123,76,11.648357
2124,76,11.888704
2125,76,8.940681
2126,76,11.534671
2147,76,18.254364
2148,76,18.394384
2150,76,21.505522
2152,76,18.596285
2172,76,6.86384
2122,77,28.750177
2123,77,23.149981
2124,77,23.19705
2125,77,10.664793
2127,77,24.550713
2128,77,20.349859
2171,77,1.014794
2172,77,14.215347
2171,78,23.526913
2131,79,5.60682
2131,80,12.440609
2131,81,29.895761
2131,82,21.34544
2211,83,8.534951
2212,83,4.039128
2213,83,7.909787
2190,84,2.299229
2211,84,4.961999
2212,84,5.897312
2115,85,25.858328
2209,85,11.489834
2210,85,5.041488
2211,85,0.795186
2210,86,5.763591
2211,86,11.981906
2212,86,3.905042
2213,86,5.586642
2214,86,6.289984
2215,86,11.100853
2127,87,29.665819
2128,87,11.611142
2130,87,19.899885
2211,87,3.115788
2212,87,2.661464
2213,87,3.050395
2214,87,7.510445
2215,87,23.255314
2120,88,14.491473
2121,88,21.418394
2122,88,15.931868
2123,88,16.900997
2124,88,8.35429
2125,88,10.125019
2126,88,12.256052
2127,88,6.663703
2128,88,9.117985
2129,88,7.293574
2146,88,9.968707
2147,88,4.430891
2148,88,3.094518
2157,88,10.837921
2167,88,16.455742
2168,88,5.833282
2169,88,4.073251
2210,88,4.887325
2211,88,2.389536
2212,88,0.126967
2213,88,2.09435
2214,88,29.302515
2131,89,12.212957
2210,89,3.096963
2211,89,2.356884
2212,89,7.147906
2213,89,4.00318
2214,89,13.405872
2131,90,6.211929
2211,90,5.727797
2212,90,4.367654
2213,90,3.681432
2214,90,11.747759
2131,91,5.404151
2210,91,6.906321
2211,91,7.783308
2212,91,8.688565
2213,91,7.65455
2131,92,16.288761
2210,92,27.383455
2120,93,11.559944
2108,94,26.766937
2119,94,6.40329
2120,94,25.937084
2109,95,26.240593
2119,95,7.787633
2120,95,7.746832
2191,95,2.632178
2110,96,27.830029
2191,96,4.131505
2193,96,2.599361
2194,96,2.805418
2109,97,11.200933
2110,97,8.569803
2121,97,9.275366
2122,97,4.241168
2190,97,4.212451
2191,97,2.582423
2193,97,3.507968
2194,97,3.324581
2109,98,5.056755
2110,98,15.747017
2122,98,16.839476
2123,98,16.407745
2124,98,10.771676
2125,98,6.457697
2126,98,8.718603
2127,98,16.088364
2128,98,6.587209
2189,98,1.807357
2190,98,3.670178
2193,98,1.834806
2109,99,4.834961
2110,99,26.999735
2121,99,28.539881
2123,99,21.978943
2130,99,11.527981
2151,99,28.091938
2160,99,11.831679
2189,99,0.388289
2190,99,1.353455
2193,99,5.348776
2109,100,8.836725
2110,100,21.165064
2152,100,25.771873
2153,100,16.507765
2154,100,17.431149
2155,100,26.426588
2156,100,17.526253
2157,100,19.801418
2158,100,16.607729
2159,100,16.848309
2160,100,16.219633
2161,100,14.342594
2162,100,9.036599
2163,100,8.965628
2164,100,7.225578
2165,100,7.561904
2193,100,3.13398
2109,101,24.256437
2191,101,1.209752
2109,102,19.611124
2110,102,14.420484
2168,102,10.685014
2190,102,0.718407
2109,103,21.269436
2109,104,20.411907
2110,104,20.739206
2117,104,9.883556
2119,104,17.392609
2120,104,15.604899
2121,104,25.598396
2168,104,12.298832
2169,104,6.112806
2109,105,12.097296
2117,105,16.507612
2119,105,17.426365
2120,105,17.342522
2181,105,23.46846
2109,106,23.450825
2119,106,21.009243
2120,106,21.198984
2121,106,10.619555
2181,106,14.437543
2109,107,18.178738
2121,107,16.364323
2122,107,19.107773
2109,108,19.409889
2123,109,24.942007
2124,109,12.001692
2125,109,12.37796
2126,109,19.822294
2117,110,16.657589
2118,110,14.466527
2119,110,25.149015
2189,118,3.619396
2190,118,2.253825
2191,118,6.202898
2192,118,9.481157
2193,118,2.149703
2194,118,4.339921
2195,118,5.124644
2196,118,5.853281
2161,119,1.159907
2162,119,0.196296
2163,119,0.905051
2164,119,0.204832
2165,119,2.350601
2166,119,0.115296
2167,119,0.178177
2168,119,0.148685
2173,119,0.976282
2174,119,1.184534
2176,119,26.965523
2177,119,4.289337
2188,119,23.73702
2189,119,7.06247
2190,119,5.682416
2191,119,8.546571
2192,119,14.535276
2193,119,8.372714
2195,119,14.015457
2196,119,20.89949
2197,119,26.221962
2216,119,18.800495
2161,120,0.890504
2162,120,0.125821
2176,120,0.266689
2177,120,1.259401
2187,120,27.891056
2218,120,25.236814
2175,121,0.644928
2176,121,1.691297
2177,121,1.293707
2187,121,25.113138
2188,121,1.997383
2157,122,0.091746
2158,122,0.145431
2159,122,25.142849
2174,122,4.739899
2175,122,1.518333
2176,122,5.974659
2188,122,2.369066
2157,123,0.138508
2158,123,0.255525
2159,123,0.145431
2174,123,2.976878
2175,123,3.551845
2176,123,5.045563
2187,123,6.144552
2188,123,1.482301
2156,124,7.747023
2157,124,1.651737
2158,124,0.277397
2159,124,0.091746
2174,124,3.137044
2175,124,1.559307
2176,124,2.431729
2183,124,3.226902
2187,124,3.517397
2188,124,5.935454
2156,125,10.090276
2157,125,1.852132
2158,125,1.612869
2159,125,0.160072
2174,125,2.995091
2175,125,1.708
2176,125,3.564896
2132,126,8.755754
2152,126,20.986126
2155,126,0.872704
2156,126,2.119422
2157,126,0.767303
2158,126,0.113627
2159,126,6.414778
2174,126,4.47366
2175,126,1.427805
2176,126,1.325268
2133,127,13.602467
2143,127,13.96106
2151,127,0.183712
2152,127,0.183712
2153,127,0.192334
2154,127,0.032346
2155,127,0.049407
2156,127,0.531431
2157,127,0.654603
2158,127,0.11049
2159,127,4.992826
2174,127,3.401701
2175,127,3.468123
2238,127,25.255764
2152,128,0.979683
2153,128,1.36566
2154,128,0.067729
2155,128,0.056014
2156,128,0.609327
2157,128,0.982715
2158,128,1.043931
2174,128,3.401701
2175,128,0.466884
2176,128,4.552414
2183,128,0.24581
2184,128,0.24581
2185,128,1.359744
2186,128,15.781302
2133,129,15.473905
2156,129,0.517618
2157,129,0.509544
2158,129,1.192604
2174,129,5.422433
2175,129,0.514759
2176,129,4.006572
2183,129,0.228227
2184,129,0.224112
2185,129,0.272291
2186,129,5.419622
2199,129,27.402447
2111,130,9.608851
2156,130,3.224465
2157,130,0.526263
2158,130,1.405524
2174,130,9.667389
2175,130,1.934024
2176,130,3.256936
2110,131,4.97332
2111,131,4.378245
2112,131,3.038667
2113,131,6.485371
2114,131,17.539557
2115,131,7.183902
2116,131,10.202395
2137,131,8.301839
2139,131,14.498064
2140,131,7.984834
2141,131,14.00711
2142,131,12.998135
2143,131,24.24754
2144,131,14.530551
2145,131,23.114643
2156,131,0.354251
2157,131,0.292142
2158,131,1.678277
2174,131,2.493322
2175,131,1.43315
2176,131,3.256936
2114,132,18.980854
2116,132,25.642532
2117,132,2.959219
2118,132,4.616316
2119,132,4.178523
2120,132,2.411684
2121,132,14.416651
2122,132,13.950005
2123,132,9.611882
2124,132,9.577413
2136,132,18.637821
2137,132,13.627174
2138,132,16.355629
2139,132,15.393753
2140,132,3.131999
2141,132,4.076756
2142,132,2.454749
2143,132,3.691611
2144,132,2.818877
2145,132,4.381128
2174,132,0.601119
2175,132,12.984087
2186,132,15.160101
2188,132,8.614786
2189,132,5.024928
2190,132,17.464893
2191,132,13.192417
2237,132,8.964471
2238,132,10.396685
2116,133,21.05298
2117,133,2.25783
2118,133,5.399543
2119,133,10.350982
2120,133,4.929513
2121,133,3.44321
2122,133,8.326813
2123,133,4.730509
2124,133,7.839528
2125,133,12.160902
2135,133,3.393331
2136,133,0.30177
2137,133,3.09527
2138,133,1.490742
2139,133,2.179252
2140,133,1.591336
2141,133,1.023189
2142,133,0.904393
2143,133,0.927912
2144,133,1.628181
2145,133,4.967138
2149,133,9.670325
2150,133,12.024954
2151,133,21.636225
2152,133,19.825788
2153,133,13.471451
2183,133,24.899624
2184,133,12.700644
2185,133,23.384035
2186,133,8.049487
2187,133,9.779525
2188,133,4.066673
2189,133,3.844471
2190,133,9.926807
2191,133,6.982119
2192,133,14.049087
2193,133,29.072914
2194,133,22.232229
2195,133,19.198895
2196,133,16.423449
2198,133,17.397896
2235,133,1.009792
2236,133,0.638785
2237,133,0.293242
2238,133,0.050214
2239,133,0.020456
2116,134,23.040884
2119,134,12.581799
2120,134,8.52867
2121,134,7.030192
2122,134,6.155283
2123,134,5.531655
2125,134,11.261995
2135,134,3.228114
2136,134,0.870098
2137,134,1.092337
2138,134,0.988934
2139,134,3.398309
2140,134,1.472985
2141,134,1.278085
2142,134,0.84685
2143,134,0.755568
2144,134,0.687037
2145,134,1.035837
2146,134,1.826221
2147,134,2.495361
2148,134,4.770303
2149,134,0.67284
2150,134,0.476231
2151,134,0.548283
2152,134,0.281418
2153,134,0.30384
2154,134,15.856237
2183,134,15.06403
2184,134,5.986309
2185,134,1.728412
2186,134,1.16462
2187,134,0.397248
2188,134,0.64773
2189,134,0.608397
2190,134,1.717064
2191,134,0.834517
2192,134,0.460013
2193,134,1.221489
2194,134,3.750513
2195,134,5.053281
2196,134,2.340297
2197,134,5.610081
2198,134,4.58935
2199,134,4.333241
2200,134,5.648181
2204,134,7.232834
2205,134,4.788743
2206,134,4.643984
2207,134,3.174229
2208,134,3.518236
2209,134,6.831817
2210,134,11.182934
2211,134,9.637693
2212,134,14.755537
2213,134,8.08076
2214,134,8.989922
2215,134,2.738796
2216,134,16.20591
2220,134,15.018809
2155,135,1.053115
2156,135,12.507843
2183,135,17.960539
2184,135,1.989689
2185,135,2.583486
2186,135,0.804685
2187,135,0.195669
2188,135,0.204456
2189,135,0.228887
2190,135,0.227352
2191,135,0.180859
2192,135,0.256108
2193,135,0.216163
2194,135,0.822153
2195,135,0.7708
2196,135,0.698964
2197,135,0.364812
2198,135,2.544864
2199,135,4.942375
2200,135,6.573371
2204,135,14.13409
2205,135,23.996269
2206,135,21.81875
2207,135,5.723086
2208,135,4.725207
2209,135,4.988964
2210,135,13.933885
2211,135,8.20735
2212,135,4.683458
2213,135,5.383849
2214,135,6.893831
2215,135,22.545605
2155,136,0.573399
2156,136,5.610126
2157,136,12.227948
2158,136,16.274971
2191,136,13.252803
2192,136,18.429527
2132,137,5.394636
2133,137,2.591514
2134,137,5.091849
2155,137,1.048181
2156,137,0.274099
2157,137,10.119836
2132,138,2.561338
2133,138,2.286855
2134,138,4.100237
2155,138,1.308523
2156,138,0.455243
2157,138,8.288718
2158,138,20.964979
2133,139,2.935008
2134,139,0.605415
2155,139,2.168941
2156,139,1.680688
2157,139,5.387228
2158,139,19.861567
2113,140,9.613819
2114,140,2.003961
2115,140,0.92074
2133,140,2.605477
2134,140,0.453835
2156,140,0.826614
2157,140,3.39341
2158,140,11.164239
2113,141,9.238414
2114,141,4.74633
2115,141,6.314258
2133,141,1.671967
2134,141,0.845361
2135,141,4.4175
2155,141,2.868295
2156,141,0.47639
2157,141,3.779876
2178,141,3.615118
2112,142,10.333546
2113,142,4.377111
2114,142,10.990596
2115,142,29.560297
2133,142,2.999861
2134,142,2.719595
2155,142,1.44353
2156,142,0.615814
2157,142,3.089486
2158,142,22.443455
2116,143,11.772946
2117,143,10.418607
2118,143,6.141517
2119,143,8.477255
2120,143,6.623241
2121,143,8.496661
2122,143,3.37252
2135,143,3.128105
2136,143,0.120695
2137,143,0.267899
2138,143,0.260246
2139,143,0.4032
2140,143,2.168214
2141,143,2.235774
2142,143,2.025349
2143,143,2.888567
2144,143,2.139181
2145,143,3.812705
2146,143,2.675928
2147,143,2.16336
2155,143,1.343146
2156,143,0.847071
2157,143,3.335864
2158,143,22.420967
2183,143,12.735189
2184,143,7.722652
2186,143,4.666199
2187,143,2.296361
2188,143,1.932326
2189,143,3.051531
2190,143,3.476015
2191,143,5.031704
2192,143,5.767803
2193,143,17.788191
2194,143,3.515206
2195,143,3.612813
2196,143,4.95821
2197,143,4.311455
2198,143,1.96415
2199,143,2.762606
2200,143,6.410717
2204,143,15.413822
2205,143,4.923051
2206,143,8.396534
2207,143,6.718089
2116,144,16.733288
2117,144,7.883964
2118,144,0.276408
2119,144,0.322334
2120,144,0.720993
2121,144,2.232027
2122,144,1.00325
2123,144,2.009489
2124,144,2.068342
2125,144,4.142768
2135,144,3.846428
2136,144,1.234592
2137,144,0.479505
2138,144,0.434125
2139,144,0.194046
2140,144,0.605729
2141,144,0.272897
2142,144,0.942167
2143,144,0.91874
2144,144,0.419365
2145,144,0.36463
2146,144,2.248371
2147,144,3.387819
2155,144,1.401242
2156,144,0.802721
2157,144,3.428441
2158,144,13.616374
2184,144,9.883874
2185,144,14.027081
2186,144,2.197243
2187,144,2.632589
2188,144,2.181476
2189,144,2.239131
2190,144,0.681894
2191,144,0.422662
2192,144,1.689441
2193,144,4.660867
2194,144,3.141837
2195,144,2.64662
2196,144,1.808656
2197,144,0.799502
2198,144,1.9408
2199,144,3.763662
2200,144,2.00363
2204,144,24.068552
2205,144,12.616204
2206,144,4.859915
2207,144,4.77105
2208,144,3.832063
2116,145,24.755196
2117,145,8.692369
2118,145,5.219456
2119,145,2.525685
2120,145,1.324579
2121,145,1.012833
2122,145,0.975978
2123,145,0.686273
2124,145,4.148384
2125,145,0.574614
2135,145,3.87327
2136,145,0.832078
2137,145,0.976189
2138,145,0.304483
2139,145,0.494518
2140,145,0.613178
2141,145,0.349729
2142,145,0.084769
2143,145,0.07418
2144,145,0.096151
2145,145,0.105276
2146,145,0.090211
2147,145,0.297618
2155,145,1.810345
2156,145,0.611564
2157,145,4.743883
2158,145,18.90349
2174,145,5.149246
2175,145,3.383417
2176,145,4.524362
2177,145,5.740768
2184,145,0.310963
2185,145,0.190219
2186,145,0.587506
2187,145,1.273703
2188,145,0.592958
2189,145,0.434898
2190,145,0.454475
2191,145,1.44589
2192,145,1.589422
2193,145,0.769941
2194,145,0.82748
2195,145,1.154684
2196,145,0.95827
2197,145,0.895919
2198,145,0.581142
2199,145,1.295309
2200,145,7.569347
2204,145,1.938241
2205,145,1.618302
2206,145,0.343227
2207,145,0.35692
2208,145,0.227205
2209,145,0.351548
2210,145,0.308899
2211,145,0.19956
2212,145,0.147668
2213,145,0.384553
2214,145,0.598521
2215,145,0.713189
2216,145,0.252879
2217,145,0.371816
2218,145,2.833864
2219,145,1.46829
2220,145,1.993167
2221,145,6.606128
2118,146,10.262051
2119,146,11.801982
2120,146,5.603096
2121,146,11.906124
2122,146,11.72672
2123,146,11.730928
2124,146,9.692671
2125,146,1.410626
2135,146,5.318452
2136,146,0.828201
2137,146,1.818912
2138,146,1.175553
2139,146,1.029367
2140,146,0.416134
2141,146,0.54659
2142,146,0.463996
2143,146,0.586348
2144,146,0.328676
2145,146,0.468701
2146,146,1.099928
2147,146,0.589863
2155,146,0.691282
2156,146,1.357806
2157,146,17.65411
2158,146,26.184383
2174,146,7.755259
2175,146,1.832675
2176,146,1.515839
2177,146,5.804637
2184,146,0.309339
2185,146,0.457427
2186,146,0.647664
2187,146,0.531203
2188,146,0.442499
2189,146,0.219702
2190,146,0.27372
2191,146,0.326825
2192,146,0.406724
2193,146,0.541925
2194,146,1.588699
2195,146,0.493132
2196,146,0.689098
2197,146,0.435078
2198,146,2.457117
2199,146,2.894297
2200,146,8.08529
2204,146,2.789004
2205,146,3.583074
2206,146,0.94305
2207,146,0.623798
2208,146,0.384897
2209,146,0.36763
2210,146,0.477834
2211,146,0.374715
2212,146,0.306636
2213,146,0.553985
2214,146,0.994548
2215,146,1.635474
2216,146,1.931044
2217,146,8.001547
2218,146,4.597755
2219,146,8.261675
2220,146,10.275524
2221,146,5.686841
2155,147,1.797479
2156,147,0.760416
2157,147,4.342014
2174,147,4.57286
2175,147,0.521522
2176,147,0.921336
2177,147,18.572485
2155,148,1.389029
2156,148,0.50556
2157,148,5.188119
2158,148,2.735863
2174,148,2.263809
2175,148,0.690656
2176,148,2.495823
2177,148,2.865755
2196,148,29.504845
2130,149,6.405304
2131,149,6.357503
2132,149,2.781532
2174,149,0.694178
2175,149,2.278886
2176,149,2.018526
2177,149,3.091588
2228,149,16.27282
2130,150,7.089558
2131,150,1.791336
2132,150,3.142066
2174,150,1.5735
2175,150,0.601359
2176,150,1.951477
2177,150,3.571875
2184,150,0.677664
2185,150,0.680561
2228,150,18.445551
2131,151,0.724696
2132,151,0.742637
2174,151,0.439834
2175,151,0.485813
2176,151,1.444449
2177,151,1.981279
2184,151,4.255926
2185,151,1.069517
2228,151,11.698687
2229,151,12.572865
2158,152,0.200082
2159,152,1.542778
2174,152,1.293446
2175,152,1.200276
2176,152,2.213928
2177,152,5.75456
2184,152,3.713332
2185,152,0.86976
2228,152,18.890656
2229,152,15.06812
2158,153,0.861163
2159,153,2.018009
2162,153,3.883677
2163,153,3.058383
2164,153,3.544167
2165,153,1.630417
2166,153,2.545615
2167,153,3.478736
2168,153,3.263155
2169,153,1.760085
2170,153,1.866296
2171,153,1.567068
2172,153,0.69947
2174,153,0.230569
2175,153,0.63066
2176,153,2.997785
2177,153,5.334118
2184,153,5.495784
2185,153,2.041685
2229,153,3.351578
2120,154,16.630362
2121,154,22.423634
2158,154,1.189236
2159,154,1.348716
2162,154,1.164549
2163,154,0.190196
2164,154,0.195775
2165,154,2.620427
2166,154,0.592821
2167,154,0.414258
2168,154,0.149892
2169,154,0.336713
2170,154,0.483089
2171,154,0.678285
2172,154,0.36127
2173,154,0.597927
2174,154,1.619007
2175,154,1.256766
2185,154,1.145107
2187,154,6.989766
2191,154,3.030631
2192,154,6.867254
2194,154,13.907509
2205,154,2.043755
2206,154,1.118695
2207,154,0.794378
2208,154,2.655075
2209,154,3.76155
2210,154,3.73841
2211,154,2.782193
2212,154,4.285436
2213,154,5.50123
2214,154,5.850134
2215,154,8.280608
2216,154,7.108209
2217,154,5.670171
2218,154,9.314302
2219,154,4.484928
2220,154,5.827827
2221,154,3.481712
2117,155,10.176235
2118,155,15.28669
2119,155,15.23736
2121,155,13.059505
2122,155,2.886052
2123,155,7.502454
2124,155,25.078323
2135,155,6.209772
2136,155,13.610464
2139,155,17.317558
2149,155,13.036276
2154,155,12.91044
2155,155,14.407507
2158,155,0.139775
2159,155,0.322992
2162,155,1.62067
2187,155,4.350498
2204,155,5.646532
2218,155,11.536288
2219,155,11.693253
2221,155,4.540495
2222,155,9.417504
2144,156,2.969237
2145,156,13.103407
2146,156,2.482495
2159,156,0.139775
2179,157,0.556404
2227,158,19.616943
2228,158,11.781904
2229,158,0.233414
2230,158,2.256352
2231,158,0.25858
2232,158,0.496273
2233,158,0.566831
2234,158,1.429194
2235,158,0.223455
2236,158,0.507154
2237,158,0.267086
2238,158,0.300617
2226,159,5.261714
2227,159,6.569115
2228,159,4.880202
2229,159,0.124292
2230,159,0.120986
2231,159,2.493897
2232,159,1.226594
2233,159,1.973903
2234,159,1.158815
2235,159,0.560708
2236,159,1.253229
2237,159,0.785257
2238,159,0.609623
2239,159,1.347845
2240,159,2.121829
2241,159,0.722533
2226,160,0.628156
2229,160,0.045827
2230,160,0.064653
2231,160,0.092307
2232,160,1.12814
2233,160,3.427977
2234,160,4.384673
2235,160,3.275605
2236,160,2.076603
2237,160,1.797986
2238,160,0.383543
2239,160,0.168219
2240,160,2.56533
2241,160,1.03645
2242,160,1.847715
2229,161,0.004938
2231,161,0.313883
2232,161,6.313883
2233,161,2.368013
2234,161,1.584263
2235,161,2.908779
2236,161,1.695378
2237,161,5.23207
2238,161,1.422597
2239,161,0.858133
2240,161,0.380769
2241,161,2.546395
2242,161,14.757923
2215,162,0.23491
2216,162,8.115238
2235,162,2.392686
2236,162,2.138814
2237,162,1.432121
2238,162,1.382536
2239,162,0.239412
2240,162,0.13263
2241,162,0.46572
2242,162,1.514934
2243,162,4.308675
2216,163,0.219059
2235,163,11.741027
2236,163,11.643323
2237,163,5.937201
2238,163,4.541618
2239,163,1.547793
2240,163,0.367768
2241,163,3.316022
2242,163,1.802343
2243,163,1.675431
2173,170,17.201801
2179,170,18.887762
2180,170,25.995106
2181,170,25.350941
2191,170,19.650984
2192,170,20.729702
2180,171,21.382818
2181,171,11.816132
2189,171,19.879053
2190,171,15.990472
2191,171,13.106141
2192,171,13.73937
2134,172,10.058578
2135,172,4.826304
2136,172,4.772676
2138,172,7.166052
2139,172,10.314376
2140,172,17.094826
2141,172,9.729904
2142,172,10.973012
2179,172,4.822318
2180,172,19.481123
2188,172,4.220098
2189,172,4.893807
2190,172,16.438402
2135,173,4.940597
2136,173,15.741512
2138,173,8.069726
2139,173,10.611371
2180,173,13.828279
2181,173,15.160236
2160,174,7.936435
2230,174,13.91746
2161,175,21.972977
2229,175,29.499567
2161,176,24.226368
2242,177,21.489601
2242,178,23.413467
2241,179,13.566498
2241,180,9.157168
2242,180,10.789368
2243,180,7.177109
2107,181,28.329748
2108,181,17.125309
2109,181,15.824823
2110,181,5.504393
2182,181,0.395227
2183,181,0.674456
2243,181,27.132135
2107,182,26.635252
2108,182,16.78606
2109,182,25.182661
2110,182,10.261225
2111,182,5.226712
2109,183,14.525733
2111,183,7.543481
2110,184,28.75186
2111,184,25.629873
2243,184,0.078804
2111,185,24.215637
2116,185,4.154923
2241,185,0.208676
2242,185,0.198436
2243,185,0.254062
2111,186,11.715136
2117,186,1.024955
2118,186,0.979727
2119,186,0.896259
2120,186,1.18065
2121,186,5.551455
2122,186,1.428719
2123,186,3.654379
2241,186,15.26388
2242,186,22.777729
2243,186,11.708152
2111,187,1.144203
2117,187,2.707502
2118,187,1.98751
2119,187,1.80126
2120,187,3.183127
2121,187,1.226849
2122,187,0.326813
2123,187,1.261764
2124,187,0.162282
2125,187,0.067226
2126,187,0.102328
2127,187,0.236671
2128,187,0.358754
2133,187,20.292919
2137,187,2.981268
2242,187,9.351671
2243,187,4.872403
2122,188,0.457636
2123,188,0.409892
2124,188,0.352489
2125,188,1.428589
2126,188,3.211577
2127,188,0.240904
2128,188,0.222694
2133,188,4.339987
2134,188,2.62499
2135,188,1.834383
2136,188,0.951821
2137,188,1.947033
2138,188,1.10322
2139,188,0.922758
2140,188,2.269893
2141,188,1.238291
2142,188,1.292874
2143,188,1.265951
2144,188,2.02771
2145,188,1.057729
2146,188,1.868169
2147,188,2.417506
2148,188,2.046788
2149,188,2.010723
2150,188,1.574018
2151,188,6.466542
2240,188,2.655195
2241,188,1.268722
2242,188,4.268092
2243,188,12.579192
2110,189,29.97065
2133,189,3.019473
2134,189,7.969965
2135,189,5.074276
2136,189,3.237228
2137,189,2.120412
2138,189,4.386517
2139,189,3.932189
2140,189,1.618757
2141,189,5.597688
2142,189,3.042703
2143,189,3.5482
2144,189,6.184886
2147,189,1.902966
2148,189,2.215136
2149,189,3.347186
2150,189,3.1536
2151,189,4.145128
2241,189,13.305279
2242,189,4.569914
2110,191,0.499246
2110,192,1.22837
2243,196,4.483323
2110,198,1.214443
2137,198,4.199927
2138,198,4.184573
2139,198,6.390963
2140,198,8.608238
2141,198,13.283435
2142,198,19.581572
2143,198,16.426668
2144,198,7.61103
2145,198,8.550865
2146,198,7.96378
2148,198,24.401714
2161,198,21.175318
2162,198,26.024464
2163,198,22.568455
2165,198,26.978178
2190,198,26.289192
2109,199,7.068572
2110,199,0.309229
2137,199,11.891627
2138,199,5.378443
2139,199,1.338053
2140,199,1.581411
2141,199,2.702776
2142,199,2.889197
2143,199,13.701756
2144,199,5.592686
2145,199,4.306224
2146,199,8.64496
2147,199,8.859614
2148,199,7.66582
2149,199,0.757814
2160,199,22.294138
2161,199,19.698631
2162,199,18.447729
2190,199,5.370898
2129,200,7.636174
2130,200,4.815371
2138,200,6.617282
2139,200,1.506492
2140,200,2.733557
2141,200,1.49519
2142,200,2.423158
2143,200,1.476657
2144,200,3.223149
2145,200,3.448414
2146,200,5.692142
2147,200,9.284923
2148,200,16.19626
2149,200,8.557565
2190,200,4.551745
2191,200,3.442942
2120,201,5.644711
2121,201,2.212028
2123,201,5.399101
2124,201,0.317433
2125,201,2.027569
2126,201,0.852744
2127,201,1.684603
2128,201,3.15122
2129,201,2.531183
2130,201,2.598601
2138,201,11.3316
2139,201,2.128931
2140,201,7.302252
2141,201,1.128225
2142,201,5.030704
2143,201,3.876444
2144,201,2.728834
2145,201,12.729706
2146,201,13.228284
2147,201,5.886246
2148,201,13.572444
2149,201,13.864671
2190,201,3.786275
2191,201,7.621051
2199,201,6.919621
2201,201,11.726016
2242,201,0.527191
2120,202,16.341351
2121,202,1.416368
2122,202,2.927767
2123,202,3.591407
2124,202,0.395432
2125,202,4.922874
2126,202,3.081074
2127,202,5.829069
2128,202,6.780791
2129,202,6.922649
2138,202,3.933245
2139,202,1.920076
2140,202,5.103606
2141,202,5.717956
2142,202,16.122301
2143,202,10.007691
2144,202,5.52466
2145,202,5.073889
2146,202,4.87259
2147,202,20.675888
2190,202,6.861056
2198,202,27.958937
2199,202,7.996838
2200,202,7.680332
2201,202,0.375371
2202,202,22.168455
2204,202,23.962593
2205,202,15.470458
2120,203,7.329127
2121,203,5.470961
2125,203,14.312936
2126,203,6.863103
2127,203,6.588471
2140,203,25.095245
2141,203,14.499017
2142,203,16.994038
2146,203,16.204746
2190,203,6.567263
2191,203,9.916815
2197,203,13.461238
2199,203,12.333375
2200,203,2.217865
2202,203,18.03389
2106,204,29.275944
2107,204,19.783791
2108,204,20.694237
2109,204,18.204275
2197,204,10.405643
2198,204,6.636559
2199,204,11.868014
2200,204,5.101195
2201,204,12.960715
2202,204,13.108414
2236,204,0.857091
2238,204,4.490843
2106,205,7.910991
2107,205,7.041831
2108,205,5.671622
2109,205,29.57811
2183,205,0.59347
2184,205,1.612853
2185,205,0.568964
2198,205,10.655541
2199,205,17.530413
2200,205,8.345137
2201,205,1.102248
2230,205,9.2838
2235,205,3.69865
2107,206,1.671467
2108,206,3.027369
2109,206,19.744473
2110,206,21.112202
2183,206,0.673609
2184,206,1.594515
2185,206,1.161556
2199,206,15.634897
2200,206,14.72489
2201,206,11.923477
2237,206,1.698411
2241,206,0.566152
2242,206,3.102978
2107,207,2.915405
2108,207,7.478702
2109,207,12.801691
2110,207,8.1862
2200,207,13.746414
2240,207,0.48958
2243,208,1.972914
2107,209,0.231387
2108,209,0.030735
2109,209,0.231289
2110,209,2.358355
2234,209,6.773979
2243,209,0.357533
