2413,1807,3.73599
2413,1808,3.630998
2413,1809,1.985733
2398,1810,7.369047
2397,1811,1.0
2413,1812,0.08642
2414,1812,0.217593
2415,1812,0.118182
2413,1813,0.08642
2414,1813,0.111111
2415,1813,0.169935
2413,1814,0.655128
2414,1814,2.382143
2415,1814,1.417495
2413,1815,0.742543
2414,1815,1.266667
2413,1816,2.734173
2414,1816,3.578171
2484,1816,0.486142
2413,1817,1.047588
2414,1817,3.600237
2413,1818,0.52168
2414,1818,1.088052
2413,1819,0.186047
2414,1819,0.352941
2413,1824,0.681818
2414,1824,1.28
2415,1824,1.648648
2413,1825,0.681818
2414,1825,2.43
2415,1825,6.82415
2413,1826,1.274569
2414,1826,8.758477
2415,1826,6.043908
2413,1827,2.619285
2414,1827,6.062986
2413,1828,3.64865
2397,1837,0.055556
2398,1837,0.055556
2398,1838,0.642677
2399,1838,0.642677
2399,1839,0.691072
2400,1839,0.724906
2401,1839,0.653477
2401,1840,13.103092
2402,1840,5.408267
2403,1840,3.53686
2404,1840,3.408448
2405,1840,0.787081
2406,1840,2.710773
2407,1840,2.710773
2470,1898,12.559105
2446,1899,1.933333
2442,1900,4.076925
2445,1900,0.947368
2446,1900,4.324621
2442,1901,29.676392
2443,1901,2.555556
2444,1901,4.167913
2445,1901,1.747368
2446,1901,4.324621
2447,1901,12.45591
2400,1902,25.373762
2401,1902,22.647369
2443,1902,13.104759
2444,1902,5.025546
2445,1902,4.191593
2446,1902,6.176722
2447,1902,8.676692
2448,1902,15.231506
2396,1903,12.111713
2397,1903,9.601355
2398,1903,8.103233
2399,1903,10.678739
2400,1903,10.055203
2401,1903,12.851523
2402,1903,10.32418
2443,1903,24.287193
2444,1903,2.047619
2445,1903,0.75
2446,1903,1.176471
2447,1903,7.086737
2396,1904,14.266234
2397,1904,2.405664
2398,1904,2.683185
2399,1904,5.065766
2400,1904,3.155545
2401,1904,12.68985
2402,1904,12.318645
2403,1904,23.448463
2443,1904,11.204472
2444,1904,10.083334
2445,1904,1.045455
2446,1904,0.714286
2447,1904,3.14815
2396,1905,3.511067
2397,1905,1.607558
2398,1905,0.572538
2399,1905,1.609722
2400,1905,0.929167
2401,1905,0.478519
2402,1905,3.974355
2403,1905,12.551726
2443,1905,12.840423
2444,1905,3.05
2445,1905,1.416667
2446,1905,2.476191
2447,1905,4.142857
2448,1905,8.635233
2449,1905,18.675514
2450,1905,24.05444
2396,1906,5.052931
2397,1906,1.504305
2398,1906,0.355556
2399,1906,0.126984
2400,1906,1.805556
2401,1906,2.410786
2402,1906,7.886683
2403,1906,17.573029
2443,1906,11.737294
2444,1906,7.185464
2445,1906,4.028574
2446,1906,4.541787
2447,1906,3.047619
2448,1906,6.35
2449,1906,6.985033
2450,1906,29.083504
2395,1907,22.575953
2396,1907,7.734245
2397,1907,2.333788
2398,1907,1.204762
2399,1907,1.142857
2400,1907,0.194444
2401,1907,0.910351
2402,1907,9.565935
2403,1907,14.707981
2443,1907,15.67798
2444,1907,14.55758
2445,1907,10.126621
2446,1907,3.945454
2447,1907,2.57143
2395,1908,18.601475
2396,1908,5.581074
2397,1908,1.833788
2398,1908,1.104762
2399,1908,3.142857
2400,1908,0.083333
2401,1908,1.19812
2402,1908,4.805278
2403,1908,21.426147
2447,1908,9.631821
2448,1908,7.530702
2449,1908,3.933333
2450,1908,7.999997
2451,1908,13.333316
2395,1909,22.632698
2396,1909,5.732375
2397,1909,2.025455
2398,1909,0.893651
2399,1909,1.342857
2400,1909,0.083333
2401,1909,0.974815
2402,1909,4.372079
2403,1909,21.56789
2425,1909,1.880797
2426,1909,1.333333
2427,1909,0.142857
2428,1909,0.666667
2429,1909,0.714286
2430,1909,2.57143
2446,1909,17.64172
2448,1909,27.861355
2449,1909,9.837614
2450,1909,20.3249
2451,1909,22.052353
2395,1910,24.117342
2396,1910,6.189665
2397,1910,0.738611
2398,1910,0.433333
2399,1910,0.071429
2401,1910,1.092857
2402,1910,10.772018
2403,1910,18.425673
2427,1910,0.142857
2428,1910,0.545455
2450,1910,23.927572
2395,1911,23.358402
2396,1911,3.201455
2397,1911,0.683056
2398,1911,0.126984
2399,1911,0.471429
2401,1911,0.222222
2402,1911,2.746495
2403,1911,12.191393
2395,1912,10.481292
2396,1912,3.067769
2397,1912,0.679205
2401,1912,0.166667
2402,1912,1.109376
2403,1912,7.108074
2394,1913,28.424074
2395,1913,9.930479
2396,1913,2.967769
2397,1913,0.232955
2402,1913,2.035643
2403,1913,5.15916
2394,1914,22.532803
2395,1914,8.09719
2396,1914,2.093024
2403,1914,10.726328
2394,1915,19.596882
2404,1915,4.936225
2412,1917,20.909637
2413,1917,20.909637
2408,1928,7.520832
2409,1928,23.017164
2410,1928,28.858139
2408,1929,7.520832
2408,1930,8.833332
2409,1930,18.640825
2410,1930,23.389187
2415,1930,13.199967
2408,1931,5.5
2409,1931,26.770844
2410,1931,20.909637
2409,1932,6.1875
2410,1932,20.909637
2410,1933,7.709671
2419,1944,7.709671
2423,1945,13.199967
2417,1946,6.1875
2423,1946,13.199967
2417,1947,6.1875
2423,1947,9.119993
2424,1947,13.199967
2425,1947,13.199967
2426,1947,13.199967
2423,1948,4.000002
2432,1779,10.980655
2433,1779,7.982461
2432,1780,2.624999
2432,1781,2.624999
2432,1782,2.624999
2431,1783,15.046952
2432,1783,4.709673
2431,1784,7.489823
2446,1784,22.576981
2431,1785,5.272231
2407,1786,27.834482
2430,1786,9.005564
2431,1786,3.462093
2404,1787,17.300718
2405,1787,26.870731
2406,1787,8.867432
2408,1787,27.583332
2430,1787,11.442408
2404,1788,5.894501
2405,1788,5.322662
2430,1788,0.602259
2445,1789,0.346405
2405,1791,29.034391
2406,1791,16.117659
2413,1791,0.118182
2405,1792,29.034391
2406,1792,13.0
2407,1792,13.799992
2404,1793,16.19751
2405,1793,13.316964
2406,1793,26.571407
2407,1793,7.714283
2405,1794,16.117659
2406,1794,7.4375
2411,1794,0.965944
2429,1794,6.206135
2410,1795,0.9652
2411,1795,0.958162
2411,1796,0.565993
