2068,2126,11.284225
2081,2128,14.010001
2082,2128,11.808146
2082,2129,28.410776
2031,2141,2.333865
2032,2141,1.322366
2033,2141,0.992039
2031,2142,12.222647
2032,2142,10.669131
2033,2142,7.688535
2046,2142,2.344214
2047,2142,1.596514
2032,2143,2.033459
2033,2143,9.911014
2047,2143,27.437481
2033,2144,5.914238
2034,2144,10.613339
2035,2144,6.71911
2032,2145,13.418383
2033,2145,21.39913
2034,2145,5.148943
2035,2145,5.231897
2036,2145,1.946887
2033,2146,15.431898
2034,2146,2.517607
2035,2146,5.449422
2036,2146,3.299621
2037,2146,12.454426
2104,2148,14.667616
2043,2149,8.146044
2043,2150,13.110082
2134,2150,1.466167
2135,2150,3.006366
2136,2150,0.802999
2137,2150,0.760013
2139,2150,4.319246
2140,2150,3.925674
2141,2150,6.286791
2142,2150,3.591678
2143,2150,3.203088
2152,2150,7.08339
2153,2150,28.406786
2157,2150,15.723499
2043,2151,0.127119
2044,2151,19.874847
2099,2151,13.799015
2134,2151,5.777521
2135,2151,4.424033
2136,2151,0.387792
2137,2151,0.154058
2138,2151,0.239644
2139,2151,13.46192
2140,2151,4.880125
2141,2151,29.051754
2142,2151,3.39397
2143,2151,4.943005
2144,2151,20.700319
2151,2151,1.791227
2153,2151,5.014767
2154,2151,23.434999
2044,2152,2.293936
2134,2152,20.290234
2135,2152,6.853353
2136,2152,8.924643
2138,2152,23.421211
2139,2152,0.337896
2140,2152,13.616156
2141,2152,2.471105
2146,2152,1.487898
2148,2152,3.988441
2149,2152,3.679909
2150,2152,6.775103
2158,2152,3.582018
2153,2153,1.956371
2155,2153,5.321617
2156,2153,19.368904
2157,2153,10.568231
2043,2154,8.697471
2044,2154,1.784357
2155,2154,1.11246
2091,2172,25.068752
2092,2172,24.533245
2094,2172,23.317932
2090,2173,1.459375
2091,2173,14.281301
2092,2173,1.020671
2174,2179,0.442623
2175,2179,0.909091
2176,2179,0.923078
2177,2179,0.923078
2178,2179,1.107832
2129,2180,7.379601
2174,2180,0.923078
2175,2180,0.54
2176,2180,0.375
2177,2180,0.541686
2178,2180,0.541296
2129,2181,15.691726
2130,2181,27.519381
2174,2181,0.683545
2175,2181,0.54
2176,2181,0.407407
2177,2181,0.911642
2178,2181,1.19237
2179,2181,18.238609
2181,2181,27.260214
2042,2182,19.602793
2129,2182,19.864094
2174,2182,0.923078
2175,2182,0.541686
2176,2182,0.377551
2177,2182,0.986101
2178,2182,1.865146
2179,2182,0.653453
2180,2182,2.322286
2181,2182,5.685793
2129,2183,7.135677
2172,2183,0.683545
2173,2183,0.923078
2174,2183,0.446016
2175,2183,0.683545
2178,2183,0.945022
2179,2183,0.039624
2180,2183,2.879096
2181,2183,8.565674
2182,2183,1.003309
2172,2184,0.541686
2173,2184,0.543393
2178,2184,0.989158
2172,2185,0.683545
2177,2185,0.807532
2172,2186,0.923078
2173,2186,0.442623
2174,2186,0.859155
2175,2186,0.923078
2176,2186,1.966556
2177,2186,0.950064
2172,2187,0.50296
2173,2187,1.977075
2174,2187,0.538007
2175,2187,0.52849
2176,2187,0.787393
2177,2187,0.862548
2178,2187,1.724264
2179,2187,3.486548
2171,2188,4.740576
2132,2189,25.003719
2130,2190,29.636053
2145,2191,20.977728
2154,2191,22.959606
2129,2192,29.732761
2136,2192,26.226583
2170,2192,1.518898
2171,2192,0.759079
2171,2193,3.391281
2174,2193,0.231405
2128,2194,27.800175
2129,2194,4.051811
2146,2194,17.817478
2171,2194,0.31319
2172,2194,0.923077
2174,2194,1.535778
2175,2194,0.527069
2176,2194,0.669926
2104,2195,5.680154
2128,2195,4.566167
2129,2195,6.724909
2143,2195,13.235218
2145,2195,9.40439
2146,2195,27.770491
2021,2196,2.458218
2035,2196,9.950023
2038,2196,2.516838
2042,2196,19.515026
2102,2196,24.827833
2103,2196,5.040853
2104,2196,7.512841
2105,2196,26.401014
2143,2196,13.674356
2146,2196,17.841345
2021,2197,2.959835
2035,2197,1.281388
2038,2197,2.895283
2103,2197,8.00299
2117,2197,16.211563
2128,2197,21.005949
2129,2197,5.165375
2130,2197,11.384472
2133,2197,4.11428
2134,2197,4.514933
2135,2197,2.582144
2143,2197,3.462818
2147,2197,6.203057
2148,2197,4.620938
2149,2197,1.010409
2035,2198,2.19118
2123,2198,2.440782
2128,2198,8.766276
2129,2198,5.491067
2130,2198,6.570335
2133,2198,3.634524
2134,2198,4.554675
2135,2198,8.45927
2143,2198,0.923078
2145,2198,8.524294
2146,2198,19.535501
2147,2198,14.464319
2148,2198,11.518659
2149,2198,3.663615
2150,2198,2.218064
2152,2198,1.217409
2171,2198,4.918755
2035,2199,1.76802
2117,2199,6.450793
2128,2199,0.146959
2129,2199,2.634803
2130,2199,3.387748
2133,2199,0.839286
2134,2199,0.794537
2135,2199,0.782408
2136,2199,19.401321
2144,2199,6.392829
2145,2199,11.431779
2146,2199,13.114866
2147,2199,11.220124
2148,2199,5.805928
2149,2199,4.771826
2150,2199,3.946602
2151,2199,6.350811
2154,2199,1.539324
2155,2199,16.342821
2156,2199,24.990362
2035,2200,24.505487
2038,2200,7.501511
2106,2200,11.19533
2123,2200,3.122647
2128,2200,0.04824
2129,2200,0.844156
2130,2200,1.595535
2133,2200,1.373377
2134,2200,0.676254
2135,2200,1.25
2144,2200,0.909091
2145,2200,0.407407
2146,2200,2.25078
2147,2200,1.155525
2148,2200,1.544315
2149,2200,3.098645
2150,2200,1.366826
2153,2200,4.147509
2154,2200,1.578573
2155,2200,4.839164
2156,2200,20.838745
2157,2200,4.030756
2035,2201,4.361774
2036,2201,16.692898
2038,2201,21.526712
2123,2201,2.163126
2128,2201,0.036445
2129,2201,0.255424
2130,2201,1.109069
2133,2201,0.748836
2134,2201,0.664032
2135,2201,0.2
2144,2201,0.728959
2145,2201,0.274414
2146,2201,1.42988
2147,2201,1.361861
2148,2201,4.060481
2149,2201,2.103031
2150,2201,9.438643
2151,2201,8.488723
2034,2202,25.97121
2035,2202,4.240695
2036,2202,15.109061
2042,2202,2.897555
2043,2202,2.742694
2133,2202,0.641429
2134,2202,0.130435
2146,2202,3.333893
2147,2202,2.914727
2148,2202,3.683472
2149,2202,5.472727
2150,2202,7.233331
2151,2202,29.398773
2152,2202,7.668639
2042,2203,4.310559
2043,2203,8.50345
2044,2203,25.501612
2045,2203,4.215038
2046,2203,4.751825
2127,2203,2.193256
2128,2203,0.583644
2129,2203,0.627551
2130,2203,0.158643
2133,2203,0.096782
2134,2203,0.003448
2135,2203,0.003448
2146,2203,8.80204
2147,2203,5.746377
2148,2203,7.638293
2149,2203,2.295366
2150,2203,3.500616
2151,2203,4.106854
2152,2203,16.205292
2153,2203,1.397187
2040,2204,2.66871
2041,2204,1.452449
2042,2204,2.911712
2043,2204,1.617854
2044,2204,17.855101
2045,2204,3.812461
2046,2204,21.346827
2127,2204,0.033954
2128,2204,0.041807
2146,2204,5.22813
2147,2204,11.800241
2148,2204,5.907022
2149,2204,0.463086
2150,2204,1.154546
2151,2204,2.59689
2152,2204,20.835352
2153,2204,6.630468
2040,2205,17.388222
2041,2205,2.439415
2042,2205,3.864819
2043,2205,10.744919
2044,2205,2.150006
2045,2205,2.108011
2102,2205,11.362415
2106,2205,10.047632
2112,2205,16.711317
2113,2205,23.636969
2117,2205,18.477209
2121,2205,3.518082
2126,2205,0.033954
2127,2205,0.027479
2128,2205,0.179762
2146,2205,3.077915
2147,2205,2.114699
2148,2205,0.826657
2149,2205,0.625
2150,2205,0.6
2151,2205,1.157895
2152,2205,3.996029
2153,2205,5.755683
2041,2206,1.538551
2042,2206,0.469925
2102,2206,10.896882
2105,2206,16.370552
2106,2206,20.506998
2107,2206,17.124662
2112,2206,5.285773
2113,2206,5.451974
2114,2206,3.152659
2115,2206,2.436671
2116,2206,3.58712
2117,2206,4.753442
2118,2206,5.805095
2119,2206,5.10943
2120,2206,2.162791
2127,2206,0.763863
2146,2206,5.41125
2147,2206,3.303643
2148,2206,0.6
2151,2206,0.581498
2152,2206,2.959554
2153,2206,1.890547
2106,2207,6.619953
2107,2207,7.571934
2118,2207,4.735986
2119,2207,2.162791
2127,2207,0.14172
2146,2207,4.909396
2147,2207,1.651703
2148,2207,0.003881
2149,2207,0.003881
2150,2207,0.003881
2151,2207,0.586221
2152,2207,1.943444
2153,2207,1.812758
2155,2207,2.859247
2105,2208,15.374027
2106,2208,2.876165
2107,2208,5.905738
2127,2208,0.376786
2131,2208,6.6094
2132,2208,4.492622
2133,2208,1.027832
2134,2208,1.164475
2135,2208,1.245454
2136,2208,1.119714
2155,2208,2.789743
2175,2208,21.227127
2105,2209,5.10713
2106,2209,4.016911
2107,2209,7.378324
2127,2209,0.262933
2131,2209,8.618855
2132,2209,0.438862
2133,2209,0.347953
2134,2209,0.371291
2135,2209,0.855906
2136,2209,0.555907
2137,2209,1.272533
2155,2209,1.534482
2175,2209,17.654005
2041,2210,27.487171
2046,2210,3.750176
2086,2210,19.953516
2105,2210,3.05857
2106,2210,4.986112
2107,2210,7.260695
2127,2210,0.312389
2132,2210,5.132451
2133,2210,1.66612
2134,2210,2.222379
2135,2210,1.989396
2136,2210,2.234144
2137,2210,17.712601
2138,2210,0.318741
2139,2210,0.778008
2140,2210,0.623643
2141,2210,1.043784
2146,2210,4.967611
2147,2210,2.142949
2148,2210,1.866666
2149,2210,1.93617
2150,2210,1.93617
2151,2210,2.515117
2152,2210,2.471982
2153,2210,2.880652
2155,2210,1.534482
2105,2211,0.196183
2111,2211,19.958775
2127,2211,0.206318
2130,2211,10.16213
2131,2211,5.555158
2132,2211,0.409396
2133,2211,0.611077
2134,2211,0.611077
2135,2211,0.611077
2136,2211,0.611077
2137,2211,0.995233
2138,2211,20.963593
2140,2211,12.411474
2146,2211,4.905048
2147,2211,0.141732
2153,2211,1.93617
2155,2211,1.93617
2047,2212,22.243677
2048,2212,9.950624
2105,2212,0.085586
2113,2212,2.296746
2114,2212,3.496019
2115,2212,3.447984
2116,2212,3.526342
2117,2212,0.070234
2127,2212,0.121212
2130,2212,6.268458
2133,2212,0.625891
2134,2212,0.625891
2135,2212,0.67451
2136,2212,2.399949
2137,2212,2.399949
2138,2212,7.233438
2140,2212,21.663361
2154,2212,15.714441
2155,2212,15.714441
2156,2212,22.232523
2027,2213,4.530491
2031,2213,18.727682
2040,2213,26.287325
2041,2213,26.867935
2045,2213,17.732166
2061,2213,2.760479
2105,2213,0.458015
2106,2213,0.458015
2154,2213,19.66691
2155,2213,19.66691
2024,2214,11.865685
2172,2214,23.33952
2037,2215,3.786037
2084,2215,7.793271
2173,2215,22.544167
2046,2217,0.677312
2037,2218,6.40274
2046,2218,1.221335
2047,2218,2.129284
2048,2218,1.253783
2082,2218,3.766446
2130,2218,3.447984
2131,2218,4.131045
2132,2218,7.824539
2133,2218,10.436124
2134,2218,7.043236
2135,2218,6.701021
2136,2218,6.080525
2137,2218,1.370237
2172,2218,22.871054
2176,2218,26.960104
2034,2219,2.115284
2035,2219,1.951693
2036,2219,2.9299
2047,2219,3.180224
2048,2219,1.72713
2081,2219,3.560142
2082,2219,4.975124
2083,2219,4.980912
2130,2219,2.163126
2131,2219,1.932205
2132,2219,2.60922
2133,2219,0.446428
2134,2219,0.446428
2135,2219,0.446428
2136,2219,0.446428
2137,2219,0.446428
2171,2219,16.550186
2175,2219,0.441456
2179,2219,24.150518
2180,2219,23.202932
2047,2220,18.288393
2078,2220,4.080661
2081,2220,2.643881
2130,2220,2.621141
2132,2220,0.35503
2133,2220,0.35503
2134,2220,0.35503
2135,2220,0.35503
2136,2220,0.35503
2137,2220,0.35503
2171,2220,0.923077
2172,2220,0.179856
2180,2220,28.398249
2181,2220,18.342644
2022,2221,5.022291
2047,2221,0.374
2048,2221,0.478317
2075,2221,2.499166
2076,2221,4.975124
2077,2221,6.260949
2081,2221,3.552359
2173,2221,1.84384
2174,2221,0.449789
2177,2221,17.27594
2179,2221,17.27594
2182,2221,0.923077
2046,2222,4.351835
2047,2222,4.353111
2076,2222,4.651571
2077,2222,5.154804
2078,2222,11.575722
2081,2222,3.837597
2170,2222,16.495964
2173,2222,0.179856
2174,2222,26.067904
2182,2222,0.231405
2096,2223,1.791948
2174,2223,22.544167
2181,2223,21.09358
2182,2223,0.179856
2075,2224,0.056872
2076,2224,0.060976
2176,2224,26.215973
2177,2224,17.27594
2179,2224,24.654364
2074,2225,0.402747
2075,2225,0.09322
2076,2225,0.090909
2077,2225,0.090909
2078,2225,0.060976
2082,2225,15.171944
2084,2225,3.610507
2085,2225,5.101744
2086,2225,6.106456
2172,2225,24.24423
2173,2225,22.232523
2175,2225,29.809153
2181,2225,17.27594
2075,2226,1.274463
2076,2226,0.269173
2077,2226,0.095238
2078,2226,0.056872
2083,2226,0.219114
2084,2226,1.161689
2087,2226,0.100255
2088,2226,0.162728
2171,2226,16.671398
2172,2226,0.232277
2173,2226,0.923077
2176,2226,13.00839
2177,2226,18.129919
2075,2227,0.571166
2076,2227,0.680639
2078,2227,0.056872
2082,2227,0.191376
2083,2227,0.09322
2084,2227,0.095238
2088,2227,0.533045
2171,2227,0.179856
2175,2227,0.525773
2075,2228,2.442094
2076,2228,0.197836
2088,2228,0.056872
2172,2228,0.304386
2174,2228,8.128665
2175,2228,1.534482
2051,2229,9.473024
2052,2229,1.879384
2053,2229,1.36879
2076,2229,0.056872
2083,2229,0.219592
2084,2229,0.255808
2085,2229,0.223345
2086,2229,0.134454
2087,2229,0.229692
2171,2229,0.923077
2172,2229,0.179856
2086,2230,0.12
2087,2230,0.152174
2104,2230,0.095238
2172,2230,0.525773
2178,2230,18.129919
2085,2231,0.313062
2086,2231,0.041667
2137,2231,0.00896
2171,2231,15.429977
2181,2231,3.539667
2087,2232,0.181818
2171,2232,13.200814
2173,2232,0.231405
2175,2232,7.378815
2177,2232,4.843013
2085,2233,3.25527
2086,2233,2.284967
2087,2233,0.166667
2173,2233,0.525773
2174,2233,2.417947
2175,2233,0.923077
2176,2233,0.525773
2177,2233,0.231405
2051,2234,13.762104
2052,2234,12.733635
2170,2234,0.231405
2171,2234,0.231405
2173,2234,0.231405
2177,2234,0.231405
2180,2234,2.131065
2056,2235,21.032438
2070,2235,0.38771
2075,2235,0.060976
2056,2236,20.304981
2057,2236,3.591843
2063,2236,0.060976
2068,2236,0.060976
2070,2236,0.113312
2071,2236,0.056872
2075,2236,0.219114
2077,2236,0.125683
2088,2236,0.128205
2170,2236,0.231405
2054,2237,5.6714
2055,2237,5.881839
2058,2237,7.234783
2062,2237,0.30501
2063,2237,3.698822
2064,2237,0.713675
2066,2237,0.3486
2067,2237,0.836238
2068,2237,0.839532
2069,2237,0.350462
2070,2237,0.34164
2071,2237,0.352757
2073,2237,0.352757
2074,2237,0.090909
2075,2237,0.090909
2076,2237,0.125683
2077,2237,0.090909
2078,2237,0.125683
2086,2237,0.244755
2087,2237,0.398776
2170,2237,0.525773
2171,2237,0.179856
2173,2237,0.231405
2174,2237,0.231405
2175,2237,0.231405
2176,2237,0.231405
2177,2237,0.231405
2178,2237,0.231405
2179,2237,0.231405
2059,2238,9.486568
2074,2238,0.060976
2171,2238,0.525773
2172,2238,0.340547
2173,2238,0.923077
2175,2238,1.534482
2060,2239,11.972389
2061,2239,0.191233
2062,2239,0.514679
2063,2239,0.478629
2064,2239,0.871009
2065,2239,0.839532
2066,2239,0.839532
2068,2239,0.607892
2069,2239,0.607892
2070,2239,0.607892
2154,2239,0.525773
2157,2239,10.82747
2172,2239,1.534482
2173,2239,0.231405
2176,2239,0.923077
2179,2239,1.86964
2061,2240,4.727883
2062,2240,0.95381
2154,2240,0.923077
2171,2240,1.93617
2172,2240,1.534482
2175,2240,0.923077
2177,2240,0.294303
2061,2241,0.633203
2063,2241,1.43183
2064,2241,0.717793
2065,2241,0.253888
2066,2241,0.125683
2075,2241,0.607892
2154,2241,0.923077
2171,2241,0.578947
2172,2241,1.866666
2173,2241,1.534482
2174,2241,0.231405
2061,2242,13.338449
2064,2242,1.206196
2157,2242,0.578947
2171,2242,1.93617
2059,2243,25.202477
2060,2243,27.853962
2155,2243,1.534482
2156,2243,1.93617
2157,2243,0.578947
2172,2243,1.93617
2175,2245,0.923077
2177,2245,0.231405
2058,2246,21.142614
2059,2246,20.947262
2060,2246,11.158204
2054,2247,24.970928
2058,2247,29.311493
2059,2247,6.656906
2060,2247,5.767082
2061,2247,5.5
2058,2248,24.743311
2059,2248,15.334246
2060,2248,0.266233
2062,2248,4.476742
2059,2249,23.862892
2171,2249,0.003881
2098,2250,0.180451
2109,2251,0.037037
2110,2251,0.037037
2111,2252,0.037037
2110,2253,0.128205
2111,2253,0.128205
2107,2254,0.284768
2106,2258,2.617951
2153,2258,0.301887
2104,2259,1.873945
2106,2259,2.4375
2158,2259,0.231405
2104,2260,2.102743
2106,2260,0.791667
2158,2260,0.179856
2104,2261,6.816209
2106,2261,0.111111
2103,2262,0.986353
2104,2262,4.885666
2106,2262,0.02381
2110,2262,0.104
2114,2262,0.02381
2106,2263,0.150794
2111,2263,0.104
2106,2264,0.150794
2111,2264,0.036232
2113,2264,0.104
2109,2265,0.036232
2111,2265,0.104
2112,2265,0.036232
2117,2266,0.150794
2099,2268,0.216683
2100,2268,0.111111
2108,2268,0.104
2127,2268,0.02381
2099,2269,0.332921
2100,2269,0.370654
2101,2269,0.272415
2103,2269,4.549574
2109,2269,0.104
2110,2269,0.036232
2111,2269,0.036232
2126,2269,0.104
2100,2270,0.428177
2101,2270,0.241006
2102,2270,0.791667
2103,2270,8.367931
2107,2270,0.036232
2129,2270,0.104
2100,2271,0.52259
2101,2271,1.48425
2102,2271,3.442192
2103,2271,3.248877
2108,2271,0.104
2109,2271,0.036232
2110,2271,0.104
2111,2271,0.150794
2155,2271,4.578945
2097,2272,0.21986
2098,2272,0.65502
2099,2272,0.216683
2100,2272,0.02381
2101,2272,1.218816
2102,2272,1.095911
2103,2272,4.533873
2110,2272,0.036232
2156,2272,1.534482
2098,2273,0.216683
2099,2273,0.331245
2100,2273,1.246622
2101,2273,2.017571
2102,2273,1.222538
2103,2273,0.831076
2157,2273,0.179856
2099,2274,0.321
2100,2274,1.041083
2101,2274,1.222538
2097,2275,0.309613
2098,2275,0.435562
2099,2275,0.331245
2100,2275,1.239269
2116,2276,1.269322
2117,2276,1.003975
2102,2277,3.457276
2156,2277,0.525773
2102,2278,4.022239
2114,2278,1.355769
2121,2278,0.078431
2156,2278,0.525773
2113,2279,1.328865
2115,2279,0.150794
2155,2279,1.93617
2156,2279,0.525773
2156,2280,0.231405
2156,2281,5.534761
2136,1965,24.8806
2137,1965,29.976622
2128,2282,0.174603
2129,2282,0.174603
2155,2282,2.991666
2156,2282,1.754246
2155,2283,6.261491
2156,2283,3.865391
2136,1966,3.999999
2137,1966,14.999982
2101,2284,4.022239
2102,2284,3.21231
2129,2284,0.02381
2130,2284,0.02381
2131,2284,0.02381
2132,2284,0.02381
2155,2284,3.068963
2156,2284,0.231405
2136,1967,6.699998
2137,1967,7.333324
2104,2285,1.809592
2125,2285,2.359823
2126,2285,5.216319
2127,2285,3.856768
2128,2285,0.033308
2129,2285,0.078431
2130,2285,0.230769
2131,2285,0.76987
2132,2285,0.078431
2155,2285,22.127747
2156,2285,0.386957
2124,2286,9.652268
2128,2286,7.523038
2131,2286,4.701087
2133,2286,1.670947
2144,2286,0.301887
2154,2286,3.032738
2155,2286,4.112112
2156,2286,5.487363
2146,2287,1.747576
2153,2287,0.909091
2154,2287,9.349998
2155,2287,11.803628
2156,2287,5.283383
2144,2288,0.616822
2147,2288,0.148421
2152,2288,0.25
2153,2288,4.272727
2154,2288,9.349998
2155,2288,6.085581
2156,2288,5.283383
2133,1970,16.0
2131,2289,4.509577
2148,2289,0.027397
2149,2289,0.360731
2151,2289,0.034483
2152,2289,0.125
2153,2289,0.454545
2154,2289,7.483332
2155,2289,1.689889
2156,2289,5.112331
2133,1971,28.142879
2118,2290,1.97681
2119,2290,0.38576
2120,2290,0.227099
2121,2290,0.317857
2131,2290,3.953422
2132,2290,1.632186
2149,2290,0.438886
2150,2290,0.199074
2151,2290,0.202725
2152,2290,0.391667
2153,2290,1.769697
2154,2290,1.866666
2155,2290,0.525773
2115,2291,3.560737
2118,2291,11.913803
2119,2291,0.380675
2131,2291,4.489137
2132,2291,3.264373
2133,2291,8.263889
2134,2291,0.140845
2140,2291,0.027397
2142,2291,0.231817
2143,2291,0.353156
2145,2291,4.510777
2146,2291,0.272282
2147,2291,0.264706
2148,2291,1.551582
2149,2291,3.528183
2151,2291,1.857597
2152,2291,0.514079
2153,2291,2.049128
2154,2291,2.09592
2155,2291,0.525773
2133,1972,13.000006
2115,2292,14.150887
2119,2292,2.573251
2120,2292,1.265845
2121,2292,0.791667
2131,2292,2.955448
2132,2292,0.85437
2133,2292,5.915433
2134,2292,5.651552
2135,2292,0.140845
2136,2292,0.034483
2139,2292,0.03125
2141,2292,0.021622
2142,2292,0.296005
2143,2292,1.462855
2145,2292,10.159462
2146,2292,0.152174
2118,2293,23.600033
2119,2293,6.462575
2120,2293,1.377011
2121,2293,1.91871
2134,2293,0.772727
2135,2293,2.132185
2136,2293,9.264541
2138,2293,0.535845
2139,2293,0.399884
2140,2293,0.999567
2141,2293,1.647811
2145,2293,2.807002
2075,2294,1.183086
2118,2294,23.196852
2119,2294,17.688986
2120,2294,9.933551
2121,2294,3.619014
2137,2294,0.030201
2138,2294,2.187421
2139,2294,1.420824
2140,2294,8.823791
2141,2294,2.204091
2142,2294,10.778728
2143,2294,10.778728
2145,2294,2.75617
2180,2294,1.585714
2145,2295,2.05794
2146,2295,1.632186
2150,2295,1.773031
2151,2295,0.152174
2152,2295,0.849999
2180,2295,3.327866
2135,1976,1.4
2136,1976,2.128572
2137,1976,5.571428
2131,2296,1.880633
2132,2296,0.030201
2144,2296,3.515267
2145,2296,1.776102
2146,2296,0.849999
2148,2296,0.021622
2149,2296,1.488901
2150,2296,2.289972
2151,2296,1.814581
2152,2296,2.517806
2155,2296,0.263889
2179,2296,0.831169
2134,1977,14.244443
2135,1977,3.066667
2136,1977,7.9
2137,1977,24.500015
2132,2297,1.545454
2133,2297,1.632186
2144,2297,20.025499
2145,2297,3.486218
2146,2297,0.153191
2148,2297,0.002551
2155,2297,2.85991
2134,1978,5.327944
2135,1978,1.6
2136,1978,10.699999
2132,2298,4.785944
2133,2298,1.741288
2144,2298,5.603449
2145,2298,3.494815
2146,2298,0.434399
2155,2298,0.849999
2144,2299,2.982875
2145,2299,3.518072
2146,2299,0.140845
2134,1979,8.021146
2135,1979,3.252632
2136,1979,5.900001
2137,1979,11.66667
2144,2300,2.292474
2145,2300,2.523852
2146,2300,0.152174
2133,1980,2.832966
2134,1980,8.936734
2135,1980,5.675469
2136,1980,3.6
2137,1980,10.166671
2138,1980,20.318167
2125,2301,22.829086
2142,2301,0.85437
2143,2301,0.861945
2144,2301,1.623893
2145,2301,1.350833
2146,2301,0.334167
2147,2301,0.140845
2157,2301,0.329923
2052,1981,8.275785
2132,1981,29.995571
2134,1981,26.017908
2135,1981,8.825225
2136,1981,3.328572
2137,1981,10.166671
2138,1981,20.878769
2144,2302,1.351832
2145,2302,7.299614
2146,2302,9.108549
2147,2302,8.009266
2148,2302,0.140845
2152,2302,0.027397
2153,2302,0.038345
2154,2302,0.456211
2155,2302,0.263889
2157,2302,0.329923
2034,1982,1.636364
2035,1982,0.111111
2135,1982,20.566483
2136,1982,6.965627
2137,1982,6.699998
2138,1982,21.439369
2124,2303,21.038103
2147,2303,17.241642
2148,2303,24.947178
2149,2303,21.678608
2151,2303,9.889472
2152,2303,1.632186
2157,2303,3.047704
2032,1983,4.303027
2033,1983,4.130435
2034,1983,1.142857
2035,1983,0.333333
2134,1983,0.531746
2135,1983,1.0
2136,1983,1.857143
2137,1983,24.47142
2138,1983,14.666648
2124,2304,11.205984
2145,2304,1.632186
2146,2304,1.774178
2152,2304,25.905767
2153,2304,0.85437
2156,2304,0.099174
2153,2305,1.758332
2155,2305,1.227724
2156,2305,1.227724
2157,2305,1.359419
2033,1984,7.169996
2034,1984,0.858871
2035,1984,0.2
2129,1984,15.142875
2132,1984,0.476191
2133,1984,1.07619
2134,1984,1.125
2135,1984,0.558333
2136,1984,2.0
2137,1984,13.604752
2138,1984,14.100018
2033,1985,7.104794
2034,1985,2.120235
2035,1985,0.533333
2129,1985,13.000006
2132,1985,0.933333
2133,1985,1.820652
2134,1985,0.810909
2135,1985,1.542857
2136,1985,2.125
2138,1985,14.100018
2068,2307,16.005371
2153,2307,1.747576
2155,2307,1.731655
2156,2307,1.184293
2033,1986,8.694355
2034,1986,1.933871
2128,1986,14.695658
2130,1986,1.551724
2131,1986,1.551724
2132,1986,1.695652
2133,1986,2.586956
2134,1986,1.721212
2135,1986,3.294624
2136,1986,1.845
2153,2308,0.285511
2155,2308,1.690426
2156,2308,2.292033
2033,1987,9.328699
2134,1987,2.951723
2135,1987,3.095651
2136,1987,12.728854
2137,1987,19.409674
2152,2309,4.426136
2155,2309,0.352043
2156,2309,0.329923
2154,2310,0.0625
2155,2310,0.088154
2156,2310,0.329923
2155,2311,0.088154
2156,2311,0.659847
2171,2311,0.066304
2151,2312,1.247887
2152,2312,0.705462
2153,2312,2.835892
2155,2312,0.035714
2156,2312,0.694812
2171,2312,5.651318
2172,2312,0.034965
2111,2313,1.117647
2152,2313,19.109907
2153,2313,18.65682
2154,2313,14.239305
2155,2313,1.707291
2156,2313,0.816442
2170,2313,1.374334
2171,2313,2.226456
2172,2313,14.325221
2173,2313,0.351566
2155,2314,9.76239
2156,2314,7.110168
2171,2314,15.78487
2173,2314,27.575499
2174,2314,4.470507
2175,2314,2.192623
2176,2314,2.467633
2177,2314,1.602272
2150,2315,3.353426
2152,2315,4.256881
2153,2315,3.967781
2154,2315,3.667836
2155,2315,3.709757
2156,2315,0.452274
2177,2315,0.366861
2178,2315,3.011297
2179,2315,0.204552
2072,2316,4.735707
2152,2316,1.39207
2153,2316,0.453158
2154,2316,1.369045
2155,2316,1.639312
2179,2316,0.390278
2180,2316,0.43962
2155,2317,0.514736
2132,2011,4.126488
2129,2012,4.254192
2130,2012,2.333162
2131,2012,4.254192
2132,2012,4.254192
2133,2012,4.254192
2130,2013,0.070446
2131,2013,0.070446
2132,2013,0.046379
2133,2013,0.046379
2134,2013,0.070446
2135,2013,2.719894
2131,2014,1.854151
2132,2014,1.854151
2133,2014,0.669866
2134,2014,6.993357
2136,2014,13.432734
2091,2019,0.397251
2092,2019,0.136114
2093,2019,0.04
2094,2019,0.047619
2100,2019,0.043478
2101,2019,9.338158
2102,2019,24.759552
2091,2020,0.466505
2092,2020,0.325583
2093,2020,0.197767
2094,2020,0.140759
2095,2020,0.572872
2096,2020,0.638393
2097,2020,14.460346
2098,2020,14.960346
2099,2020,14.902883
2100,2020,0.402883
2101,2020,0.096148
2091,2021,0.675079
2092,2021,0.556598
2093,2021,0.242334
2094,2021,0.849125
2095,2021,6.034713
2096,2021,3.215214
2097,2021,3.420943
2098,2021,2.760739
2099,2021,3.70177
2100,2021,3.679547
2101,2021,2.493083
2102,2021,5.862077
2147,2021,15.394142
2148,2021,3.906163
2149,2021,4.490507
2150,2021,0.63366
2151,2021,0.63366
2152,2021,0.25
2153,2021,1.238322
2091,2022,1.477997
2092,2022,2.268071
2093,2022,4.199498
2096,2022,26.04908
2099,2022,26.452971
2101,2022,22.860077
2102,2022,9.011966
2147,2022,24.69779
2148,2022,4.507971
2149,2022,4.257509
2150,2022,15.880796
2151,2022,15.333333
2152,2022,1.313657
2153,2022,3.013359
2154,2022,8.970919
2091,2023,6.029577
2092,2023,2.25827
2146,2023,24.867191
2147,2023,23.951616
2148,2023,6.317496
2150,2023,6.737659
2151,2023,8.294617
2152,2023,16.686956
2153,2023,10.090742
2154,2023,11.255701
2149,2024,29.750025
2155,2024,10.121569
2105,2025,22.570967
2146,2025,27.204351
2099,2038,0.727815
2090,2039,2.321379
2120,2040,1.119493
2099,2041,2.123248
2096,2042,0.387387
2134,2049,5.430164
2135,2049,4.546724
2136,2049,1.936084
2137,2049,1.041474
2139,2049,1.245453
2135,2050,13.012409
2136,2050,1.767184
2137,2050,2.069588
2138,2050,1.174998
2139,2050,1.05001
2140,2050,0.370993
2135,2051,26.183062
2136,2051,3.969949
2137,2051,0.360285
2138,2051,1.002905
2139,2051,0.310996
2140,2051,0.317427
2141,2051,0.155506
2143,2051,0.046154
2136,2052,6.571665
2137,2052,0.314056
2138,2052,0.718243
2139,2052,0.780541
2140,2052,0.765512
2141,2052,0.268293
2142,2052,0.760096
2143,2052,1.293477
2135,2053,25.273352
2136,2053,1.939706
2137,2053,0.921998
2138,2053,1.248903
2139,2053,0.533467
2140,2053,0.321269
2141,2053,0.481137
2142,2053,0.115262
2134,2054,14.188518
2135,2054,5.930209
2136,2054,7.462234
2137,2054,4.785295
2138,2054,12.862403
2139,2054,2.189677
2140,2054,0.979318
2141,2054,2.325169
2142,2054,1.430441
2143,2054,0.159533
2139,2055,6.555886
2140,2055,5.301715
2141,2055,3.997958
2142,2055,2.324045
2143,2055,4.486667
2140,2056,16.075895
2141,2056,6.303302
2143,2056,2.832011
2158,2057,27.44569
2158,2058,6.734266
2157,2060,21.146122
2156,2061,16.745333
2157,2061,9.482598
2056,2080,1.705175
2058,2085,4.082724
2100,2091,29.732269
2103,2094,5.487813
2104,2096,25.450653
2110,2097,11.304954
2111,2098,17.641422
2105,2099,23.406528
2106,2099,6.287542
2107,2099,3.648856
2108,2099,27.101494
2097,2100,0.830771
2094,2101,22.608049
2095,2101,13.844126
2097,2101,10.594486
2095,2102,8.617762
2096,2102,8.068895
2109,2102,22.754778
2104,2108,23.338362
2074,2120,26.811949
2077,2121,14.376632
2078,2121,11.352592
2081,2121,1.091331
