560,848,2.094619
561,848,1.925125
561,851,5.768728
545,896,23.971386
549,910,3.549728
550,914,11.725956
556,914,27.787067
510,916,2.44196
511,916,7.616278
512,916,3.937956
509,917,5.675143
510,917,7.467687
511,917,4.328898
508,918,17.349817
509,918,14.531271
507,919,1.680426
554,928,22.375221
554,929,18.095327
555,929,15.768864
555,930,4.528561
556,930,1.534184
558,930,5.053495
559,930,6.316415
560,930,4.782644
561,930,20.463943
563,930,2.937238
564,930,2.964354
553,931,18.063976
554,931,2.677863
558,931,1.15567
560,931,0.861336
561,931,0.603643
562,931,1.418075
563,931,2.976722
564,931,1.564504
553,932,14.300796
554,932,0.955448
563,932,2.475839
551,933,22.97592
552,933,5.33031
553,933,16.531422
595,935,1.831765
519,943,2.508215
519,944,2.051386
517,945,26.385773
518,945,11.502523
517,946,4.776634
518,946,1.375987
516,947,28.564499
517,947,1.910938
518,948,27.142622
554,955,18.666901
557,955,4.447091
553,956,23.198538
554,956,15.790564
555,956,16.301039
556,956,8.208715
557,956,14.816054
558,956,6.266675
559,956,6.111777
552,957,8.230106
554,957,1.097468
555,957,1.299658
556,957,8.340369
557,957,4.488741
558,957,4.016389
550,958,23.8473
551,958,3.16955
552,958,3.440945
553,958,1.774625
554,958,1.671373
555,958,1.923715
556,958,1.486037
557,958,2.152802
558,958,2.374893
559,958,10.039495
561,958,28.10391
563,958,14.291137
564,958,25.311865
565,958,20.767925
549,959,14.422295
550,959,15.591784
551,959,5.842497
552,959,2.579732
554,959,2.657367
555,959,2.699391
556,959,3.47976
564,959,15.226758
565,959,22.428547
551,960,10.859688
565,960,25.452944
523,982,14.973987
557,991,24.542019
558,991,16.388819
568,993,10.817675
547,994,5.546045
548,994,2.55662
547,995,2.949088
548,995,6.725904
547,996,3.344923
548,996,7.5576
548,997,16.466406
547,998,26.226339
549,998,3.029046
548,999,22.155521
548,1000,18.33231
548,1001,12.750311
568,1001,0.844761
569,1001,1.701806
570,1001,19.395426
548,1003,23.564482
549,1003,9.247666
550,1003,2.741855
548,1004,26.885674
549,1004,6.51196
549,1005,14.694341
498,1006,3.838379
548,1006,23.264555
549,1006,12.602457
550,1006,2.341693
568,1006,2.021683
569,1006,2.349012
497,1007,13.822397
498,1007,3.838379
548,1007,12.869231
549,1007,12.81722
569,1007,2.524399
497,1008,6.576061
498,1008,2.900058
548,1008,15.737305
549,1008,7.412453
568,1008,1.501327
569,1008,1.477862
497,1009,1.451344
498,1009,2.917079
548,1009,18.381081
549,1009,3.068402
568,1009,1.940879
497,1010,7.173231
498,1010,3.03449
522,1010,6.208771
548,1010,20.953096
549,1010,3.362916
497,1011,1.867759
498,1011,24.515379
518,1011,25.3325
520,1011,1.510427
521,1011,22.570793
522,1011,3.817693
548,1011,21.485687
549,1011,4.044579
521,1012,11.882257
522,1012,3.60661
548,1012,13.553411
549,1012,3.97095
555,1012,3.635424
556,1012,3.332866
560,1012,4.659111
562,1012,4.429659
519,1013,7.487653
520,1013,18.681433
521,1013,0.883744
522,1013,4.523122
548,1013,12.523284
549,1013,2.967822
550,1013,1.317201
555,1013,3.078969
556,1013,20.169952
560,1013,23.629433
518,1014,7.563287
519,1014,5.799591
520,1014,3.939375
521,1014,0.649647
522,1014,1.529352
523,1014,3.407121
548,1014,17.062592
549,1014,3.270448
550,1014,6.818545
555,1014,10.644276
519,1015,7.241704
520,1015,2.721082
521,1015,1.357228
522,1015,1.47633
547,1015,9.620048
548,1015,29.518082
519,1016,3.399148
521,1016,0.262746
522,1016,0.976392
547,1016,10.20264
549,1016,10.387367
550,1016,10.921621
550,1017,12.958244
541,1021,7.986807
542,1022,21.277472
542,1023,6.438221
542,1024,6.232859
542,1025,5.206597
542,1026,5.405166
542,1027,2.702046
542,1028,2.628422
540,1029,13.915367
542,1029,1.318685
540,1030,7.46685
542,1030,6.669592
542,1031,8.148905
542,1032,12.866669
554,1032,19.117455
558,1032,2.977529
559,1032,1.400968
560,1032,11.006286
561,1032,8.552509
562,1032,12.109279
565,1032,14.297701
566,1032,21.721865
542,1033,17.839184
546,1033,4.37011
548,1033,1.855788
549,1033,1.16812
550,1033,1.406512
551,1033,2.131312
552,1033,1.291182
553,1033,1.699803
554,1033,1.774148
555,1033,0.862961
556,1033,0.316128
557,1033,0.500332
558,1033,5.765161
559,1033,6.826998
560,1033,9.906747
561,1033,6.180973
562,1033,10.950857
563,1033,16.587814
564,1033,19.339085
565,1033,26.427511
542,1034,17.684908
543,1034,4.643565
547,1034,13.369137
548,1034,5.739996
549,1034,4.46875
550,1034,5.757421
551,1034,16.518005
552,1034,11.174376
553,1034,8.589189
554,1034,11.186537
555,1034,14.016661
556,1034,0.489114
558,1034,4.746926
559,1034,6.486923
560,1034,6.180973
562,1034,12.544938
564,1034,26.427511
542,1035,18.100609
547,1035,18.150101
550,1035,14.474113
551,1035,12.925502
552,1035,15.031919
554,1035,8.197169
555,1035,7.957579
558,1035,3.121415
559,1035,2.571756
560,1035,11.041906
562,1035,24.495968
563,1035,22.387741
560,1037,4.008228
564,1037,0.219733
560,1038,1.090346
561,1038,0.492242
562,1038,0.206751
563,1038,0.215558
518,1040,3.678863
555,1040,17.210829
556,1040,7.791685
516,1041,15.388818
517,1041,7.980298
518,1041,0.920482
519,1041,1.802591
520,1041,2.424909
543,1041,12.411605
545,1041,17.837612
546,1041,16.594067
547,1041,14.411289
548,1041,22.172215
585,1049,7.243199
497,1050,14.127281
515,1050,16.120745
516,1050,15.153156
584,1050,7.432671
585,1050,15.963533
518,1051,1.636711
519,1051,1.235843
520,1051,1.549525
585,1051,6.102304
519,1052,1.523542
552,1060,16.590155
521,1062,28.904465
516,1063,4.489444
517,1063,2.92997
519,1063,23.030624
566,1071,8.073394
578,1082,12.54998
551,1087,0.860672
552,1087,1.742689
551,1088,0.860672
552,1088,2.034356
564,1088,1.591548
565,1088,1.591548
566,1088,1.591548
567,1088,1.591548
568,1088,1.591548
551,1089,1.363666
552,1089,0.951111
569,1089,0.641791
574,1089,0.641791
551,1090,1.394769
569,1090,0.980394
574,1090,0.980394
551,1091,0.860672
551,1092,0.571428
567,1092,1.591548
568,1102,11.961565
596,1114,29.316624
563,1142,10.806048
564,1142,29.466759
561,1143,29.160677
562,1143,10.820037
485,1144,0.838774
486,1144,0.838774
487,1144,0.633664
566,834,11.15835
567,834,12.197361
568,834,10.797051
552,837,28.707264
573,838,1.519896
574,838,1.897711
575,838,2.084884
576,838,3.531374
577,838,1.973761
578,838,5.994926
550,839,29.570892
571,839,4.329778
572,839,8.589409
573,839,5.791899
574,839,1.086153
575,839,1.832356
576,839,1.454661
577,839,3.493535
578,839,17.689232
565,840,1.684025
566,840,1.372301
567,840,0.804143
568,840,0.816396
569,840,0.805563
570,840,1.132095
571,840,9.58809
572,840,2.303226
573,840,6.320234
574,840,1.520507
575,840,1.05957
576,840,4.005069
577,840,3.380549
578,840,2.886894
579,840,11.292021
568,841,11.689763
575,841,4.021662
576,841,2.95821
577,841,3.377892
578,841,9.570552
579,841,15.074043
563,845,27.216406
564,845,10.977569
550,846,19.133671
551,846,16.580063
552,846,7.162153
561,846,19.554081
562,846,1.885218
563,846,1.25915
564,846,7.007955
565,846,4.209792
566,846,4.447452
567,846,19.339088
568,846,18.014803
569,846,27.027613
570,846,12.616632
571,846,24.707617
572,846,25.115982
571,847,3.66518
