480,2129,22.794083
337,2448,10.003069
338,2448,8.158871
339,2448,17.48962
340,2448,27.332293
342,2448,18.259275
344,2448,21.318514
345,2448,14.251873
346,2448,9.811511
347,2448,11.104204
348,2448,12.402081
349,2448,16.172037
338,2449,29.985971
480,2131,27.148357
337,2450,13.244765
338,2450,19.349846
347,2133,20.756321
344,2452,0.106191
345,2452,1.525811
346,2452,2.806674
347,2452,2.395588
348,2452,0.802106
349,2452,1.295884
400,2135,4.720872
401,2135,0.340659
403,2135,6.335595
404,2135,6.48524
405,2135,13.521475
406,2135,17.499802
455,2135,2.210306
338,2453,0.004184
399,2136,25.446213
401,2136,10.469852
402,2136,2.266667
403,2136,6.915024
404,2136,6.853131
405,2136,19.529173
406,2136,7.542471
455,2136,5.500684
456,2137,0.211111
394,2138,7.623435
398,2138,19.289413
456,2138,21.686235
398,2139,20.004082
457,2139,23.230303
398,2140,23.020555
458,2140,19.899994
395,2141,7.115392
398,2141,19.717609
417,2141,22.92334
456,2141,29.120304
457,2141,22.598402
342,2461,2.90625
338,2462,2.544556
339,2462,0.591257
394,2142,25.016685
455,2142,7.36498
456,2142,20.02623
456,2143,22.1054
330,2467,0.146758
332,2467,0.013333
330,2468,10.877617
332,2468,0.005051
330,2469,2.640017
332,2469,0.779075
339,2469,9.037056
340,2469,5.230008
340,2476,25.904661
350,2476,24.765184
338,2477,19.183601
338,2478,21.375008
509,2478,16.647104
338,2479,5.594988
508,2479,13.065455
508,2480,25.283508
338,2481,3.313629
341,2481,2.960274
508,2481,17.292885
339,2482,2.360854
340,2482,0.61503
341,2482,0.500282
342,2482,3.401183
344,2482,0.650376
345,2482,0.723455
508,2482,9.290344
338,2483,0.170286
347,2483,9.601037
348,2483,0.989786
338,2484,0.018768
347,2484,16.271465
348,2484,1.088389
351,2163,6.678555
338,2485,0.022568
347,2485,7.184543
348,2485,2.1871
506,2485,8.750674
507,2485,0.114785
338,2486,0.010485
347,2486,15.368925
348,2486,5.287203
349,2486,1.518095
352,2486,9.594419
353,2486,4.364835
505,2486,9.970895
506,2486,0.177784
507,2486,0.177784
508,2486,0.12636
338,2487,0.762833
347,2487,10.738825
348,2487,0.73388
349,2487,1.214158
352,2487,3.548543
353,2487,23.085295
504,2487,17.634617
457,2168,14.571462
347,2488,23.88954
348,2488,1.250546
349,2488,0.53098
352,2488,7.651523
353,2488,24.800282
339,2489,0.134235
340,2489,0.009619
341,2489,0.010485
342,2489,0.018384
343,2489,0.022952
344,2489,0.546787
345,2489,0.005051
346,2489,1.450001
347,2489,11.956465
348,2489,3.512903
349,2489,0.999314
352,2489,4.272933
353,2489,6.891645
339,2490,2.11506
340,2490,0.241009
341,2490,0.214693
342,2490,0.273617
343,2490,0.538575
344,2490,2.825154
345,2490,2.95016
346,2490,3.162643
347,2490,1.688036
348,2490,0.613423
349,2490,3.543492
352,2490,5.913663
338,2491,0.246622
339,2491,0.485647
340,2491,1.631536
341,2491,6.049568
342,2491,6.246007
343,2491,17.974697
346,2491,5.908033
347,2491,1.104607
338,2492,0.0625
357,2492,20.184338
371,2493,7.06027
357,2494,21.96941
377,2494,15.588598
340,2495,0.350987
341,2495,0.263778
347,2495,0.263778
348,2495,0.015054
349,2495,0.014669
350,2495,6.691747
351,2495,4.514256
355,2495,2.113772
356,2495,11.677696
357,2495,22.213257
377,2495,18.290821
349,2496,2.148761
350,2496,2.291316
372,2496,9.216343
371,2497,11.564766
372,2497,3.430388
378,2497,21.544716
372,2498,27.650639
377,2498,24.74724
378,2498,28.352087
376,2499,20.500086
377,2499,16.96781
472,2192,2.636362
472,2193,4.724135
468,2194,7.374007
398,2200,20.466713
399,2200,14.799989
400,2200,14.799989
401,2200,14.799989
393,2209,29.241262
380,2214,21.34799
381,2214,27.244425
382,2214,27.244425
559,1895,22.0
377,2215,28.831545
378,2215,28.831545
383,2217,1.524755
395,2217,9.529957
371,2218,4.13757
392,2218,3.69936
402,2218,2.043843
383,2219,1.524755
381,2220,1.426828
402,2220,7.640773
403,2220,0.633333
400,2224,3.961991
403,2224,3.631325
404,2224,4.403937
407,2224,4.519589
397,2225,0.575758
398,2225,0.575758
399,2225,2.043843
400,2225,1.468085
402,2225,10.812054
403,2225,7.353084
404,2225,8.759046
407,2225,22.45155
400,2226,1.468085
403,2226,12.044144
404,2226,5.690384
402,2227,8.478781
403,2227,24.074881
404,2227,10.365708
401,2228,4.647463
403,2228,13.566664
404,2228,4.158389
400,2229,4.492523
401,2229,3.157391
402,2229,4.459091
403,2229,18.485609
404,2229,18.6968
400,2230,2.571429
401,2230,18.495813
402,2230,25.000004
403,2230,18.128466
404,2230,3.750122
405,2230,4.638758
403,2231,14.375
404,2231,2.636362
405,2231,3.33333
401,2232,1.468085
402,2232,1.490476
399,2233,1.468085
401,2233,4.214288
402,2233,23.823814
396,2234,3.34498
397,2234,1.245475
398,2234,9.068883
401,2234,8.35517
403,2234,15.365173
404,2234,11.675209
405,2234,3.33333
398,2235,15.403772
399,2235,29.389372
400,2235,12.436835
401,2235,12.761859
404,2235,7.789924
382,2236,4.64643
384,2236,1.426828
494,2236,22.99082
382,2237,3.41209
385,2237,3.551824
386,2237,26.924911
388,2237,9.441271
493,2237,28.782593
495,2237,14.454765
497,2237,16.122263
386,2238,0.999999
398,2238,13.246067
399,2238,3.861538
401,2238,3.399502
494,2238,23.116516
495,2238,11.425001
496,2238,26.486889
497,2238,15.211072
374,2239,6.028169
398,2239,28.478456
401,2239,2.615385
495,2239,11.833328
496,2239,16.471588
357,1921,15.955544
371,2240,8.194385
372,2240,10.368986
373,2240,9.521179
375,2240,18.815857
389,2240,3.987633
500,2240,16.455853
520,2240,12.357973
521,2240,15.195603
382,2241,3.956521
384,2241,1.524755
386,2241,2.162718
398,2241,3.097021
398,2242,18.553007
399,2242,6.805995
400,2242,3.724135
401,2242,2.636362
375,2243,29.749077
399,2243,7.680656
404,2243,14.85594
399,2244,4.700191
396,2245,1.426828
397,2245,27.092033
399,2245,8.508517
400,2245,2.636362
439,2245,9.296955
391,2247,1.524755
392,2247,3.21043
393,2247,3.092327
384,2248,12.1847
393,2248,4.229679
396,2248,4.671942
403,2248,11.606346
384,2249,27.510288
385,2249,8.426657
393,2249,2.120136
394,2249,8.574191
404,2249,20.014477
405,2249,13.227252
385,2250,21.461262
386,2250,14.189064
392,2250,20.495743
393,2250,3.160825
394,2250,5.907281
397,2250,28.766243
405,2250,14.850395
386,2251,18.319201
387,2251,9.320318
388,2251,22.036453
389,2251,26.063377
392,2251,13.855103
556,1932,13.074996
556,1933,8.970592
557,1933,14.399994
390,2252,21.958817
391,2252,21.87928
392,2252,12.612009
393,2252,29.259182
394,2252,28.036013
395,2252,25.56959
397,2252,23.273788
403,2253,6.458776
465,2253,20.87236
466,2253,3.519263
403,2254,18.721773
465,2254,17.162233
559,1934,0.666667
339,2255,8.517954
343,2255,0.552632
344,2255,3.157683
345,2255,0.908363
346,2255,29.574438
347,2255,26.764565
403,2255,28.101122
560,1935,5.692575
561,1935,3.875
562,1935,4.25
563,1936,1.0
564,1936,1.0
565,1936,3.5
567,1936,3.875
342,2256,0.853502
343,2256,1.8535
344,2256,2.161072
400,2256,3.671852
401,2256,3.112767
464,2256,1.562553
464,2257,1.3
474,2257,10.514169
566,1937,13.626385
567,1937,14.092301
464,2258,1.878489
470,2258,7.106082
395,2259,9.373885
396,2259,1.958713
464,2259,2.693894
465,2259,0.887292
470,2259,7.106082
332,2260,21.275274
464,2260,2.362694
470,2260,4.37353
395,2261,0.737765
398,2261,4.629766
464,2261,1.645452
470,2261,1.015873
331,2262,11.883414
463,2262,0.222222
470,2262,1.015873
331,2263,17.170528
462,2263,17.288528
463,2263,2.009524
470,2263,4.525145
331,2264,11.244931
463,2264,0.965517
470,2264,4.525145
463,2265,1.348773
464,2265,0.809524
470,2265,1.52381
462,2266,16.932343
463,2266,1.46176
470,2266,0.712644
462,2267,13.32576
463,2267,1.212766
474,2267,0.813293
463,2268,0.864258
474,2268,0.507937
488,2268,4.395785
489,2268,1.746667
492,2268,26.333336
343,2269,8.779955
346,2269,24.018232
488,2269,0.5
489,2269,1.719445
492,2269,25.833328
484,2270,5.00053
464,2271,0.507937
483,2271,9.88165
484,2271,5.862217
467,2273,1.234043
468,2273,0.540541
469,2273,0.595745
467,2274,0.27027
468,2274,2.009524
469,2274,0.809524
467,2275,0.5
468,2275,0.222222
467,2276,0.555556
534,1960,3.5
343,1961,0.113208
343,1962,0.128571
370,1974,23.672878
371,1974,15.590344
372,1974,23.042391
373,1974,22.190804
374,1974,22.912426
375,1974,22.912426
376,1974,22.73254
377,1974,23.40424
378,1974,23.40424
379,1974,24.874033
381,1974,28.535242
382,1974,28.227247
413,1974,4.468776
414,1974,10.123318
415,1974,4.468776
416,1974,10.123318
417,1974,3.797077
418,1974,3.797077
419,1974,3.797077
420,1974,3.797077
421,1974,4.468776
370,1975,15.590344
371,1975,18.263763
372,1975,20.269388
342,1976,28.672306
353,1976,24.44215
356,1976,11.492054
369,1976,23.223263
370,1976,23.042391
371,1976,20.269388
342,1977,8.192306
343,1977,3.026415
352,1977,28.894703
353,1977,22.541286
354,1977,11.008289
355,1977,13.745063
357,1977,3.325575
369,1977,24.865606
370,1977,22.190804
440,1977,8.600015
354,1978,6.957571
357,1978,8.631563
369,1978,22.875053
370,1978,21.705662
439,1978,18.161221
350,1979,11.358097
351,1979,20.378187
352,1979,17.615364
354,1979,16.188969
355,1979,4.648664
357,1979,14.83313
358,1979,18.263802
369,1979,15.083929
370,1979,12.609262
371,1979,14.204423
344,1980,29.288492
360,1980,4.468776
369,1980,19.399712
370,1980,17.257925
371,1980,18.673199
487,1980,28.496677
359,1981,16.215668
369,1981,21.536293
370,1981,18.594654
371,1981,19.471294
359,1982,7.960598
344,1983,26.569574
359,1983,19.08811
360,1983,26.446171
370,1983,28.09267
344,1984,29.794077
358,1984,28.871496
486,1984,13.368387
487,1984,13.368387
358,1985,22.299204
370,1985,29.60405
376,1985,1.027851
357,1986,2.794656
376,1986,3.560522
377,1986,1.62704
379,1986,24.141752
480,1988,5.46893
485,1988,13.881115
495,1988,0.866667
496,1988,3.666667
344,1989,29.976078
483,1990,27.086563
484,1990,16.38464
482,1991,27.086563
455,2313,1.0
334,2314,1.60953
333,2315,8.554697
440,1995,24.516312
470,2317,2.169441
471,2317,0.5
475,2317,18.835459
342,1996,18.17832
441,1996,27.952351
341,1997,26.234955
357,1997,13.946981
471,2318,1.918421
472,2318,3.030301
474,2318,1.051923
475,2318,23.316719
476,2318,2.129321
477,2318,3.165755
503,2318,2.079659
504,2318,2.7
341,1998,9.461641
472,2319,4.772713
473,2319,0.266667
474,2319,1.750058
475,2319,2.386638
476,2319,2.891752
477,2319,3.050997
502,2319,1.853649
503,2319,2.205711
504,2319,1.58
505,2319,4.561718
472,2320,19.533899
473,2320,0.660128
474,2320,2.088712
475,2320,2.288409
476,2320,3.085372
502,2320,2.209055
503,2320,1.157876
504,2320,1.586014
505,2320,2.02331
506,2320,0.925134
473,2321,0.743627
474,2321,1.000918
475,2321,2.033964
476,2321,2.972466
502,2321,1.711663
503,2321,3.084332
504,2321,5.303846
505,2321,3.960426
506,2321,3.189415
382,2001,13.180779
385,2001,26.107998
386,2001,14.929197
387,2001,20.836676
383,2002,23.705873
384,2002,5.654541
385,2002,11.999994
386,2002,23.285707
387,2002,7.627716
438,2002,19.542271
334,2322,16.839275
345,2322,6.811087
346,2322,13.159363
348,2322,21.331236
382,2003,13.180779
384,2003,3.797077
385,2003,3.311934
386,2003,11.101029
387,2003,7.109012
388,2003,9.117439
473,2322,9.148146
474,2322,7.549354
475,2322,2.250703
476,2322,3.060085
334,2323,22.75881
473,2323,26.494551
474,2323,5.294529
475,2323,5.360286
476,2323,2.538995
502,2323,21.311319
385,2004,3.797077
386,2004,12.763553
387,2004,11.831406
403,2004,20.419031
412,2004,24.800861
333,2324,20.700447
474,2324,6.968696
475,2324,2.88227
386,2005,14.83313
403,2005,13.180779
412,2005,21.533604
496,2005,21.808405
476,2325,4.990735
491,2325,0.309783
492,2325,0.430894
493,2325,1.387873
507,2325,2.295192
386,2006,15.138386
412,2006,9.259622
477,2326,6.476959
490,2326,0.553846
491,2326,0.98474
492,2326,0.986278
493,2326,1.623167
507,2326,1.130262
492,2327,1.191407
493,2327,1.823167
386,2007,13.532724
412,2007,19.311018
493,2328,1.823167
333,2329,14.841997
334,2329,7.686264
335,2329,9.077952
336,2329,3.294769
337,2329,3.08754
411,2008,7.013569
412,2008,11.450671
413,2008,13.057425
333,2330,28.201338
334,2330,5.260909
352,2330,27.880827
439,2010,7.511918
439,2011,12.795901
333,2332,20.479757
334,2332,16.114933
439,2012,21.622189
526,2012,27.748741
524,2333,1.802818
406,2015,4.461558
404,2016,3.394865
405,2016,6.983865
406,2016,15.1569
369,2017,12.95537
404,2017,3.414135
405,2017,28.841835
406,2017,4.461558
413,2017,12.705987
368,2018,19.97801
403,2018,7.819654
404,2018,13.441147
405,2018,9.195984
403,2019,10.870901
491,2019,1.864409
404,2020,16.217886
496,2020,1.864409
403,2021,19.782299
496,2021,13.368387
331,2342,16.384703
335,2342,3.808092
338,2343,9.48896
339,2343,28.480776
514,2346,0.600939
515,2346,0.600939
330,2351,17.925995
331,2351,29.173426
333,2351,26.85957
335,2351,29.315247
337,2351,23.174816
362,2353,27.362106
433,2039,17.287441
434,2039,14.840607
450,2039,2.737292
451,2039,5.010578
433,2040,12.770428
450,2040,0.21875
451,2040,5.010578
433,2041,13.369003
446,2041,7.357928
449,2041,4.648356
450,2041,4.867106
451,2041,5.010578
521,2041,1.808553
522,2041,21.226215
523,2041,21.245325
524,2041,21.092173
429,2042,10.897181
433,2042,22.320019
449,2042,21.498306
450,2042,9.167927
451,2042,4.400717
522,2042,13.018394
529,2042,27.730785
536,2042,21.227217
429,2043,15.513807
527,2043,5.476179
528,2043,5.476179
531,2043,11.999997
532,2043,4.142857
535,2043,16.203844
536,2043,17.322723
527,2044,4.648356
528,2044,4.648356
536,2044,7.953844
537,2044,5.774328
396,2363,4.333321
397,2363,3.245406
398,2363,3.245406
383,2364,22.928776
384,2364,3.839179
385,2364,5.263531
395,2364,8.189135
396,2364,10.706917
397,2364,4.413805
398,2364,4.413805
479,2045,11.432233
527,2045,3.417633
528,2045,3.417633
479,2046,5.580924
384,2365,8.3684
386,2365,8.3684
395,2365,15.883236
396,2365,24.317226
397,2365,12.875
479,2047,10.881305
384,2366,23.26066
385,2366,9.421034
386,2366,5.607131
479,2048,20.020128
383,2367,23.695505
385,2367,8.306138
495,2367,21.956709
498,2367,13.71814
386,2368,14.387669
497,2368,11.129123
407,2050,2.147629
463,2050,11.293887
405,2051,1.1
388,2369,11.674617
389,2369,21.017933
405,2052,2.575908
462,2053,12.257362
366,2374,23.071941
430,2060,8.184073
431,2060,3.643483
430,2061,4.588861
431,2061,3.269011
383,2383,7.836039
494,2383,1.695881
430,2063,4.669441
537,2066,2.183333
494,2387,4.878137
501,2387,0.530742
502,2387,0.500481
503,2387,0.500481
504,2387,0.476374
501,2388,1.493579
537,2067,0.891026
535,2068,0.411268
537,2068,0.368298
369,2390,8.483864
473,2390,14.049421
480,2390,19.352425
481,2390,20.510345
482,2390,11.654973
483,2390,6.951285
535,2069,0.504877
536,2069,0.40301
537,2069,0.747826
368,2391,4.333321
369,2391,8.483864
368,2392,18.524115
369,2392,5.111104
536,2070,0.541277
376,2071,4.657926
377,2071,2.794656
378,2071,4.657926
440,2071,22.543184
536,2071,0.541277
440,2072,15.74864
535,2072,0.349232
536,2072,0.40301
535,2073,0.368343
536,2073,0.518395
472,2395,11.561363
377,2074,7.188006
378,2074,2.853992
379,2074,7.657919
381,2074,4.657926
384,2074,2.794656
385,2074,9.949983
448,2074,29.181097
534,2074,0.153153
535,2074,0.40301
536,2074,0.592308
395,2075,0.661532
396,2075,2.794656
390,2397,14.776072
535,2075,0.333333
383,2076,27.153986
384,2076,22.956287
385,2076,12.221112
535,2076,0.583333
384,2398,3.661551
387,2398,8.838497
388,2398,2.073709
389,2398,2.073709
390,2398,3.20513
393,2398,0.052632
494,2398,12.528771
385,2077,27.14949
394,2077,9.000779
395,2077,11.062824
396,2077,12.708492
390,2399,1.181818
394,2399,0.052632
494,2399,3.667885
380,2078,10.557984
381,2078,19.848341
389,2400,7.615999
390,2400,4.419249
398,2400,24.698315
401,2400,11.067366
402,2400,11.151375
410,2400,3.419259
411,2400,9.34403
412,2400,13.137752
413,2400,14.996271
501,2400,13.67557
389,2401,16.659588
390,2401,3.765907
393,2401,13.01243
408,2401,2.931895
409,2401,2.931895
410,2401,1.648705
412,2401,3.66614
484,2401,29.651417
491,2401,12.980112
495,2401,27.352161
379,2079,9.847862
380,2079,5.565332
418,2080,4.829757
385,2402,1.116279
386,2402,1.116279
387,2402,0.891892
388,2402,4.419249
389,2402,3.765907
390,2402,1.666667
386,2403,4.306214
387,2403,4.413805
388,2403,7.727267
418,2081,0.340659
386,2404,3.661551
387,2404,4.413805
389,2404,22.999996
390,2404,12.111164
391,2404,6.595269
348,2405,7.161551
351,2405,14.496965
352,2405,5.351314
363,2405,0.052632
364,2405,0.481203
365,2405,0.64787
366,2405,0.416667
367,2405,0.678571
369,2405,7.133333
389,2405,18.000004
390,2405,18.791121
391,2405,9.759625
350,2406,18.86479
351,2406,8.82761
352,2406,7.323101
353,2406,5.164006
358,2406,3.517931
359,2406,4.082271
360,2406,4.333321
361,2406,13.33334
362,2406,13.33334
363,2406,24.111111
364,2406,24.111111
365,2406,12.40277
366,2406,16.008339
367,2406,6.341667
368,2406,4.833333
369,2406,11.04837
370,2406,19.753571
386,2406,0.013333
387,2406,0.005435
389,2406,0.005435
390,2406,0.005435
391,2406,10.020923
392,2406,23.47768
394,2406,15.567402
406,2406,5.088389
408,2406,10.604546
348,2407,4.250002
349,2407,18.625
355,2407,3.258739
358,2407,20.958675
359,2407,11.859594
360,2407,10.774624
361,2407,27.717993
362,2407,3.375731
363,2407,15.018583
364,2407,15.018583
365,2407,15.132753
366,2407,28.970522
369,2407,25.736111
384,2407,3.661551
386,2407,0.047732
392,2407,0.903531
393,2407,11.20357
394,2407,5.295927
395,2407,0.014285
396,2407,0.014285
397,2407,3.03723
398,2407,2.629004
399,2407,3.62482
400,2407,3.07481
401,2407,3.07481
402,2407,2.62482
403,2407,5.79871
404,2407,23.094551
405,2407,22.784216
406,2407,10.410838
407,2407,13.053838
419,2084,6.335595
407,2085,1.5545
339,2408,1.456571
340,2408,1.35849
348,2408,25.555492
349,2408,23.312021
350,2408,5.922133
357,2408,1.670851
358,2408,1.670851
359,2408,1.666667
360,2408,1.666667
361,2408,2.342023
362,2408,2.342023
363,2408,3.508689
364,2408,3.513739
365,2408,4.377166
366,2408,3.559256
367,2408,6.110471
368,2408,9.321492
369,2408,15.106438
409,2408,6.600273
410,2408,7.097894
339,2409,1.128571
348,2409,2.676629
349,2409,1.720168
350,2409,3.337519
351,2409,4.328335
352,2409,13.318112
353,2409,2.708426
366,2409,2.974949
367,2409,3.308564
368,2409,4.654592
369,2409,4.371731
370,2409,4.393382
371,2409,23.445297
373,2409,29.90012
413,2409,10.520483
409,2086,0.60177
368,2087,5.590476
369,2087,2.794656
408,2087,0.942429
339,2410,1.309478
413,2410,10.837114
339,2411,0.995192
373,2411,20.599819
412,2411,26.560097
368,2088,7.173708
369,2088,3.666662
370,2088,3.666662
368,2089,3.682047
369,2089,0.175
370,2089,0.125
371,2089,2.232142
373,2412,19.533215
337,2413,22.653715
349,2413,1.842888
373,2413,5.638264
412,2413,17.856537
413,2413,13.370678
428,2413,2.670903
429,2413,2.963568
430,2413,3.879251
431,2413,3.145849
432,2413,3.145849
433,2413,4.426495
369,2090,0.128571
370,2090,0.778571
371,2090,0.681203
372,2090,0.468908
533,2091,9.753227
330,2414,10.030876
333,2414,22.408377
338,2414,0.757732
373,2414,10.893947
432,2414,1.648705
433,2414,3.438971
373,2415,10.932396
532,2092,9.753227
532,2093,6.335595
533,2093,11.632221
534,2093,11.648602
373,2416,3.205777
338,2417,3.955113
373,2417,0.88
533,2094,9.773054
534,2094,7.914287
339,2418,3.746689
373,2418,6.825761
412,2418,2.993244
413,2418,5.967481
339,2419,15.436373
373,2419,6.17357
392,2419,0.023819
413,2419,10.760773
339,2420,29.243935
340,2420,26.868958
373,2420,19.022976
392,2420,0.028869
412,2420,0.004184
413,2420,8.002767
340,2421,16.237406
341,2421,4.893652
342,2421,2.195774
343,2421,3.159483
344,2421,3.125
345,2421,3.125
373,2421,6.747792
374,2421,3.463585
382,2421,0.123158
391,2421,17.966951
392,2421,0.015536
397,2421,0.009235
412,2421,0.004184
413,2421,8.462817
340,2422,25.750669
341,2422,12.300755
342,2422,7.900759
343,2422,5.076921
344,2422,6.576924
345,2422,4.576921
373,2422,7.823999
374,2422,6.033615
382,2422,0.179243
391,2422,0.004184
392,2422,0.01592
397,2422,0.009235
398,2422,0.045084
412,2422,7.19648
413,2422,9.035628
462,2422,24.867554
463,2422,18.283226
338,2423,26.508272
339,2423,10.400933
340,2423,5.444407
341,2423,4.497039
342,2423,3.664441
373,2423,5.90092
374,2423,6.033615
391,2423,0.005051
392,2423,0.050134
397,2423,0.009619
398,2423,0.058417
399,2423,0.05
402,2423,3.125
403,2423,2.4
404,2423,15.285732
405,2423,4.956526
406,2423,1.639639
412,2423,0.008368
413,2423,9.140198
337,2424,8.989449
338,2424,5.68217
339,2424,5.68217
340,2424,6.233397
341,2424,6.72363
342,2424,3.87417
343,2424,2.728006
344,2424,5.548911
345,2424,5.548911
373,2424,3.514123
374,2424,4.549799
391,2424,0.005051
392,2424,0.050134
397,2424,0.009619
398,2424,0.045084
399,2424,0.05
402,2424,16.626785
403,2424,19.133459
404,2424,9.153843
405,2424,5.576923
412,2424,17.454597
413,2424,6.739387
332,2425,28.959091
337,2425,1.593489
373,2425,3.164144
374,2425,3.433073
391,2425,4.322119
392,2425,0.024203
397,2425,0.009619
398,2425,0.518768
400,2425,8.075001
401,2425,4.552632
403,2425,10.326165
404,2425,9.040284
405,2425,5.678784
412,2425,11.242188
330,2426,29.127613
331,2426,17.624046
337,2426,0.835506
373,2426,2.521491
374,2426,5.223669
391,2426,0.005051
392,2426,0.009235
393,2426,0.009235
397,2426,0.022568
398,2426,0.026667
401,2426,14.394873
402,2426,11.962809
403,2426,7.722104
331,2427,27.743599
337,2427,3.834639
373,2427,2.521491
374,2427,5.186708
397,2427,0.013803
398,2427,0.026316
402,2427,7.173603
466,2427,24.867554
468,2427,4.579006
337,2428,8.640869
338,2428,2.030447
373,2428,5.713231
374,2428,13.52539
398,2428,27.333347
401,2428,7.87113
457,2428,0.305183
458,2428,0.005435
467,2428,19.949326
468,2428,4.079006
337,2429,14.170894
338,2429,2.951511
409,2429,5.303984
337,2430,16.860258
338,2430,2.659605
456,2430,0.13366
337,2431,21.844402
338,2431,2.73754
367,2431,0.679469
371,2431,1.837837
432,2107,5.12309
337,2432,23.909143
338,2432,2.986362
366,2432,0.013333
338,2433,6.06406
339,2433,3.961177
340,2433,3.226014
341,2433,3.25737
343,2433,3.827042
344,2433,4.122441
331,2434,0.005435
332,2434,2.997501
415,2112,9.637395
416,2112,18.818096
415,2113,13.694628
416,2113,24.150415
408,2115,4.238926
389,2118,0.340336
390,2118,8.167505
391,2118,0.340336
404,2119,3.404868
416,2119,6.634813
417,2119,3.72679
402,2121,3.109874
397,2122,0.340336
399,2122,2.727271
