55,533,16.379498
83,535,21.065596
72,536,18.121756
73,536,23.839802
76,536,28.298681
77,536,22.540285
78,536,15.052066
79,536,12.366222
80,536,14.772372
81,536,5.884737
82,536,12.75445
83,536,5.668944
62,537,14.970822
63,537,13.17982
64,537,17.476976
65,537,18.481688
66,537,22.895256
67,537,21.157974
68,537,12.391151
69,537,14.385616
70,537,14.7951
71,537,15.966815
72,537,4.876317
73,537,12.775995
74,537,9.63633
75,537,11.788612
76,537,10.032182
77,537,12.985204
78,537,12.581733
79,537,4.300547
80,537,4.46157
81,537,3.154334
82,537,4.591526
83,537,2.307876
63,538,7.854844
64,538,6.983181
65,538,12.257836
66,538,9.846401
67,538,10.127748
68,538,1.885419
69,538,3.56276
70,538,4.434504
71,538,0.907588
72,538,1.291463
73,538,2.641314
74,538,4.189423
75,538,3.831802
76,538,3.478516
77,538,2.403195
78,538,1.510112
79,538,1.214415
80,538,2.148764
81,538,0.814827
82,538,1.137034
83,538,0.75654
56,539,5.629648
57,539,4.150471
58,539,25.328459
59,539,28.964888
60,539,24.591034
61,539,7.931262
62,539,2.338657
63,539,0.780426
64,539,1.775305
65,539,1.645746
66,539,2.097365
67,539,2.271729
68,539,1.529116
69,539,0.778221
70,539,1.246259
71,539,0.376901
72,539,1.081866
73,539,1.037151
74,539,0.93831
75,539,0.915685
76,539,0.966793
77,539,0.919771
78,539,0.947533
79,539,0.545724
80,539,0.537363
81,539,0.324569
82,539,0.569257
83,539,0.555089
84,539,11.952182
85,539,13.000502
86,539,12.476624
87,539,12.476662
88,539,22.943312
89,539,28.806534
56,540,2.919022
57,540,0.568844
58,540,4.308812
59,540,1.447959
60,540,0.336022
61,540,1.506837
62,540,0.551031
63,540,0.598227
64,540,0.6855
65,540,1.060115
66,540,1.075787
67,540,1.11366
69,540,1.759461
70,540,1.196498
71,540,0.752293
72,540,2.032539
73,540,0.711025
74,540,0.51294
75,540,0.293902
76,540,0.228215
77,540,0.323896
78,540,0.715662
79,540,2.093369
80,540,1.922042
81,540,0.210177
82,540,0.210177
83,540,0.449277
84,540,3.705417
85,540,3.407552
86,540,5.27411
87,540,8.226555
88,540,10.807264
89,540,26.347424
56,541,4.75547
57,541,2.01416
58,541,1.12026
59,541,0.12775
60,541,0.022987
61,541,0.026316
62,541,0.045122
63,541,0.204841
64,541,0.462977
65,541,0.231746
69,541,1.415141
71,541,0.421537
72,541,1.009164
73,541,0.633231
74,541,0.43764
75,541,0.793097
76,541,0.781669
77,541,0.772322
78,541,0.726168
79,541,0.584435
80,541,0.803268
81,541,0.918922
82,541,1.204637
83,541,1.011167
85,541,0.237285
86,541,1.67186
87,541,2.165419
88,541,2.98158
89,541,10.096528
55,542,12.09716
56,542,3.97996
57,542,0.621965
58,542,0.648862
59,542,0.144066
60,542,0.036145
61,542,0.095337
62,542,0.142095
63,542,0.158819
64,542,1.208988
65,542,0.894723
66,542,0.600087
67,542,0.520635
68,542,0.088015
69,542,0.259344
70,542,0.299437
71,542,0.273796
72,542,0.077841
73,542,0.077841
74,542,0.286771
75,542,0.286771
76,542,0.332824
77,542,0.342166
78,542,0.234058
79,542,0.155975
80,542,0.280409
81,542,0.096585
82,542,0.096585
83,542,0.096585
84,542,1.914459
85,542,2.240925
86,542,0.313792
87,542,0.116554
88,542,2.161155
89,542,6.543386
55,543,17.701406
56,543,3.913785
57,543,0.748783
58,543,0.559042
59,543,0.100959
60,543,0.140833
61,543,0.643103
62,543,0.171259
63,543,0.575194
64,543,5.420654
65,543,3.331817
66,543,5.180053
67,543,2.383107
68,543,0.317076
69,543,0.117804
70,543,0.054628
71,543,0.053496
72,543,0.075976
73,543,0.575976
74,543,0.075156
75,543,0.075156
76,543,0.101472
77,543,0.046874
78,543,0.07319
79,543,0.072624
80,543,0.127783
81,543,0.036874
82,543,0.127783
83,543,0.046308
84,543,0.57319
85,543,0.625742
86,543,0.095706
87,543,0.175453
88,543,0.212969
89,543,1.15095
90,543,18.224052
56,544,2.1998
57,544,0.916643
58,544,0.178197
59,544,0.720429
60,544,1.035078
61,544,1.067675
62,544,1.803082
63,544,0.70092
64,544,3.21374
65,544,4.967601
66,544,2.298148
67,544,0.104064
68,544,0.09463
69,544,0.584652
70,544,0.043335
71,544,0.048922
72,544,0.065198
73,544,0.065198
74,544,0.594017
75,544,0.094017
76,544,0.113871
77,544,0.080747
78,544,0.080747
79,544,0.091753
80,544,0.078671
81,544,0.078671
82,544,0.078671
83,544,0.078671
84,544,0.246166
85,544,0.316563
86,544,0.18723
87,544,0.503819
88,544,1.401999
89,544,2.000574
90,544,1.670482
91,544,1.544225
57,545,1.965845
58,545,1.084501
59,545,2.313179
60,545,3.692022
61,545,4.13728
62,545,2.145613
63,545,3.934918
64,545,6.94487
65,545,6.669608
66,545,5.465335
67,545,0.515305
68,545,0.368767
69,545,0.086016
70,545,0.088019
71,545,0.061856
72,545,0.101679
73,545,0.101679
74,545,0.114451
75,545,0.114451
76,545,0.118565
77,545,0.13616
78,545,0.140274
79,545,0.127193
80,545,0.127239
81,545,0.127239
82,545,0.127239
83,545,0.119073
84,545,0.171043
85,545,0.183131
86,545,0.334284
87,545,1.493893
88,545,4.905483
89,545,6.557269
90,545,12.769929
91,545,9.536016
92,545,16.849642
93,545,21.548325
27,546,6.169905
56,546,3.014556
57,546,2.023937
58,546,18.395613
59,546,7.737565
60,546,11.22617
61,546,8.895309
62,546,3.861084
63,546,14.384076
64,546,4.492848
65,546,1.521615
66,546,0.38
67,546,0.558947
68,546,1.082919
69,546,0.490847
70,546,0.141217
71,546,0.117998
72,546,0.200391
73,546,0.237075
74,546,0.214029
75,546,0.24845
76,546,0.315649
77,546,0.372655
78,546,0.343912
79,546,0.394097
80,546,0.380365
81,546,0.435033
82,546,0.394523
83,546,0.435033
84,546,0.500997
85,546,0.423171
86,546,1.227368
87,546,3.297666
88,546,7.761447
27,547,2.975645
56,547,10.822854
57,547,17.429127
58,547,16.929604
59,547,20.240057
60,547,19.743839
64,547,17.318075
65,547,2.92401
66,547,1.260954
67,547,2.566012
68,547,0.856211
69,547,4.272889
70,547,0.584582
71,547,0.39784
72,547,0.296324
73,547,0.30209
74,547,0.57954
75,547,0.463442
76,547,0.502002
77,547,0.753045
78,547,0.87654
79,547,0.853696
80,547,0.831859
81,547,1.787842
82,547,0.822263
83,547,0.785378
84,547,1.085546
85,547,1.560069
86,547,0.90316
87,547,4.002347
88,547,28.081444
61,548,24.493134
65,548,16.553366
66,548,9.463727
67,548,4.099106
68,548,9.169231
73,548,1.92782
84,548,2.570286
85,548,4.273842
86,548,4.869971
87,548,22.099186
64,549,8.989629
65,549,18.258923
84,549,26.437908
85,549,26.359882
86,549,28.572712
34,550,0.062321
36,565,2.373232
37,565,9.638475
41,571,24.848553
40,572,9.978218
41,572,13.992162
45,572,5.788867
63,572,4.277815
38,573,11.674017
41,573,6.388052
42,573,14.292667
43,573,19.316608
44,573,22.070576
45,573,4.951443
46,573,8.678134
47,573,4.140782
48,573,1.484197
49,573,3.536099
50,573,3.153759
52,573,3.984126
53,573,5.502387
62,573,2.057217
37,574,24.520317
38,574,17.017397
39,574,14.821439
40,574,13.15116
41,574,3.553282
42,574,6.191296
43,574,7.779158
44,574,6.380781
45,574,0.968435
46,574,3.143264
47,574,3.738779
48,574,1.132266
49,574,2.233308
50,574,1.259709
51,574,0.756102
52,574,1.563778
53,574,1.825242
60,574,0.451129
61,574,1.360523
62,574,0.64635
37,575,10.59476
38,575,6.491068
39,575,0.534547
40,575,3.966687
41,575,4.444259
42,575,0.737464
43,575,2.280179
44,575,0.112072
45,575,0.610922
46,575,1.104637
47,575,1.697104
48,575,0.985385
49,575,0.807573
50,575,0.745599
51,575,0.367687
52,575,0.605491
53,575,0.442474
54,575,0.533545
56,575,0.519172
57,575,0.252884
58,575,0.226766
59,575,0.226766
60,575,0.182198
61,575,0.185487
36,576,24.395956
37,576,9.210543
38,576,5.575537
39,576,0.866821
40,576,1.519109
41,576,0.698001
42,576,0.141032
43,576,0.09947
44,576,0.076814
45,576,0.086017
46,576,0.122551
47,576,0.238749
48,576,0.40679
49,576,0.563729
50,576,0.775842
51,576,0.1415
52,576,0.168275
53,576,0.160612
54,576,0.189227
55,576,0.163724
56,576,0.155017
57,576,0.182995
58,576,0.128416
59,576,0.128416
60,576,0.070428
61,576,0.825592
62,576,9.332997
36,577,15.051865
37,577,3.954548
38,577,1.994789
39,577,0.526531
40,577,0.330573
41,577,2.395432
42,577,0.088008
43,577,0.609091
44,577,0.130592
45,577,0.020181
46,577,0.06934
48,577,0.027778
49,577,0.194082
50,577,0.061978
51,577,0.410491
52,577,0.099205
53,577,0.102707
54,577,0.04049
55,577,0.148135
56,577,0.148135
57,577,0.054079
58,577,0.063528
59,577,0.05813
60,577,0.031713
61,577,3.007586
62,577,7.857396
37,578,7.736231
38,578,0.551219
39,578,1.312458
40,578,0.207441
41,578,0.35461
42,578,0.040757
43,578,1.42658
44,578,0.021277
45,578,0.212121
46,578,0.22961
47,578,0.061147
48,578,0.415765
49,578,0.361103
50,578,0.006494
51,578,0.064922
52,578,0.059957
53,578,0.081986
54,578,0.019433
55,578,0.040144
56,578,0.118544
57,578,0.018354
58,578,0.01497
59,578,0.016693
60,578,0.146521
61,578,2.884159
62,578,6.961547
37,579,11.91656
38,579,5.653933
39,579,0.588136
40,579,0.308579
41,579,1.076276
43,579,1.0
45,579,0.238095
46,579,0.1
47,579,0.743398
48,579,0.142857
49,579,0.239286
50,579,0.51443
51,579,0.165765
52,579,0.065317
53,579,0.065317
54,579,0.011635
55,579,0.016693
56,579,0.016693
57,579,0.021918
60,579,0.803298
61,579,3.564901
62,579,7.909663
63,579,9.626506
38,580,2.426932
39,580,0.898732
40,580,0.675699
41,580,0.20202
42,580,0.345238
43,580,4.016666
44,580,1.757576
45,580,2.211869
46,580,0.437662
47,580,1.167166
48,580,0.992191
49,580,0.946737
50,580,0.04
51,580,0.051282
52,580,0.032258
53,580,0.049587
54,580,0.06714
55,580,0.06247
56,580,0.060339
57,580,0.027999
58,580,0.012987
59,580,0.070429
61,580,11.682614
62,580,7.133955
63,580,12.481495
38,581,5.855163
39,581,1.214061
40,581,0.602694
41,581,0.161255
42,581,1.820864
43,581,1.719038
44,581,0.803765
45,581,0.489857
46,581,1.083216
47,581,0.283448
48,581,0.442807
49,581,0.304084
50,581,0.094144
51,581,0.084951
52,581,0.046012
53,581,0.037664
54,581,0.071843
55,581,0.077249
56,581,0.034984
57,581,0.039096
58,581,0.060339
59,581,0.174039
60,581,1.639857
61,581,9.634132
62,581,7.653655
63,581,15.919882
139,581,20.223043
140,581,18.597843
161,581,21.984407
162,581,21.414021
38,582,7.667256
39,582,0.671502
40,582,0.22925
41,582,0.451753
42,582,0.246504
43,582,0.365641
44,582,0.745826
45,582,0.21191
46,582,0.160166
47,582,0.159511
48,582,0.102454
49,582,0.11092
50,582,0.064516
51,582,0.017857
52,582,0.021661
53,582,0.008721
54,582,0.063696
55,582,0.047164
56,582,0.021963
57,582,0.048951
58,582,0.034984
59,582,0.069576
60,582,1.231234
61,582,3.905915
62,582,4.169741
63,582,14.503528
64,582,28.491854
137,582,10.673792
138,582,11.753154
139,582,16.739639
140,582,26.398209
161,582,15.066708
37,583,26.749506
38,583,6.089872
39,583,1.324546
40,583,1.961351
41,583,0.378622
42,583,0.139745
43,583,0.272808
44,583,0.108732
45,583,0.228103
46,583,0.205491
47,583,0.772632
48,583,0.662738
49,583,0.671278
50,583,0.56182
51,583,0.357431
52,583,0.061562
53,583,0.090628
54,583,0.318327
55,583,0.134407
56,583,0.144251
57,583,0.063696
58,583,0.043108
59,583,0.091385
60,583,0.091385
61,583,1.379712
62,583,4.318227
135,583,19.351706
136,583,10.241264
137,583,4.087551
138,583,5.54306
139,583,7.086803
140,583,26.266722
36,584,22.081024
37,584,14.318442
38,584,2.492701
39,584,1.488503
40,584,1.751119
41,584,0.367043
42,584,0.42507
43,584,0.514335
44,584,1.117147
45,584,0.626476
46,584,0.609273
47,584,1.020044
48,584,1.143684
49,584,1.749706
50,584,2.051734
51,584,0.399544
52,584,0.154668
53,584,0.209773
54,584,0.574689
55,584,0.273016
56,584,0.277838
57,584,0.183614
58,584,0.351475
59,584,0.322034
60,584,0.217508
61,584,0.926727
62,584,3.713148
63,584,20.216465
137,584,4.383613
138,584,2.707468
139,584,8.929949
37,585,15.490817
38,585,4.332655
39,585,3.276608
40,585,0.61975
41,585,0.634298
42,585,2.287441
43,585,1.413109
44,585,1.661177
45,585,2.697085
46,585,2.509652
47,585,2.502185
48,585,5.858693
49,585,8.785299
50,585,8.974136
51,585,4.522067
52,585,1.193639
53,585,0.36546
54,585,0.725576
55,585,0.770461
56,585,0.379704
57,585,1.005526
58,585,1.03253
59,585,1.03253
60,585,0.812001
61,585,1.92046
62,585,2.862657
63,585,20.406994
132,585,8.502111
137,585,4.813854
138,585,4.440359
139,585,12.84303
140,585,28.669344
38,586,25.93634
39,586,1.765219
40,586,2.101506
41,586,3.406994
42,586,3.98597
43,586,5.220314
44,586,2.909495
45,586,8.149166
46,586,12.806825
47,586,24.60121
51,586,13.770217
55,586,1.413998
56,586,2.865959
57,586,1.873888
58,586,5.665907
59,586,5.412268
60,586,11.356125
61,586,3.80265
62,586,10.012576
63,586,21.991362
132,586,13.310498
133,586,8.180913
134,586,8.236476
135,586,7.429735
136,586,2.825805
137,586,2.709057
138,586,7.791238
139,586,14.272185
140,586,23.433455
38,587,3.509449
39,587,5.493731
40,587,13.255352
41,587,9.55458
42,587,24.433605
56,587,4.557515
57,587,11.236298
58,587,17.534065
59,587,16.638437
60,587,12.668185
61,587,22.206617
62,587,5.047338
132,587,12.543625
133,587,20.2519
134,587,7.182668
135,587,3.904739
136,587,2.063694
137,587,2.843899
138,587,6.11152
139,587,8.189651
140,587,22.510757
38,588,29.63665
57,588,10.567719
58,588,14.010398
59,588,14.83877
61,588,11.404303
62,588,10.970289
131,588,29.472166
134,588,5.199524
135,588,2.403639
136,588,2.23313
137,588,5.946465
138,588,13.925187
139,588,12.299711
140,588,22.705587
60,589,16.498802
61,589,14.683979
62,589,14.005136
133,589,10.974489
134,589,6.821159
135,589,7.249221
136,589,8.549701
137,589,10.592305
138,589,27.230852
139,589,28.612957
132,590,17.820559
133,590,17.877989
134,590,20.362827
135,590,18.377771
136,590,18.209341
137,590,22.656191
90,603,12.032187
90,604,7.229342
91,604,19.692572
88,605,14.289001
89,605,6.324136
90,605,3.517206
91,605,7.502858
83,606,19.960926
87,606,20.265114
88,606,19.354712
89,606,5.427132
90,606,12.099151
83,607,19.135372
84,607,26.094086
86,607,23.943127
87,607,19.297134
88,607,16.891584
89,607,13.343558
83,608,22.133196
86,608,27.962566
89,608,28.575365
90,610,16.844482
91,610,14.360672
90,611,25.610098
91,611,20.583561
91,612,11.322569
91,613,10.620158
90,614,10.366501
91,614,10.156087
90,615,12.621023
89,618,27.268913
90,618,13.504079
89,619,27.350527
90,619,4.501861
81,620,11.969595
84,620,3.464349
89,620,24.083094
90,620,5.615383
81,621,9.163015
82,621,3.238384
83,621,3.098574
89,621,11.566897
90,621,7.273633
80,622,17.064991
81,622,6.271802
82,622,1.132418
83,622,0.153649
89,622,9.494633
80,623,7.724163
81,623,1.106439
82,623,0.316174
89,623,10.440501
90,623,8.379008
80,624,17.390858
81,624,11.940161
82,624,1.123886
89,624,17.140585
90,624,10.967012
81,625,19.918144
78,628,17.284365
79,628,5.922662
80,628,5.624395
81,628,0.17168
81,629,2.015477
82,629,7.812468
78,630,25.303452
79,630,10.389923
80,630,5.673573
81,630,4.688322
82,630,24.477585
79,631,0.982866
80,631,0.394959
81,631,3.206511
82,631,12.432295
85,631,23.926651
87,631,11.037153
88,631,16.632908
89,631,4.854286
79,632,1.030535
80,632,0.481745
89,632,5.637467
78,633,9.828251
91,633,10.383469
82,637,15.707065
83,637,23.698175
84,637,17.146275
91,638,19.117121
167,373,17.898815
162,374,9.906128
138,490,1.131021
138,491,4.95408
