309,1486,0.073663
533,1487,24.140331
534,1487,9.0
499,1167,6.124706
290,1805,8.072746
291,1805,7.755836
292,1805,12.758862
278,1806,8.859501
289,1806,3.060869
290,1806,2.991426
291,1806,2.873579
292,1806,10.873254
309,1488,0.079755
310,1488,0.05283
533,1488,10.222226
344,1489,28.070208
345,1489,29.198364
532,1489,9.0
288,1807,0.663492
289,1807,1.171981
290,1807,3.026468
291,1807,4.719279
292,1807,10.876266
281,1808,1.281818
287,1808,0.333333
288,1808,0.663492
289,1808,1.577884
290,1808,3.222517
291,1808,4.719279
292,1808,10.876266
344,1490,9.683599
345,1490,17.491232
395,1490,4.706361
281,1809,18.418116
282,1809,0.545455
286,1809,0.25
287,1809,0.333333
288,1809,0.663492
289,1809,1.692578
290,1809,3.389816
291,1809,4.450846
292,1809,9.347053
390,1491,2.526316
394,1491,16.051334
395,1491,7.128966
577,1173,20.044958
281,1810,18.221935
284,1810,0.5
285,1810,0.5
287,1810,0.333333
289,1810,1.708731
290,1810,3.389816
291,1810,5.425729
292,1810,9.347053
386,1492,1.567741
390,1492,18.350014
391,1492,7.333336
392,1492,8.555556
393,1492,7.699816
510,1174,25.253115
281,1811,15.615563
282,1811,2.615152
283,1811,0.181818
288,1811,1.377778
289,1811,4.708731
290,1811,3.389816
291,1811,6.983533
292,1811,9.347053
386,1493,2.526316
388,1493,8.555556
389,1493,5.25
390,1493,5.25
391,1493,15.846167
392,1493,4.975286
393,1493,17.314993
395,1493,17.314993
532,1493,18.925211
281,1812,4.798246
282,1812,0.482456
283,1812,0.166667
290,1812,12.612416
291,1812,4.981638
292,1812,8.804781
580,1177,4.230356
581,1177,3.183772
386,1494,15.321814
387,1494,7.388999
388,1494,4.975286
389,1494,2.578948
390,1494,4.975286
281,1813,0.517241
282,1813,1.034483
283,1813,0.357143
291,1813,16.505819
292,1813,12.002069
385,1495,2.578948
572,1179,18.403715
280,1814,2.297872
281,1814,1.148936
282,1814,2.54024
283,1814,1.148936
368,1497,16.618513
279,1815,7.96193
280,1815,9.183098
281,1815,4.591549
282,1815,9.183098
283,1815,2.573768
280,1816,13.369522
281,1816,6.684761
283,1816,6.684761
584,1183,29.531784
585,1183,9.282872
350,1502,17.924839
336,1503,5.479366
531,1504,25.372398
422,1187,8.093329
531,1505,2.264708
319,1188,26.361528
382,1188,4.268754
400,1188,9.711989
531,1506,2.264708
382,1189,6.10256
386,1189,18.302908
420,1189,0.962538
382,1190,22.925171
420,1190,5.289073
421,1190,7.049351
422,1190,3.376075
531,1507,2.264708
321,1191,18.734024
381,1191,7.143816
400,1191,4.712514
419,1191,15.766608
420,1191,14.848859
421,1191,5.963675
422,1191,3.824298
531,1508,2.264708
531,1509,2.519999
324,1192,8.914888
382,1192,26.348001
400,1192,5.462016
401,1192,10.474623
420,1192,5.5802
421,1192,3.977689
422,1192,4.820703
531,1510,2.519999
381,1193,3.293523
383,1193,24.980043
384,1193,7.44562
398,1193,19.07065
421,1193,7.554526
422,1193,3.961593
531,1511,2.519999
530,1512,4.466527
531,1512,2.352942
384,1194,10.254035
530,1513,5.064853
530,1514,4.897797
530,1515,5.658773
463,1197,26.270512
530,1516,5.367117
530,1517,5.589339
463,1198,24.159452
464,1198,9.102345
465,1198,18.521009
529,1518,4.886145
530,1518,5.933225
331,1199,1.361339
464,1199,6.891352
465,1199,13.595864
529,1519,4.860817
530,1519,10.043713
331,1200,2.656883
463,1200,6.850289
464,1200,6.891352
465,1200,13.486988
529,1520,2.264708
463,1201,15.545355
464,1201,5.548073
465,1201,9.392049
331,1202,26.990332
463,1202,14.130614
464,1202,5.743493
465,1202,9.412834
331,1203,3.767778
406,1522,19.667589
406,1523,16.996536
279,1205,1.305302
408,1205,9.460232
412,1205,29.950289
457,1205,10.497997
458,1205,10.050088
464,1205,21.76981
390,1206,17.437021
393,1206,4.905335
408,1206,19.550238
410,1206,9.640204
411,1206,8.816451
464,1206,13.330533
465,1206,21.326542
406,1524,5.157896
392,1207,3.731987
407,1207,9.949345
411,1207,1.858263
464,1207,22.461983
391,1208,19.087492
392,1208,2.462064
390,1209,6.603782
391,1209,1.934705
392,1209,3.257974
409,1210,6.013123
370,1212,4.317033
369,1214,10.913029
369,1215,3.142167
423,1221,19.648436
424,1222,7.635676
424,1223,8.729619
368,1225,24.463102
277,1866,22.290062
389,1235,14.331144
393,1236,17.091848
394,1236,17.442909
395,1236,16.995749
396,1236,18.694878
400,1236,10.885775
283,1557,26.866102
284,1557,22.796303
286,1557,23.536524
288,1557,3.588238
289,1557,0.037037
285,1558,27.352425
286,1558,11.510895
287,1558,10.658427
288,1558,6.024327
289,1558,3.331253
290,1558,0.147428
289,1559,10.675938
290,1559,0.147428
294,1559,1.762657
289,1560,16.918049
290,1560,0.126316
294,1560,2.026215
289,1561,7.839471
290,1561,0.142912
291,1561,0.069841
294,1561,2.000588
289,1562,7.365744
290,1562,0.079755
291,1562,0.05283
294,1562,5.091045
295,1562,13.836859
288,1563,27.881237
289,1563,5.142251
290,1563,0.037037
291,1563,0.05283
294,1563,1.272728
295,1563,12.849003
296,1563,8.2047
300,1563,27.636326
287,1564,27.333767
289,1564,29.866047
294,1564,4.136368
295,1564,7.176476
296,1564,5.007692
297,1564,0.25
299,1564,15.4
300,1564,27.636326
294,1565,3.500004
295,1565,10.179144
296,1565,3.461539
297,1565,0.791667
299,1565,9.614286
300,1565,28.872103
282,1566,4.410006
295,1566,13.18181
296,1566,4.403846
297,1566,1.0
299,1566,9.614286
300,1566,28.872103
288,1567,12.437145
289,1567,5.857143
295,1567,4.000001
296,1567,11.903847
297,1567,3.0
288,1568,16.729118
289,1568,4.133011
290,1568,4.047622
295,1568,19.317577
296,1568,6.903846
297,1568,2.666667
287,1569,7.571472
288,1569,4.410006
289,1569,3.275868
290,1569,3.275868
295,1569,11.182425
296,1569,14.378847
297,1569,3.666667
287,1570,4.410006
288,1570,9.567166
289,1570,4.410006
291,1570,9.567166
294,1570,5.235299
295,1570,12.375002
296,1570,19.378847
294,1571,3.275868
295,1571,9.957142
296,1571,13.5
302,1571,25.833307
286,1572,4.410006
294,1572,3.275868
295,1572,5.95714
294,1573,10.609886
295,1573,5.235299
294,1574,11.210537
292,1575,9.567166
293,1575,3.275868
294,1575,3.275868
291,1576,3.275868
292,1576,4.047622
293,1576,4.047622
294,1576,4.047622
397,1576,22.111792
398,1576,21.75009
368,1257,21.042624
369,1257,14.272575
292,1577,3.275868
293,1577,4.047622
369,1258,24.4196
370,1258,20.491285
292,1578,4.410006
369,1262,11.309779
369,1264,15.514255
369,1265,16.928688
369,1266,17.221897
369,1267,20.506464
369,1268,18.756479
298,1597,25.347414
295,1609,15.28101
296,1609,3.881377
297,1609,0.915789
298,1609,4.372949
299,1609,11.865034
303,1611,21.775038
304,1612,15.094885
305,1612,8.216783
306,1612,23.604679
479,1298,3.561113
479,1299,3.343643
480,1299,1.623254
301,1303,10.916272
302,1303,1.474711
330,1625,26.624645
382,1306,6.69168
382,1307,5.916688
381,1310,11.817138
362,1311,28.578537
330,1633,28.459572
330,1634,23.383648
331,1634,8.625
330,1635,5.075924
329,1640,20.862953
558,1348,0.263772
328,1671,1.666667
311,1379,0.414801
311,1381,1.852821
434,1385,21.432608
434,1386,12.113803
300,1387,25.094687
412,1390,24.819687
413,1390,11.110044
414,1390,11.504713
406,1396,0.883514
406,1397,1.158718
410,1400,9.784562
329,1403,5.532834
307,1404,2.64665
302,1405,0.135725
302,1406,0.124621
307,1406,28.717453
308,1406,13.294991
385,1406,15.445963
302,1407,0.102862
306,1407,19.53611
307,1407,15.388684
386,1407,18.445068
281,1408,21.407444
282,1408,15.352247
287,1408,19.239567
302,1408,0.278039
306,1408,16.608585
307,1408,16.230335
356,1408,18.160793
357,1408,0.705739
440,1411,0.036913
465,1424,0.247494
465,1425,0.087192
368,1433,3.571625
368,1434,4.321537
368,1435,2.197564
338,1437,20.681168
382,1451,17.52759
383,1451,19.987783
384,1451,18.844294
359,1452,12.952557
358,1453,16.38348
359,1453,4.759661
383,1453,22.608074
287,1454,1.591717
289,1454,1.591717
336,1454,16.038666
339,1454,2.790592
358,1454,5.189795
297,1771,2.455353
297,1772,16.665194
336,1455,23.564323
337,1455,5.670866
336,1456,17.650482
337,1456,1.567072
297,1773,17.6619
335,1458,0.806631
280,1775,4.155764
281,1775,4.777771
282,1775,3.894731
281,1776,3.51388
282,1776,5.321428
490,1159,1.092526
493,1159,10.857315
463,1160,1.188181
463,1161,0.904604
489,1161,0.78889
290,1779,24.617361
291,1779,25.088293
292,1779,26.262314
293,1779,29.847151
295,1779,0.859813
296,1779,1.615719
455,1162,6.493249
463,1162,0.893418
491,1162,0.249568
492,1162,1.831158
285,1780,6.416332
286,1780,4.831718
287,1780,7.8824
288,1780,13.20914
289,1780,13.712477
290,1780,16.515055
291,1780,24.004044
292,1780,26.558146
491,1163,0.383399
497,1163,24.951521
498,1163,15.937045
489,1164,2.168291
490,1164,2.421968
498,1164,0.872976
475,1165,9.551847
342,1468,0.779412
343,1468,0.897259
345,1468,0.509345
346,1468,0.897259
343,1469,0.509345
346,1469,0.994594
355,1788,11.536764
356,1788,11.155448
347,1470,1.032019
355,1789,14.432463
356,1789,2.064368
348,1472,0.497297
348,1473,1.032019
347,1474,7.426926
346,1475,9.71477
347,1475,10.072528
348,1475,7.976467
369,1479,4.358333
369,1480,5.056745
286,1484,13.722174
291,1804,22.687487
498,1165,14.227264
286,1485,17.463261
498,1166,25.239042
