2272,1655,21.378248
2348,1655,5.130549
2349,1655,7.141978
2272,1656,16.038368
2273,1656,0.433962
2298,1656,0.865944
2349,1656,4.504247
2272,1657,19.186255
2273,1657,4.602402
2275,1657,0.166667
2276,1657,3.21622
2277,1657,3.21622
2278,1657,4.794894
2279,1657,7.543902
2280,1657,6.384663
2281,1657,4.869693
2282,1657,4.816244
2283,1657,4.777023
2284,1657,4.895391
2297,1657,1.160211
2298,1657,0.945213
2321,1657,11.51516
2322,1657,8.867432
2349,1657,1.215982
2375,1657,2.348744
2377,1657,2.411168
2378,1657,3.879556
2267,1658,10.629941
2268,1658,10.629941
2269,1658,10.629941
2270,1658,5.408426
2271,1658,0.353503
2275,1658,1.499999
2276,1658,1.461539
2277,1658,1.552448
2278,1658,1.202503
2279,1658,1.930768
2280,1658,1.778143
2281,1658,1.43664
2282,1658,1.793605
2283,1658,0.542096
2284,1658,0.512441
2285,1658,0.512441
2286,1658,0.343317
2287,1658,0.393185
2296,1658,0.856202
2297,1658,1.052732
2298,1658,1.06972
2299,1658,14.571686
2300,1658,7.927241
2301,1658,5.52727
2302,1658,5.297301
2303,1658,5.297301
2304,1658,3.899997
2321,1658,10.557959
2322,1658,16.931904
2349,1658,0.960088
2375,1658,6.397905
2376,1658,1.685303
2377,1658,8.343324
2378,1658,7.60913
2379,1658,5.564428
2275,1659,4.372095
2277,1659,0.090909
2278,1659,0.253394
2279,1659,0.543458
2280,1659,1.848741
2281,1659,1.711517
2291,1659,4.964277
2293,1659,0.417085
2294,1659,0.514429
2295,1659,0.457126
2296,1659,0.433962
2297,1659,0.735412
2319,1659,2.589903
2320,1659,3.105776
2321,1659,4.904268
2322,1659,18.533419
2349,1659,4.588782
2374,1659,4.013774
2375,1659,3.331003
2376,1659,3.065464
2377,1659,2.590618
2378,1659,4.7307
2379,1659,5.196921
2380,1659,2.996005
2275,1660,4.964277
2278,1660,0.046512
2279,1660,0.046512
2293,1660,9.903217
2321,1660,4.2344
2323,1660,13.833341
2337,1660,29.763718
2338,1660,29.904627
2343,1660,1.77169
2344,1660,0.646412
2345,1660,0.9641
2346,1660,1.002873
2347,1660,0.767806
2348,1660,1.27732
2349,1660,2.27528
2350,1660,1.597418
2351,1660,2.959403
2352,1660,3.224818
2353,1660,3.200991
2354,1660,2.687172
2355,1660,2.679605
2356,1660,5.59064
2374,1660,2.218811
2375,1660,1.110808
2376,1660,1.361345
2377,1660,7.089447
2378,1660,4.760659
2379,1660,6.829426
2380,1660,15.628683
2275,1661,24.064589
2276,1661,6.372095
2343,1661,0.041872
2348,1661,0.136585
2349,1661,2.039683
2350,1661,1.827433
2351,1661,3.145935
2352,1661,2.981904
2353,1661,2.690613
2354,1661,2.628311
2355,1661,2.894612
2356,1661,6.450353
2357,1661,5.77429
2358,1661,5.910162
2361,1661,28.499594
2370,1661,11.278582
2373,1661,5.682414
2374,1661,4.290563
2375,1661,3.528781
2376,1661,3.017054
2377,1661,10.07995
2378,1661,11.469115
2379,1661,5.280253
2380,1661,6.531693
2406,1661,7.475227
2343,1662,0.440449
2348,1662,0.071633
2349,1662,0.249331
2350,1662,0.249331
2351,1662,0.727908
2352,1662,0.869711
2353,1662,1.001787
2354,1662,1.001787
2355,1662,1.001787
2356,1662,1.688259
2357,1662,1.688259
2358,1662,2.775901
2359,1662,7.018349
2360,1662,13.43511
2361,1662,8.420454
2362,1662,7.827697
2363,1662,5.836503
2364,1662,5.836503
2365,1662,17.388788
2366,1662,7.269233
2367,1662,18.734615
2368,1662,9.855389
2369,1662,10.426111
2370,1662,6.995757
2371,1662,18.5835
2372,1662,5.702464
2373,1662,4.574958
2374,1662,2.942301
2375,1662,2.8604
2376,1662,0.499054
2377,1662,0.499054
2378,1662,2.142528
2379,1662,11.089769
2380,1662,18.511288
2381,1662,4.457306
2401,1662,2.219582
2405,1662,2.952502
2406,1662,2.991361
2407,1662,14.646977
2408,1662,5.729764
2409,1662,11.545622
2410,1662,11.715499
2411,1662,12.248903
2412,1662,14.794701
2348,1663,0.339535
2349,1663,1.0227
2350,1663,1.0227
2375,1663,1.244144
2376,1663,1.299412
2377,1663,1.244144
2378,1663,1.244144
2379,1663,4.041534
2380,1663,2.902135
2382,1663,12.841546
2383,1663,12.247368
2384,1663,11.494886
2385,1663,10.743826
2386,1663,9.398231
2387,1663,9.369632
2388,1663,8.998406
2389,1663,8.866873
2390,1663,10.158452
2391,1663,2.428578
2392,1663,2.279253
2393,1663,2.032379
2394,1663,2.034207
2395,1663,2.606876
2396,1663,2.535243
2397,1663,1.294888
2398,1663,1.249322
2400,1663,0.444444
2401,1663,3.128071
2402,1663,1.45199
2405,1663,5.284746
2406,1663,13.671429
2407,1663,3.56279
2408,1663,9.618564
2409,1663,16.401897
2410,1663,5.838826
2411,1663,3.999143
2412,1663,3.824718
2429,1663,0.888044
2385,1664,8.269973
2386,1664,8.269973
2387,1664,8.269973
2388,1664,5.670526
2389,1664,5.463559
2390,1664,4.883204
2391,1664,4.741402
2392,1664,5.842938
2393,1664,1.456013
2394,1664,1.126502
2395,1664,1.126502
2396,1664,0.470588
2397,1664,0.470588
2398,1664,0.470588
2399,1664,0.470588
2400,1664,0.547504
2401,1664,0.480769
2402,1664,0.480769
2403,1664,0.444444
2404,1664,0.664649
2405,1664,0.363636
2407,1664,0.147651
2408,1664,0.2
2409,1664,0.2
2410,1664,0.2
2411,1664,0.247619
2412,1664,0.047619
2413,1664,0.412055
2414,1664,0.578586
2415,1664,0.630935
2416,1664,0.630935
2426,1664,2.250108
2427,1664,0.79768
2428,1664,0.876127
2429,1664,1.167065
2414,1665,0.106564
2415,1665,0.107971
2416,1665,0.107971
2417,1665,0.091572
2418,1665,0.091572
2419,1665,0.091572
2421,1665,0.119139
2422,1665,0.119139
2423,1665,0.119139
2424,1665,2.042152
2425,1665,7.492648
2426,1665,0.53875
2427,1665,0.602423
2428,1665,0.232619
2429,1665,0.186398
2427,1666,0.119139
2429,1666,0.571519
2430,1666,5.366073
2431,1666,9.359177
2436,1666,4.315031
2437,1666,3.024802
2326,1671,13.15134
2328,1671,13.516754
2329,1671,14.102961
2330,1671,14.102961
2331,1671,13.135404
2332,1671,13.135404
2333,1671,13.135404
2334,1671,14.635403
2335,1671,14.635403
2336,1671,14.635403
2337,1671,14.635403
2338,1671,14.635403
2339,1671,18.805874
2343,1671,19.769222
2344,1671,19.95517
2345,1671,18.238949
2346,1671,18.356083
2347,1671,18.356083
2348,1671,18.919758
2349,1671,20.268553
2350,1671,20.268553
2351,1671,19.783972
2352,1671,19.494753
2353,1671,15.246565
2354,1671,15.312666
2355,1671,22.950514
2356,1671,16.387575
2357,1671,16.037992
2358,1671,17.037029
2359,1671,20.951265
2360,1671,22.749695
2361,1671,22.338095
2362,1671,21.755432
2364,1671,19.228891
2365,1671,19.910639
2366,1671,11.81325
2372,1671,4.968963
2468,1671,3.850022
2326,1672,7.431832
2327,1672,7.431832
2328,1672,6.910094
2329,1672,6.910094
2330,1672,6.910094
2331,1672,9.148053
2333,1672,11.46536
2334,1672,11.837909
2335,1672,7.960864
2336,1672,6.468136
2337,1672,7.468136
2338,1672,7.468136
2339,1672,7.468136
2340,1672,7.468136
2341,1672,6.244643
2342,1672,6.270958
2343,1672,6.270958
2344,1672,6.307995
2345,1672,5.179899
2346,1672,6.974
2347,1672,6.946222
2348,1672,10.330837
2349,1672,7.699621
2350,1672,6.48791
2351,1672,6.096386
2352,1672,5.533956
2353,1672,5.645067
2354,1672,5.645067
2355,1672,6.06382
2356,1672,11.721352
2357,1672,7.149535
2358,1672,6.707518
2359,1672,8.873755
2360,1672,8.456151
2361,1672,8.831215
2362,1672,8.817961
2363,1672,7.47175
2364,1672,5.830796
2365,1672,8.060993
2366,1672,4.265617
2367,1672,7.361214
2368,1672,11.662024
2369,1672,3.639568
2370,1672,4.129187
2371,1672,4.567029
2372,1672,4.177814
2373,1672,2.939141
2374,1672,2.939141
2375,1672,3.545463
2376,1672,3.54331
2377,1672,3.591323
2378,1672,2.73204
2379,1672,2.688933
2380,1672,2.962044
2381,1672,6.770505
2382,1672,28.846336
2398,1672,2.296648
2498,1672,12.451758
2327,1673,1.67647
2328,1673,1.154731
2329,1673,1.24564
2330,1673,1.24564
2331,1673,1.441719
2332,1673,1.441719
2333,1673,1.441719
2334,1673,1.48823
2335,1673,1.48823
2336,1673,1.48823
2337,1673,2.48823
2338,1673,2.526692
2339,1673,2.010711
2340,1673,2.010711
2341,1673,2.040123
2342,1673,2.276438
2343,1673,2.045669
2344,1673,2.194788
2345,1673,2.155586
2346,1673,1.842399
2347,1673,1.842399
2348,1673,2.218999
2349,1673,2.29597
2350,1673,2.29597
2351,1673,4.373563
2352,1673,3.336526
2353,1673,1.465206
2354,1673,1.492984
2355,1673,1.332841
2356,1673,2.038321
2357,1673,1.431799
2358,1673,2.335945
2359,1673,2.944068
2360,1673,3.007327
2361,1673,3.469809
2362,1673,3.42633
2363,1673,3.161572
2364,1673,2.839501
2365,1673,5.117927
2366,1673,2.926395
2367,1673,8.695339
2368,1673,2.571731
2369,1673,2.571731
2370,1673,2.368714
2371,1673,2.368714
2372,1673,2.551697
2373,1673,1.806556
2374,1673,1.891876
2375,1673,2.248573
2376,1673,2.248573
2377,1673,1.4937
2378,1673,1.297271
2379,1673,2.073683
2380,1673,2.321824
2381,1673,2.103756
2397,1673,0.831583
2398,1673,0.647908
2399,1673,0.440449
2497,1673,3.727273
2498,1673,4.590671
2499,1673,1.166667
2328,1674,0.206774
2329,1674,0.206774
2330,1674,0.265597
2331,1674,0.262185
2332,1674,0.262185
2333,1674,0.176623
2334,1674,0.176623
2335,1674,0.176623
2336,1674,0.137421
2337,1674,0.137421
2338,1674,0.137421
2339,1674,0.137421
2340,1674,0.137421
2341,1674,0.192976
2342,1674,0.398104
2343,1674,0.398104
2344,1674,0.300882
2345,1674,0.39291
2346,1674,0.216142
2347,1674,0.216142
2348,1674,0.216142
2349,1674,0.308325
2350,1674,0.289863
2351,1674,0.520633
2352,1674,0.221929
2353,1674,0.25134
2354,1674,0.25134
2355,1674,0.461274
2356,1674,0.461274
2357,1674,0.493532
2358,1674,2.306512
2359,1674,1.682779
2360,1674,1.183483
2361,1674,1.127927
2362,1674,1.127927
2363,1674,0.780963
2364,1674,1.456428
2365,1674,2.869675
2366,1674,2.424788
2367,1674,2.966585
2368,1674,2.046924
2369,1674,2.078564
2370,1674,3.795329
2371,1674,2.715783
2372,1674,1.874486
2373,1674,1.668317
2374,1674,1.668317
2375,1674,1.419017
2376,1674,1.439017
2377,1674,1.087836
2378,1674,1.750709
2379,1674,1.425436
2380,1674,5.867402
2416,1674,0.106483
2417,1674,0.106483
2429,1674,24.452263
2329,1675,0.123609
2330,1675,0.123609
2331,1675,0.089127
2332,1675,0.089127
2333,1675,0.089127
2334,1675,0.089127
2335,1675,0.089127
2336,1675,0.089127
2337,1675,0.089127
2338,1675,0.089127
2339,1675,0.297351
2340,1675,0.297351
2341,1675,0.297351
2342,1675,0.331833
2343,1675,0.169043
2344,1675,0.110219
2345,1675,0.240752
2346,1675,0.077961
2347,1675,0.077961
2348,1675,0.133517
2349,1675,0.300183
2350,1675,0.300183
2351,1675,0.222961
2352,1675,0.222961
2353,1675,0.208895
2354,1675,0.708895
2355,1675,0.337741
2356,1675,0.783258
2357,1675,0.283258
2358,1675,0.174866
2359,1675,0.325271
2360,1675,0.145455
2361,1675,0.045455
2362,1675,0.074866
2363,1675,0.362099
2364,1675,0.826064
2365,1675,2.037668
2366,1675,1.204335
2367,1675,5.535873
2368,1675,0.592118
2369,1675,0.592118
2370,1675,0.581396
2371,1675,0.581396
2372,1675,0.647122
2373,1675,0.678676
2374,1675,1.826746
2375,1675,0.303676
2376,1675,0.303676
2377,1675,0.283676
2378,1675,0.368981
2379,1675,0.394144
2380,1675,0.35738
2381,1675,0.916484
2328,1676,0.079937
2329,1676,0.079937
2330,1676,0.079937
2331,1676,0.386741
2332,1676,0.462477
2333,1676,0.107994
2334,1676,0.223884
2335,1676,0.251835
2336,1676,0.219577
2337,1676,0.310939
2338,1676,0.310939
2339,1676,0.395145
2340,1676,0.258217
2341,1676,0.258217
2342,1676,0.198367
2343,1676,0.362887
2344,1676,0.362887
2345,1676,0.620658
2346,1676,0.463687
2347,1676,0.463687
2348,1676,0.182403
2349,1676,0.648802
2350,1676,0.248066
2351,1676,2.148802
2352,1676,0.648802
2353,1676,0.161191
2354,1676,0.481191
2355,1676,0.216746
2356,1676,0.536746
2357,1676,0.661746
2358,1676,0.766416
2359,1676,0.719149
2360,1676,0.853558
2361,1676,2.381508
2362,1676,0.703386
2363,1676,0.666981
2364,1676,0.936399
2365,1676,1.226014
2366,1676,0.697781
2367,1676,0.556426
2368,1676,0.507085
2369,1676,0.377952
2370,1676,1.431368
2371,1676,1.032621
2372,1676,0.520709
2373,1676,0.357768
2374,1676,0.357768
2375,1676,0.420709
2376,1676,0.278775
2377,1676,0.258775
2378,1676,0.226517
2382,1676,0.916484
2329,1677,0.032258
2330,1677,0.032258
2331,1677,0.191626
2332,1677,0.217848
2333,1677,0.246269
2334,1677,0.246269
2335,1677,0.274219
2336,1677,0.21437
2337,1677,0.226318
2338,1677,0.226318
2339,1677,0.300945
2340,1677,0.300945
2341,1677,0.300945
2342,1677,0.330078
2343,1677,0.314039
2344,1677,0.284906
2345,1677,0.332844
2346,1677,0.437477
2347,1677,0.346115
2348,1677,0.188732
2349,1677,0.227501
2350,1677,0.475635
2351,1677,0.511464
2352,1677,0.191464
2353,1677,0.232958
2354,1677,0.552958
2355,1677,0.552958
2356,1677,0.552958
2357,1677,0.404294
2358,1677,0.404294
2359,1677,0.299625
2360,1677,0.474772
2361,1677,0.474772
2362,1677,0.474772
2363,1677,0.408105
2364,1677,0.560148
2365,1677,0.3926
2366,1677,1.49727
2367,1677,0.262775
2368,1677,0.262775
2369,1677,0.262775
2370,1677,0.191954
2371,1677,0.292942
2372,1677,0.359609
2373,1677,0.268247
2374,1677,0.268247
2375,1677,0.268247
2376,1677,0.359609
2377,1677,0.292942
2378,1677,0.204056
2329,1678,0.071429
2330,1678,0.162791
2331,1678,0.142941
2332,1678,0.199934
2333,1678,0.136993
2334,1678,0.166126
2335,1678,0.20762
2336,1678,0.20762
2337,1678,0.195708
2338,1678,0.195708
2339,1678,0.292762
2340,1678,0.244778
2341,1678,0.244778
2342,1678,0.220999
2343,1678,0.280814
2344,1678,0.280814
2345,1678,0.407146
2346,1678,0.292974
2347,1678,0.292974
2348,1678,0.298683
2349,1678,0.330078
2350,1678,0.278348
2351,1678,0.278348
2352,1678,0.278348
2353,1678,0.18007
2354,1678,0.243011
2355,1678,0.18007
2356,1678,0.347681
2357,1678,0.347681
2358,1678,0.267827
2359,1678,0.381241
2360,1678,0.265351
2361,1678,0.306844
2362,1678,0.411272
2363,1678,0.295382
2364,1678,0.295382
2365,1678,0.358323
2366,1678,0.358323
2367,1678,0.326065
2368,1678,0.344421
2369,1678,0.292942
2370,1678,1.646065
2371,1678,1.136352
2372,1678,1.206686
2373,1678,0.207386
2374,1678,0.207386
2375,1678,0.206687
2376,1678,1.136352
2377,1678,0.252701
2378,1678,0.232274
2379,1678,0.275985
2387,1678,0.339535
2388,1678,0.339535
2391,1678,0.520449
2392,1678,0.440449
2393,1678,0.440449
2394,1678,0.339535
2396,1678,0.719541
2397,1678,0.792082
2398,1678,1.073476
2399,1678,0.972563
2400,1678,0.633027
2401,1678,0.633027
2402,1678,0.633027
2403,1678,0.670709
2404,1678,0.655527
2405,1678,0.655527
2408,1678,1.462177
2409,1678,1.462177
2410,1678,2.397887
2411,1678,1.413583
2412,1678,1.413583
2417,1678,0.0225
2329,1679,0.051948
2330,1679,0.051948
2331,1679,0.126126
2332,1679,0.182431
2333,1679,0.171218
2334,1679,0.171218
2335,1679,0.212712
2336,1679,0.188932
2337,1679,0.222492
2338,1679,0.222492
2339,1679,0.294126
2340,1679,0.294126
2341,1679,0.294126
2342,1679,0.345605
2343,1679,0.350125
2344,1679,0.298646
2345,1679,0.276412
2346,1679,0.324901
2347,1679,0.336813
2348,1679,0.275839
2349,1679,0.280814
2350,1679,0.272478
2351,1679,0.285339
2352,1679,0.222398
2353,1679,0.25354
2354,1679,0.316481
2355,1679,0.316481
2356,1679,0.316481
2357,1679,0.412366
2358,1679,0.412366
2359,1679,0.37633
2360,1679,0.331015
2361,1679,0.331015
2362,1679,0.331015
2363,1679,0.239653
2364,1679,0.209892
2365,1679,0.209892
2366,1679,0.245928
2367,1679,0.275689
2368,1679,0.204261
2369,1679,0.204261
2370,1679,0.181942
2371,1679,0.606687
2372,1679,0.698049
2373,1679,0.70996
2374,1679,0.70996
2375,1679,0.70996
2376,1679,0.698049
2377,1679,1.44002
2378,1679,0.374552
2379,1679,0.320171
2381,1679,0.051546
2382,1679,0.086505
2383,1679,0.126978
2384,1679,0.508729
2385,1679,0.761476
2386,1679,0.921343
2388,1679,1.14399
2389,1679,1.011914
2390,1679,0.960435
2391,1679,0.921343
2392,1679,0.779898
2393,1679,0.779898
2394,1679,0.568826
2395,1679,0.467912
2396,1679,0.411168
2397,1679,0.411168
2398,1679,0.207459
2399,1679,0.207459
2406,1679,0.131579
2407,1679,0.131579
2408,1679,0.131579
2409,1679,0.131579
2410,1679,0.131579
2411,1679,0.131579
2412,1679,0.131579
2413,1679,0.131579
2414,1679,0.326531
2415,1679,0.326531
2416,1679,0.326531
2417,1679,0.326531
2418,1679,0.326531
2419,1679,0.326531
2420,1679,0.97775
2421,1679,0.131579
2424,1679,1.413583
2425,1679,1.413583
2426,1679,1.413583
2427,1679,1.413583
2329,1680,0.086538
2330,1680,0.074627
2331,1680,0.102394
2332,1680,0.222459
2333,1680,0.223158
2334,1680,0.274637
2335,1680,0.305779
2336,1680,0.305779
2337,1680,0.259765
2338,1680,0.259765
2339,1680,0.500784
2340,1680,0.417144
2341,1680,0.417144
2342,1680,0.387383
2343,1680,0.467224
2344,1680,0.467224
2345,1680,0.644615
2346,1680,0.333601
2347,1680,0.35738
2348,1680,0.266462
2349,1680,0.322425
2350,1680,0.27435
2351,1680,0.27435
2352,1680,0.27435
2353,1680,0.263097
2354,1680,0.262398
2355,1680,0.263097
2356,1680,0.298434
2357,1680,0.298434
2358,1680,0.319381
2359,1680,0.425893
2360,1680,0.39676
2361,1680,0.427902
2362,1680,0.58981
2363,1680,0.560677
2364,1680,0.560677
2365,1680,0.559978
2366,1680,0.559978
2367,1680,0.54803
2368,1680,0.500667
2369,1680,0.368591
2370,1680,0.753828
2371,1680,3.063574
2373,1680,0.813291
2374,1680,0.813291
2375,1680,0.775163
2376,1680,3.063574
2377,1680,3.063574
2378,1680,2.614732
2379,1680,0.610971
2380,1680,0.374552
2381,1680,0.132627
2382,1680,0.168225
2383,1680,0.445823
2384,1680,0.761476
2396,1680,0.935771
2397,1680,0.935771
2408,1680,0.205608
2409,1680,0.205608
2410,1680,0.205608
2411,1680,0.205608
2412,1680,0.205608
2413,1680,0.24
2414,1680,0.24
2415,1680,0.24
2416,1680,0.24
2417,1680,0.1
2418,1680,0.1
2419,1680,0.1
2420,1680,0.24
2421,1680,0.24
2423,1680,0.131579
2424,1680,0.631163
2425,1680,0.452049
2426,1680,1.865565
2427,1680,0.642969
2428,1680,0.337429
2429,1680,0.109558
2329,1681,0.085106
2330,1681,0.085106
2331,1681,0.223091
2332,1681,0.246024
2333,1681,0.238138
2334,1681,0.238138
2335,1681,0.26928
2336,1681,0.239519
2337,1681,0.366978
2338,1681,0.366978
2339,1681,0.963215
2340,1681,0.963215
2341,1681,0.963215
2342,1681,1.09529
2343,1681,1.050164
2344,1681,0.918088
2345,1681,0.961834
2346,1681,0.87047
2347,1681,0.774681
2348,1681,0.553019
2349,1681,0.598601
2350,1681,0.519459
2351,1681,0.619673
2352,1681,0.620372
2353,1681,0.762175
2354,1681,0.761476
2355,1681,0.761476
2356,1681,0.761476
2357,1681,0.835336
2358,1681,0.835336
2359,1681,0.785255
2360,1681,0.837368
2361,1681,0.837368
2362,1681,0.837368
2363,1681,0.84928
2366,1681,1.479715
2367,1681,0.89936
2368,1681,0.812822
2369,1681,0.812822
2379,1681,8.172515
2380,1681,2.614732
2381,1681,0.201132
2382,1681,0.220443
2383,1681,0.204261
2384,1681,0.071633
2409,1681,0.031746
2410,1681,0.031746
2411,1681,0.031746
2412,1681,0.031746
2413,1681,0.051746
2414,1681,0.546316
2415,1681,0.546316
2416,1681,0.581403
2417,1681,0.561404
2418,1681,0.026316
2419,1681,0.026316
2420,1681,0.026316
2422,1681,0.196255
2423,1681,4.43816
2424,1681,3.078763
2425,1681,10.399748
2426,1681,0.339822
2433,1681,0.812938
2434,1681,1.927572
2435,1681,2.281716
2329,1682,0.117647
2330,1682,0.071633
2331,1682,0.121872
2332,1682,0.68978
2333,1682,0.727908
2334,1682,0.859984
2335,1682,1.001787
2336,1682,1.001787
2337,1682,1.015772
2338,1682,1.015772
2348,1682,1.09529
2381,1682,0.172023
2382,1682,0.430583
2383,1682,0.500667
2384,1682,0.457182
2385,1682,0.339535
2414,1682,0.076923
2415,1682,0.076923
2417,1682,0.017094
2418,1682,0.017094
2419,1682,0.023438
2420,1682,0.058525
2421,1682,0.058525
2422,1682,2.5423
2423,1682,3.665038
2424,1682,3.739357
2425,1682,0.830452
2426,1682,4.09966
2329,1683,0.207459
2330,1683,0.207459
2331,1683,0.779984
2381,1683,0.50803
2382,1683,0.70923
2383,1683,0.812822
2384,1683,0.872424
2390,1683,0.803696
2391,1683,0.875329
2392,1683,0.907358
2393,1683,0.662251
2397,1683,0.845567
2398,1683,0.875329
2399,1683,0.861344
2400,1683,0.733885
2401,1683,0.779898
2402,1683,0.599968
2403,1683,0.499054
2409,1683,0.017094
2410,1683,0.052182
2411,1683,0.058525
2412,1683,0.058525
2413,1683,0.023438
2414,1683,0.011765
2415,1683,0.011765
2416,1683,0.024155
2417,1683,0.024155
2418,1683,0.003891
2419,1683,0.003891
2420,1683,0.047619
2421,1683,0.099801
2422,1683,0.099801
2423,1683,0.110153
2424,1683,0.116496
2425,1683,0.043485
2381,1684,0.723215
2393,1684,0.921343
2394,1684,0.793883
2395,1684,0.779898
2396,1684,0.748757
2397,1684,0.568826
2398,1684,0.568826
2399,1684,0.48232
2400,1684,0.381407
2401,1684,0.411168
2402,1684,0.279093
2403,1684,0.279093
2404,1684,0.207459
2405,1684,0.377216
2409,1684,0.024155
2410,1684,0.003891
2411,1684,0.020985
2412,1684,0.064713
2413,1684,0.064713
2414,1684,0.071057
2415,1684,0.081409
2416,1684,0.081409
2417,1684,0.049446
2418,1684,0.049446
2419,1684,0.034265
2420,1684,0.046655
2421,1684,0.046655
2422,1684,0.072748
2423,1684,0.069578
2424,1684,0.069578
2425,1684,0.070985
2426,1684,1.309828
2427,1684,0.097619
2432,1684,0.964894
2433,1684,2.018778
2402,1685,0.803696
2403,1685,0.803696
2409,1685,0.037681
2410,1685,0.061836
2411,1685,0.046655
2412,1685,0.046655
2413,1685,0.026391
2414,1685,0.069578
2415,1685,0.11965
2416,1685,0.121057
2417,1685,0.121057
2418,1685,0.130428
2419,1685,0.118755
2420,1685,0.117458
2421,1685,0.109558
2422,1685,0.109558
2423,1685,0.098199
2424,1685,0.083018
2428,1685,2.07769
2429,1685,1.547788
2432,1685,4.989025
2433,1685,8.341706
2434,1685,4.755134
2410,1686,0.106991
2416,1686,0.106483
2433,1686,8.122378
2327,1687,0.339535
2328,1687,0.761413
2329,1687,0.897239
2330,1687,1.310159
2382,1687,0.339535
2328,1688,0.071633
2329,1688,0.336596
2330,1688,0.63564
2331,1688,1.087405
2332,1688,1.087405
2333,1688,1.057643
2334,1688,1.286016
2335,1688,1.286016
2342,1688,1.064149
2343,1688,1.064149
2344,1688,1.09529
2353,1688,0.972889
2355,1688,0.648667
2356,1688,0.618906
2357,1688,0.293964
2367,1688,0.041872
2400,1688,0.977643
2401,1688,1.007405
2402,1688,0.803696
2403,1688,0.852289
2327,1689,0.136585
2328,1689,0.240445
2329,1689,0.328228
2330,1689,0.385779
2331,1689,0.419339
2332,1689,0.369259
2333,1689,0.323245
2334,1689,0.323245
2335,1689,0.58278
2336,1689,0.58278
2337,1689,0.613922
2338,1689,0.584161
2339,1689,0.584161
2340,1689,0.584161
2341,1689,0.35738
2342,1689,0.35738
2343,1689,0.512539
2344,1689,0.466525
2345,1689,0.598601
2346,1689,0.519459
2347,1689,0.30459
2348,1689,0.432049
2349,1689,0.390556
2350,1689,0.390556
2351,1689,0.12318
2352,1689,0.12318
2354,1689,0.165106
2355,1689,0.165106
2356,1689,0.165106
2357,1689,0.292566
2358,1689,0.292566
2359,1689,0.259006
2360,1689,0.292566
2361,1689,0.391082
2362,1689,0.207459
2363,1689,0.207459
2364,1689,0.12
2365,1689,0.232459
2366,1689,0.339535
2367,1689,0.480192
2368,1689,0.247202
2369,1689,0.219805
2370,1689,0.219805
2371,1689,0.041872
2372,1689,0.071633
2373,1689,0.027397
2374,1689,0.027397
2379,1689,0.05
2380,1689,0.125106
2381,1689,0.049691
2382,1689,0.012346
2383,1689,0.027397
2384,1689,0.012346
2385,1689,0.012346
2389,1689,0.024155
2390,1689,0.024155
2391,1689,0.318119
2392,1689,0.251351
2393,1689,0.532883
2394,1689,0.532883
2395,1689,0.328997
2396,1689,0.170396
2397,1689,0.652558
2398,1689,0.610206
2399,1689,0.50804
2400,1689,0.434367
2401,1689,0.434367
2402,1689,0.45018
2403,1689,0.716752
2406,1689,1.366414
2408,1689,1.314956
2409,1689,1.510466
2410,1689,1.522713
2411,1689,1.342959
2412,1689,1.303118
2413,1689,1.088381
2414,1689,1.006081
2415,1689,0.815711
2416,1689,0.860653
2417,1689,0.573937
2418,1689,0.573937
2419,1689,0.105693
2430,1689,0.414634
2431,1689,0.414894
2432,1689,2.295463
2325,1690,0.273238
2326,1690,0.26503
2327,1690,0.223158
2328,1690,0.222459
2332,1690,0.119672
2333,1690,0.171218
2334,1690,0.288865
2335,1690,0.265086
2336,1690,0.265086
2337,1690,0.298646
2338,1690,0.298646
2339,1690,0.298646
2340,1690,0.272478
2341,1690,0.284426
2342,1690,0.275839
2343,1690,0.276538
2344,1690,0.34124
2345,1690,0.421698
2346,1690,0.455258
2347,1690,0.54132
2348,1690,0.577356
2349,1690,0.644709
2350,1690,0.637188
2351,1690,0.666569
2352,1690,0.66587
2353,1690,0.807673
2354,1690,0.891302
2355,1690,0.891302
2356,1690,1.092085
2357,1690,1.026778
2358,1690,0.815856
2359,1690,0.798928
2360,1690,0.838928
2361,1690,0.847787
2362,1690,0.905808
2363,1690,0.803882
2364,1690,0.691189
2365,1690,1.135299
2366,1690,2.108422
2367,1690,1.736249
2368,1690,1.790767
2369,1690,1.017044
2370,1690,0.790825
2371,1690,0.54712
2372,1690,0.65605
2373,1690,0.397208
2374,1690,0.465857
2375,1690,0.472467
2376,1690,0.657678
2377,1690,0.603545
2378,1690,0.147987
2379,1690,0.136197
2380,1690,0.161125
2381,1690,0.213609
2382,1690,0.227164
2383,1690,0.227164
2384,1690,0.227164
2385,1690,0.213609
2386,1690,0.161125
2387,1690,0.126248
2388,1690,0.148931
2389,1690,0.136585
2390,1690,0.136585
2391,1690,0.136585
2392,1690,0.025
2394,1690,0.025
2395,1690,0.04
2397,1690,0.086505
2398,1690,0.136585
2399,1690,0.136585
2401,1690,0.154447
2402,1690,0.328744
2403,1690,0.003891
2404,1690,0.090705
2405,1690,0.345615
2406,1690,0.345615
2407,1690,0.037681
2408,1690,0.374834
2409,1690,0.061836
2410,1690,0.046655
2411,1690,0.614437
2412,1690,0.291965
2413,1690,0.291965
2414,1690,0.332306
2415,1690,0.338649
2416,1690,0.337669
2417,1690,0.348021
2418,1690,0.335051
2419,1690,0.097168
2420,1690,0.08581
2422,1690,0.083018
2427,1690,3.176751
2428,1690,4.167989
2429,1690,29.371033
2431,1690,16.634323
2433,1690,19.17535
2324,1691,0.086505
2325,1691,0.20001
2326,1691,0.577674
2327,1691,0.20001
2328,1691,0.246024
2329,1691,0.325866
2330,1691,0.171612
2331,1691,0.171612
2332,1691,0.188132
2333,1691,0.385779
2334,1691,0.289685
2335,1691,0.289685
2336,1691,0.417144
2337,1691,0.387383
2338,1691,0.387383
2339,1691,0.519459
2340,1691,0.519459
2341,1691,0.519459
2342,1691,0.519459
2343,1691,0.657801
2344,1691,0.831445
2345,1691,0.958205
2346,1691,0.972889
2347,1691,0.97219
2348,1691,1.576324
2349,1691,1.7084
2355,1691,2.142017
2363,1691,3.758031
2365,1691,3.280423
2371,1691,2.725046
2372,1691,3.704486
2373,1691,3.117866
2374,1691,4.652202
2375,1691,3.938316
2376,1691,3.037221
2377,1691,2.08827
2378,1691,1.533385
2379,1691,0.183847
2380,1691,2.630977
2381,1691,3.878543
2382,1691,4.294082
2383,1691,7.967391
2384,1691,4.563025
2385,1691,3.878543
2386,1691,0.432318
2387,1691,0.207373
2388,1691,0.242362
2389,1691,0.242362
2390,1691,0.214964
2391,1691,0.189738
2392,1691,0.235397
2393,1691,0.186003
2394,1691,0.134826
2395,1691,0.147481
2396,1691,0.208495
2397,1691,0.245443
2398,1691,0.593776
2399,1691,0.553776
2400,1691,0.588864
2401,1691,0.335257
2402,1691,0.558924
2403,1691,0.003891
2404,1691,0.037681
2405,1691,0.527902
2407,1691,0.966954
2408,1691,1.339598
2409,1691,1.366938
2410,1691,1.185471
2411,1691,1.970192
2412,1691,1.15404
2413,1691,1.139558
2414,1691,0.817361
2415,1691,1.038204
2429,1691,3.287604
2430,1691,2.276363
2431,1691,7.942662
2432,1691,20.00758
2433,1691,11.173158
2323,1692,0.041872
2324,1692,0.588866
2325,1692,0.626994
2327,1692,0.727908
2328,1692,0.68978
2329,1692,0.588866
2330,1692,0.113505
2331,1692,0.113505
2332,1692,0.239519
2333,1692,0.679968
2334,1692,0.807427
2335,1692,0.94923
2336,1692,1.133419
2337,1692,1.133419
2338,1692,1.133419
2372,1692,7.77122
2373,1692,7.653779
2374,1692,7.924224
2375,1692,8.375387
2376,1692,8.652983
2377,1692,7.845275
2378,1692,6.975963
2379,1692,3.43155
2380,1692,8.266798
2381,1692,10.709498
2385,1692,10.709498
2386,1692,8.266798
2387,1692,2.664083
2388,1692,1.270152
2389,1692,1.392847
2390,1692,1.041695
2391,1692,0.99976
2392,1692,0.704153
2393,1692,0.628281
2394,1692,0.480047
2395,1692,0.502286
2396,1692,0.650311
2397,1692,0.691804
2398,1692,0.806711
2399,1692,0.641296
2400,1692,0.781149
2401,1692,0.382816
2402,1692,0.403255
2403,1692,0.573858
2404,1692,0.777507
2405,1692,0.999334
2428,1692,0.057971
2429,1692,0.224638
2430,1692,1.372308
2431,1692,8.405814
2432,1692,5.06105
2433,1692,10.36195
2322,1693,0.339535
2329,1693,1.518023
2330,1693,0.647908
2331,1693,0.546995
2332,1693,1.001787
2378,1693,7.834203
2379,1693,11.548732
2387,1693,5.768708
2388,1693,4.426225
2389,1693,4.426225
2390,1693,3.161026
2391,1693,2.322251
2392,1693,2.089639
2393,1693,1.740455
2394,1693,1.832187
2395,1693,1.352833
2396,1693,2.113294
2397,1693,2.060512
2398,1693,2.195514
2399,1693,2.180216
2400,1693,2.258697
2401,1693,3.789285
2402,1693,0.852302
2403,1693,1.902378
2404,1693,1.110139
2405,1693,1.433302
2428,1693,0.060358
2430,1693,0.168519
2431,1693,2.154002
2432,1693,4.755231
2403,1694,2.85449
2404,1694,4.121152
2405,1694,2.571702
2417,1694,1.81676
2418,1694,1.485121
2419,1694,1.263801
2420,1694,1.080708
2421,1694,1.717505
2422,1694,1.135253
2423,1694,0.248883
2424,1694,0.507981
2425,1694,0.388882
2429,1694,0.669959
2430,1694,0.718169
2431,1694,0.718169
2432,1694,5.780137
2433,1694,20.314859
2434,1694,25.080042
2407,1695,10.046124
2408,1695,1.365161
2409,1695,1.365161
2410,1695,4.157119
2411,1695,4.22478
2413,1695,1.912678
2414,1695,2.158795
2432,1695,2.45496
2433,1695,16.9032
2434,1696,7.453423
2380,1699,0.653885
2323,1700,0.08
2361,1700,3.818513
2362,1700,5.390915
2407,1700,23.663675
2408,1700,23.908361
2409,1700,22.6173
2410,1700,22.243731
2411,1700,21.218662
2412,1700,23.996645
2309,1701,0.440449
2324,1701,0.113505
2325,1701,0.653885
2326,1701,0.653885
2327,1701,0.653885
2328,1701,0.624123
2358,1701,0.364227
2359,1701,1.276403
2360,1701,0.097696
2361,1701,0.930998
2362,1701,3.379096
2363,1701,9.187861
2364,1701,2.89517
2366,1701,1.210915
2367,1701,1.089402
2368,1701,1.040323
2369,1701,0.8439
2370,1701,0.950198
2371,1701,0.98234
2372,1701,0.775054
2373,1701,0.731979
2374,1701,1.128926
2375,1701,1.103438
2376,1701,0.821478
2377,1701,0.735665
2378,1701,0.609188
2379,1701,0.229181
2380,1701,0.165289
2381,1701,0.276119
2382,1701,1.378651
2383,1701,4.23972
2384,1701,3.566925
2408,1701,5.754747
2409,1701,14.197984
2410,1701,10.001223
2411,1701,7.771752
2413,1701,20.235491
2414,1701,18.252958
2415,1701,22.907684
2416,1701,20.50857
2417,1701,22.785194
2418,1701,22.51461
2419,1701,24.787825
2425,1701,2.339734
2426,1701,0.482692
2427,1701,0.320964
2428,1701,0.113505
2429,1701,0.113505
2430,1701,0.071633
2435,1701,2.347651
2436,1701,3.656087
2305,1702,0.08
2306,1702,0.08
2307,1702,0.419535
2308,1702,0.381407
2333,1702,0.086505
2334,1702,0.086505
2342,1702,0.803696
2361,1702,5.106656
2367,1702,4.742774
2370,1702,5.552536
2375,1702,3.267128
2376,1702,2.876621
2377,1702,3.864221
2378,1702,3.500203
2379,1702,2.288468
2380,1702,0.619502
2381,1702,5.704423
2382,1702,5.531038
2383,1702,5.531038
2391,1702,1.328125
2392,1702,1.882186
2393,1702,1.932373
2394,1702,2.39233
2395,1702,4.86095
2396,1702,4.691864
2397,1702,2.120646
2398,1702,2.303356
2399,1702,1.15122
2400,1702,4.564419
2401,1702,6.4944
2402,1702,4.687306
2406,1702,5.660695
2407,1702,8.647582
2408,1702,13.184742
2409,1702,2.586329
2410,1702,4.882297
2411,1702,3.056088
2412,1702,1.792207
2413,1702,4.433609
2414,1702,4.803558
2415,1702,5.709983
2416,1702,4.10463
2417,1702,4.162883
2418,1702,6.90658
2419,1702,3.361955
2420,1702,2.412851
2421,1702,2.639049
2422,1702,1.889545
2423,1702,1.889545
2424,1702,3.30818
2425,1702,2.851905
2426,1702,2.910966
2427,1702,2.862477
2428,1702,2.862477
2429,1702,2.912382
2430,1702,2.908491
2431,1702,2.837969
2432,1702,4.247572
2433,1702,1.221692
2434,1702,2.714889
2435,1702,7.003007
2436,1702,7.239911
2447,1702,4.658938
2378,1703,5.430188
2379,1703,3.878519
2380,1703,0.67154
2398,1703,1.080446
2399,1703,1.135132
2400,1703,0.546907
2401,1703,1.951744
2402,1703,2.910663
2403,1703,2.866889
2404,1703,2.933264
2405,1703,2.075623
2406,1703,1.357172
2407,1703,0.981068
2408,1703,5.766282
2409,1703,1.218817
2410,1703,3.552175
2411,1703,0.394805
2412,1703,0.678921
2413,1703,1.140199
2414,1703,3.453701
2415,1703,4.936129
2416,1703,2.760153
2417,1703,1.727679
2418,1703,1.69822
2419,1703,1.517451
2420,1703,2.989425
2421,1703,2.265401
2422,1703,3.789113
2423,1703,4.226325
2424,1703,2.985944
2425,1703,1.705872
2426,1703,1.644239
2427,1703,2.2014
2428,1703,3.610757
2429,1703,2.200423
2430,1703,2.541445
2431,1703,0.861074
2432,1703,1.222237
2433,1703,1.719308
2434,1703,3.029009
2435,1703,4.672542
2436,1703,5.210742
2437,1703,6.175359
2444,1703,19.743763
2446,1703,19.129673
2451,1703,24.888792
2455,1703,17.450272
2400,1704,2.705403
2401,1704,2.645482
2402,1704,0.880806
2403,1704,0.964851
2404,1704,1.436448
2405,1704,1.437068
2406,1704,0.460442
2407,1704,1.97933
2408,1704,1.89018
2409,1704,1.268913
2410,1704,2.862736
2411,1704,3.217748
2412,1704,3.200804
2413,1704,12.603491
2416,1704,2.301146
2417,1704,2.830842
2436,1704,7.84455
2437,1704,17.11475
2438,1704,6.556386
2439,1704,6.262085
2440,1704,17.300694
2442,1704,21.970148
2444,1704,20.583385
2445,1704,11.367163
2446,1704,15.078547
2447,1704,20.80496
2448,1704,13.321021
2454,1704,27.714739
2456,1704,14.373109
2400,1705,5.454319
2401,1705,5.735344
2402,1705,3.87784
2403,1705,5.589694
2404,1705,4.822504
2405,1705,6.852117
2406,1705,13.374868
2407,1705,13.856323
2408,1705,9.674753
2409,1705,7.922763
2410,1705,13.454458
2411,1705,11.621041
2408,1706,13.06645
2409,1706,12.516226
2410,1706,17.161148
2411,1706,18.221228
2449,1706,10.472796
2450,1706,8.030997
2381,1709,8.82461
2367,1710,1.049168
2366,1711,0.965693
2369,1711,3.030164
2371,1711,0.041872
2372,1711,0.086505
2381,1711,7.627962
2382,1711,7.77033
2383,1711,9.719398
2365,1712,2.318754
2366,1712,2.010628
2371,1712,0.440449
2372,1712,0.47373
2373,1712,0.064815
2375,1712,0.165289
2380,1712,6.764988
2381,1712,5.054479
2382,1712,6.45455
2383,1712,9.577167
2372,1713,2.984255
2373,1713,0.445206
2375,1713,0.606451
2380,1713,3.756464
2381,1713,6.563928
2373,1714,0.668789
2379,1714,3.379129
2380,1714,4.909225
2378,1715,9.149724
2379,1715,6.732694
2466,1715,2.625786
2377,1716,18.420681
2378,1716,3.997671
2379,1716,3.713376
2343,1718,0.339535
2453,1720,0.817073
2455,1720,0.414894
2453,1721,0.817073
2454,1721,0.414894
2433,1722,1.414634
2434,1722,0.5
2435,1722,0.5
2410,1723,2.077645
2419,1724,10.231756
2420,1724,1.026239
2421,1724,2.805066
2419,1725,0.131115
2420,1725,0.410166
2421,1725,3.631126
2419,1726,0.079167
2420,1726,0.410166
2419,1727,0.138258
2437,1728,0.118182
2458,1728,21.959423
2445,1729,2.097507
2453,1729,0.414894
