2470,848,4.759073
2471,848,1.978314
2469,849,3.256673
2470,849,6.486293
2471,849,1.33487
2472,849,4.764527
2468,850,13.556899
2469,850,3.266984
2468,851,14.879862
2469,851,13.264541
2470,851,7.045351
2468,852,9.958326
2469,852,8.829309
2470,852,19.044319
2471,852,4.997558
2472,852,2.564818
2473,852,13.40693
2468,853,8.739861
2453,854,12.215301
2454,854,5.505769
2442,856,11.540973
2443,856,6.647335
2444,856,10.80757
2456,856,14.008514
2441,857,2.459519
2444,857,0.121538
2445,857,0.510858
2446,857,23.824852
2447,857,16.015509
2448,857,1.301503
2451,857,2.019644
2456,857,1.222173
2457,857,2.827051
2262,859,25.707144
2444,859,0.022824
2445,859,4.614186
2446,859,4.673817
2447,859,3.205262
2448,859,7.589147
2449,859,7.161818
2450,859,3.334259
2451,859,0.87538
2262,860,15.323976
2302,860,25.140045
2443,860,0.567179
2444,860,0.016961
2445,860,0.219829
2257,861,19.682495
2261,861,3.669719
2262,861,20.70713
2301,861,27.543625
2302,861,20.472393
2303,861,18.663448
2441,861,2.714465
2443,861,2.216766
2444,861,0.204461
2445,861,0.059397
2446,861,5.001201
2447,861,6.250331
2448,861,13.700444
2449,861,6.278586
2450,861,3.790306
2257,862,14.126617
2258,862,13.126477
2259,862,28.984457
2260,862,12.109408
2261,862,1.970635
2262,862,2.029116
2300,862,27.967299
2303,862,15.286575
2304,862,24.158354
2445,862,0.023767
2446,862,3.559592
2447,862,21.276241
2448,862,18.645016
2449,862,1.638198
2450,862,2.251313
2457,862,7.725221
2458,862,4.622185
2459,862,4.779507
2461,862,5.770714
2463,862,12.443661
2256,863,10.611488
2257,863,4.69893
2259,863,3.130115
2260,863,1.517209
2261,863,3.34066
2262,863,1.280722
2303,863,25.440527
2305,863,25.074633
2458,863,12.843215
2459,863,9.13743
2257,864,1.694419
2258,864,2.509389
2259,864,1.470546
2260,864,1.290142
2261,864,0.782548
2262,864,6.927677
2457,864,28.6507
2458,864,11.443461
2459,864,3.431789
2464,864,24.847607
2260,865,1.673122
2261,865,5.97864
2262,865,20.387268
2297,866,20.156153
2457,866,10.947169
2458,866,15.769949
2459,866,9.541382
2460,866,1.29706
2461,866,8.893794
2462,866,24.053185
2276,867,10.519429
2277,867,18.543049
2278,867,9.392026
2279,867,10.417829
2280,867,27.791235
2457,867,13.750872
2458,867,10.860435
2459,867,9.663589
2460,867,3.974864
2461,867,13.910217
2462,867,23.162071
2262,868,10.022291
2263,868,14.645081
2276,868,10.255202
2277,868,7.402718
2278,868,4.496517
2279,868,2.118017
2280,868,11.653421
2281,868,5.691996
2282,868,5.268341
2283,868,9.705583
2284,868,5.629744
2285,868,7.212162
2459,868,20.33078
2460,868,7.045382
2461,868,6.825298
2462,868,17.385674
2258,869,18.837845
2259,869,14.780717
2260,869,26.943335
2261,869,17.770401
2262,869,13.121951
2276,869,12.629259
2277,869,15.997323
2278,869,1.676702
2279,869,3.374578
2280,869,4.610868
2281,869,5.236614
2282,869,4.895552
2283,869,2.814455
2284,869,4.795562
2285,869,5.498894
2286,869,6.118179
2287,869,7.574705
2290,869,10.436086
2291,869,24.651646
2293,869,24.485619
2294,869,18.306616
2302,869,5.965093
2303,869,1.633868
2304,869,0.412765
2305,869,1.075564
2306,869,2.767051
2307,869,0.990486
2308,869,2.406525
2458,869,0.053869
2459,869,0.322101
2460,869,0.018073
2461,869,1.427899
2462,869,0.489411
2463,869,4.337588
2258,870,7.847284
2259,870,3.014309
2260,870,3.416903
2261,870,9.185018
2262,870,18.104694
2276,870,16.406193
2277,870,10.831274
2278,870,7.351928
2279,870,2.702038
2280,870,1.86616
2281,870,1.674712
2282,870,1.351158
2283,870,1.041837
2284,870,2.161551
2285,870,2.297313
2286,870,2.282383
2290,870,6.22185
2291,870,13.414414
2292,870,29.95669
2293,870,5.685673
2295,870,17.43049
2303,870,3.663072
2304,870,4.700695
2305,870,2.725846
2306,870,1.471805
2307,870,3.661771
2308,870,9.099676
2257,871,8.127918
2258,871,7.463404
2259,871,2.689157
2260,871,1.926707
2261,871,4.435619
2275,871,15.990678
2276,871,10.550302
2277,871,8.438779
2278,871,19.32769
2279,871,9.505634
2280,871,4.015355
2281,871,3.27009
2282,871,6.240324
2283,871,3.649488
2284,871,5.775079
2285,871,7.6257
2292,871,23.947001
2302,871,4.139012
2303,871,5.670694
2304,871,7.34091
2305,871,2.428931
2306,871,1.266904
2307,871,2.081251
2308,871,3.801839
2312,871,21.056908
2437,871,6.320729
2438,871,29.270399
2257,872,16.711384
2258,872,6.881444
2259,872,5.206055
2260,872,2.203304
2261,872,1.949825
2263,872,26.844765
2275,872,19.899757
2276,872,15.66426
2279,872,25.161064
2280,872,13.551107
2281,872,18.694939
2304,872,4.51454
2305,872,4.970016
2306,872,3.263222
2307,872,7.047115
2257,873,21.535635
2259,873,17.391335
2260,873,5.435008
2261,873,3.008308
2262,873,19.142181
2275,873,24.13825
2276,873,14.825964
2305,873,3.272399
2306,873,6.820082
2307,873,5.427175
2308,873,13.330215
2259,874,9.58379
2260,874,7.200219
2261,874,2.984952
2262,874,9.227332
2261,875,12.06681
2488,875,21.474009
2496,877,17.046434
2497,877,22.402035
2495,878,3.417495
2496,878,5.648019
2497,878,15.494053
2262,879,9.056582
2263,879,8.417233
2495,879,6.380486
2496,879,6.434701
2261,880,3.489632
2263,880,7.8945
2264,880,8.300623
2265,880,19.630547
2266,880,28.496277
2273,880,25.737741
2261,881,4.523614
2263,881,2.229192
2264,881,2.172723
2265,881,4.19189
2266,881,11.69854
2272,881,10.062014
2273,881,5.456306
2275,881,9.705671
2276,881,14.505251
2278,881,23.131754
2263,882,1.727127
2264,882,0.897238
2265,882,1.8175
2266,882,3.565721
2267,882,26.392027
2268,882,17.870964
2271,882,28.462845
2272,882,11.840152
2273,882,1.117329
2274,882,3.18295
2275,882,1.787175
2276,882,3.537676
2277,882,1.926296
2278,882,6.498825
2283,882,18.680321
2263,883,1.74208
2264,883,0.792996
2265,883,1.048922
2266,883,1.444854
2267,883,4.54025
2268,883,4.019828
2269,883,21.8451
2270,883,21.815029
2271,883,9.737257
2272,883,1.553905
2273,883,2.581034
2274,883,2.046546
2275,883,1.115599
2276,883,1.165451
2277,883,1.032277
2278,883,2.092813
2279,883,3.175064
2280,883,4.567875
2281,883,4.304185
2263,884,1.411735
2264,884,0.805699
2265,884,0.248547
2266,884,0.426342
2267,884,1.336842
2268,884,1.047858
2269,884,2.347919
2270,884,3.299573
2271,884,3.614815
2272,884,1.52035
2273,884,1.605676
2274,884,1.096859
2275,884,1.569499
2276,884,1.979801
2277,884,1.315238
2278,884,0.709161
2279,884,0.786795
2280,884,1.376523
2281,884,4.337242
2282,884,14.040531
2283,884,8.965292
2263,885,1.064035
2264,885,0.71839
2265,885,0.339509
2266,885,0.247608
2267,885,0.438769
2268,885,0.63827
2269,885,0.730208
2270,885,0.563293
2271,885,0.633963
2272,885,1.040824
2273,885,0.345657
2274,885,0.640011
2275,885,0.486513
2276,885,1.024746
2277,885,1.056508
2278,885,1.064474
2279,885,1.373725
2280,885,2.942863
2281,885,1.70027
2282,885,4.17171
2283,885,4.283226
2284,885,10.875778
2263,886,1.348869
2264,886,0.485066
2265,886,1.125355
2266,886,1.185422
2267,886,0.872257
2268,886,0.966823
2269,886,0.326257
2270,886,0.18461
2271,886,0.377056
2272,886,0.910097
2273,886,0.493946
2274,886,0.561747
2275,886,0.770129
2276,886,1.65961
2277,886,1.239338
2278,886,0.938489
2279,886,2.632494
2280,886,2.878424
2281,886,4.174142
2282,886,6.667725
2283,886,8.751706
2284,886,4.70184
2263,887,3.280227
2264,887,1.228301
2265,887,2.005998
2266,887,0.978605
2267,887,0.820233
2268,887,0.341741
2269,887,1.408185
2270,887,1.97482
2271,887,0.571067
2272,887,0.695277
2273,887,0.687248
2274,887,0.402335
2275,887,0.434754
2276,887,0.635485
2277,887,0.522465
2278,887,1.576223
2279,887,1.758544
2280,887,2.789837
2281,887,1.683334
2282,887,2.972145
2283,887,2.388253
2263,888,2.514202
2264,888,2.137609
2265,888,1.467166
2266,888,0.58656
2267,888,0.197331
2268,888,1.641662
2269,888,0.65591
2270,888,3.30695
2271,888,1.036584
2272,888,0.594444
2273,888,0.574212
2274,888,0.697588
2275,888,0.642359
2276,888,1.538059
2277,888,1.641603
2278,888,1.660803
2279,888,2.284852
2281,888,2.522466
2263,889,3.643993
2264,889,3.10323
2265,889,4.341651
2266,889,2.361085
2267,889,1.657508
2268,889,0.873596
2269,889,0.893677
2270,889,2.585416
2271,889,1.166799
2272,889,1.234156
2273,889,1.26565
2274,889,0.981787
2275,889,1.380736
2276,889,2.237197
2277,889,3.057641
2280,889,5.392375
2281,889,8.156664
2262,890,5.328651
2263,890,7.732227
2264,890,6.333165
2265,890,4.613378
2266,890,3.440285
2267,890,2.252165
2268,890,6.715662
2269,890,3.99037
2270,890,2.54969
2271,890,6.099067
2272,890,8.110481
2273,890,3.86943
2274,890,3.875979
2275,890,2.682063
2263,891,15.147895
2264,891,4.949161
2265,891,7.417829
2266,891,6.511515
2267,891,12.587272
2268,891,8.495742
2269,891,7.325516
2270,891,6.756785
2271,891,11.587866
2272,891,12.179082
2264,892,15.166585
2265,892,16.838564
2331,898,10.492783
2332,898,16.603363
2335,899,18.84955
2496,899,13.732329
2497,899,23.849728
2329,901,9.92485
2330,901,19.884888
2331,901,7.829568
2332,901,3.986409
2333,901,10.819007
2334,901,13.260987
2335,901,8.582511
2336,901,8.286101
2337,901,7.296623
2338,901,7.024766
2339,901,6.399967
2340,901,7.188814
2341,901,0.829543
2342,901,3.36923
2326,902,7.321346
2327,902,12.27479
2328,902,12.347625
2329,902,9.943215
2330,902,5.615155
2331,902,3.307517
2332,902,3.129514
2333,902,1.598663
2334,902,0.941591
2335,902,1.813769
2336,902,0.435273
2337,902,0.237093
2338,902,0.465843
2339,902,0.007427
2340,902,0.007427
2342,902,6.489453
2258,903,15.118752
2343,904,1.433912
2497,904,4.918071
2257,905,11.556715
2488,905,3.915192
2489,905,14.549799
2333,907,4.251424
2334,907,3.530775
2335,907,4.131011
2338,907,1.457124
2339,907,3.412591
2352,908,7.06558
2490,908,13.671043
2347,909,27.146221
2353,909,1.450937
2354,909,8.906294
2487,909,15.520403
2353,910,2.241329
2354,910,29.961672
2356,910,27.843143
2290,911,9.211128
2291,911,18.41979
2353,911,13.578525
2354,911,15.5557
2355,911,21.162937
2356,911,26.651974
2290,912,8.305771
2291,912,14.869105
2354,915,10.582172
2291,916,12.919477
2335,918,18.972403
2338,918,13.647833
2253,924,28.702942
2255,924,15.615167
2253,926,6.986712
2254,926,6.928498
2302,935,8.717163
2304,935,4.003733
2298,936,27.693039
2299,936,13.476122
2300,936,3.876058
2301,936,9.12733
2302,936,4.349379
2303,936,1.952512
2304,936,4.865845
2257,937,6.290216
2300,937,13.475398
2301,937,0.993504
2260,939,3.550494
2300,939,7.224806
2300,940,2.471278
2301,941,1.484356
2304,941,2.441774
2260,947,6.655688
2273,948,16.522116
2275,948,28.396193
2276,948,25.736084
2272,949,19.999126
2273,949,6.21543
2275,949,7.765042
2276,949,8.274214
2277,949,8.660399
2278,949,16.476295
2271,950,26.768425
2272,950,11.475255
2273,950,4.978744
2274,950,3.129486
2275,950,3.433479
2276,950,5.514055
2277,950,4.720932
2272,951,20.839811
2273,951,1.245435
2274,951,0.61821
2275,951,0.200927
2276,951,1.342752
2271,952,26.036903
2272,952,3.792847
2273,952,2.453921
2274,952,0.137456
2275,952,0.569826
2276,952,3.015373
2277,952,6.763377
2261,953,29.225994
2271,953,17.413485
2272,953,9.033039
2273,953,3.130583
2274,953,1.237101
2275,953,3.940195
2276,953,1.717439
2373,953,9.857982
2270,954,8.142309
2271,954,0.398647
2272,954,1.270294
2273,954,0.777007
2274,954,0.593952
2275,954,1.504566
2276,954,1.542536
2277,954,3.021221
2372,954,6.32821
2373,954,11.180992
2379,954,12.05354
2380,954,8.968477
2381,954,18.78231
2382,954,6.492479
2255,955,26.700684
2256,955,8.092622
2259,955,28.447735
2260,955,5.961505
2269,955,12.302944
2270,955,3.065379
2271,955,0.992668
2273,955,1.144292
2274,955,0.791076
2275,955,2.115217
2276,955,3.608255
2277,955,3.333053
2278,955,2.018015
2367,955,7.542245
2371,955,3.909008
2372,955,6.917913
2373,955,7.383018
2379,955,13.06739
2380,955,9.221109
2381,955,1.137267
2255,956,10.193142
2256,956,4.574776
2257,956,0.467779
2258,956,8.460309
2268,956,11.974882
2269,956,9.211574
2270,956,4.201959
2271,956,0.205526
2272,956,0.63016
2273,956,0.993101
2274,956,0.43108
2275,956,0.406954
2276,956,0.283214
2277,956,0.256488
2278,956,1.353261
2279,956,0.957052
2379,956,10.186396
2380,956,9.747518
2381,956,0.162395
2255,957,10.350662
2256,957,5.848213
2257,957,1.61362
2378,957,9.817263
2379,957,13.45216
2380,957,8.152862
2381,957,0.190634
2255,958,21.506853
2256,958,1.167653
2257,958,2.450083
2282,958,1.69177
2380,958,0.716243
2381,958,2.655525
2255,959,6.980284
2256,959,2.695307
2257,959,2.551867
2258,959,8.18693
2259,959,26.047537
2282,959,0.437351
2381,959,0.487815
2255,960,11.444095
2256,960,14.859837
2257,960,3.050804
2258,960,6.285015
2259,960,7.707162
2282,960,3.178918
2295,960,4.593803
2312,960,7.013046
2313,960,9.484353
2381,960,0.184638
2254,961,14.848724
2255,961,4.940721
2257,961,4.966779
2258,961,7.047668
2259,961,7.066499
2282,961,2.920967
2289,961,1.708701
2290,961,0.773212
2295,961,3.423364
2317,961,25.744921
2337,961,0.154628
2343,961,1.470408
2344,961,0.325399
2380,961,0.519025
2381,961,1.714695
2282,962,17.117001
2289,962,13.574676
2290,962,1.223733
2292,962,2.615841
2294,962,0.57125
2381,962,3.833739
2393,962,10.302062
2402,962,20.265524
2279,963,16.147961
2280,963,3.941505
2289,963,16.341013
2290,963,14.561672
2291,963,7.120315
2292,963,4.204994
2294,963,3.331566
2336,963,0.235382
2393,963,7.296388
2395,963,18.738079
2402,963,17.135408
2403,963,0.216703
2404,963,14.738434
2405,963,20.387753
2289,964,27.627003
2290,964,10.493392
2291,964,10.873569
2292,964,6.146421
2293,964,12.180965
2294,964,5.17124
2335,964,0.589582
2380,964,1.890141
2396,964,2.748023
2397,964,3.690209
2398,964,23.182962
2399,964,13.684968
2400,964,20.354427
2290,965,21.928944
2292,965,8.774904
2293,965,1.822398
2380,965,1.893177
2390,965,2.580485
2396,965,6.287833
2400,965,1.182302
2328,966,0.972769
2329,966,0.500714
2380,966,1.730829
2390,966,1.714084
2289,967,27.331612
2290,967,12.490332
2291,967,18.382721
2292,967,10.851339
2293,967,7.613437
2294,967,16.543961
2295,967,9.340544
2302,967,0.691295
2303,967,0.448886
2304,967,0.096911
2305,967,1.168417
2306,967,0.723141
2307,967,0.098709
2308,967,0.118252
2380,967,2.775529
2302,968,0.273789
2303,968,0.254612
2304,968,0.291093
2305,968,2.557822
2306,968,0.54114
2307,968,0.022556
2329,968,1.14774
2336,968,3.872792
2337,968,8.765237
2360,968,3.354474
2380,968,3.909671
2390,968,2.081686
2391,968,0.933348
2392,968,0.933348
2393,968,0.934969
2394,968,1.6437
2395,968,1.306326
2299,969,10.580966
2329,969,1.091755
2380,969,3.472757
2395,969,1.331427
2396,969,3.447976
2401,969,18.781387
2402,969,22.491549
2300,970,4.873143
2301,970,0.052404
2380,970,6.020924
2396,970,1.41074
2397,970,1.37136
2401,970,7.430576
2403,970,21.138987
2301,971,3.670334
2380,971,6.819091
2393,971,15.897977
2397,971,3.865102
2401,971,12.355503
2402,971,5.468755
2403,971,5.673234
2404,971,10.776656
2405,971,28.462202
2406,971,7.701069
2380,972,3.268919
2393,972,11.181944
2394,972,12.321133
2395,972,22.366096
2398,972,1.417113
2380,973,5.661832
2393,973,9.671629
2394,973,8.81037
2395,973,8.232456
2396,973,5.323248
2399,973,2.780845
2400,973,1.336939
2401,973,1.420356
2402,973,1.511265
2403,973,0.029088
2335,974,4.642591
2379,974,22.993841
2380,974,5.835712
2393,974,7.887478
2394,974,10.195846
2395,974,7.286546
2396,974,4.761491
2335,975,10.191574
2343,975,8.116211
2379,975,4.694082
2380,975,3.09151
2394,975,0.07635
2395,975,0.744587
2335,976,6.551538
2380,976,3.666147
2335,977,6.08533
2380,977,1.919347
2380,978,1.185286
2257,979,1.527336
2258,979,1.973564
2380,979,0.418133
2256,980,3.62628
2257,980,2.331857
2258,980,0.821237
2380,980,0.644111
2256,981,2.377785
2257,981,0.784166
2258,981,0.570756
2378,981,7.739611
2379,981,0.538325
2380,981,2.545639
2389,981,0.199171
2366,982,17.785509
2379,982,0.153812
2380,982,0.052094
2366,983,7.830529
2367,983,0.755094
2368,983,6.884639
2369,983,9.319466
2370,983,11.866956
2371,983,5.683844
2372,983,2.428256
2379,983,0.128151
2380,983,0.06158
2368,984,1.893193
2369,984,2.282635
2370,984,2.901268
2371,984,17.646832
2372,984,4.737615
2378,984,3.206488
2379,984,1.509798
2380,984,0.07086
2367,985,3.407784
2371,985,0.628174
2373,985,3.051075
2378,985,2.768068
2379,985,0.226302
2380,985,0.089572
2377,986,2.015352
2380,987,1.20558
2333,990,0.038019
2392,993,12.894962
2253,1012,26.957621
2254,1012,28.734444
2256,1012,6.508668
2257,1012,5.834301
2258,1012,7.86561
2248,1013,11.530297
2265,1013,5.684942
2267,1014,0.533987
2268,1014,1.233779
2269,1014,4.32142
2270,1014,0.752136
2271,1014,4.251861
2272,1014,14.367368
2268,1015,0.541753
2272,1015,1.211469
2273,1015,1.257861
2274,1015,1.498951
2275,1015,1.15657
2247,1016,10.106604
2250,1016,23.561474
2251,1016,10.13487
2273,1016,2.651457
2310,1016,14.98077
2312,1016,14.150647
2349,1018,24.425276
2350,1018,19.056692
2351,1018,9.723693
2353,1018,21.385578
2354,1019,13.038338
2356,1019,7.350788
2249,1020,0.085974
2260,1020,1.783406
2261,1020,8.792033
2269,1020,7.244401
2270,1020,9.345414
2271,1020,16.176302
2272,1020,13.354524
2273,1020,7.024281
2274,1020,5.784224
2275,1020,1.014659
2276,1020,1.022215
2277,1020,0.785071
2312,1020,18.70499
2314,1020,4.602294
2260,1021,1.879225
2267,1021,11.389808
2268,1021,10.878473
2269,1021,8.57156
2270,1021,11.482183
2271,1021,6.111804
2272,1021,7.277312
2273,1021,3.759673
2274,1021,0.120628
2275,1021,1.006076
2276,1021,1.790689
2277,1021,0.746751
2315,1021,6.575178
2486,1021,0.890192
2254,1022,2.267652
2255,1022,1.586451
2256,1022,1.561066
2257,1022,0.696786
2267,1022,24.702099
2268,1022,4.178744
2269,1022,0.931741
2270,1022,14.415073
2271,1022,3.41047
2272,1022,13.336061
2273,1022,1.113808
2274,1022,2.615826
2275,1022,0.762977
2276,1022,0.734322
2308,1022,2.778782
2316,1022,11.806438
2362,1022,10.648459
2249,1023,2.751336
2257,1023,1.443828
2258,1023,2.264364
2267,1023,7.027181
2268,1023,9.153461
2269,1023,1.009287
2270,1023,0.1088
2271,1023,0.181261
2272,1023,0.218632
2273,1023,4.955854
2274,1023,0.553253
2275,1023,1.823859
2276,1023,3.672086
2277,1023,11.078637
2258,1024,0.804902
2259,1024,0.718788
2272,1024,19.487865
2273,1024,0.553253
2274,1024,0.760286
2275,1024,0.881532
2276,1024,0.932803
2277,1024,0.932235
2249,1025,3.092042
2250,1025,9.05106
2251,1025,0.42673
2255,1025,5.845659
2270,1025,10.612202
2271,1025,6.111113
2273,1025,0.792618
2254,1026,11.20679
2255,1026,11.631618
2274,1026,4.579989
2313,1026,26.697594
2314,1026,4.703618
2253,1027,18.088652
2255,1027,5.916482
2377,1027,4.323908
2384,1028,7.748152
2350,1029,25.674118
2351,1029,13.482763
2384,1029,16.373829
2358,1032,10.768285
2276,1040,13.930155
2277,1040,15.969545
2357,1049,1.518749
2374,1050,14.962694
2374,1051,18.164103
2374,1052,7.089548
2383,1059,16.862865
2454,842,9.57631
2453,843,10.340664
2454,843,17.795067
2453,844,14.79037
2454,844,18.50662
