2436,1486,24.53521
2450,1486,16.003372
2451,1486,16.118795
2454,1486,14.744382
2452,1487,7.711866
2444,1495,20.26325
2445,1495,10.299494
2447,1495,21.332848
2448,1495,24.750595
2443,1496,3.884432
2444,1496,19.971901
2445,1496,2.903682
2446,1496,0.216667
2447,1496,6.52518
2448,1496,3.847742
2443,1497,3.114341
2444,1497,2.242026
2445,1497,2.566267
2446,1497,0.054264
2447,1497,0.01675
2448,1497,0.017287
2470,1497,25.829424
2472,1497,29.443237
2434,1498,19.780182
2443,1498,2.138493
2444,1498,1.617367
2445,1498,1.731947
2446,1498,0.22093
2447,1498,0.01675
2448,1498,0.017287
2470,1498,26.543184
2471,1498,9.723339
2472,1498,8.231027
2434,1499,2.739546
2445,1499,4.499254
2446,1499,0.586374
2447,1499,0.441407
2448,1499,0.021992
2470,1499,26.512354
2471,1499,5.999306
2472,1499,4.338704
2480,1499,27.949768
2433,1500,10.305705
2434,1500,29.482149
2444,1500,5.285426
2445,1500,11.6957
2447,1500,0.32499
2448,1500,0.187503
2470,1500,10.211948
2471,1500,2.387332
2472,1500,2.456787
2480,1500,9.829249
2481,1500,17.672501
2482,1500,13.803406
2483,1500,25.334965
2484,1500,21.187231
2485,1500,20.166458
2486,1500,16.483736
2487,1500,16.509289
2488,1500,9.841724
2489,1500,9.023314
2490,1500,8.078431
2491,1500,8.869421
2492,1500,16.318583
2433,1501,5.356263
2434,1501,2.483343
2447,1501,0.814075
2448,1501,7.681877
2470,1501,8.155872
2471,1501,0.487377
2472,1501,1.619048
2482,1501,9.134134
2483,1501,16.847513
2484,1501,23.73138
2485,1501,23.830187
2486,1501,23.724033
2433,1502,3.77142
2470,1502,3.16507
2471,1502,0.617183
2472,1502,1.897123
2423,1503,13.748296
2425,1503,7.152365
2426,1503,23.975887
2429,1503,23.709234
2430,1503,23.628637
2431,1503,20.075703
2470,1503,3.174668
2471,1503,1.060491
2472,1503,3.057841
2470,1504,3.260207
2471,1504,0.638348
2472,1504,9.440153
2396,1506,1.397117
2397,1506,2.443058
2398,1506,6.3767
2399,1506,2.870165
2400,1506,2.479154
2451,1506,18.775269
2452,1506,7.686471
2470,1506,18.895275
2472,1506,22.999176
2396,1507,1.290974
2397,1507,1.68611
2398,1507,1.07146
2451,1507,13.069709
2452,1507,4.594439
2469,1507,26.321121
2470,1507,12.349011
2471,1507,5.220644
2472,1507,7.822496
2396,1508,1.316543
2397,1508,2.373391
2398,1508,0.885305
2399,1508,1.417914
2400,1508,0.980854
2449,1508,25.134619
2450,1508,11.143383
2451,1508,3.633027
2452,1508,2.142694
2453,1508,0.955856
2467,1508,19.966846
2468,1508,25.366148
2470,1508,5.791573
2471,1508,7.061455
2472,1508,9.630857
2397,1509,3.374303
2398,1509,1.659296
2399,1509,0.720239
2400,1509,0.71001
2450,1509,0.344743
2451,1509,0.074468
2452,1509,0.289573
2453,1509,0.15873
2467,1509,18.744946
2468,1509,15.176127
2469,1509,10.247735
2470,1509,2.918809
2471,1509,4.591339
2472,1509,13.954794
2398,1510,0.314122
2399,1510,0.317216
2400,1510,0.76729
2450,1510,0.016667
2451,1510,0.081395
2452,1510,0.169173
2453,1510,0.171717
2467,1510,15.40122
2468,1510,10.798288
2469,1510,5.510192
2470,1510,4.341533
2471,1510,4.063175
2472,1510,22.569822
2449,1511,0.211907
2450,1511,0.121983
2451,1511,0.196149
2452,1511,0.390164
2453,1511,0.485633
2467,1511,18.687107
2468,1511,5.198072
2469,1511,2.685908
2470,1511,3.200538
2471,1511,3.431829
2451,1512,0.155863
2452,1512,4.156543
2453,1512,0.516282
2467,1512,18.713541
2468,1512,2.508684
2469,1512,1.004263
2470,1512,1.245065
2471,1512,4.678295
2453,1513,6.790589
2466,1513,10.215822
2467,1513,3.691329
2468,1513,3.116934
2469,1513,2.329598
2470,1513,1.548327
2465,1514,0.425828
2466,1514,0.531058
2467,1514,0.333451
2468,1514,0.411633
2469,1514,0.942267
2470,1514,2.0109
2471,1514,4.006614
2465,1515,0.696121
2466,1515,0.589279
2467,1515,0.468618
2468,1515,0.518165
2469,1515,0.889691
2470,1515,3.398633
2480,1515,0.059263
2487,1515,0.455696
2488,1515,0.474731
2489,1515,0.516129
2490,1515,0.516129
2491,1515,0.516129
2492,1515,0.911393
2493,1515,1.039855
2494,1515,1.168317
2495,1515,1.168317
2496,1515,1.112158
2497,1515,0.792
2498,1515,0.689677
2499,1515,0.689677
2465,1516,7.691473
2466,1516,1.772443
2467,1516,1.688371
2468,1516,2.642371
2469,1516,7.566206
2470,1516,3.241597
2487,1516,0.323353
2488,1516,0.323353
2489,1516,0.680426
2490,1516,1.037499
2491,1516,1.037499
2492,1516,1.556249
2493,1516,1.240001
2494,1516,1.240001
2495,1516,1.481296
2496,1516,1.481296
2497,1516,1.823868
2498,1516,2.267716
2499,1516,2.362388
2467,1517,12.596671
2468,1517,4.971375
2469,1517,6.511158
2467,1518,24.175243
2468,1518,14.255786
2469,1518,4.263536
2470,1518,5.680991
2469,1519,5.210708
2396,1520,1.117952
2397,1520,0.237617
2398,1520,0.125
2399,1520,0.182387
2400,1520,0.313609
2467,1520,16.053432
2468,1520,21.89052
2469,1520,4.100345
2395,1521,0.13466
2396,1521,0.430378
2397,1521,0.40678
2398,1521,0.157895
2399,1521,0.169833
2400,1521,0.428047
2467,1521,25.272835
2468,1521,26.365189
2469,1521,7.123954
2467,1522,11.81255
2468,1522,12.622905
2469,1522,7.535335
2395,1523,0.13913
2467,1523,12.859907
2468,1523,19.999552
2469,1523,10.769653
2394,1524,0.566279
2395,1524,0.209482
2467,1524,16.79413
2468,1524,20.275402
2469,1524,13.345799
2468,1525,29.915058
2469,1525,7.029652
2468,1526,19.99889
2469,1526,10.608937
2480,1526,29.337862
2481,1526,10.93696
2467,1527,23.035761
2468,1527,11.718287
2469,1527,8.645126
2467,1528,25.126371
2468,1528,11.073291
2469,1528,2.95348
2481,1528,1.24998
2482,1528,10.293095
2483,1528,5.643757
2484,1528,11.078341
2485,1528,10.776298
2487,1528,13.776644
2488,1528,14.157349
2489,1528,18.471748
2490,1528,14.700941
2480,1529,0.485624
2481,1529,0.68421
2482,1529,1.455131
2483,1529,1.786068
2484,1529,2.014577
2485,1529,6.455376
2486,1529,5.485146
2487,1529,4.196158
2488,1529,4.594641
2489,1529,4.685579
2490,1529,19.008209
2491,1529,18.846039
2492,1529,19.946812
2493,1529,10.878958
2494,1529,14.934175
2495,1529,16.004267
2496,1529,14.505055
2497,1529,13.940938
2394,1530,0.396341
2395,1530,0.651515
2396,1530,5.089742
2397,1530,4.169244
2398,1530,2.370865
2399,1530,24.221622
2448,1530,16.398632
2451,1530,9.783979
2465,1530,25.320677
2468,1530,15.139832
2469,1530,23.240274
2480,1530,2.194497
2481,1530,0.550459
2482,1530,0.324334
2492,1530,0.264
2493,1530,0.161677
2494,1530,0.161677
2495,1530,0.51875
2496,1530,0.413334
2497,1530,0.826667
2498,1530,8.502176
2499,1530,8.303934
2397,1531,27.712509
2399,1531,5.571913
2400,1531,7.557699
2401,1531,5.806226
2447,1531,17.224159
2448,1531,18.058208
2449,1531,8.783241
2450,1531,6.052025
2451,1531,2.724275
2465,1531,21.67909
2466,1531,16.215351
2467,1531,7.072901
2468,1531,3.623377
2482,1531,0.550459
2400,1532,14.42958
2415,1532,10.063478
2416,1532,10.651652
2417,1532,14.042366
2418,1532,11.285052
2447,1532,13.931319
2448,1532,6.251173
2449,1532,1.713218
2465,1532,28.009703
2466,1532,24.703905
2467,1532,9.736779
2468,1532,1.161972
2469,1532,1.203235
2470,1532,4.278169
2448,1533,9.927402
2465,1533,23.000336
2466,1533,6.644542
2467,1533,4.404302
2468,1533,0.626569
2469,1533,3.160034
2433,1534,9.752689
2447,1534,20.940737
2448,1534,15.4059
2449,1534,3.091578
2465,1534,6.201305
2466,1534,5.887568
2467,1534,2.277447
2468,1534,0.738755
2469,1534,4.754901
2399,1535,24.531773
2434,1535,6.138158
2447,1535,21.446463
2448,1535,12.112535
2449,1535,3.661175
2463,1535,17.298645
2464,1535,8.395535
2465,1535,3.137396
2467,1535,1.244596
2468,1535,0.719756
2469,1535,2.051363
2432,1536,25.288769
2435,1536,21.162373
2446,1536,21.642885
2447,1536,19.290834
2448,1536,11.917562
2449,1536,2.370781
2451,1536,0.16129
2452,1536,0.536765
2463,1536,9.052173
2464,1536,6.722007
2465,1536,2.311203
2466,1536,4.169977
2467,1536,0.672581
2468,1536,0.82971
2469,1536,1.203235
2447,1537,27.527901
2448,1537,5.027017
2449,1537,16.577076
2450,1537,0.990949
2451,1537,0.874741
2463,1537,13.886425
2464,1537,9.218449
2465,1537,3.632871
2466,1537,5.12917
2467,1537,1.799816
2468,1537,1.305782
2469,1537,0.59781
2470,1537,2.778699
2436,1538,28.785229
2439,1538,23.556623
2441,1538,13.226151
2442,1538,17.438244
2443,1538,19.816977
2446,1538,21.460081
2448,1538,18.8249
2449,1538,18.420464
2450,1538,12.399044
2451,1538,2.956925
2463,1538,26.035591
2464,1538,18.670465
2465,1538,6.557009
2466,1538,7.479319
2467,1538,1.142857
2468,1538,0.322581
2469,1538,0.496377
2470,1538,0.698113
2444,1539,17.218237
2445,1539,26.266785
2448,1539,10.787712
2449,1539,10.570518
2450,1539,12.664553
2461,1539,0.496792
2462,1539,1.543789
2463,1539,2.884119
2464,1539,10.524033
2465,1539,5.675105
2466,1539,5.269804
2467,1539,0.857143
2468,1539,3.261291
2469,1539,1.870467
2448,1540,3.898361
2449,1540,16.413309
2461,1540,1.487842
2462,1540,8.187497
2463,1540,10.466351
2464,1540,12.237081
2465,1540,14.85088
2466,1540,23.641453
2462,1541,13.907629
2463,1541,24.492874
2464,1541,21.356028
2465,1541,19.483698
2466,1541,21.761654
2490,1541,2.937279
2491,1541,3.065741
2492,1541,4.403532
2493,1541,2.323609
2494,1541,2.315686
2495,1541,4.831972
2496,1541,4.102152
2497,1541,4.527211
2465,1542,24.741028
2451,1555,26.20108
2452,1555,26.082933
2454,1555,3.606493
2455,1555,12.40509
2429,1556,1.559895
2431,1556,13.952234
2443,1556,0.350702
2444,1556,0.325581
2451,1556,1.243902
2452,1556,2.180072
2453,1556,1.751555
2454,1556,2.182474
2455,1556,4.851919
2457,1556,7.131132
2462,1556,17.700111
2414,1557,29.420858
2428,1557,0.335088
2429,1557,1.298601
2430,1557,0.778496
2442,1557,0.953811
2443,1557,0.423423
2444,1557,0.09009
2451,1557,0.815385
2452,1557,1.420648
2458,1557,7.529647
2411,1558,2.340196
2412,1558,0.610867
2413,1558,8.522787
2414,1558,23.06118
2415,1558,16.212023
2416,1558,9.074359
2418,1558,1.961462
2419,1558,2.897526
2458,1558,3.400568
2488,1558,5.854106
2489,1558,6.036438
2490,1558,3.80455
2491,1558,3.34556
2492,1558,0.241625
2414,1561,4.345424
2413,1562,2.523201
2414,1562,7.275988
2415,1562,7.772162
2416,1562,1.354449
2417,1562,3.055573
2418,1562,1.589562
2419,1562,2.180246
2420,1562,2.189475
2421,1562,2.933002
2422,1562,2.329292
2423,1562,2.436664
2409,1563,13.989919
2410,1563,9.734894
2411,1563,3.792348
2412,1563,4.675576
2413,1563,1.447845
2414,1563,0.406085
2415,1563,0.48162
2416,1563,0.48162
2417,1563,0.255814
2421,1563,1.752535
2422,1563,5.078291
2423,1563,5.933217
2424,1563,5.132172
2425,1563,4.96167
2426,1563,5.04037
2427,1563,4.240869
2428,1563,4.715255
2429,1563,4.53331
2430,1563,3.947769
2431,1563,3.983699
2432,1563,3.212222
2410,1564,9.358965
2411,1564,8.688071
2412,1564,1.38533
2413,1564,0.56777
2414,1564,0.265193
2415,1564,0.265193
2416,1564,0.265193
2424,1564,0.00885
2425,1564,0.030589
2426,1564,0.00885
2431,1564,15.367818
2432,1564,1.430813
2440,1564,1.716661
2441,1564,5.160447
2442,1564,5.951115
2443,1564,3.589386
2446,1564,7.073482
2447,1564,6.4054
2448,1564,5.869005
2451,1564,1.078985
2411,1565,5.413564
2412,1565,0.265193
2431,1565,0.44
2432,1565,1.243902
2440,1565,0.186061
2441,1565,2.872297
2442,1565,9.464664
2443,1565,8.316443
2444,1565,10.137628
2445,1565,14.763837
2446,1565,7.400765
2447,1565,14.772371
2448,1565,16.072124
2449,1565,8.909272
2450,1565,3.112451
2451,1565,5.87401
2452,1565,5.384499
2461,1565,0.016949
2469,1565,6.196542
2470,1565,8.854821
2486,1565,12.299747
2412,1566,2.800384
2430,1566,0.907407
2431,1566,0.907407
2432,1566,0.815385
2433,1566,0.815385
2440,1566,0.186061
2441,1566,0.063248
2443,1566,0.538462
2444,1566,0.565217
2445,1566,0.325581
2446,1566,0.565217
2448,1566,0.44
2449,1566,1.243902
2450,1566,0.489362
2451,1566,1.87234
2452,1566,2.329927
2461,1566,0.217582
2462,1566,4.416666
2464,1566,7.20879
2471,1566,8.43781
2490,1566,16.139624
2493,1566,13.234203
2496,1566,16.906965
2497,1566,7.565416
2440,1567,0.175709
2448,1567,0.907407
2449,1567,0.815385
2450,1567,0.605263
2451,1567,1.972353
2461,1567,0.082254
2462,1567,0.347692
2475,1567,20.086054
2480,1567,1.786697
2490,1567,21.139334
2492,1567,14.603565
2493,1567,10.752097
2496,1567,6.081336
2461,1568,2.465051
2462,1568,3.075658
2475,1568,17.030037
2478,1568,12.185202
2479,1568,5.39876
2480,1568,1.786697
2461,1569,2.677135
2462,1569,1.922401
2477,1569,28.941936
2478,1569,20.661217
2479,1569,3.732005
2480,1569,2.072988
2462,1570,7.545003
2478,1570,2.521123
2479,1570,5.13246
2480,1570,2.072988
2414,1571,15.985893
2415,1571,9.113204
2418,1571,16.391689
2419,1571,12.987545
2420,1571,4.260286
2422,1571,7.962602
2423,1571,1.532894
2424,1571,0.698759
2425,1571,3.206707
2426,1571,2.703472
2427,1571,0.021739
2428,1571,0.021739
2429,1571,12.304817
2430,1571,1.44
2431,1571,3.582094
2432,1571,3.873496
2433,1571,1.602785
2442,1571,1.868458
2445,1571,6.078363
2462,1571,8.106138
2476,1571,9.5713
2477,1571,1.474174
2478,1571,3.510126
2479,1571,2.93936
2415,1572,20.338369
2416,1572,12.121346
2417,1572,16.805405
2418,1572,0.795383
2419,1572,2.403554
2420,1572,16.107536
2422,1572,0.021739
2423,1572,0.151515
2424,1572,1.325955
2430,1572,0.454545
2431,1572,5.702306
2432,1572,5.105589
2433,1572,2.754237
2440,1572,1.014981
2441,1572,0.074921
2450,1572,0.024272
2451,1572,0.797054
2452,1572,0.855385
2476,1572,15.261628
2477,1572,2.112371
2478,1572,3.229825
2415,1573,25.77364
2422,1573,0.396341
2423,1573,0.437126
2424,1573,0.372106
2429,1573,14.443395
2430,1573,14.613208
2431,1573,12.264097
2432,1573,11.081953
2433,1573,12.907265
2440,1573,1.777178
2441,1573,9.278947
2442,1573,3.916665
2446,1573,6.255932
2447,1573,6.255932
2448,1573,6.130658
2477,1573,2.67743
2478,1573,3.394776
2484,1573,14.39653
2476,1574,0.766667
2477,1574,2.580658
2478,1574,1.944382
2475,1575,0.489362
2476,1575,0.93617
2477,1575,4.935834
2475,1576,0.815385
2476,1576,0.605263
2485,1576,26.507416
2475,1577,0.815385
2478,1577,3.380616
2489,1577,25.220108
2490,1577,16.746067
2491,1577,20.975033
2492,1577,14.460776
2396,1579,0.485714
2422,1579,0.70232
2424,1579,2.266789
2425,1579,1.560291
2426,1579,1.010101
2427,1579,16.043077
2428,1579,10.402555
2429,1579,13.126112
2430,1579,26.300037
2431,1579,15.855724
2432,1579,12.705524
2396,1580,23.865967
2422,1580,0.396341
2423,1580,1.453987
2424,1580,0.151515
2425,1580,6.530276
2426,1580,0.325956
2430,1580,24.159439
2431,1580,13.978714
2432,1580,11.988884
2422,1581,4.5069
2423,1581,0.69636
2424,1581,0.420908
2425,1581,10.935037
2426,1581,1.396341
2429,1581,2.018945
2430,1581,3.120692
2431,1581,3.394908
2432,1581,3.504925
2439,1581,2.157836
2416,1583,15.343524
2417,1583,4.065727
2414,1584,13.720406
2415,1584,4.684223
2416,1584,4.731215
2417,1584,3.095635
2418,1584,1.452615
2415,1585,9.139605
2416,1585,2.761912
2441,1586,0.063103
2442,1586,3.157912
2425,1587,1.510646
2426,1587,3.86978
2427,1587,5.264475
2428,1587,12.167013
2430,1587,4.728616
2427,1588,1.111675
2428,1588,5.921943
2431,1588,5.922584
2439,1588,7.042218
2494,1588,9.927519
2426,1596,25.758631
2415,1597,27.16531
2418,1597,22.91465
2419,1597,29.828238
2421,1597,26.034512
2422,1597,24.259871
2423,1597,29.468885
2426,1597,15.982815
2427,1597,11.447531
2395,1601,15.918255
2394,1602,27.187767
2395,1602,13.388444
2395,1603,0.171429
2394,1604,2.346154
2395,1604,0.362885
2395,1605,21.447609
2395,1606,4.065683
2395,1607,1.891144
2393,1615,0.480769
2394,1616,13.05216
2394,1618,21.527571
2394,1620,29.788593
2414,1621,13.50783
2419,1622,23.194923
2474,1627,24.990168
2425,1630,16.03533
2401,1451,3.423508
2402,1451,2.773189
2403,1451,4.346228
2404,1451,4.829506
2419,1451,13.370668
2420,1451,19.2887
2421,1451,18.514153
2401,1452,2.258012
2402,1452,3.578365
2403,1452,3.829927
2404,1452,5.038787
2405,1452,5.319093
2420,1452,20.52986
2421,1452,29.089678
2455,1452,15.12726
2400,1453,3.219462
2401,1453,3.469592
2402,1453,3.202864
2403,1453,1.407664
2404,1453,1.970474
2405,1453,5.047711
2406,1453,5.101486
2452,1453,7.898566
2479,1453,20.755245
2482,1453,21.159002
2483,1453,20.328796
2484,1453,26.998865
2485,1453,27.184965
2400,1454,3.67014
2401,1454,5.975989
2402,1454,6.46823
2403,1454,4.496818
2404,1454,4.328279
2405,1454,3.69287
2406,1454,6.771018
2439,1454,3.677967
2478,1454,15.002986
2479,1454,12.015707
2480,1454,9.197449
2482,1454,6.289609
2483,1454,13.088031
2484,1454,12.718111
2486,1454,14.430472
2487,1454,3.293834
2488,1454,4.153796
2489,1454,3.937164
2494,1454,24.341194
2495,1454,15.539489
2496,1454,9.412867
2497,1454,25.720535
2498,1454,21.04932
2499,1454,8.040723
2478,1455,28.63517
2479,1455,7.25897
2480,1455,6.621789
2481,1455,7.523705
2482,1455,0.889841
2483,1455,19.11998
2484,1455,6.760644
2485,1455,3.013401
2486,1455,11.596304
2487,1455,3.078518
2488,1455,2.094328
2489,1455,2.72431
2492,1455,25.185541
2493,1455,13.875942
2494,1455,2.595293
2495,1455,3.19318
2496,1455,2.014282
2497,1455,2.388473
2498,1455,1.894714
2499,1455,1.532297
2479,1456,5.739063
2480,1456,8.055178
2481,1456,7.241695
2482,1456,0.34
2483,1456,0.24
2484,1456,0.757576
2485,1456,0.583345
2486,1456,1.060328
2487,1456,2.166386
2488,1456,5.70518
2489,1456,7.312753
2492,1456,20.779982
2493,1456,3.178117
2494,1456,4.03069
2495,1456,4.372668
2496,1456,7.166208
2497,1456,11.343387
2498,1456,1.720566
2499,1456,1.129189
2457,1457,5.873104
2478,1457,12.997442
2479,1457,1.613543
2480,1457,2.469695
2481,1457,10.75487
2482,1457,1.088565
2483,1457,0.347687
2484,1457,0.12
2485,1457,0.854203
2486,1457,1.997169
2487,1457,1.444902
2488,1457,1.496546
2489,1457,3.317534
2492,1457,9.543073
2493,1457,13.117769
2494,1457,8.590327
2495,1457,5.4494
2496,1457,8.592098
2497,1457,8.819308
2498,1457,3.930266
2499,1457,3.810891
2398,1458,28.7148
2399,1458,29.701878
2477,1458,23.32839
2478,1458,6.104588
2479,1458,1.073492
2480,1458,2.229989
2481,1458,3.070803
2482,1458,1.641779
2483,1458,1.864675
2484,1458,0.891196
2485,1458,0.893463
2486,1458,1.589942
2487,1458,1.496546
2488,1458,3.19325
2492,1458,22.473925
2493,1458,18.276789
2495,1458,17.969643
2496,1458,21.797575
2497,1458,13.593176
2498,1458,3.58857
2499,1458,2.907836
2478,1459,13.952353
2479,1459,2.790003
2480,1459,2.661224
2481,1459,1.499812
2482,1459,1.637786
2483,1459,5.101183
2484,1459,24.111259
2498,1459,11.511834
2499,1459,6.991227
2456,1460,6.468196
2482,1460,1.950944
2483,1460,2.388004
2484,1460,2.890582
2485,1460,3.458817
2486,1460,4.188224
2487,1460,6.754264
2499,1460,9.637894
2400,1461,11.730432
2457,1461,14.891443
2482,1461,4.923212
2483,1461,4.448837
2484,1461,5.97255
2485,1461,5.627188
2486,1461,3.314203
2487,1461,18.587658
2400,1462,7.001064
2480,1472,12.922468
2490,1482,16.05455
2487,1483,5.553955
2488,1483,29.005796
2490,1483,12.866983
2491,1483,21.000538
2492,1483,25.531445
2494,1483,24.26523
2489,1484,2.582304
2490,1484,4.693668
2491,1484,2.678718
2492,1484,5.555061
2493,1484,6.098028
2494,1484,10.37016
2496,1484,15.933729
2498,1484,18.078922
2499,1484,14.004127
2435,1485,9.938517
2436,1485,9.686207
2437,1485,29.29656
2450,1485,6.155552
2451,1485,8.520238
2499,1485,9.702672
