223,2124,8.75
198,2447,0.375627
199,2447,0.425656
231,2448,2.396692
220,2449,1.349516
221,2449,27.360975
255,2449,16.198299
323,2449,7.47348
324,2449,9.276533
325,2449,15.341125
326,2449,13.916817
327,2449,29.474037
322,2450,25.296644
328,2450,29.706106
254,2133,5.0
255,2133,5.166661
253,2134,1.285714
254,2134,2.5
256,2134,3.511905
260,2134,3.395833
261,2134,10.717991
256,2135,1.5
257,2135,0.533333
260,2135,2.6
261,2135,13.213099
262,2135,15.319043
204,2454,0.855445
205,2454,0.855445
250,2136,1.285714
257,2136,0.333333
259,2136,1.0
260,2136,12.666668
261,2136,14.041917
250,2137,2.5
251,2137,5.0
258,2137,9.466666
259,2137,3.4
260,2137,11.567463
261,2137,21.767681
212,2456,15.280016
285,2456,7.963828
286,2456,4.771649
247,2138,12.843102
248,2138,9.012218
249,2138,0.05
251,2138,4.0
258,2138,7.666667
259,2138,5.67619
260,2138,10.17619
261,2138,18.858965
285,2458,7.963828
286,2458,4.771649
247,2139,13.622878
248,2139,6.49565
249,2139,0.520202
250,2139,0.714286
258,2139,6.633334
259,2139,7.6
260,2139,10.116668
261,2139,19.506508
230,2459,14.612806
235,2459,2.472348
236,2459,2.426665
237,2459,2.601945
276,2459,20.302834
277,2459,3.789956
278,2459,3.141582
284,2459,5.030396
285,2459,5.69486
286,2459,3.899998
289,2459,0.886275
247,2140,13.084122
248,2140,6.49565
249,2140,2.462288
250,2140,0.992064
257,2140,0.3
259,2140,2.8
260,2140,22.968058
261,2140,28.61805
220,2460,2.304466
221,2460,8.510145
225,2460,1.309999
227,2460,1.825512
231,2460,1.425289
232,2460,1.309999
233,2460,1.309999
234,2460,1.116666
235,2460,2.417639
236,2460,0.775863
248,2460,23.453062
251,2460,7.916333
273,2460,10.750975
275,2460,7.440447
276,2460,10.544435
277,2460,3.883538
278,2460,8.224011
279,2460,7.131229
280,2460,3.576478
282,2460,7.048339
283,2460,8.963829
284,2460,5.69486
285,2460,4.79318
286,2460,1.734012
287,2460,0.947248
288,2460,3.348041
289,2460,15.517497
246,2141,26.98184
247,2141,13.529237
248,2141,6.171212
249,2141,1.806944
250,2141,0.307692
251,2141,4.0
258,2141,1.292857
259,2141,7.633333
260,2141,15.322223
261,2141,11.919079
262,2141,10.009121
224,2461,1.365801
225,2461,3.3749
229,2461,0.52
230,2461,1.255814
231,2461,1.425289
232,2461,1.300973
248,2461,1.054219
272,2461,1.425289
273,2461,2.735288
274,2461,6.303474
275,2461,5.762359
276,2461,11.2806
277,2461,3.424999
278,2461,4.338635
279,2461,4.79318
280,2461,5.69486
281,2461,8.546934
282,2461,4.751194
283,2461,4.771649
284,2461,4.399998
285,2461,2.23794
286,2461,0.669283
287,2461,2.85665
288,2461,8.24353
209,2462,1.977338
230,2462,1.552632
231,2462,1.047059
232,2462,0.775863
274,2462,0.775863
275,2462,4.630551
276,2462,0.3
277,2462,0.774877
278,2462,2.097606
279,2462,1.652423
280,2462,3.924999
281,2462,5.271649
282,2462,2.11794
283,2462,1.966778
284,2462,2.320197
285,2462,0.974589
286,2462,2.160594
287,2462,26.204197
288,2462,26.110283
248,2142,1.087392
249,2142,0.322727
250,2142,0.320513
255,2142,29.0
256,2142,0.666667
257,2142,0.5
258,2142,0.9
259,2142,0.833333
260,2142,1.966667
261,2142,5.577381
248,2143,1.448864
249,2143,0.322727
250,2143,0.320513
254,2143,0.1
255,2143,0.1
256,2143,4.1
257,2143,0.833333
258,2143,0.476191
259,2143,0.942857
260,2143,3.5
261,2143,4.725
231,2463,1.425289
232,2463,1.116666
233,2463,0.775863
234,2463,1.300973
235,2463,1.054219
237,2463,0.775863
238,2463,0.775863
276,2463,0.199561
277,2463,0.052632
278,2463,0.536503
279,2463,0.645161
280,2463,1.774877
281,2463,2.066777
282,2463,0.622581
283,2463,0.46129
284,2463,0.718321
285,2463,2.566041
286,2463,9.847856
287,2463,23.183237
221,2464,0.775863
232,2464,5.288341
233,2464,1.047059
234,2464,1.047059
235,2464,1.309999
236,2464,1.116666
237,2464,1.309999
239,2464,1.830082
276,2464,12.167832
277,2464,0.26738
278,2464,0.20098
279,2464,0.183824
280,2464,0.105263
281,2464,0.513922
282,2464,0.236455
283,2464,0.22549
286,2464,15.308165
287,2464,26.12575
248,2144,0.686364
249,2144,0.264957
250,2144,0.277778
252,2144,0.166667
253,2144,0.333333
254,2144,0.083333
255,2144,0.2
256,2144,0.2
257,2144,0.083333
258,2144,0.3
259,2144,0.942857
260,2144,1.25
261,2144,4.725
262,2144,7.339014
233,2465,0.775863
234,2465,0.775863
275,2465,3.0
276,2465,1.0
278,2465,5.820513
279,2465,10.487179
280,2465,0.149733
281,2465,0.393322
283,2465,0.34965
284,2465,0.307692
285,2465,4.044741
286,2465,10.773711
287,2465,23.85964
274,2466,2.0
275,2466,6.75
276,2466,7.25
277,2466,3.083333
278,2466,4.583333
279,2466,3.0
286,2466,9.701529
248,2145,0.423611
249,2145,0.383838
250,2145,0.814286
251,2145,0.333333
252,2145,0.2
253,2145,0.166667
254,2145,0.395833
255,2145,0.395833
256,2145,0.395833
257,2145,1.395833
258,2145,0.183333
247,2146,8.915393
249,2146,9.870919
250,2146,0.083333
251,2146,0.166667
252,2146,0.395833
253,2146,0.809851
254,2146,1.410714
255,2146,0.479167
256,2146,0.479167
257,2146,2.910714
258,2146,2.097607
259,2146,0.625
273,2467,12.329288
275,2467,3.157142
276,2467,1.1
277,2467,5.099999
278,2467,11.0
329,2467,4.557344
216,2147,15.888862
250,2147,3.921105
251,2147,0.281818
252,2147,0.910714
253,2147,1.119318
254,2147,2.081279
255,2147,1.462171
256,2147,1.772404
257,2147,2.628837
258,2147,1.84837
259,2147,2.468483
245,2468,8.627652
272,2468,0.408602
273,2468,14.748902
274,2468,4.474318
275,2468,2.771417
276,2468,3.279422
277,2468,20.484877
278,2468,20.427872
326,2468,18.529102
329,2468,11.992962
250,2148,0.281818
251,2148,0.661592
252,2148,1.502198
253,2148,3.277779
257,2148,5.161997
258,2148,4.980983
235,2469,1.054219
275,2469,5.351311
288,2469,0.586207
328,2469,7.456956
329,2469,2.459909
249,2149,11.494559
250,2149,3.104167
251,2149,1.537103
252,2149,4.931767
208,2470,7.109679
226,2470,3.724161
235,2470,0.775863
277,2470,26.572124
248,2150,12.735762
249,2150,10.377308
250,2150,7.717866
251,2150,4.423533
235,2471,1.300973
236,2471,6.827889
249,2151,28.401424
232,2472,3.371032
235,2472,7.613518
236,2472,4.646941
246,2472,2.47766
247,2472,18.156807
248,2472,23.754206
233,2473,18.72197
234,2473,2.033745
235,2473,16.795706
236,2473,21.656794
247,2473,4.740397
248,2473,29.539471
249,2473,28.051767
233,2474,12.297861
234,2474,3.153145
235,2474,14.225605
247,2474,7.95945
248,2474,24.531199
249,2474,18.010267
250,2474,20.851322
244,2475,7.983605
248,2475,9.011551
249,2475,22.682602
245,2476,3.556129
246,2476,4.113183
247,2476,2.375
248,2476,17.209911
249,2476,21.798832
244,2477,4.244324
248,2477,9.052204
319,2477,17.862263
248,2478,10.990823
249,2478,17.102726
240,2480,3.871374
241,2480,1.054219
242,2480,1.300973
247,2480,19.228573
248,2480,16.965891
249,2480,16.965891
250,2480,25.517506
327,2480,2.441905
328,2480,1.800234
241,2481,11.564766
242,2481,14.855861
318,2481,0.982299
326,2481,5.625087
327,2481,3.119584
329,2481,0.0625
242,2482,10.175341
244,2482,4.484538
246,2482,28.001705
248,2482,28.031178
249,2482,26.017536
250,2482,19.81761
251,2482,23.090477
267,2482,24.057932
318,2482,0.774068
319,2482,5.980392
320,2482,11.12715
321,2482,17.112968
322,2482,8.431473
324,2482,2.188525
325,2482,9.278448
326,2482,3.848404
327,2482,3.169529
249,2483,27.986942
251,2483,24.751886
266,2483,28.570753
267,2483,27.218636
318,2483,10.879601
319,2483,6.277061
320,2483,6.077415
321,2483,7.520087
322,2483,3.471662
323,2483,1.795184
324,2483,1.700003
325,2483,1.450001
326,2483,3.356397
327,2483,6.451832
328,2483,6.042809
265,2484,12.183389
266,2484,12.084866
318,2484,7.589797
319,2484,9.187515
320,2484,6.914987
321,2484,3.27616
322,2484,1.085996
323,2484,1.563636
324,2484,1.568181
325,2484,0.897959
326,2484,2.230906
327,2484,3.318596
328,2484,3.888752
318,2485,8.736165
319,2485,7.097076
320,2485,2.983457
321,2485,1.577403
322,2485,0.714286
323,2485,1.52381
324,2485,0.714286
325,2485,1.261786
326,2485,1.089675
327,2485,4.741192
328,2485,3.888752
245,2486,14.267725
319,2486,3.541667
320,2486,1.013889
321,2486,1.194444
322,2486,0.444444
323,2486,0.625
324,2486,1.823333
325,2486,0.670337
326,2486,3.639963
327,2486,3.197175
328,2486,5.143386
244,2487,11.316477
245,2487,10.932868
246,2487,13.935343
247,2487,2.224942
248,2487,2.224942
250,2487,25.49905
251,2487,21.627972
320,2487,0.9
321,2487,0.5
323,2487,3.0
324,2487,1.010476
325,2487,1.634834
326,2487,1.984999
327,2487,3.974573
328,2487,3.968671
243,2488,2.342434
244,2488,0.204301
245,2488,11.799358
246,2488,13.54197
248,2488,5.720832
249,2488,1.116666
250,2488,5.103686
251,2488,3.741447
252,2488,23.627436
267,2488,27.024206
322,2488,2.25
323,2488,7.324243
324,2488,1.557143
325,2488,1.17712
326,2488,1.040522
327,2488,2.390573
328,2488,4.084098
244,2489,4.968595
321,2489,22.747278
324,2489,2.501587
325,2489,8.479862
326,2489,27.047029
328,2489,4.812734
244,2490,4.968595
321,2490,29.293051
322,2490,4.546505
323,2490,0.897076
324,2490,2.397076
325,2490,2.503737
326,2490,19.359482
327,2490,23.63307
243,2491,2.771048
244,2491,3.249068
322,2491,5.228743
323,2491,3.315328
324,2491,5.348645
325,2491,0.930701
326,2491,17.469761
321,2492,5.128815
322,2492,4.854546
323,2492,3.128832
324,2492,2.889702
325,2492,2.269003
326,2492,1.494271
327,2492,26.200399
245,2493,0.564103
246,2493,2.342434
319,2493,9.835217
320,2493,11.268576
321,2493,13.189473
322,2493,12.822739
323,2493,12.429807
324,2493,18.617073
327,2493,10.476023
244,2494,0.164179
245,2494,1.556287
246,2494,8.818275
247,2494,7.070395
249,2494,10.055107
250,2494,13.516005
251,2494,14.447793
252,2494,22.358452
319,2494,17.534725
320,2494,17.499485
321,2494,26.246838
322,2494,18.316395
323,2494,16.450712
245,2495,0.4
246,2495,15.61946
247,2495,13.52009
248,2495,27.356306
249,2495,6.214167
250,2495,11.410894
251,2495,17.1038
245,2496,4.09751
246,2496,2.033745
247,2496,2.095522
248,2496,1.494304
249,2496,1.730507
251,2496,16.371296
252,2496,10.053394
253,2496,14.149798
254,2496,4.84858
236,2497,14.766947
244,2497,2.048625
282,2497,2.358027
283,2497,2.358027
238,2498,2.289303
281,2498,17.198544
282,2498,6.064166
283,2498,1.700003
317,2498,5.804478
318,2498,5.97928
319,2498,5.11763
321,2498,5.998763
322,2498,8.641737
323,2498,6.556561
236,2499,1.030769
237,2499,0.933333
238,2499,9.963941
318,2499,11.531382
319,2499,13.786596
206,2188,1.391304
210,2188,24.267435
211,2188,29.383835
212,2188,0.5
255,2188,19.834362
189,2189,6.022217
190,2189,3.762829
191,2189,0.571429
192,2189,10.799997
193,2189,10.0
194,2189,29.305542
206,2189,0.702703
217,2189,2.299758
218,2189,3.417244
256,2189,18.500097
189,2190,16.282799
216,2190,2.047963
217,2190,5.168588
218,2190,3.592554
255,2190,0.625
188,2191,10.436893
189,2191,6.548233
216,2191,1.449724
217,2191,11.611912
254,2191,0.181818
255,2191,5.107142
256,2191,14.744952
284,2191,9.673479
288,2191,21.298714
254,2192,0.230769
255,2192,3.804762
256,2192,6.472703
286,2192,13.533332
287,2192,20.25
288,2192,10.884209
289,2192,5.08421
290,2192,6.645834
291,2192,3.013158
254,2193,0.490583
255,2193,2.770833
256,2193,10.560692
257,2193,20.395187
287,2193,4.4
288,2193,0.5
289,2193,19.075758
290,2193,3.392859
255,2194,9.466666
256,2194,18.077808
257,2194,21.058241
291,2194,5.316746
242,2195,3.897213
243,2195,0.904964
244,2195,1.153502
258,2195,3.761071
256,2196,20.220175
262,2196,1.689944
262,2197,17.625032
206,2208,24.544939
207,2208,15.860485
206,2209,29.167751
300,2218,10.639118
301,2219,11.105735
302,2219,1.117288
301,2220,0.791667
302,2220,18.88475
293,2221,10.859125
297,2221,0.6
301,2221,4.841667
302,2221,15.843524
297,2222,0.3
299,2222,2.0
300,2222,1.350316
301,2222,7.474451
302,2222,9.138572
297,2223,0.181818
297,2224,0.3
213,2231,6.235557
295,2241,2.266668
299,2244,2.833984
241,2255,17.024494
242,2256,12.967897
241,2257,2.358398
242,2257,2.104762
241,2258,5.879179
242,2258,2.343823
243,2259,2.048585
243,2260,6.690136
244,2260,3.675728
245,2260,14.165974
246,2260,2.951579
247,2260,2.951579
248,2260,4.502153
249,2260,3.051847
244,2261,19.107046
245,2261,11.009576
246,2261,15.550575
247,2261,16.056946
248,2261,21.273638
249,2261,18.759285
250,2261,14.405779
251,2261,3.033943
253,2261,5.461905
254,2261,0.263158
287,2261,23.018066
291,2261,12.371279
197,2263,10.010548
197,2264,18.838732
217,2265,0.045455
218,2265,0.571429
195,2266,22.628813
217,2266,1.0
221,2266,15.888883
220,2267,1.8
221,2267,1.633564
222,2267,6.750528
218,2268,12.999992
220,2268,2.424242
221,2268,16.284172
222,2268,9.64279
217,2269,25.396484
218,2269,18.587259
214,1957,12.25
205,1958,11.232313
214,1958,15.623719
206,1961,11.232313
205,1966,28.379045
193,1967,28.379045
205,1967,26.474979
193,1968,17.146732
205,1968,26.474979
205,1969,21.578247
205,1970,17.146732
220,1979,26.474979
220,1980,24.065037
221,1983,25.969101
221,1984,11.232313
235,2310,1.902796
221,2311,17.683084
231,2315,0.644931
254,2315,3.631293
232,2316,0.035714
233,2316,0.035714
234,2316,5.3649
258,2316,2.057408
263,2316,1.621344
266,2316,12.10204
227,2317,0.035714
229,2317,0.035714
230,2317,0.100618
235,2317,1.411765
236,2318,3.629441
243,2318,1.87633
262,2318,2.249529
263,2318,2.249529
243,2319,1.237092
263,2319,13.911907
264,2319,29.717964
216,2320,0.153846
217,2320,0.153846
241,2320,0.11771
243,2320,1.447479
210,2321,0.153846
211,2321,0.324301
212,2321,0.045455
231,2322,0.166667
232,2322,0.116366
205,2323,5.965532
230,2323,0.095238
232,2323,0.120695
212,2004,28.153898
215,2004,19.339283
216,2004,19.339283
217,2004,19.339283
218,2004,21.225311
231,2324,0.090909
232,2324,0.035714
328,2005,6.853946
204,2326,0.199301
243,2326,1.835552
204,2327,0.153846
243,2327,2.067062
204,2328,0.153846
210,2328,0.045455
211,2328,0.153846
212,2328,0.153846
204,2329,0.153846
204,2330,1.403696
213,2331,0.045455
214,2331,0.153846
215,2331,0.153846
216,2331,26.644436
218,2331,26.490589
229,2331,1.017832
230,2331,24.572123
231,2331,24.572123
232,2331,24.572123
206,2332,16.657095
207,2332,0.285714
211,2332,16.477943
207,2333,24.978615
209,2333,20.281464
198,2335,29.045162
285,2337,0.853502
285,2338,4.840658
244,2339,3.568179
245,2339,6.825238
279,2339,10.290693
280,2339,5.137815
281,2339,9.876592
282,2339,1.949999
284,2339,19.0077
286,2339,1.599782
244,2340,2.372551
281,2340,8.97479
287,2340,3.666665
288,2340,1.0
301,2340,18.676655
235,2341,0.721212
236,2341,1.78409
237,2341,1.78409
238,2341,0.721212
239,2341,1.442423
240,2341,3.960679
243,2341,0.721212
244,2341,11.921421
245,2341,14.174074
286,2341,5.270459
287,2341,23.548872
287,2342,3.736586
290,2344,1.949999
284,2345,1.651514
278,2346,18.959112
282,2346,6.608351
292,2346,1.651514
295,2346,16.480812
279,2347,12.099823
280,2347,3.048376
292,2347,1.583333
294,2347,14.702539
295,2347,11.385295
297,2347,1.949999
280,2348,2.806774
293,2348,3.5
295,2348,3.666665
300,2350,0.52381
302,2350,17.245842
300,2351,0.52381
301,2351,9.153097
302,2351,6.066671
328,2351,15.658756
329,2351,15.389109
252,2352,8.924272
273,2352,7.594068
300,2352,0.52381
301,2352,6.0
302,2352,6.064536
300,2353,0.52381
301,2353,6.0
302,2353,7.139542
301,2354,4.862114
302,2354,20.877018
274,2355,1.78409
301,2355,13.161249
302,2355,20.530714
301,2356,4.600574
302,2356,2.595924
234,2357,22.34523
275,2357,2.372551
302,2357,9.133639
234,2358,26.783396
235,2358,2.852161
236,2358,1.397037
273,2358,1.78409
235,2359,5.601714
236,2359,5.360112
273,2359,10.367492
302,2359,12.876987
272,2362,14.216925
201,2363,1.326316
202,2363,1.378815
203,2363,4.481459
272,2363,11.399501
274,2363,25.61429
233,2364,26.719488
233,2365,25.286413
282,2366,12.435693
284,2366,22.414539
273,2367,14.216925
283,2367,18.273571
284,2367,17.046869
298,2052,2.9672
297,2053,0.651163
298,2053,3.809018
299,2053,4.51876
296,2054,0.545455
297,2054,0.582724
298,2054,14.241594
296,2055,0.818182
297,2055,3.753793
298,2055,9.076467
295,2056,0.142857
296,2056,0.670455
297,2056,10.444668
298,2056,17.404594
295,2057,0.142857
296,2057,8.280647
297,2057,12.359967
298,2057,28.846851
295,2058,1.271521
296,2058,9.231773
297,2058,13.705603
259,2377,5.794162
295,2059,1.704881
296,2059,7.761452
297,2059,14.028227
298,2059,26.538609
254,2379,15.280419
254,2380,13.006296
295,2060,9.704881
296,2060,8.386126
297,2060,14.028227
298,2060,29.228977
294,2061,0.604124
295,2061,9.590862
296,2061,8.216001
297,2061,14.205
298,2061,26.525936
254,2381,12.806999
294,2062,0.873268
295,2062,2.114669
296,2062,9.295223
297,2062,16.737631
253,2383,2.492697
201,2384,3.191179
202,2384,2.418114
273,2384,3.732634
297,2384,4.285899
294,2063,0.609939
295,2063,2.653904
296,2063,8.490436
297,2063,16.525375
294,2064,0.609939
295,2064,5.423132
296,2064,8.490436
263,2385,11.52731
273,2385,5.297281
283,2385,13.661743
286,2385,6.761587
287,2385,7.203964
288,2385,1.634125
289,2385,1.882336
290,2385,1.882336
291,2385,2.050399
292,2385,1.882336
293,2385,2.932187
294,2385,0.257732
295,2385,0.328
296,2385,0.5
298,2385,5.169118
294,2065,8.231446
295,2065,4.204569
296,2065,11.803778
297,2065,19.45937
294,2066,9.966469
295,2066,27.583256
296,2066,29.662405
259,2387,2.394226
259,2388,8.009088
260,2388,16.969036
292,2067,5.302642
293,2067,2.656724
294,2067,2.542706
295,2067,9.409285
296,2067,14.349457
290,2068,1.875
291,2068,6.4945
292,2068,9.476533
293,2068,7.673597
294,2068,7.959218
295,2068,8.008121
296,2068,16.036779
259,2389,23.925022
290,2069,2.178571
291,2069,4.884034
292,2069,23.744961
293,2069,14.548499
294,2069,14.725272
295,2069,13.743152
296,2069,13.676747
290,2070,9.941154
291,2070,3.23424
286,2071,0.128571
290,2071,4.292387
291,2071,3.089592
219,2393,22.39632
261,2072,0.128571
262,2072,11.187676
260,2073,13.957815
261,2073,9.878265
244,2394,20.694456
253,2394,15.461039
261,2074,7.824857
261,2075,3.325575
262,2075,12.555349
262,2076,6.638646
263,2076,12.555349
262,2077,2.685393
263,2077,6.445812
262,2078,0.6
263,2078,0.647059
264,2078,6.970707
265,2078,9.564815
263,2079,1.749999
264,2079,1.699999
265,2079,1.699999
266,2079,1.749999
267,2079,12.371387
268,2079,7.206022
268,2080,19.005516
251,2406,18.908382
230,2407,19.371275
232,2407,16.580828
233,2407,9.727739
234,2407,2.383677
225,2408,8.783279
228,2408,13.880569
232,2408,19.960289
233,2408,29.485834
234,2408,21.779179
250,2408,11.559744
228,2409,19.472084
236,2410,15.614561
238,2410,17.520239
228,2411,10.475873
237,2411,2.428155
237,2412,7.17661
323,2412,0.257732
233,2413,8.656148
234,2413,7.078904
236,2413,10.298023
322,2413,1.35849
323,2413,2.361494
324,2413,2.011618
235,2091,26.516773
236,2091,11.254281
237,2091,10.943527
239,2091,7.173694
328,2414,10.242435
329,2414,19.281372
218,2415,29.811712
219,2415,29.872643
221,2415,26.069557
249,2415,23.88747
235,2092,26.380409
236,2092,11.038875
223,2418,0.775863
248,2419,3.220769
250,2419,2.013764
248,2420,1.418488
249,2420,0.775863
250,2420,4.317471
251,2420,4.533179
220,2422,2.433137
221,2422,1.977338
222,2422,1.407894
223,2422,11.923803
224,2422,1.707027
218,2423,15.122861
220,2423,1.707027
221,2423,2.29111
222,2423,1.0
223,2423,1.707027
225,2423,1.116666
325,2423,8.565202
218,2424,28.528267
221,2424,12.5271
222,2424,9.857273
223,2424,10.607874
224,2424,2.163725
225,2424,2.085862
228,2424,4.060547
229,2424,2.976503
326,2424,18.19426
327,2424,18.188438
220,2425,8.934566
221,2425,9.11908
222,2425,10.506857
223,2425,10.142572
224,2425,9.192654
225,2425,4.983333
237,2425,1.854957
239,2425,2.93326
240,2425,1.300973
328,2425,15.504539
329,2425,24.960936
287,2102,9.13732
288,2102,9.13732
286,2103,0.65
287,2103,0.7
288,2103,1.302326
243,2426,4.75913
287,2104,0.086957
288,2104,0.375
289,2104,0.385714
289,2105,0.125
277,2429,10.979654
245,2431,3.971573
289,2109,1.583333
232,2434,2.059362
233,2434,2.059362
328,2434,14.707218
329,2434,22.193605
220,2120,3.571429
221,2120,3.571429
222,2120,3.285714
223,2120,11.333323
221,2121,5.6
222,2121,11.1
222,2122,13.784799
223,2122,28.521082
222,2123,7.964286
