71,1167,62.397919
98,1178,67.454964
99,1178,86.395111
100,1178,84.849442
102,1178,45.23418
103,1178,30.811136
104,1178,58.609604
108,1178,47.770245
98,1179,64.03627
99,1179,42.783623
100,1179,54.448879
103,1179,37.740925
94,1180,55.622116
96,1180,70.68203
112,1180,34.847954
82,1183,43.524277
96,1187,87.394203
105,1187,37.901928
106,1187,36.861008
107,1187,71.664574
108,1187,99.898277
111,1188,31.319773
120,1188,35.930397
121,1188,39.67791
95,1189,57.640617
96,1189,59.650444
95,1190,52.783524
96,1190,62.850063
118,1191,62.429661
98,1192,86.370148
99,1192,72.23243
98,1193,36.22168
129,1193,66.617493
99,1196,78.418243
122,1197,75.146057
4,1208,80.140244
121,1211,48.18803
125,1214,49.529011
126,1215,32.806309
127,1215,40.076027
0,1221,64.878532
2,1221,35.52541
125,1223,32.580914
116,1225,38.210564
117,1225,77.785461
118,1225,93.594933
116,1230,99.055405
121,1230,44.878716
1,1231,57.65971
1,1232,37.391747
132,1234,51.921257
132,1236,96.580017
101,1239,42.330776
70,1241,73.329079
51,1242,33.298824
51,1244,53.915787
3,1245,44.422558
51,1245,49.720829
64,1260,42.266216
85,1266,59.234623
86,1266,73.239586
66,1267,43.69812
67,1267,47.222939
68,1267,33.376827
69,1267,64.268257
85,1267,47.223366
86,1267,65.202751
4,1268,60.226555
101,1269,33.382172
71,1270,81.672333
119,1274,97.767502
121,1274,84.567886
119,1275,82.264519
120,1275,88.451645
118,1277,56.005657
120,1277,49.103115
123,1277,64.456375
128,1277,32.760185
4,1278,83.30127
112,1278,40.596184
56,1279,79.470558
3,1280,84.973846
4,1280,32.160477
7,1280,34.203899
56,1280,32.487202
57,1280,30.358997
58,1280,63.81604
1,1281,37.516396
7,1281,45.847847
58,1281,53.664482
60,1281,92.591782
57,1282,53.508675
58,1282,46.099808
60,1282,55.016697
5,1283,56.978619
58,1283,58.351738
118,1287,35.173771
119,1287,42.155304
34,1289,42.073616
32,1290,57.079506
34,1290,44.899448
35,1290,33.23888
32,1291,69.006065
33,1291,54.07431
31,1292,49.007065
31,1294,61.921146
32,1296,31.271338
123,1296,31.550842
34,1298,32.488491
39,1299,34.063984
40,1299,40.491997
68,1299,43.79866
69,1299,36.261887
70,1299,35.448963
71,1299,48.827225
72,1299,47.624641
73,1299,38.754204
74,1299,38.185051
76,1299,30.200966
35,1300,35.109383
36,1300,39.877472
37,1300,75.564392
38,1300,85.986023
35,1301,78.998131
56,1304,68.327599
66,1308,38.663784
79,1310,36.749397
79,1311,88.195671
3,1346,76.12841
4,1349,60.096836
4,1350,68.519379
5,1350,38.271317
4,1351,48.93911
5,1351,63.222412
6,1351,95.942833
5,1352,60.55513
6,1352,88.900711
5,1353,36.827339
5,1354,55.969997
6,1354,99.183144
7,1354,78.652534
70,1354,68.636269
71,1354,74.003288
6,1355,64.69706
7,1355,88.113472
71,1355,75.284821
72,1355,78.581779
59,1356,64.18129
60,1356,72.130524
61,1356,71.259132
62,1356,50.622826
68,1356,35.078957
74,1356,82.391731
75,1356,30.551346
76,1356,32.508625
116,1356,76.030342
56,1357,36.944153
57,1357,51.117596
58,1357,51.506165
59,1357,68.470779
60,1357,40.142281
61,1357,39.666969
62,1357,34.061951
97,1357,46.353878
99,1357,50.109261
106,1357,38.24247
107,1357,35.072662
108,1357,34.615757
109,1357,36.43927
110,1357,37.457623
111,1357,50.852066
112,1357,44.030224
114,1357,58.252369
56,1358,37.770931
60,1358,33.135529
98,1358,36.281418
99,1358,37.425503
101,1358,98.549881
107,1358,74.667351
111,1358,37.809326
113,1358,66.427536
114,1358,61.108257
54,1359,37.274727
99,1359,65.895409
100,1359,41.10862
113,1359,70.231804
100,1360,67.700485
101,1360,31.18293
56,1361,51.98201
100,1361,59.491364
107,1361,53.855259
108,1361,77.345596
114,1361,36.830051
114,1362,69.745148
115,1362,96.64518
103,1363,34.754635
113,1363,37.47802
114,1363,79.270416
103,1364,93.745987
104,1364,74.918671
112,1364,37.815868
113,1364,52.473942
104,1365,87.698059
112,1365,35.770447
113,1365,47.446392
114,1365,95.720039
54,1366,44.053677
112,1366,37.094379
113,1366,60.60738
104,1367,43.302879
112,1367,35.975906
113,1367,89.795021
103,1368,78.352478
105,1368,42.528831
106,1368,34.127178
107,1368,32.995548
109,1368,34.78215
111,1368,36.631763
112,1368,52.684299
113,1368,87.401222
74,1369,32.694889
77,1369,37.397785
103,1369,76.039726
104,1369,35.858089
105,1369,64.244339
106,1369,47.266388
107,1369,53.983734
108,1369,65.071121
111,1369,69.575706
134,1369,31.475811
14,1370,83.504471
44,1371,50.862709
77,1371,47.438564
78,1371,47.999111
79,1371,60.023342
74,1372,40.954735
75,1372,33.228062
78,1372,62.53389
79,1372,52.324387
43,1373,47.430771
43,1374,87.288383
79,1374,31.533134
15,1375,63.761909
79,1375,46.715565
80,1375,50.271763
44,1376,93.32943
45,1376,30.929039
79,1376,67.618767
80,1376,56.105953
111,1376,48.158199
45,1377,42.219723
47,1377,39.205002
48,1377,87.044304
79,1377,51.374844
80,1377,53.370464
6,1378,34.16761
45,1378,80.015778
47,1378,74.031807
79,1378,67.051117
80,1378,70.413704
5,1379,75.880791
16,1379,47.400459
53,1385,84.289864
54,1385,72.872917
55,1385,46.359657
54,1386,62.811714
55,1386,68.046295
56,1386,37.034481
56,1388,81.151955
75,1388,31.853947
57,1389,64.863029
76,1389,42.30349
80,1389,35.205051
77,1390,34.792736
80,1390,54.131016
79,1391,32.000397
80,1391,34.264374
79,1392,75.073341
79,1393,99.384209
111,1412,36.896759
112,1417,76.026947
124,1446,55.155632
125,1446,74.670822
123,1447,46.377804
124,1447,53.103882
128,1447,82.31839
122,1448,40.261227
123,1448,33.230049
124,1448,45.234367
125,1448,33.669998
127,1448,37.851173
132,1448,47.028111
133,1448,50.708736
134,1448,58.627941
128,1449,70.364578
129,1449,58.103592
130,1449,81.997299
132,1449,80.197693
133,1449,61.2924
128,1450,52.989929
129,1450,49.64127
130,1450,60.007225
131,1450,60.911621
28,1153,32.598736
30,1153,30.843794
