1034,848,40.71899
1029,862,99.33577
1048,555,80.680687
992,556,30.858624
996,556,44.768955
1026,557,33.152523
1040,563,62.338184
1041,563,43.61602
1015,890,84.544708
1040,573,46.553532
1041,573,57.693481
997,624,46.157413
1042,624,32.733807
1046,626,76.709084
1001,632,86.123009
997,639,55.737198
998,639,42.422424
999,639,46.567551
996,640,34.371204
997,640,34.780418
999,640,33.497242
1001,640,30.063728
1002,640,31.804028
1003,640,33.808468
996,641,74.9953
1003,641,44.174576
998,643,37.532192
1000,643,33.542488
997,645,64.229691
998,645,93.281601
997,661,34.288559
989,665,87.068932
990,666,64.847137
990,667,72.652946
988,668,44.280716
989,669,30.475212
990,669,60.498837
990,670,64.863937
989,671,90.887268
1001,671,88.70369
1004,671,99.238281
997,672,66.428696
998,672,55.170464
1006,672,39.266647
1018,672,75.654861
998,673,35.006596
986,678,69.38353
989,682,33.094593
996,682,39.309643
1001,682,35.58604
991,684,56.949123
1031,1636,53.519798
1002,684,96.292709
1006,684,31.596266
1008,684,37.660355
1009,684,61.126186
1010,684,51.963737
1028,379,48.970387
991,685,30.416067
1006,685,41.888954
1074,383,57.092228
1078,383,31.534533
1079,383,39.14407
1080,383,71.101082
1081,383,73.110207
1074,384,81.035973
1075,384,73.053314
1076,384,60.309299
1078,384,95.034286
1069,387,58.428764
1070,388,35.532421
1069,389,78.137344
1070,389,35.28738
1088,390,58.920082
1089,390,56.276684
1090,390,72.915321
1091,390,81.387947
1092,390,73.765343
1093,390,35.462036
1094,390,52.675888
1096,391,53.317181
1097,391,48.132214
1072,392,30.705999
1074,393,63.188831
1075,393,87.568375
1078,393,92.971359
1080,393,40.168297
1075,394,86.055038
1079,394,66.326866
1016,396,36.726044
1018,396,72.839882
1019,396,91.548241
1027,397,66.796707
1007,702,33.645775
1081,399,57.05661
1082,399,96.457695
1099,399,54.839485
1100,399,60.389893
1101,399,54.707531
1081,400,69.544632
1082,400,58.541004
1088,400,89.168434
1090,400,59.719147
1091,400,62.977074
1092,400,62.435818
1093,400,47.505032
1094,400,61.591316
1095,400,72.663231
1096,400,68.842422
1099,400,50.860676
1107,400,47.271641
1108,400,30.60532
1110,400,56.145908
1111,400,74.481445
1112,400,30.375687
1082,401,60.013084
1095,401,46.988476
1116,401,38.211384
1013,402,30.549192
1056,402,33.354939
1059,402,32.975609
1061,402,34.655392
1063,403,48.577255
1118,403,83.035698
1088,407,51.191772
1089,407,49.405121
1090,407,40.545776
1093,407,34.980927
1085,408,57.42078
1086,408,39.659348
1087,408,86.569382
1088,408,64.983116
1090,408,44.563526
1093,408,34.252663
1094,408,50.157089
1096,408,36.000893
1097,408,35.600609
1098,408,37.275764
1085,409,52.668736
1087,409,75.052094
1090,409,45.813572
1093,409,38.653877
1097,409,30.878824
1106,409,58.294601
1107,409,62.21257
1108,409,36.069798
1050,715,36.939766
1065,410,67.297478
1085,410,54.188198
1087,410,50.967613
1106,410,45.780743
1108,410,61.151077
1109,410,31.233673
1110,410,36.752159
1116,410,31.454689
1117,410,35.14452
1057,716,52.884449
1058,716,53.075256
1064,411,37.780643
1065,411,56.722458
1085,411,53.528053
1086,411,35.396362
1097,411,39.594643
1098,411,59.206963
1107,411,40.850147
1108,411,37.996933
1109,411,32.989384
1112,411,38.342438
1113,411,54.803555
1114,411,50.300964
1115,411,42.865311
1116,411,43.988434
1117,411,49.160389
1057,717,38.336231
1060,717,51.703686
1022,412,30.47296
1086,412,68.402374
1117,412,43.344395
1020,413,51.439899
1085,413,83.690292
1086,413,78.996834
1087,413,51.617851
1095,413,89.300346
1022,414,38.66544
1024,414,59.124664
1056,414,75.225182
1058,414,91.188721
1085,414,95.358429
1086,414,79.339493
1087,414,35.304928
1088,414,34.550034
1089,414,31.787348
1091,414,62.204121
1086,415,95.705917
1087,415,41.148537
1093,415,63.468933
1095,415,31.862167
1123,415,67.484268
1086,416,67.627876
1090,416,96.739868
1093,416,47.565014
1094,416,34.358624
1098,416,38.649349
1071,418,44.971287
1119,419,69.257294
1107,420,48.627037
1114,420,75.04464
1115,420,46.98793
1116,420,34.304428
1106,421,56.478001
1108,421,69.139191
1110,421,53.948589
1113,421,37.351433
1114,421,48.793621
1085,422,63.617783
1111,422,43.610027
1112,422,38.917877
1113,422,63.121349
1114,422,60.7882
1060,729,48.170383
1058,730,70.964066
1059,730,58.228096
1060,730,58.952656
1124,426,34.266644
1124,427,50.01675
1126,427,59.704628
1124,428,33.957043
1065,429,44.150723
1066,429,39.370304
1069,429,36.538807
1070,429,44.623764
1124,429,82.780792
996,430,52.240452
1091,430,74.41909
1124,430,64.573715
996,431,55.334965
1091,431,65.50779
1092,431,81.903534
1093,431,36.666481
1094,431,37.928482
1095,431,36.005943
1098,431,49.882904
1124,431,47.267109
996,432,56.66243
1078,432,45.180145
1080,432,34.129692
1081,432,32.510921
1082,432,32.708286
1083,432,32.274551
1084,432,41.930107
1113,432,70.965561
1114,432,34.469654
1117,432,35.706825
1118,432,30.264534
1124,432,33.062183
1081,433,37.10968
1113,433,68.579544
1114,433,31.466215
1124,433,75.479095
998,434,38.954136
1081,434,31.908403
1083,436,33.880638
1083,437,33.054184
1114,437,47.150818
1102,438,64.064476
1092,440,47.467697
1093,440,77.088135
1094,440,57.359276
1095,440,71.733574
1096,440,34.912003
1097,440,40.023293
1092,441,58.773392
1095,441,35.757233
1096,441,33.068443
1097,441,37.071358
1098,441,36.801743
1099,441,55.083626
1092,442,62.017555
1114,442,41.870209
999,444,39.543407
1112,444,55.264671
1113,444,32.74268
998,446,71.291801
999,446,82.800873
983,1083,48.483006
1063,449,31.375391
992,1085,59.083015
993,1085,72.219238
996,1085,76.083038
1000,450,33.574551
1100,450,84.307312
1101,450,67.14975
1092,451,53.127167
1093,451,90.314034
1094,451,52.582298
1095,451,50.349125
1096,451,54.533829
1098,451,72.557076
1096,452,35.152195
1098,452,45.946693
1099,452,30.049454
1100,452,35.282093
1026,456,80.648232
1027,457,98.296402
1090,462,68.283936
1093,462,53.147392
1088,463,87.891602
1118,463,63.97279
1120,464,46.48954
1002,469,42.628483
1003,469,55.964905
1004,469,36.226284
1005,469,44.340744
1013,469,36.371395
1006,470,43.417038
1014,470,50.429852
1015,470,42.295734
1017,470,56.012691
1018,470,58.222992
1019,470,97.838402
1022,470,65.259781
1009,471,36.076824
1010,471,32.012115
1015,471,40.336426
1016,471,37.362293
1017,471,40.155281
1018,471,33.733822
1021,471,51.131763
1026,781,82.233719
996,783,79.047691
1056,482,30.542311
1064,482,30.146841
1076,482,69.306381
1078,482,58.318439
1079,482,32.204697
1080,482,31.294432
1081,482,53.714725
1082,482,54.840912
1083,482,48.85833
1084,482,77.242294
1085,482,90.615456
999,483,89.421898
1063,483,88.873238
1077,483,52.533333
1083,483,43.711674
1025,785,31.890726
1025,786,56.136528
988,789,85.893921
1149,487,46.842899
997,791,39.297104
1064,492,53.398018
1066,492,32.047714
1079,492,64.438507
1066,493,46.703732
987,799,87.835854
995,800,44.833237
986,801,52.62598
987,801,64.218513
988,801,40.940784
989,801,60.497078
990,801,77.007538
991,801,61.410286
992,801,84.771805
1110,497,34.997143
987,802,76.916771
989,802,67.236343
990,802,84.743752
991,802,65.594841
992,802,77.083694
993,802,48.618473
994,802,54.167244
995,802,35.682076
1052,500,32.152164
1067,500,78.262039
1047,501,32.179749
987,806,45.21344
990,806,31.497255
991,806,35.52177
995,806,53.05851
1052,502,64.379684
1053,502,30.471546
1067,502,77.347572
1028,504,47.08778
1015,812,99.218658
1020,812,41.287666
1029,506,35.220905
1031,506,93.913887
1045,506,44.849316
1033,507,32.845753
1035,507,31.350023
1038,507,41.69289
1039,507,39.765045
1042,507,72.004593
1044,507,42.168594
1019,1144,98.181282
987,824,39.802444
985,825,62.852837
986,825,38.094807
987,825,30.1835
991,825,32.570915
993,825,31.800835
994,825,50.405842
995,825,45.893257
996,825,41.780342
983,1149,68.925804
984,1150,61.658596
986,826,43.124889
987,826,49.303406
988,826,69.509392
989,826,64.466728
991,826,64.466011
992,826,41.511772
