1095,210,86.25132
1073,211,71.946159
1117,218,30.428431
1124,218,30.044588
1033,220,40.959785
1034,220,40.351105
1124,220,60.850964
1033,221,83.001549
1124,221,59.482964
1034,222,69.342453
1124,222,46.568378
1034,223,50.623898
1084,223,47.476452
1084,224,30.739334
1083,225,31.585413
1084,225,56.096943
1083,226,40.389591
1084,226,60.884895
1085,226,75.904495
1083,227,34.019016
1084,227,60.562408
1085,227,55.250751
1083,228,31.237494
1085,228,60.999367
1083,229,74.36422
1084,229,31.886562
1085,229,60.606941
1083,230,66.985039
1084,230,58.383686
1085,230,47.513851
1083,231,42.252949
1084,231,64.112701
1083,232,34.464409
1085,232,78.427567
1082,233,91.930954
1083,233,30.540518
1084,233,51.354519
1082,234,34.322941
1083,236,37.563309
1085,238,62.124199
1086,239,60.12566
1069,240,49.505608
1092,240,30.362555
1093,240,32.006683
1114,240,36.224136
1115,240,39.347874
1069,241,32.15818
1070,241,33.451797
1116,241,41.085155
1114,242,35.241135
1115,243,34.582001
1083,245,40.93372
1049,246,33.44762
1084,246,93.671143
1085,246,77.271111
1087,246,42.232796
1115,246,31.002186
1052,247,31.56356
1084,247,37.435291
1122,253,44.069401
1024,255,38.949223
1121,255,81.102806
1065,256,36.063091
1065,257,43.349003
1066,258,80.886612
1034,261,60.011078
1035,261,49.872318
1030,262,57.099907
1031,262,94.04261
1032,262,53.506569
1034,263,41.749939
1034,264,37.652699
1020,265,34.196873
1023,266,88.986908
1031,267,42.321716
1034,267,73.828796
1080,267,38.468178
1034,268,64.624481
1038,268,35.870018
1102,275,42.492023
1027,277,75.710732
1038,277,31.218613
1039,277,68.668762
1026,278,94.187477
1040,278,72.427406
1052,278,33.995796
1027,279,44.466499
1028,279,34.906258
1050,279,32.160446
1052,279,44.808609
1027,280,64.24826
1028,280,66.761871
1029,280,72.640892
1036,280,36.958191
1037,280,32.930592
1050,280,69.038376
1029,281,64.86644
1123,290,97.771759
1027,291,53.91991
1028,291,50.670586
1029,291,41.864803
1030,291,72.235909
1031,291,71.177673
1032,291,48.485737
1033,291,99.32795
1034,291,62.029053
1035,291,34.667797
1036,291,40.43298
1037,291,30.956478
1038,291,46.881565
1025,292,53.704201
1026,292,37.572285
1027,292,45.730984
1028,292,38.741562
1030,292,30.59021
1033,292,30.514681
1039,292,47.179169
1066,293,49.469929
1079,293,49.630047
1021,294,69.046349
1080,294,76.788261
1020,295,55.453457
1048,295,51.545158
1049,295,95.890236
1065,295,48.476349
1078,295,48.500603
1079,295,72.479263
1020,296,31.89773
1047,296,30.152576
1048,296,51.232269
1065,296,43.436321
1079,296,43.061699
1020,297,35.15398
1047,297,37.981159
1048,297,43.596733
1078,297,39.592903
1079,297,45.508701
1020,298,38.08429
1047,298,83.487274
1079,298,43.178955
1020,299,84.546997
1021,299,34.840172
1079,299,48.805298
1080,299,48.524364
1020,300,68.083519
1043,300,34.809719
1046,300,34.701836
1080,300,38.694004
1021,301,92.803421
1046,301,60.167629
1080,301,80.135895
1081,301,35.692585
1022,302,70.129608
1023,302,33.486542
1045,302,33.780937
1080,302,54.060669
1081,302,81.837097
1082,302,42.993153
1083,302,51.024818
1022,303,88.002487
1023,303,33.302593
1037,303,49.697174
1045,303,39.731441
1060,303,94.178551
1080,303,44.425114
1082,303,70.373535
1092,303,84.860489
1023,304,67.173485
1044,304,30.201464
1025,305,39.619835
1026,305,54.048847
1044,305,71.753868
1029,306,30.63518
1030,306,46.296642
1031,306,47.516853
1033,307,66.417366
1034,307,52.219822
1035,307,40.163422
1036,308,39.66396
1037,308,40.934196
1041,310,34.1325
1068,310,30.234436
1068,311,40.435505
1069,311,95.273964
1105,311,97.267891
1107,311,36.105762
1105,312,42.639069
1106,312,54.240131
1109,312,53.347095
1106,313,64.940384
1107,313,70.131462
1108,313,69.741959
1109,313,79.452843
1110,313,59.672237
1112,313,80.186729
1113,313,39.395378
1113,314,41.801197
1114,314,77.17141
1115,315,60.697605
1075,319,79.227486
1074,320,49.978836
1075,320,38.559303
1076,320,74.062782
1077,320,54.19907
1074,321,47.458904
1077,321,66.153778
1077,322,47.620045
1078,322,52.394485
1102,322,63.445499
1078,323,57.807671
1105,323,50.767673
1078,324,34.383659
1079,324,69.360764
1078,325,33.11108
1079,325,75.105812
1105,325,62.734879
1076,326,31.928053
1077,326,30.786036
1078,326,76.035355
1079,326,87.338089
1090,326,75.381157
1091,326,37.527298
1092,326,83.845169
1093,326,83.334076
1090,327,44.825764
1092,327,35.776859
1093,327,34.517838
1092,328,44.065372
1093,328,44.540836
1091,329,42.412754
1092,329,38.746635
1090,330,48.386608
1092,330,37.564362
1093,330,44.379005
1091,331,63.359802
1092,331,83.971664
1107,333,48.850548
1108,333,78.620964
1137,19,38.295021
1107,334,69.124741
1108,334,38.630386
1109,334,76.515633
1105,335,74.272118
1106,335,55.099396
1107,335,31.476208
1108,335,31.981964
1109,335,92.922768
1151,20,39.262989
1139,21,34.786556
1105,336,42.578304
1106,336,33.552624
1104,337,83.688568
1105,337,69.151764
1106,337,33.15377
1108,337,37.790646
1107,338,42.599102
1109,338,78.177658
1108,339,63.062939
1109,339,40.734394
1110,339,78.91037
1075,23,50.56892
1099,24,46.622906
1054,25,35.800533
1054,26,35.18224
1056,26,40.156258
1118,26,42.23996
1054,27,74.463028
1097,27,32.98188
1100,27,47.316002
1057,28,30.316748
1099,28,85.951675
1102,28,32.92009
1116,28,30.458347
1117,28,36.418785
1054,29,81.634094
1055,29,31.751799
1057,29,45.031391
1116,29,33.428398
1057,32,70.886116
1141,34,49.293159
1119,35,88.976051
1141,35,48.615768
1119,36,35.379711
1118,37,30.455719
1117,39,76.648239
1118,39,75.711761
1095,40,80.574974
1113,40,61.460793
1114,40,44.894787
1117,40,32.704288
1118,40,71.935829
1109,41,36.174107
1110,41,39.941299
1111,41,39.15707
1112,41,32.798031
1113,41,51.426235
1117,41,50.417313
1118,41,37.268196
1108,42,68.560829
1109,42,71.711121
1110,42,59.741058
1111,42,54.950764
1112,42,44.858959
1113,42,89.378525
1114,42,62.311218
1115,42,41.473213
1116,42,40.890686
1117,42,50.93478
1094,43,75.359016
1095,43,62.118755
1094,44,91.502228
1146,57,48.323124
1096,63,31.046272
1098,63,31.605394
1099,63,32.353493
1100,63,40.587219
1101,63,51.374115
1108,63,63.752937
1110,63,44.754532
1111,63,39.398899
1112,63,64.957932
1113,63,92.362129
1095,64,33.736217
1099,64,59.809132
1100,64,42.260799
1101,64,76.482117
1103,64,44.516254
1104,64,35.037159
1113,64,31.971697
1114,64,90.92868
1095,65,51.228245
1099,65,49.873875
1100,65,38.021477
1101,65,35.591583
1103,65,76.611046
1104,65,51.534824
1105,65,46.549297
1106,65,40.862667
1115,65,46.780235
1096,66,69.020226
1097,66,38.658649
1101,66,34.784477
1102,66,84.17662
1103,66,61.76096
1104,66,63.762703
1107,66,31.52401
1116,66,59.443298
1096,67,62.900795
1101,67,73.865906
1103,67,82.240257
1104,67,33.688465
1105,67,33.877747
1096,68,50.463097
1105,68,45.157265
1096,69,43.114845
1097,69,31.341291
1100,69,34.55883
1106,70,50.416985
1108,70,31.883104
1109,70,38.295853
1110,70,39.47514
1060,71,64.641708
1108,71,73.17382
1109,71,90.490967
1111,71,32.352695
1114,71,84.244751
1112,72,43.846523
1113,72,39.165134
1111,73,82.830063
1112,73,64.418839
1113,73,39.469158
1111,74,79.618607
1112,74,69.51989
1113,74,77.746696
1115,75,42.454754
1112,83,38.41431
1114,87,66.756325
1114,89,77.586998
1114,90,39.284904
1057,96,41.275043
1058,96,47.586819
1058,97,48.864555
1059,98,85.534851
1060,98,61.367382
1061,98,30.549648
1045,99,74.797287
1062,99,64.403473
1063,100,59.824722
1064,100,54.071308
1052,102,88.332222
1119,102,43.438381
1040,118,34.133869
1041,118,62.506634
1042,118,35.152138
1043,118,38.699146
1022,137,83.654251
1023,137,83.109077
1053,138,73.885605
1054,138,75.054893
1111,141,56.084408
1054,149,34.741573
1148,149,41.060623
1050,150,48.732246
1110,152,71.548759
1121,153,32.191227
1142,156,71.360565
1143,157,32.242691
1106,166,86.446266
1101,167,34.931812
1115,167,61.198784
1119,167,76.772934
1121,167,43.891518
1112,168,74.756256
1025,178,96.982941
1038,209,30.645433
