2207,2124,50.785248
2207,2125,67.135658
2208,2125,36.964745
2208,2130,39.615696
2208,2131,60.245594
2218,2131,50.128319
2200,2136,39.410591
2243,2137,39.545998
2155,2139,69.641991
2155,2140,58.062954
2187,2142,41.329334
2206,2142,48.000595
2207,2142,64.621361
2238,2142,53.993927
2159,2143,33.680199
2205,2143,57.241314
2206,2143,31.207293
2207,2143,77.922653
2201,2144,78.422066
2202,2144,53.856697
2203,2144,70.607185
2204,2144,60.394478
2205,2144,43.292431
2206,2144,41.051563
2207,2144,81.965538
2097,2145,47.978874
2193,2145,61.794254
2197,2145,49.156227
2199,2145,90.319824
2200,2145,81.982216
2201,2145,58.662231
2202,2145,58.737358
2203,2145,55.101913
2205,2145,51.714268
2206,2145,70.554199
2152,2146,76.302757
2244,2147,36.155357
2154,2150,51.253315
2152,2151,68.298347
2155,2151,38.077133
2157,2151,44.7691
2223,2151,89.283501
2103,2152,50.433529
2137,2152,31.006048
2155,2152,73.846222
2157,2152,47.074413
2234,2157,96.444611
2237,2157,60.061653
2256,2157,88.367096
2257,2157,42.694515
2232,2158,80.678726
2233,2158,34.632858
2237,2158,39.440224
2250,2158,54.344414
2256,2158,39.997849
2256,2159,89.269073
2231,2160,56.154533
2255,2160,57.192108
2256,2160,86.463188
2231,2162,43.373253
2248,2162,34.710278
2249,2162,43.923306
2216,2163,30.108261
2221,2163,33.211319
2222,2163,39.878422
2230,2163,44.363049
2209,2164,55.650829
2223,2164,92.136276
2228,2164,92.751686
2230,2164,30.558723
2255,2164,62.061932
2201,2166,40.525318
2215,2166,58.422855
2216,2166,69.655922
2229,2166,63.551735
2231,2166,36.46286
2215,2167,75.352829
2212,2168,72.736115
2232,2168,38.628159
2221,2169,64.425423
2093,2172,38.846127
2236,2172,49.414177
2087,2173,47.193035
2093,2173,87.220016
2131,2181,34.685497
2130,2182,31.14674
2189,2186,73.12262
2131,2189,91.518456
2197,2189,99.744514
2144,2191,51.375927
2147,2191,40.759193
2153,2191,98.960701
2250,2191,63.662811
2257,2191,76.853027
2128,2192,60.898773
2128,2193,41.340572
2129,2193,83.224129
2136,2193,34.91016
2127,2194,88.277481
2156,2194,91.949036
2127,2195,55.098743
2145,2196,38.431252
2127,2197,35.427475
2146,2197,48.503345
2156,2197,61.921219
2127,2198,53.523716
2144,2198,39.704533
2151,2198,66.697609
2156,2198,30.246212
2123,2199,30.797716
2151,2200,56.728745
2152,2200,31.88562
2121,2203,69.159393
2114,2205,35.286686
2115,2205,34.347004
2116,2205,36.629696
2119,2205,51.415409
2120,2205,52.7967
2104,2206,44.454727
2222,2206,82.453873
2104,2207,43.710613
2105,2207,36.613476
2183,2207,33.346836
2137,2208,43.940636
2176,2208,34.738567
2130,2209,66.400604
2172,2209,31.455267
2173,2209,31.689806
2174,2209,87.218178
2219,2209,66.338951
2085,2210,32.992168
2131,2210,30.683388
2219,2210,74.27179
2154,2211,38.545132
2172,2211,36.645401
2219,2211,75.282166
2131,2212,38.055431
2139,2212,58.008591
2171,2212,98.777008
2172,2213,30.863773
2181,2213,37.637882
2190,2215,43.099537
2187,2217,40.790939
2189,2217,32.345875
2190,2217,50.303066
2185,2218,34.11142
2186,2218,41.955444
2187,2218,49.17981
2191,2218,47.067978
2172,2219,43.003891
2183,2219,73.81279
2184,2219,30.02503
2185,2219,46.479298
2194,2219,71.601074
2177,2220,30.483061
2183,2220,65.363548
2184,2220,87.710365
2193,2220,71.341675
2194,2220,68.821564
2178,2221,31.455267
2184,2221,41.654579
2186,2221,47.955994
2195,2221,33.36512
2184,2222,66.142059
2186,2222,39.583122
2179,2223,30.863773
2206,2223,36.937782
2178,2224,43.003891
2194,2224,41.50441
2171,2225,32.344826
2174,2225,30.863773
2177,2225,34.142437
2184,2225,49.432106
2174,2226,40.239483
2175,2226,54.411987
2178,2226,34.060295
2185,2226,98.669434
2186,2226,48.089447
2186,2227,70.011246
2187,2227,64.19696
2204,2227,69.963158
2177,2228,52.324154
2178,2228,34.595711
2181,2228,67.459114
2186,2228,50.437515
2187,2228,63.323879
2181,2229,34.678715
2187,2229,71.527573
2200,2229,72.016708
2230,2229,44.704166
2173,2230,63.552315
2188,2230,71.811035
2203,2230,78.03437
2229,2230,31.349373
2182,2231,75.283257
2204,2231,43.357796
2217,2231,54.419827
2218,2231,34.780361
2219,2231,34.780361
2204,2232,30.367451
2213,2232,48.921959
2217,2232,41.451042
2223,2232,41.25951
2230,2232,34.191036
2199,2233,93.702942
2204,2233,30.378782
2207,2233,57.015476
2235,2233,52.513203
2185,2234,38.55732
2189,2234,32.186436
2211,2234,57.281345
2212,2234,95.23967
2229,2234,41.28381
2211,2235,70.568665
2212,2235,38.34153
2221,2235,41.247871
2222,2235,41.247871
2225,2235,65.227989
2226,2236,40.142048
2227,2236,69.944389
2228,2236,71.076363
2157,2238,80.916519
2210,2238,92.970383
2224,2238,46.951927
2225,2238,74.625114
2226,2238,86.437386
2230,2238,82.206581
2209,2239,50.537132
2210,2239,52.119637
2211,2239,43.990677
2213,2239,49.522804
2214,2239,44.471245
2220,2239,30.606791
2223,2239,53.111782
2224,2239,61.529579
2225,2239,68.843094
2231,2239,71.544327
2222,2240,31.372366
2237,2240,38.938019
2222,2241,49.047279
2211,2242,52.154408
2223,2242,52.448742
2228,2243,36.30582
2220,2244,35.694878
2221,2244,33.097519
2222,2244,30.022058
2228,2244,90.88266
2228,2245,30.221014
2214,2248,37.046268
2215,2248,37.043297
2216,2249,60.495445
2252,2249,81.466621
2254,2249,80.760803
2252,2250,65.117958
2242,2257,49.044788
2240,2259,79.434349
2237,2260,30.531797
2238,2260,36.67197
2240,2260,39.695469
2238,2262,36.596153
2135,1968,49.555771
2133,1969,68.75
2134,1969,88.630783
2132,1972,60.75
2134,1972,79.25
2138,1976,35.539387
2138,1977,35.978786
2137,1978,31.433359
2133,1981,55.536701
2133,1982,85.596207
2134,1982,61.992859
2130,1984,42.75
2131,1984,74.599998
2128,1985,60.75
2130,1985,67.88562
2129,1986,44.301723
2102,2020,38.808907
2103,2020,43.844711
2146,2021,39.408165
2094,2022,41.207161
2095,2022,35.708893
2097,2022,32.472797
2098,2022,77.076614
2100,2022,77.245811
2094,2023,72.34726
2095,2023,30.390396
2096,2023,46.986538
2097,2023,77.146484
2098,2023,84.683517
2099,2023,77.510048
2103,2023,56.413849
2105,2023,73.839218
2149,2023,38.519508
2155,2023,45.650948
2098,2024,96.435417
2148,2024,37.550308
2150,2024,65.667381
2151,2024,62.143963
2152,2024,33.095913
2153,2024,33.031754
2104,2025,70.897629
2147,2025,85.153687
2148,2025,67.103119
2151,2025,59.265591
2246,2036,37.909687
2247,2036,40.330044
2134,2052,64.108963
2135,2052,55.809204
2192,2053,90.930954
2134,2055,32.936447
2135,2055,35.694324
2136,2055,39.956253
2137,2055,44.121895
2138,2055,33.696018
2190,2055,51.562996
2133,2056,60.551315
2191,2056,44.916229
2195,2056,30.331749
2190,2057,40.722862
2198,2057,36.089836
2191,2058,33.273224
2198,2058,31.424152
2190,2059,90.246704
2190,2060,49.317482
2158,2061,82.157181
2201,2061,36.432758
2157,2062,32.617294
2215,2065,42.175076
2218,2065,52.344616
2219,2065,53.254616
2220,2065,34.472412
2197,2066,32.432602
2215,2066,33.425426
2216,2066,42.494934
2217,2066,48.570545
2218,2066,38.303528
2193,2067,38.918888
2197,2067,39.869804
2222,2067,75.82103
2197,2068,51.424866
2198,2068,35.70319
2200,2068,32.140724
2213,2068,66.445206
2214,2068,51.265747
2215,2068,70.109474
2103,2095,40.63995
2111,2097,62.092037
2109,2098,33.442863
2110,2098,38.627392
2109,2099,34.254547
2098,2100,32.244667
2096,2101,57.811562
2107,2102,91.258614
2108,2102,56.700325
2103,2108,60.584965
2249,2112,32.033291
2251,2112,33.391903
2189,2118,35.598587
2190,2118,40.134434
2205,2118,50.874191
2188,2119,49.655884
2207,2119,37.747574
2207,2120,53.648449
2206,2121,50.492661
2207,2121,31.0812
2208,2121,77.73291
2206,2122,66.38121
2207,2122,45.980309
2207,2123,47.03434
2208,2123,31.221231
