726,1167,30.459053
727,1167,54.938679
728,1167,32.052448
692,1171,52.926594
697,1171,86.996918
695,1173,33.886509
730,853,54.509026
937,854,46.426384
938,854,64.911324
743,537,50.244827
744,537,51.714275
745,537,69.670677
777,858,76.465668
747,541,64.67791
855,541,76.105751
858,541,39.448994
737,859,78.687904
854,542,91.427498
774,543,46.766766
775,543,75.998726
825,543,62.483601
840,543,95.52504
854,543,91.609718
855,543,74.170006
856,543,41.771969
873,544,51.7799
691,863,93.13726
690,864,30.077332
790,547,74.135208
691,866,62.52021
809,548,37.604778
844,548,41.205154
720,867,42.426594
758,867,89.133278
854,867,42.029572
856,867,53.90852
859,867,32.019066
860,867,38.649475
789,550,77.169769
758,868,48.463326
789,551,45.545067
710,869,55.271439
757,869,32.576107
876,869,42.005169
772,552,53.682339
711,870,36.312561
809,553,56.264965
826,553,50.565437
855,553,66.770157
768,554,64.394615
770,554,76.768265
815,554,31.260269
826,554,76.869354
827,554,48.358784
829,554,39.940426
854,554,88.969894
855,554,94.248329
857,554,50.518257
712,872,33.469616
694,873,73.929459
709,873,40.50959
711,873,33.125271
771,555,32.613068
802,555,64.759804
805,555,35.977985
827,555,39.68811
856,555,95.714821
857,555,45.341938
805,556,88.659279
807,556,82.348953
828,556,51.489204
829,556,68.24675
830,556,50.463921
857,556,42.911068
708,874,46.664837
709,874,52.126446
694,875,95.964859
708,875,89.232689
711,875,30.55732
756,875,64.711533
757,875,48.676743
860,875,42.355946
862,875,61.3256
865,875,40.075874
866,875,36.214687
731,557,36.584232
786,557,80.257935
787,557,55.03698
805,557,62.205791
828,557,95.74321
829,557,79.69429
830,557,59.808048
862,557,30.687424
786,558,43.981586
787,558,53.493385
801,558,39.530464
950,558,76.905632
951,558,58.934521
729,876,38.342068
756,876,73.240318
757,876,61.122871
758,876,39.719368
860,876,52.376987
862,876,86.989342
864,876,68.475197
786,559,43.256935
787,559,50.776638
729,877,42.798847
756,877,66.368729
758,877,97.587288
759,877,38.867336
862,877,45.252739
829,1195,37.200005
831,1195,37.200005
833,1195,37.200005
834,1195,70.104286
835,1195,88.56144
836,1195,75.104286
934,560,55.839348
707,878,63.479324
709,878,63.213989
759,878,85.46904
863,878,35.923065
703,879,31.777786
704,879,48.478863
706,879,49.82185
759,879,37.631271
754,561,30.261248
948,561,32.075199
950,561,45.181156
722,562,67.244324
952,562,48.800732
953,562,68.122864
755,563,96.21682
770,563,47.825237
841,563,61.183064
755,564,46.811592
787,564,46.062767
788,564,68.213554
701,886,97.544243
755,565,54.131893
788,565,52.701572
755,566,53.760281
690,887,31.803406
696,887,63.165775
698,887,56.781803
693,888,32.677193
755,567,35.055202
785,567,47.169384
820,567,77.994141
819,568,87.660248
710,890,30.267986
712,890,39.612461
787,890,54.421295
754,569,35.475628
809,569,36.124935
820,569,63.018242
821,569,67.842537
808,570,31.33931
820,570,86.73912
821,570,34.707165
787,891,74.4739
890,891,32.899117
799,571,47.202511
806,571,61.604485
807,571,75.236504
808,571,83.376717
809,571,80.627853
819,571,70.13459
784,572,37.537872
798,572,64.875778
807,572,89.320564
896,893,40.280712
897,894,77.627792
787,573,62.469532
797,573,73.574455
797,574,89.369858
685,895,44.571255
738,895,64.166634
897,895,43.933514
761,896,51.521984
874,1211,76.687111
788,575,52.050484
789,575,89.854996
795,575,93.840248
797,575,68.787865
798,575,36.038212
800,575,34.712345
845,575,32.192005
797,576,47.16708
800,576,93.030991
835,576,95.266953
762,897,47.018124
797,577,47.869728
801,577,81.188232
839,577,43.771454
762,898,90.373489
784,898,55.969582
785,898,46.991203
883,898,88.454239
886,898,32.377586
888,898,52.186291
822,1214,60.433296
823,1214,70.553291
824,1214,70.519958
825,1214,31.723326
827,1214,33.723324
828,1214,38.373322
753,578,52.924477
796,578,82.903282
800,578,41.389862
801,578,81.918839
840,578,39.675331
841,578,37.750301
696,899,36.149487
697,899,36.149487
760,899,86.276276
886,899,31.816429
887,899,88.944542
888,899,57.012405
832,1215,76.0
834,1215,47.333298
835,1215,94.666595
838,1215,98.666832
760,900,39.162842
888,900,59.233753
898,900,36.762821
760,901,30.749573
762,901,53.484276
753,579,64.264481
797,579,43.549923
799,579,35.797081
800,579,35.205868
833,579,65.588402
854,579,40.70858
881,901,49.07156
882,901,49.652763
886,901,36.607666
887,901,31.869179
754,580,82.328415
786,580,48.088223
833,580,50.069965
835,580,41.170574
762,902,61.613571
763,902,37.395123
815,902,47.071983
862,902,64.83773
881,902,31.046892
882,902,31.081423
883,902,41.365547
884,902,41.130703
885,902,42.615868
886,902,35.115997
718,1218,86.654503
690,903,38.490845
691,903,51.689453
694,903,49.605362
761,903,39.268349
763,903,58.751755
784,903,39.189404
785,903,39.105862
862,903,30.200113
882,903,94.654724
883,903,50.420593
887,903,45.981384
888,903,35.899345
788,581,38.072475
835,581,83.877228
853,581,36.808971
761,904,50.097012
880,904,39.232105
881,904,41.243744
883,904,39.920773
884,904,40.054432
885,904,39.98703
886,904,41.556965
888,904,44.064102
898,904,31.99044
717,1219,86.166679
780,582,30.381264
833,582,35.290562
834,582,32.040661
835,582,62.422043
761,905,34.662838
881,905,69.529388
882,905,30.831581
883,905,35.446304
884,905,33.821362
885,905,30.840853
886,905,30.840853
888,905,55.330055
898,905,63.552193
719,583,52.617062
787,583,77.09787
719,584,40.508217
823,584,45.353779
859,584,65.921715
873,584,48.351074
761,906,32.311035
888,906,32.531746
889,906,33.235374
855,907,33.007236
719,585,42.643524
859,585,57.991413
680,1222,41.507454
719,586,41.547512
823,586,95.176102
850,586,46.425102
851,586,39.881413
852,586,62.687302
855,586,37.21138
859,586,44.800591
774,908,65.0
796,908,38.477226
760,909,36.547012
794,909,32.877319
795,909,39.395313
799,909,65.518425
760,910,36.965027
793,910,70.151901
794,910,53.428581
795,910,99.727127
796,910,58.075165
797,910,95.81591
798,910,99.362068
862,587,32.271812
788,911,34.46574
789,911,53.671265
790,911,51.851616
791,911,49.218689
792,911,69.58651
793,911,62.029617
794,911,65.323235
795,911,52.303989
796,911,59.28653
754,1225,38.718662
700,912,37.21772
760,912,87.76152
761,912,42.962715
790,912,34.654263
791,912,54.584171
792,912,32.69788
794,912,86.072906
754,1226,59.228321
841,590,96.403
919,590,30.104507
761,913,49.711403
754,1227,59.228321
762,914,92.983055
867,914,56.644032
870,914,37.163666
874,914,80.071854
871,915,61.886257
873,915,69.450226
818,591,61.324772
754,1228,55.769531
700,916,32.857891
833,593,35.463505
834,593,49.805573
842,593,75.886497
843,593,44.037277
770,594,34.100727
826,594,37.841103
833,594,59.574032
834,594,35.306255
835,594,44.959152
843,594,34.223148
844,594,86.114479
851,594,38.773922
853,594,46.780262
926,594,44.846947
754,1230,34.646782
731,919,67.342453
733,919,37.215088
753,595,43.798264
824,595,51.419979
826,595,45.114574
835,595,98.579063
843,595,59.311512
844,595,39.149837
852,595,32.613998
860,595,36.489719
687,920,91.370049
689,920,58.564487
690,920,59.891251
733,920,36.133854
762,920,31.236629
823,596,57.628529
824,596,45.828087
835,596,33.259571
860,596,51.75209
919,596,44.002361
687,921,74.420662
688,921,97.255661
690,921,77.370186
761,921,61.259239
762,921,31.807425
780,921,32.124096
687,922,49.848804
688,922,32.413059
763,922,39.850903
764,922,40.42614
765,922,30.086145
778,922,53.401588
779,922,58.473007
780,922,59.241955
781,922,73.447174
793,597,43.836796
843,597,35.075394
931,597,53.222073
835,598,34.141487
841,598,30.445562
687,923,45.837368
767,923,43.849014
768,923,36.426655
771,923,36.153172
775,923,40.08889
776,923,30.50305
868,924,32.61739
877,924,59.753677
714,599,81.031425
715,599,51.046772
851,599,69.894562
916,600,35.766125
917,600,38.476883
918,600,40.30312
921,600,57.408287
923,600,34.837666
924,600,45.832729
926,600,38.639561
714,601,43.812798
714,602,46.253277
951,602,34.44928
703,927,36.73193
714,603,75.441452
715,603,86.324669
716,603,67.635521
733,930,34.86261
717,604,54.310398
718,604,42.272331
719,604,40.770309
809,604,75.439743
810,604,95.12809
811,604,60.51849
828,604,41.038406
864,604,36.169315
895,604,83.035637
809,605,94.982536
811,605,40.060909
812,605,62.97517
813,605,47.868099
814,605,94.08493
820,605,42.843971
853,605,39.61903
854,605,30.733232
863,605,36.636669
864,605,41.736664
866,605,38.986847
812,606,51.101284
813,606,32.356449
814,606,99.305817
820,606,32.788944
831,606,68.737785
853,606,52.726227
854,606,49.701336
855,606,44.783596
857,606,31.511595
865,606,84.261261
866,606,63.821831
867,606,35.314865
809,607,55.738716
810,607,66.783424
813,607,69.06588
819,607,36.942169
853,607,77.848373
854,607,62.478123
855,934,79.193146
712,935,30.273628
868,935,89.484047
799,608,40.2775
800,608,32.279057
809,608,90.338303
810,608,42.311459
814,608,68.46711
738,609,68.500427
739,609,43.637573
800,609,31.202869
810,609,36.62439
821,609,60.201263
867,609,46.482082
712,936,58.861153
829,936,86.848351
740,610,59.524998
852,610,92.330925
853,610,49.223343
717,611,86.655243
739,611,80.272636
853,611,53.403885
854,611,30.295862
716,612,55.228416
717,612,71.900063
746,612,59.125702
818,612,94.887543
854,612,40.645321
858,612,37.029812
753,1249,33.278217
716,613,99.465416
717,613,81.127197
742,613,35.189907
745,613,30.750385
854,613,40.463078
858,613,43.28397
859,613,34.807777
860,613,60.13028
861,613,33.483822
862,613,59.466362
863,613,76.068405
864,613,58.013458
750,1250,97.585007
751,1250,57.106533
746,1251,91.703117
747,1251,64.016037
748,1251,76.113937
749,1251,59.466743
750,1251,56.401775
747,1252,42.999874
748,1252,45.681465
749,1252,31.48698
716,614,76.847946
717,614,98.941399
705,945,30.265921
715,615,73.749718
716,615,51.980225
717,615,55.526089
718,615,64.221619
719,615,39.347805
749,1253,47.28196
704,946,43.048054
748,1254,63.703506
716,616,73.441231
720,616,47.713623
721,616,34.175377
716,617,46.085732
690,950,54.819191
716,618,66.480682
716,619,80.898972
687,952,69.250717
752,952,55.632408
692,1260,52.333279
825,622,59.842354
686,953,94.50045
752,953,43.249836
840,623,60.337555
972,623,89.462608
752,954,52.084541
752,955,43.249836
686,956,39.705467
972,624,54.998856
841,625,54.800564
842,625,89.775078
843,625,77.693893
851,625,33.376915
857,625,39.936577
972,625,39.226173
687,957,96.354568
752,957,94.829391
764,626,52.614628
832,626,81.055672
845,626,64.937912
846,626,35.335625
851,626,39.905796
948,626,34.569164
949,626,48.093094
972,626,74.415009
973,626,30.659315
756,959,53.162167
758,959,88.176933
759,959,87.093674
831,627,44.55579
735,960,91.745972
816,628,46.115265
831,628,61.358372
735,961,49.343021
750,962,74.50444
827,630,60.721115
735,963,43.122551
827,631,58.322563
718,964,56.070633
725,964,75.992058
726,964,67.689346
734,964,60.198944
735,964,34.879086
725,965,59.651741
732,965,42.716553
733,965,47.243935
734,965,42.176018
735,965,46.325443
827,632,46.124454
830,632,38.690865
886,632,41.132359
887,632,64.220917
724,966,36.307648
726,966,45.316502
732,966,35.061188
735,966,32.060532
819,633,96.184013
887,633,57.828003
782,634,44.019424
784,634,55.775242
785,634,48.258965
813,634,62.972858
814,634,36.08802
780,635,46.056503
781,635,43.742207
782,635,63.630592
783,635,42.70055
784,635,47.987411
785,635,53.756954
813,635,63.592064
814,635,44.90242
828,635,30.313961
832,635,31.800211
776,636,95.978447
706,639,57.142319
822,639,73.886826
706,640,43.958569
829,640,58.667637
777,641,93.026855
779,641,82.128777
780,641,38.172031
781,641,49.112961
784,641,41.610214
827,641,54.789639
828,641,59.077148
829,641,71.351486
830,641,81.150391
704,642,97.451019
779,642,42.580357
830,642,36.475071
786,643,96.899246
814,643,31.914463
704,644,51.931374
736,644,63.415199
737,644,44.855587
778,644,54.624031
786,644,56.339737
809,644,36.901779
830,644,36.881145
737,645,34.443298
738,645,35.608494
739,645,30.930532
740,645,76.546028
741,645,41.563408
778,645,53.960281
810,645,38.419502
713,646,96.444092
715,646,55.37788
718,646,92.296242
738,646,52.182487
742,646,48.43504
815,646,33.943958
739,647,31.045025
743,647,47.770153
744,647,34.135704
745,647,41.205593
777,647,58.798306
810,647,68.740288
818,647,40.418495
742,648,37.521576
743,648,35.085796
744,648,38.249657
777,648,75.66156
746,649,64.043365
777,649,50.771709
818,649,84.939232
819,649,89.740433
820,649,34.676636
746,650,61.916157
747,650,83.768974
798,650,34.073261
821,650,50.436043
827,650,48.870449
828,650,77.791809
829,651,33.044254
828,652,64.52935
829,652,50.042057
830,653,46.34412
745,654,42.026939
746,654,30.240171
830,654,87.35569
791,657,38.13274
819,657,88.104279
820,657,32.602039
898,658,48.591206
752,992,94.774399
752,993,91.662582
821,660,83.996735
889,661,40.413906
888,662,57.277393
889,662,67.072891
888,663,79.762871
888,664,47.532452
889,665,93.776787
897,665,30.598249
970,665,83.024094
970,667,94.40284
733,1001,90.132477
919,668,39.062187
931,668,37.179764
932,668,81.754646
933,668,75.966141
934,668,74.533073
927,669,33.638988
928,669,75.236664
931,669,33.490952
734,670,98.415329
926,670,35.326988
929,670,48.633644
930,670,48.398064
734,671,42.139137
721,672,47.112621
886,674,46.884071
911,674,47.468643
912,674,31.632004
913,674,32.67836
950,674,32.858879
886,675,39.180069
912,675,41.086468
887,676,67.609398
905,676,51.193333
908,676,48.922001
921,677,98.890007
922,678,48.593636
738,680,48.13887
739,680,57.191792
740,680,56.553406
925,680,50.094193
929,680,54.29826
930,680,50.366676
931,680,96.171577
851,681,34.555798
773,1016,32.646458
914,1016,37.247856
772,1017,34.956326
773,1017,51.791725
913,1017,76.780716
914,1017,36.423958
914,1018,55.566616
898,686,70.115234
938,690,40.685677
705,1024,85.716751
953,691,74.263924
953,692,35.45573
954,692,78.226547
955,692,79.851692
706,1031,34.643188
956,700,94.632103
708,1034,67.627663
707,1035,47.318165
707,1036,31.175081
707,1037,45.176086
953,705,41.865551
956,705,39.660004
726,1042,63.289421
842,1054,83.7407
799,1063,34.409294
800,1063,33.320152
737,733,30.086943
800,1066,32.830124
965,431,73.71521
968,433,93.69519
969,433,61.867699
965,434,32.486031
966,434,38.12101
969,434,34.434418
786,1071,55.225937
787,1071,37.712799
963,435,37.288208
964,435,40.645412
893,436,82.939285
894,436,67.728851
896,436,77.516609
897,436,80.388893
899,436,61.384285
900,436,78.763565
901,436,46.103565
902,436,43.424503
903,436,43.973244
969,436,53.562569
892,437,95.533661
894,437,32.817543
895,437,52.282448
896,437,41.07526
897,437,96.690865
900,437,63.948647
902,437,40.069336
904,437,57.31707
963,437,32.780582
893,438,36.742672
894,438,38.627407
938,438,54.793755
961,438,91.129005
960,439,47.497303
961,439,93.535416
963,439,75.456123
878,440,50.214439
879,440,50.191223
896,440,54.681435
897,440,51.163967
880,441,32.012321
895,441,46.549824
896,441,42.975548
962,441,90.447495
684,1079,76.202217
713,442,88.822021
876,442,41.312336
964,442,45.961113
977,442,83.884148
892,443,35.60841
753,1080,67.302361
875,444,41.314892
892,444,70.029533
964,444,32.530483
712,445,72.508774
713,445,72.219528
875,445,59.648918
903,445,40.375618
713,446,75.521286
875,446,55.659168
905,446,36.387794
875,447,42.484711
751,1084,64.986526
875,449,56.22401
753,1085,65.104599
912,1085,41.836739
935,1085,66.159981
937,1085,80.703552
912,1086,40.938019
757,1087,37.914627
760,1087,45.897305
762,1087,30.683884
763,1087,35.965294
894,1087,43.52446
912,1087,55.316559
936,1087,59.037994
937,1087,92.10936
878,451,31.776581
742,756,31.185768
877,452,31.800632
878,452,30.594776
895,453,78.612457
898,453,44.61013
899,453,32.98877
803,1089,42.375999
804,1089,67.656891
805,1089,63.812538
806,1089,66.242302
807,1089,73.972
808,1089,83.870255
704,758,32.001293
878,454,30.148035
887,454,87.368637
888,454,58.293812
889,454,58.27829
894,454,30.130531
895,454,38.8983
880,455,34.600445
723,1090,78.432571
724,1090,78.432571
725,1090,78.432571
814,1090,45.310337
912,1090,66.685081
704,456,89.842529
709,456,97.93631
907,456,46.362465
908,456,49.445869
710,457,34.109489
711,457,51.074173
712,457,61.057533
713,457,30.557581
714,457,54.585617
717,457,72.397346
894,1093,40.455944
710,458,61.703079
711,458,35.828201
712,458,71.565895
713,458,67.082733
714,458,33.192814
891,763,61.131367
891,764,45.322357
758,1098,97.093231
762,1098,81.692902
904,465,39.168228
758,1099,80.27874
817,1099,43.101757
932,1099,43.738281
758,1100,56.733974
817,1100,30.257582
929,467,33.071136
707,468,99.015305
948,1103,38.633163
709,469,77.637825
710,469,60.493362
717,470,52.943237
708,1106,55.082157
843,774,31.126801
844,774,35.945118
704,1107,63.144283
706,1107,71.772064
707,1107,48.938625
709,1107,31.267282
732,1107,79.635391
765,1107,95.76619
905,1107,51.360474
706,1108,50.016983
707,1108,95.05864
708,1108,66.071083
711,1108,39.176041
712,1108,70.944038
757,1108,52.455017
758,1108,77.152184
760,1108,34.630146
761,1108,68.328476
762,1108,50.491825
763,1108,34.832603
764,1108,44.667984
768,1108,68.13121
710,1109,50.975937
904,1109,32.718014
905,1109,37.406929
960,477,53.651505
722,1113,49.077507
723,1113,52.338203
724,1113,55.140179
725,1113,64.656288
726,1113,40.683018
727,1113,37.67609
728,1113,33.999638
730,1113,35.482941
679,1114,50.099113
680,1114,44.062317
723,1114,36.265617
724,1114,41.708832
725,1114,39.880363
706,783,54.498611
942,783,73.464119
944,783,64.027237
678,1115,72.806854
680,1115,72.806854
681,1115,44.062317
724,1115,34.003613
835,1115,34.950722
837,1115,54.016628
706,784,37.921864
721,784,53.03088
945,784,88.838234
947,784,33.356796
681,1116,53.271835
682,1116,78.990189
939,483,30.919537
720,785,37.019806
721,785,45.992046
953,785,32.615574
719,786,30.280483
720,786,42.646538
721,786,43.779804
722,1117,97.112289
723,1117,35.188965
931,485,52.721596
721,787,63.61438
718,1118,30.142199
719,1118,31.268719
723,1118,57.079132
887,1118,35.94149
903,1118,62.708332
721,788,58.787159
709,789,40.209373
721,789,76.862144
702,1119,36.956993
714,1119,67.500557
715,1119,73.473297
716,1119,32.163967
717,1119,32.875771
719,1119,57.736408
720,1119,64.711365
721,1119,78.227783
722,1119,44.12328
889,1119,51.718304
890,1119,45.589451
891,1119,45.773678
892,1119,41.458721
893,1119,30.532373
906,1119,31.767509
907,1119,86.422592
916,1119,75.088722
918,1119,60.427536
924,487,41.231987
927,487,88.156242
928,487,61.85075
929,487,40.003372
930,487,62.201008
931,487,56.263706
932,487,41.272655
721,790,78.288536
928,488,70.951637
701,1120,68.290321
708,1120,92.229973
714,1120,65.93782
716,1120,45.084385
904,1120,36.20993
716,791,30.113985
721,791,73.24868
721,792,81.023666
974,489,71.156403
974,490,47.179729
701,1121,32.260933
705,1121,31.17412
706,1121,38.044762
707,1121,43.210819
709,1121,63.437607
710,1121,47.430199
711,1121,44.919521
712,1121,59.467144
713,1121,81.278648
715,1121,83.227188
705,1122,70.556969
707,1122,68.045853
708,1122,47.586002
710,1122,70.712143
712,1122,68.789139
715,1122,39.548542
721,793,90.444466
946,491,75.910873
947,491,97.285858
948,491,36.32637
974,491,45.870136
704,1123,34.252022
705,1123,86.494888
706,1123,55.897606
946,492,83.905937
947,492,97.453445
704,1124,71.275597
707,1124,88.880951
721,795,35.166008
722,795,71.919022
955,795,48.565994
722,796,83.800255
860,796,32.568008
947,493,54.755104
708,797,36.815819
720,797,53.726864
721,797,88.193611
861,797,30.211174
932,494,60.524563
947,494,79.661453
709,1126,75.699821
887,1126,77.254684
708,798,30.887182
709,798,31.398567
720,798,32.799156
950,798,39.638233
926,495,42.983696
927,495,32.385944
935,495,67.032219
936,495,49.125309
708,799,52.385273
711,799,56.996109
712,799,33.837677
716,799,53.568989
717,799,36.691532
718,799,55.744003
719,799,45.409195
720,799,35.269859
941,496,74.448952
943,496,51.153339
709,800,35.80069
710,800,56.368729
711,800,56.318878
713,800,36.847733
714,800,63.480263
716,800,87.334648
717,800,65.751381
944,497,35.623898
959,497,89.78466
945,812,97.183136
747,1145,84.411293
745,1146,32.474613
746,1146,87.900642
747,1146,95.713898
751,1146,73.579269
735,822,54.016125
736,822,72.016426
748,1147,58.679047
889,1148,56.970428
920,1148,52.418228
942,824,45.506489
852,1149,31.374821
700,1150,76.276573
922,1150,61.112473
711,826,47.425453
712,826,54.348747
852,1151,35.961967
924,1152,56.110119
939,1152,39.178192
871,1156,52.309746
932,1156,37.142891
851,1157,63.60001
871,1157,80.220276
872,1157,70.641052
952,1157,55.784473
851,1158,63.876507
952,1158,63.88868
871,1159,36.499996
851,1161,88.267174
879,1163,76.410255
722,1166,39.499981
723,1166,41.593243
