976,210,42.954037
975,211,41.836296
956,222,75.237305
957,222,67.771011
956,223,59.833073
957,223,41.630325
956,224,78.911713
957,224,49.710888
942,229,46.057392
945,230,51.196644
943,231,64.354073
944,231,33.743111
942,233,96.888855
943,233,43.676262
944,233,82.148499
945,233,64.274033
943,234,92.504898
927,310,38.46946
917,313,97.055862
919,313,61.334934
923,314,60.887608
916,315,41.540695
982,7,54.371563
940,13,84.467056
982,13,56.08567
917,14,42.600079
940,15,35.705189
892,18,78.212662
906,22,41.548435
907,22,51.495106
908,22,48.491035
909,22,44.870964
910,22,69.42453
922,22,34.943733
1003,25,37.100033
1004,25,85.845222
1003,26,95.124023
1004,26,92.564087
1003,27,76.577904
956,30,85.452225
890,387,42.521587
880,76,57.36602
881,76,31.662746
882,76,79.145134
881,77,52.046074
877,82,53.696285
910,98,38.479328
913,98,49.873306
879,112,74.215042
880,112,62.996735
894,112,79.701614
895,112,41.231796
896,112,38.072865
877,113,39.937046
878,113,87.327591
879,113,53.806042
881,113,43.332165
882,113,91.256622
892,113,96.81768
893,113,93.068146
894,113,45.834427
895,113,43.330181
896,113,69.462173
924,113,50.784714
925,113,40.652863
878,114,31.957993
892,114,41.453445
893,114,51.333969
894,114,40.072041
895,114,87.665016
896,114,61.236889
878,115,88.314545
892,115,41.402363
893,115,51.239258
895,115,50.297932
896,115,59.741035
895,116,45.119144
896,116,72.830101
878,117,49.467907
892,118,66.173851
893,118,56.187149
894,118,73.018829
896,118,55.219528
897,118,74.453415
891,121,44.101593
881,123,51.757061
881,124,55.547729
881,125,40.35672
894,125,71.690041
895,125,92.275261
907,125,97.605942
881,126,37.916458
891,126,81.620903
892,126,40.121502
894,126,47.615719
907,126,62.95047
880,127,44.67762
881,127,79.120216
906,127,84.190315
907,127,60.105591
880,128,42.193855
881,128,69.659325
906,128,94.575035
907,128,76.254761
880,129,59.968819
881,129,65.369987
880,130,75.985725
880,131,64.36145
880,132,76.998413
880,133,41.749886
890,135,96.183342
889,136,55.84499
890,136,55.977608
891,136,49.251694
892,136,44.729416
890,137,52.514248
892,137,71.272606
893,137,46.408649
890,138,43.77866
892,138,74.452065
890,139,51.679535
891,139,36.656639
892,139,64.975502
890,140,70.731789
891,140,32.331024
883,148,43.824158
883,149,50.796268
882,150,59.078815
909,150,80.557251
905,151,86.019791
906,151,73.397522
939,153,54.53215
941,153,86.791618
962,157,46.444283
964,157,31.982004
895,160,30.213545
892,161,76.558746
894,161,61.69529
895,161,53.1203
895,162,51.045269
895,163,62.990791
886,168,30.397713
923,168,59.106411
906,169,72.570946
907,169,82.075745
891,170,45.743069
892,170,62.23241
893,170,83.951851
894,170,39.711605
895,170,69.967049
896,170,81.651421
967,173,76.987038
950,174,59.053131
951,174,49.153202
961,174,67.565918
965,174,53.483753
966,174,72.437103
967,174,54.092094
968,174,49.953777
948,175,85.232605
950,175,49.626553
951,175,36.736389
952,175,43.067467
964,175,96.09877
965,175,66.065605
966,175,50.608131
967,175,60.672989
947,176,60.443718
950,176,60.047913
951,176,40.727673
976,177,61.583191
977,177,70.096344
978,177,86.276962
961,178,47.757881
976,178,48.780762
978,178,46.772194
979,178,69.867386
978,179,33.63398
978,180,43.614571
979,182,68.280518
978,183,57.220699
979,183,59.86787
980,183,82.482109
981,183,33.421616
980,184,88.984726
938,190,60.073524
934,201,46.847008
936,202,98.34581
975,202,59.236217
935,203,46.249107
975,203,64.142265
936,204,71.030479
937,204,58.29517
938,204,52.594719
933,205,83.230064
935,205,40.908012
937,205,59.932934
938,205,49.984768
939,205,84.689194
975,206,98.989639
975,207,65.32637
