47,2452,40.381905
6,2453,75.037323
7,2453,94.96431
28,2453,45.792133
32,2453,49.191814
34,2453,52.226631
47,2453,47.855602
25,2454,55.811329
26,2454,48.859001
32,2454,40.843533
48,2454,75.335037
52,2454,66.902054
262,2136,53.131317
262,2137,30.429697
263,2137,58.80526
289,2461,30.801838
206,2462,32.379711
289,2462,38.959496
275,2463,44.258755
288,2463,36.548561
289,2463,49.937737
285,2464,40.677032
288,2464,65.327118
289,2464,79.970024
83,2465,40.52261
246,2465,61.992569
288,2465,39.842865
289,2465,71.749046
19,2466,96.205475
287,2466,30.99197
288,2466,35.453106
289,2466,82.550484
19,2467,42.057274
24,2467,31.866699
26,2467,98.271301
27,2467,49.676022
287,2467,38.787659
288,2467,47.562153
289,2467,68.967545
16,2468,63.932232
17,2468,41.524555
21,2468,62.378262
22,2468,71.317642
24,2468,75.615265
25,2468,97.776901
29,2468,75.447853
30,2468,44.90332
288,2468,67.305977
15,2469,87.633141
16,2469,87.522316
17,2469,41.918224
23,2469,60.733135
24,2469,75.665909
15,2470,94.497391
16,2470,84.945625
17,2470,57.146042
217,2470,50.084179
246,2470,33.607525
15,2471,90.446533
207,2471,47.078136
246,2471,30.043894
247,2471,40.024414
248,2471,42.684856
249,2472,73.347794
232,2473,67.594666
250,2473,47.828011
251,2473,50.369396
236,2474,39.898552
237,2474,68.943199
236,2475,64.182014
251,2475,60.642593
244,2476,32.9272
250,2476,88.516914
25,2477,43.195969
26,2477,31.489159
27,2477,35.72205
28,2477,83.46347
31,2477,49.350491
249,2477,35.638939
250,2477,48.633408
250,2478,45.110394
248,2479,72.125
249,2479,31.572573
250,2479,63.822334
265,2479,89.687286
172,2480,38.57032
173,2480,39.444523
266,2480,76.529617
239,2481,96.018852
240,2481,46.681129
246,2481,52.686981
247,2481,50.511803
248,2481,47.684715
249,2481,52.028671
250,2481,53.668549
251,2481,78.433311
245,2482,50.355915
247,2482,36.70335
252,2482,96.323479
247,2483,32.458271
248,2483,38.895859
250,2483,42.005333
252,2483,63.760551
253,2483,54.186234
268,2483,64.361244
269,2483,70.834969
44,2484,38.028252
317,2484,33.195683
29,2485,73.068024
29,2486,53.371288
244,2486,31.361179
268,2488,36.826561
253,2494,40.477215
317,2494,41.51178
1,2495,79.592041
252,2495,35.809299
253,2495,37.753471
0,2496,55.563217
1,2496,89.222649
2,2496,55.441536
10,2496,84.379257
1,2497,52.79237
1,2498,63.628815
280,2499,87.738869
281,2499,41.842545
217,2188,53.993046
256,2188,32.418453
188,2189,32.68362
195,2189,43.586292
216,2189,32.846153
190,2190,47.382019
191,2190,39.8508
192,2190,41.385147
193,2190,39.614845
194,2190,41.437798
195,2190,62.502254
256,2190,30.184088
257,2190,46.005543
190,2191,54.405094
191,2191,54.405094
257,2191,58.258141
287,2191,30.600605
186,2192,63.808151
256,2195,49.676327
257,2195,36.011082
90,2196,35.991943
97,2196,92.777946
16,2197,47.421196
91,2197,66.924934
256,2197,33.051445
16,2198,98.912811
17,2198,32.757343
29,2198,63.241634
35,2198,39.678375
15,2199,68.150497
156,2201,47.34726
82,2210,33.787285
83,2210,42.632561
97,2210,41.424305
79,2211,67.563286
93,2211,96.38327
20,2217,93.915535
17,2218,70.228226
17,2220,43.276577
214,2226,62.505306
215,2226,87.851669
293,2242,56.36861
298,2242,80.08075
300,2243,95.433807
300,2244,77.570114
43,2246,66.923767
66,2253,80.327866
67,2253,62.825268
68,2253,37.956512
69,2253,42.375557
70,2253,45.886303
71,2253,74.989349
72,2253,78.011772
73,2253,71.247604
74,2253,71.686981
75,2253,71.048958
76,2253,74.905327
77,2253,66.252167
78,2253,68.277519
79,2253,52.428421
80,2253,70.584122
81,2253,65.561966
64,2254,95.868187
89,2254,53.129097
90,2254,48.561287
91,2254,62.905552
95,2254,38.713161
97,2254,42.076916
92,2255,39.203835
94,2255,53.028572
96,2255,38.611805
97,2255,64.851379
92,2256,97.667984
93,2256,58.771015
94,2256,31.05361
95,2256,48.804127
97,2256,88.752136
241,2256,34.476292
95,2257,49.924366
96,2258,93.870216
252,2261,30.604389
256,2261,82.124329
197,2262,84.785355
252,2262,53.738697
104,2263,64.402496
214,2264,35.39006
220,2264,51.052055
130,2265,34.24419
144,2265,58.218971
220,2265,49.334888
221,2265,49.916275
222,2265,58.827755
130,2266,33.30267
134,2266,49.252907
219,2266,93.0
220,2266,62.328644
222,2266,54.123562
130,2267,43.875263
195,2267,56.916069
130,2268,30.769367
217,2268,46.583195
219,2268,56.273304
121,2269,61.872173
130,2269,30.207153
195,2269,82.606796
219,2269,53.073669
195,2270,94.427475
218,2270,40.646999
120,2271,41.336655
173,2271,39.994102
119,2272,84.744843
120,2272,41.336655
130,2272,41.817593
120,2273,30.214531
130,2273,44.923058
130,2274,50.179543
140,2274,98.826767
134,2275,58.773415
139,2275,76.751755
33,2280,50.424915
136,2280,68.969536
136,2281,58.810623
138,2281,68.773582
70,2282,44.984711
87,2283,88.860672
88,2283,88.146538
89,2283,39.185371
90,2283,69.738205
91,2283,46.580391
109,2283,36.963306
87,2284,90.045738
91,2284,75.220528
92,2284,58.617752
93,2284,39.14502
107,2284,55.530727
68,2285,34.349377
93,2285,74.664391
106,2285,30.631596
56,2286,33.816906
61,2286,31.276005
62,2286,57.825981
63,2286,38.504936
64,2286,34.778717
65,2286,36.890266
94,2286,61.475018
102,2286,48.160473
103,2286,41.70966
104,2286,32.799118
106,2286,82.450058
107,2286,49.833546
108,2286,37.977058
55,2287,36.239178
65,2287,45.188755
66,2287,40.458771
69,2287,59.801506
94,2287,59.589413
101,2287,40.257568
102,2287,65.110374
104,2287,61.964764
105,2287,82.696945
108,2287,79.689651
96,2288,33.663773
97,2288,42.324749
101,2288,59.317894
99,2289,60.658909
96,2290,65.389954
217,2315,35.74741
265,2319,35.234612
263,2320,32.912098
264,2320,65.815575
208,2321,58.398746
209,2321,58.471977
195,2323,37.764698
172,2324,40.020958
173,2324,42.889915
174,2324,52.643585
33,2327,52.725922
216,2332,69.462906
284,2332,54.353958
210,2333,32.081795
189,2335,41.554474
194,2335,63.42561
195,2335,42.92308
285,2339,30.226563
245,2340,35.507504
302,2340,37.190987
288,2341,32.285633
279,2346,38.034382
301,2350,32.248947
41,2356,47.621105
42,2356,32.851688
136,2356,73.539078
253,2356,78.127876
275,2356,98.453934
277,2356,78.103424
300,2356,57.104767
277,2357,58.316711
301,2357,53.833019
136,2358,88.406219
233,2358,36.04113
302,2358,30.576374
234,2359,48.905193
237,2359,55.813744
238,2359,61.622986
243,2359,44.071335
244,2359,30.707251
283,2359,50.446095
302,2360,31.845201
302,2361,56.875504
200,2363,78.450279
204,2363,33.003315
205,2363,89.30497
273,2363,35.234612
233,2366,65.504204
283,2366,31.148975
272,2367,32.407047
207,2373,92.724792
254,2376,77.445358
298,2058,31.370487
255,2379,43.952221
48,2380,40.524605
41,2381,69.647781
42,2381,34.952343
44,2381,32.418064
45,2381,33.627316
38,2382,41.769783
260,2382,30.659056
261,2382,34.823078
298,2062,54.029057
253,2384,69.276459
297,2064,32.670139
200,2385,49.032433
201,2385,71.014397
260,2385,58.599236
261,2385,51.570808
262,2385,38.193104
282,2385,53.097481
262,2386,46.869102
297,2066,33.264961
298,2066,76.588303
200,2387,73.742195
261,2387,40.652763
261,2388,59.587257
297,2067,79.385567
218,2391,67.088585
292,2070,35.112076
293,2070,47.635414
296,2070,82.152847
218,2393,46.26099
242,2393,73.666809
243,2393,45.787262
244,2393,64.712036
231,2394,53.901611
232,2394,69.927376
234,2394,76.275879
235,2394,93.151604
243,2394,89.470848
14,2395,32.845913
244,2395,43.58984
254,2395,51.66156
269,2395,50.870422
245,2396,46.8241
246,2396,73.027092
270,2396,58.07777
59,2402,57.518356
59,2403,66.79641
229,2407,88.939804
229,2408,38.739979
231,2408,38.472473
237,2408,81.933929
238,2408,71.199425
229,2409,71.217621
236,2409,36.389366
237,2409,63.198963
238,2409,92.926437
228,2410,79.898346
229,2410,53.503796
229,2411,55.955711
238,2411,41.903561
227,2412,96.744469
238,2412,30.271969
238,2413,92.955986
250,2413,48.502636
235,2090,55.215267
250,2414,82.264633
29,2415,88.759247
220,2415,39.749485
222,2415,43.155308
250,2415,71.723091
62,2418,30.640694
290,2418,99.016403
249,2419,90.376427
251,2419,57.46685
252,2419,64.060844
253,2419,85.971024
138,2420,43.735527
140,2420,38.319153
219,2420,79.673317
51,2421,30.806488
51,2422,30.455463
61,2423,37.968063
204,2424,98.102547
207,2424,66.360046
216,2424,64.154915
217,2424,32.590401
4,2425,39.868095
5,2425,58.608654
218,2425,49.752441
245,2427,45.188473
290,2105,48.370926
158,2428,83.634789
54,2429,50.676716
144,2429,39.571827
150,2429,32.349686
291,2106,39.35442
141,2430,89.252983
63,2431,63.537865
223,2121,39.236282
223,2123,30.713326
