390,534,88.479393
391,534,60.636852
409,534,42.063976
390,535,78.430405
409,569,87.704964
434,585,83.230766
419,589,63.350418
419,590,38.679417
508,593,61.591919
429,597,47.250469
428,598,67.119003
441,598,40.879566
427,599,59.747704
505,600,99.734962
507,600,53.426598
494,601,44.777016
508,601,34.117855
494,602,46.617493
505,602,97.384979
507,602,47.195881
454,603,60.352688
494,603,30.633883
505,603,77.232292
507,603,46.88361
509,603,61.303772
453,604,44.998421
455,604,30.200779
505,604,52.114449
506,604,41.490673
507,604,46.146645
509,604,48.658752
454,605,33.678329
505,605,67.947342
454,606,49.780209
457,606,32.094421
505,606,45.107613
417,607,62.842152
418,607,96.424889
464,607,30.254436
468,607,76.064255
507,607,31.731981
508,607,33.067661
509,607,57.202255
419,608,37.661362
420,608,44.72641
421,608,45.383537
468,608,69.524162
419,609,62.820545
422,609,60.920544
468,609,37.358055
423,611,52.074402
425,612,60.13657
426,612,44.578091
427,612,51.313824
428,613,72.79715
429,613,36.637009
430,613,33.471619
431,614,31.721811
447,622,47.65316
476,623,97.497253
478,623,52.088112
490,623,75.883873
491,623,89.158295
475,624,60.056828
491,624,52.978996
492,624,43.32906
493,624,64.869995
404,625,86.726654
410,625,92.094475
447,625,43.957237
448,625,58.261787
476,625,38.410267
477,625,30.878067
478,625,82.847893
492,625,97.431206
412,626,66.929352
476,626,37.339096
477,626,40.976723
479,626,68.631546
493,626,54.553276
474,627,39.340714
475,627,73.385887
478,627,33.971741
479,627,83.476471
420,628,35.090366
475,628,70.09967
476,628,33.021091
421,629,56.967575
422,629,53.022614
476,629,87.281998
477,629,40.478409
479,629,71.036781
493,629,39.983093
423,630,78.514252
424,630,74.761673
425,630,93.161102
466,630,64.388062
476,630,43.957977
477,630,32.086292
427,631,45.87656
476,631,56.833405
477,631,33.738846
480,631,67.956787
494,631,43.097557
430,632,30.090651
465,632,58.494698
473,632,98.406731
441,640,65.724274
440,641,47.996899
442,641,55.670963
443,642,51.899799
446,642,37.772324
447,642,38.031307
448,642,66.126579
437,643,41.911449
446,643,42.541077
448,643,60.747822
437,644,64.892029
448,644,50.498505
455,644,30.872269
456,644,34.70919
457,644,31.198042
457,645,77.436142
461,645,63.394756
462,645,43.422035
463,645,59.872589
464,645,59.988361
465,645,30.485016
469,645,41.490223
470,645,37.414471
471,645,53.340271
458,646,40.037167
471,646,31.069725
466,647,43.115185
456,649,31.111845
466,649,31.684044
498,660,45.875633
485,662,70.226913
491,662,33.024193
485,663,47.782135
491,663,33.585682
485,664,73.743324
491,664,62.891209
485,665,96.737617
486,665,63.588432
489,665,82.068657
490,665,31.665844
491,665,92.940033
476,666,49.648407
485,666,75.953026
491,666,34.687984
506,666,57.983955
475,667,36.662827
476,667,94.220139
486,667,39.836273
496,667,96.543121
497,667,92.339279
499,667,89.517532
506,667,93.381912
491,668,45.391731
444,669,39.49667
445,669,93.360542
446,669,77.891335
475,669,62.203602
491,669,40.339695
492,669,37.83783
493,669,41.060753
444,670,50.286751
466,670,82.141083
440,679,74.199776
440,680,34.378544
441,680,60.465294
442,680,50.409126
440,681,39.790909
441,681,38.347668
443,681,40.570385
444,681,60.09491
445,681,58.601433
446,681,45.003292
445,682,43.619942
474,727,30.754425
475,727,32.477394
477,727,47.625454
475,728,53.292343
476,728,72.56633
473,729,54.500099
474,729,41.12394
491,729,72.277168
494,730,55.926323
488,731,34.460049
470,734,76.629723
470,735,50.58247
469,736,31.450001
470,736,60.256767
469,737,56.22316
469,738,37.472317
470,738,58.29084
480,738,38.703072
496,738,43.760635
498,738,68.027939
469,739,39.798527
470,739,58.4916
480,739,85.915787
481,739,60.782391
482,739,47.485844
483,739,60.865341
497,739,70.764526
511,739,49.114372
469,740,30.985889
470,740,34.596497
468,745,71.434929
469,745,39.124249
477,745,59.656368
470,746,33.48035
477,746,63.483624
476,747,84.492996
506,747,58.019642
507,747,41.457333
508,747,67.333862
507,748,86.644806
475,749,70.967461
505,749,40.602531
506,749,35.994305
512,757,61.296036
470,758,30.786053
469,759,45.936337
482,759,64.924858
498,759,77.894096
499,759,34.411293
500,759,36.784962
501,759,84.079109
389,761,48.573227
390,762,35.559914
390,763,30.478088
391,763,90.806221
413,763,58.833759
415,763,38.181732
420,763,33.730728
422,763,44.035301
422,764,33.707878
423,764,36.095024
425,764,54.726139
426,764,38.211784
427,764,30.471689
428,764,39.478447
435,764,36.847588
436,764,44.940014
443,770,34.354561
444,770,50.651237
440,778,98.382767
441,778,44.025127
442,778,62.719902
444,778,94.156349
392,779,93.229774
395,779,95.743263
442,779,36.258682
445,779,35.028862
393,780,98.436462
394,780,43.538387
391,781,55.387939
421,790,60.472618
422,791,70.991188
423,791,99.555382
400,792,40.535374
403,792,42.269096
404,792,40.923721
420,792,80.551384
422,792,66.227264
423,792,43.485054
448,792,31.17589
399,793,84.059593
396,794,38.17664
449,795,84.606155
449,796,47.315548
449,797,79.689201
450,797,37.225998
449,798,68.364029
450,798,51.688766
449,799,73.541382
450,799,38.81955
451,799,30.429707
451,800,36.260979
470,800,75.881439
448,802,38.309372
451,802,35.828796
440,814,36.398773
369,515,76.596451
370,515,68.547623
382,515,67.864281
372,516,48.212337
388,518,94.93351
434,821,88.91597
436,821,47.673134
373,519,74.195908
431,524,95.3657
443,524,33.877575
393,837,48.208649
394,837,34.305073
