2371,221,93.657852
2372,221,32.04084
2352,222,37.234066
2373,222,36.130493
2370,223,55.227528
2272,225,42.743729
2306,225,49.247692
2308,225,30.700926
2373,225,80.897377
2373,227,48.803024
2272,228,33.089008
2307,228,56.4062
2377,228,45.565353
2306,229,68.921799
2355,229,72.160309
2373,229,70.680923
2332,230,38.154484
2334,230,60.844296
2392,230,58.919426
2331,231,40.4454
2392,231,43.09296
2396,231,43.860046
2391,232,30.500559
2396,233,31.071741
2392,234,49.606438
2322,236,42.534325
2323,236,36.574528
2275,237,30.623085
2323,237,32.257935
2324,237,45.607765
2391,237,84.678558
2323,238,88.974899
2324,238,84.347473
2383,239,74.1464
2384,239,88.075211
2384,240,35.48214
2368,241,59.598652
2369,241,38.328239
2358,243,65.407188
2400,243,37.431625
2367,244,54.541988
2403,244,30.316904
2376,245,79.059235
2463,245,38.779774
2464,245,58.086178
2463,246,55.346207
2465,246,67.068512
2485,246,63.414326
2486,246,44.534161
2464,247,40.600613
2484,247,31.29867
2485,247,54.600891
2358,249,38.458817
2399,249,30.625319
2312,250,31.616409
2317,251,30.876171
2318,251,60.595764
2318,252,34.663994
2320,252,36.691978
2451,257,67.47718
2477,257,85.818062
2451,258,81.788147
2472,258,78.766991
2304,260,31.005836
2324,261,61.394745
2417,261,30.937834
2416,262,31.445337
2449,262,38.621647
2450,262,53.628529
2355,263,35.859505
2448,263,62.275269
2449,263,60.889645
2450,263,56.601929
2447,264,51.425533
2448,264,32.819996
2305,265,37.621292
2444,266,42.311077
2448,266,32.389492
2486,266,38.01524
2273,268,52.545815
2292,270,33.260777
2293,270,65.35582
2304,270,73.166252
2476,271,75.101227
2477,271,60.574146
2294,272,90.234245
2478,273,48.277859
2277,275,42.365982
2293,276,55.778458
2290,277,32.757244
2285,281,36.943775
2286,283,33.275402
2286,285,35.067139
2475,286,38.904743
2478,286,36.507336
2469,296,65.590477
2469,297,61.098438
2471,297,45.584244
2428,299,58.603672
2389,305,34.141441
2320,309,40.78791
2276,311,93.340614
2277,311,30.043369
2392,312,50.538208
2339,315,36.80949
2360,1,77.370003
2271,2,50.483128
2278,2,83.535599
2359,318,30.683477
2371,318,34.737312
2279,3,44.970306
2343,319,35.742878
2312,321,40.058994
2310,322,38.55698
2313,8,77.928886
2314,8,33.291668
2337,327,51.840504
2363,327,32.984848
2364,327,31.535486
2318,329,83.364563
2326,329,49.110348
2337,329,63.883831
2363,329,42.751183
2337,330,34.51107
2363,330,37.837112
2370,330,35.152084
2371,330,31.27935
2363,331,45.671474
2322,332,73.512115
2323,332,34.389839
2363,332,61.40992
2355,24,41.443356
2358,24,40.575588
2359,24,90.878357
2361,24,56.131969
2464,25,97.947594
2465,25,53.961491
2492,25,57.247425
2495,25,39.315205
2494,26,37.011646
2495,26,38.267925
2465,27,58.292088
2419,343,34.61351
2465,28,94.614876
2492,28,37.844933
2492,29,32.190819
2493,29,39.380219
2495,29,30.720615
2380,346,46.033794
2398,346,45.660606
2373,347,57.769024
2374,347,31.25765
2379,347,43.038357
2380,347,34.078396
2381,347,34.117714
2364,33,66.194954
2365,33,50.304428
2361,34,42.473511
2362,34,49.48233
2363,34,39.663155
2364,34,57.313198
2365,34,46.214703
2366,34,64.469917
2374,34,41.280861
2358,35,65.698715
2364,35,54.704411
2365,35,79.715691
2307,36,48.128273
2358,36,56.390366
2378,36,30.407528
2380,36,32.518867
2315,37,63.257889
2472,37,47.330864
2473,37,32.887325
2475,37,47.28569
2400,352,31.834879
2370,38,41.996098
2470,38,89.728638
2471,38,86.486084
2472,38,52.001747
2487,38,52.078896
2400,353,33.915031
2275,354,39.212582
2308,355,98.618988
2357,39,80.916725
2370,39,56.422215
2472,39,76.488144
2473,39,60.870602
2487,39,98.032265
2473,40,87.717499
2488,40,43.734463
2493,41,97.086693
2494,41,86.156006
2489,42,43.344769
2400,357,45.975266
2279,358,52.311874
2441,366,39.851456
2453,366,43.868198
2369,367,36.970779
2370,367,60.489235
2378,367,65.409248
2441,367,39.033741
2376,369,31.141012
2442,370,45.756676
2443,370,34.749111
2443,371,45.148705
2304,372,45.302368
2483,60,41.050049
2484,61,65.99025
2307,376,66.773674
2308,376,78.809456
2309,376,78.403023
2312,377,33.165573
2454,377,90.803391
2483,64,52.867313
2435,65,31.0065
2438,65,72.202209
2439,65,65.711685
2440,65,58.087898
2441,65,45.477516
2442,65,55.243164
2443,65,43.466053
2435,66,63.041595
2444,66,48.928623
2446,66,48.019619
2339,380,54.203346
2339,381,36.201191
2352,382,49.798183
2353,382,78.164368
2354,382,58.542278
2390,382,38.09309
2354,384,72.056244
2361,385,77.634796
2362,385,99.599846
2363,385,41.68716
2297,72,47.001854
2298,72,77.238304
2361,386,48.995178
2362,386,34.20792
2291,73,51.620956
2297,73,56.474335
2298,73,53.158058
2297,75,38.078201
2297,76,55.695309
2473,77,48.891033
2473,78,71.547409
2298,81,44.070953
2496,81,64.474281
2497,81,35.327778
2298,83,43.960438
2499,83,36.231419
2296,85,68.837341
2294,86,48.465683
2296,86,39.664066
2297,86,34.184898
2293,87,96.914749
2293,88,34.107212
2307,97,59.633034
2312,97,38.752167
2305,101,41.029346
2298,104,33.215092
2290,107,30.311058
2331,110,55.487991
2332,110,34.015293
2292,111,60.884895
2331,111,64.097122
2332,111,40.709225
2331,112,48.546078
2331,113,37.259846
2332,113,51.124065
2289,114,39.072807
2331,114,85.699165
2332,114,66.262222
2319,115,31.239965
2330,115,32.676029
2331,115,37.08709
2330,116,57.369148
2319,117,34.850388
2332,118,34.650448
2333,118,72.732697
2320,119,43.782608
2336,119,87.069244
2287,123,49.30381
2447,125,49.64233
2448,125,56.914677
2465,128,64.859245
2417,134,83.69735
2365,135,87.027596
2417,136,35.204945
2378,137,91.152527
2380,137,77.514282
2417,137,32.463314
2284,150,35.83889
2282,151,73.145531
2283,151,74.079338
2285,151,63.10862
2283,152,88.400269
2289,152,85.39521
2282,153,50.401936
2283,153,56.769325
2285,155,77.722374
2279,156,55.086975
2274,157,34.65731
2275,157,45.952721
2276,157,33.881527
2279,157,84.466072
2280,158,37.070301
2281,158,92.277504
2282,158,34.500134
2275,159,42.081905
2276,159,37.24086
2277,159,93.342224
2423,164,30.576864
2424,164,40.554939
2276,165,53.11525
2278,166,35.163189
2424,166,80.768578
2271,167,30.978422
2423,167,36.46957
2424,171,84.345131
2282,173,83.175255
2426,175,41.580208
2423,186,39.707275
2423,189,37.369705
2428,191,61.70377
2430,191,47.339638
2431,191,68.419456
2431,192,54.552765
2432,192,60.174652
2459,193,32.618168
2416,194,39.180542
2432,194,55.727051
2457,195,39.698921
2429,200,31.514965
2397,203,54.936241
2309,204,46.762573
2310,204,99.370743
2309,205,44.515499
2310,205,40.31694
2311,205,62.622009
2397,205,53.202866
2398,205,49.911716
2399,205,32.057728
2310,206,37.607517
2311,206,60.683624
2307,207,79.5793
2442,207,81.145195
2443,207,58.794865
2477,207,35.759243
2394,208,95.4907
2396,208,83.604355
2436,208,53.825268
2475,209,34.904663
