2452,1486,51.349506
2453,1486,46.047535
2369,1487,93.9394
2454,1487,34.837681
2320,1489,50.984344
2333,1170,83.836815
2329,1171,66.857193
2338,1171,73.276459
2329,1172,30.122675
2333,1172,48.505081
2250,1492,40.238571
2252,1492,96.476952
2254,1492,31.303371
2255,1492,42.877758
2248,1493,51.295387
2249,1493,39.956772
2250,1493,33.558704
2251,1493,41.843925
2459,1177,32.133499
2247,1494,74.761757
2257,1494,97.873505
2248,1495,44.858047
2249,1495,94.882141
2250,1495,51.717461
2251,1495,51.713551
2252,1495,94.957611
2325,1496,66.123352
2263,1497,52.99271
2315,1497,35.893559
2471,1497,33.696167
2323,1498,54.337219
2326,1499,37.217602
2433,1499,61.475266
2432,1500,83.912498
2432,1501,81.985641
2431,1502,48.026756
2432,1502,31.265902
2291,1184,47.81945
2245,1185,31.422459
2251,1185,39.643932
2288,1185,91.391541
2305,1185,49.202282
2428,1503,41.168663
2245,1186,33.417049
2251,1186,39.846291
2252,1186,38.143421
2296,1186,48.275204
2299,1186,71.524261
2288,1187,91.414696
2363,1505,47.767822
2286,1188,30.075869
2469,1506,44.434868
2449,1507,58.676949
2450,1507,42.11269
2467,1507,31.640306
2468,1507,59.708057
2301,1508,30.493439
2469,1508,36.086079
2472,1511,31.737379
2272,1512,87.16864
2273,1512,97.005463
2278,1512,54.287048
2279,1512,73.511627
2282,1512,37.25256
2472,1512,50.031101
2272,1513,32.733143
2283,1513,34.659973
2284,1513,88.727776
2303,1513,39.005318
2471,1513,32.019974
2279,1514,30.109907
2284,1514,80.692963
2279,1515,36.753067
2479,1515,31.841232
2465,1517,35.364388
2467,1519,97.816383
2468,1519,33.894325
2346,1520,32.795933
2269,1201,53.143616
2361,1521,33.987267
2365,1521,50.343906
2271,1202,49.20105
2272,1203,70.167526
2357,1522,43.254162
2231,1523,37.088078
2274,1204,40.737366
2275,1205,58.268307
2276,1205,41.964458
2277,1206,31.389397
2395,1525,33.057312
2278,1207,77.9589
2494,1207,55.133469
2467,1526,68.578499
2481,1527,68.457489
2492,1208,60.419502
2493,1208,36.815102
2313,1209,67.265343
2466,1528,56.43182
2491,1528,49.533291
2492,1528,41.749233
2493,1528,44.587879
2494,1528,41.772102
2467,1529,83.77636
2468,1529,48.785038
2469,1529,56.879387
2450,1530,30.67201
2466,1530,37.341869
2467,1530,49.602901
2398,1531,57.0466
2464,1531,49.558907
2469,1531,43.172432
2398,1532,60.786095
2399,1532,79.355263
2464,1532,67.830345
2416,1533,41.993748
2447,1533,30.383654
2464,1533,74.139435
2288,1535,41.747097
2365,1535,66.473434
2366,1535,56.099522
2394,1535,47.640297
2395,1535,49.505405
2396,1535,94.340363
2398,1535,55.735298
2400,1535,34.689457
2433,1535,33.924129
2446,1535,31.762335
2466,1535,41.134953
2253,1219,34.020077
2396,1536,74.125351
2399,1536,55.584816
2400,1536,55.19556
2445,1536,34.456573
2401,1537,64.652306
2402,1537,37.922211
2403,1537,67.860046
2436,1537,43.991383
2437,1537,58.850639
2445,1537,70.736862
2446,1537,33.315022
2253,1220,40.980076
2333,1538,37.988209
2438,1538,36.071892
2444,1538,35.100758
2445,1538,46.024326
2447,1538,33.563976
2253,1221,49.661659
2435,1221,55.022324
2438,1221,39.872765
2439,1221,54.171265
2467,1540,84.805923
2482,1540,80.099899
2483,1540,77.633888
2485,1540,51.153191
2486,1540,66.989044
2487,1540,60.456005
2488,1540,94.73069
2489,1540,78.192451
2490,1540,63.642075
2492,1540,84.351807
2493,1540,87.02253
2245,1223,42.483242
2245,1224,33.610718
2252,1226,51.557747
2252,1227,50.313046
2252,1228,44.222839
2252,1229,32.06757
2416,1229,53.993851
2290,1549,51.335514
2291,1549,50.50771
2292,1549,30.827513
2319,1549,54.208401
2320,1549,44.793709
2292,1550,38.268276
2300,1550,32.920406
2302,1550,30.742851
2307,1550,33.454109
2318,1550,38.94352
2320,1550,32.608803
2322,1550,82.280388
2323,1550,78.645836
2250,1230,51.874626
2272,1551,58.495239
2273,1551,33.32774
2274,1551,37.209984
2276,1551,48.309566
2277,1551,48.339798
2292,1551,41.822903
2293,1551,31.882088
2294,1551,53.133301
2295,1551,38.442841
2299,1551,31.29882
2300,1551,31.391384
2321,1551,37.104954
2322,1551,49.756027
2323,1551,70.449738
2250,1231,51.806793
2279,1552,31.526943
2313,1552,45.27747
2318,1552,47.341377
2321,1552,42.693253
2314,1553,58.323402
2322,1553,35.298321
2323,1553,76.111618
2250,1232,67.217613
2242,1233,34.749123
2250,1233,81.993149
2242,1234,75.601074
2243,1234,65.118454
2244,1234,42.684105
2245,1234,54.835049
2247,1234,37.834045
2248,1234,38.279865
2249,1234,30.211658
2316,1554,31.156019
2322,1554,43.571217
2323,1554,64.241127
2335,1554,37.134972
2449,1554,48.283764
2450,1554,61.834476
2451,1554,57.08773
2452,1554,65.731323
2453,1554,51.127213
2454,1554,50.305393
2455,1554,47.597969
2456,1554,48.155048
2457,1554,90.647575
2315,1555,30.346956
2320,1555,35.003819
2401,1555,43.024384
2429,1555,36.000214
2450,1555,31.586754
2453,1555,34.316414
2456,1555,72.724915
2457,1555,52.457745
2458,1555,50.402222
2316,1556,33.227482
2458,1556,31.459257
2459,1556,42.198795
2499,1556,44.258762
2334,1557,41.335674
2336,1557,60.67379
2457,1557,30.027901
2240,1558,39.622181
2410,1558,59.48634
2477,1558,88.57058
2487,1558,59.53429
2273,1560,34.102375
2298,1560,50.276459
2299,1560,63.696304
2336,1560,36.225948
2242,1561,31.742371
2243,1561,43.729885
2273,1561,39.471428
2274,1561,79.525513
2336,1561,32.568092
2274,1562,33.987167
2321,1562,42.674263
2407,1242,44.729221
2320,1563,30.041092
2336,1563,41.482834
2240,1564,76.610764
2241,1564,93.061249
2244,1564,41.413776
2336,1564,53.466129
2407,1243,80.255119
2491,1243,58.155048
2405,1244,76.817482
2241,1565,76.725441
2336,1565,59.626751
2453,1565,93.588776
2239,1566,78.370468
2336,1566,77.488617
2492,1566,32.099277
2404,1245,37.050652
2402,1246,40.934093
2403,1246,31.012405
2404,1246,30.661055
2478,1567,84.436897
2479,1567,45.220818
2488,1567,70.934578
2489,1567,62.028103
2477,1568,61.233707
2240,1569,57.680771
2336,1569,46.628559
2334,1570,64.331245
2335,1570,63.829983
2477,1570,32.10791
2476,1250,54.947437
2334,1571,74.175995
2335,1571,60.294777
2484,1571,31.94614
2278,1572,51.793694
2279,1572,52.35516
2280,1572,64.147942
2338,1572,39.967133
2367,1572,69.614487
2414,1572,48.708054
2484,1572,41.356087
2495,1251,69.424393
2279,1573,33.185623
2334,1573,38.206387
2338,1573,35.442745
2346,1573,33.552532
2347,1573,31.171606
2351,1573,57.133484
2354,1573,49.600914
2367,1573,69.644409
2416,1573,41.223225
2485,1573,85.909935
2339,1574,90.109375
2352,1574,78.932312
2354,1574,33.447334
2355,1574,36.941174
2484,1574,32.526169
2485,1574,46.399174
2266,1575,39.040451
2485,1575,43.943668
2486,1575,76.406151
2234,1255,62.468636
2480,1255,59.902683
2265,1576,64.517204
2486,1576,51.04422
2489,1576,86.239655
2480,1256,52.512005
2480,1257,69.200981
2264,1577,85.667526
2396,1577,59.548843
2486,1577,56.32909
2488,1577,78.831184
2479,1258,61.31311
2262,1578,36.056892
2305,1578,55.392902
2306,1578,46.646687
2479,1259,59.529938
2480,1259,75.187515
2423,1579,77.34745
2247,1580,77.565262
2297,1580,92.436546
2249,1581,63.123123
2260,1581,42.352493
2261,1581,77.975769
2395,1262,31.702341
2395,1263,67.366371
2396,1263,79.806961
2252,1582,65.895325
2253,1582,46.3158
2263,1582,51.759731
2296,1582,73.139359
2336,1583,56.061565
2414,1583,64.396393
2415,1583,83.748863
2394,1264,56.54298
2305,1266,35.610073
2394,1266,62.275501
2352,1584,72.313835
2353,1584,81.226051
2355,1584,77.82122
2361,1584,48.899857
2257,1267,46.16478
2258,1267,37.73365
2336,1585,81.088577
2339,1585,76.784393
2340,1585,77.455322
2341,1585,68.708542
2342,1585,46.433704
2343,1585,46.836208
2344,1585,46.214851
2345,1585,41.16819
2346,1585,40.27021
2347,1585,50.592384
2349,1585,96.516342
2350,1585,76.358215
2351,1585,63.829407
2352,1585,66.429474
2353,1585,70.455086
2354,1585,41.015259
2355,1585,70.950981
2356,1585,35.202953
2357,1585,64.359901
2358,1585,68.138809
2335,1586,70.811005
2336,1586,58.112778
2337,1586,63.604462
2338,1586,56.913528
2339,1586,57.168144
2340,1586,58.01609
2443,1586,66.036957
2444,1586,77.744431
2301,1270,71.964745
2332,1270,43.163078
2255,1271,32.635643
2424,1588,44.943382
2247,1272,48.274086
2252,1272,36.858624
2253,1272,40.362465
2254,1272,67.787521
2257,1272,36.611713
2246,1273,89.89753
2248,1273,71.589432
2252,1273,71.099174
2254,1273,53.106514
2257,1273,33.170048
2270,1273,70.127281
2272,1273,98.175171
2252,1274,55.667229
2270,1274,67.857765
2271,1274,32.272297
2294,1274,47.034828
2345,1274,34.29948
2399,1274,46.150631
2248,1275,76.863152
2270,1275,60.66032
2297,1593,54.030914
2297,1594,57.002956
2268,1276,56.838097
2293,1595,69.809372
2297,1595,46.56105
2268,1277,31.097351
2292,1277,33.428215
2262,1596,36.294937
2265,1596,53.342491
2266,1596,47.536831
2297,1596,73.578232
2416,1596,67.49897
2419,1596,37.797951
2420,1596,77.796532
2421,1596,84.499687
2422,1596,38.82901
2423,1596,58.31461
2425,1596,58.274139
2291,1278,48.48225
2340,1278,32.483433
2259,1597,52.583508
2260,1597,61.787457
2263,1597,74.237457
2409,1597,78.152588
2410,1597,96.162582
2411,1597,41.428497
2412,1597,55.493191
2414,1597,47.085915
2416,1597,32.195847
2417,1597,53.890087
2420,1597,32.09338
2424,1597,62.350536
2425,1597,31.564112
2268,1279,31.68993
2269,1279,33.024788
2380,1279,62.69598
2388,1279,40.31945
2429,1598,90.845367
2471,1598,37.522079
2268,1280,49.131851
2395,1600,49.625214
2258,1281,73.568878
2393,1601,98.93148
2394,1601,54.210262
2462,1601,52.948807
2463,1601,53.134159
2265,1283,47.236919
2462,1602,59.655979
2245,1284,64.101479
2265,1285,80.602776
2240,1286,62.791752
2265,1286,70.660713
2382,1286,32.698017
2243,1287,34.566006
2264,1287,49.677155
2265,1287,39.233353
2380,1287,78.624573
2239,1288,41.490097
2265,1288,58.543102
2377,1289,34.203217
2310,1290,33.962784
2310,1291,58.956039
2311,1291,50.690201
2312,1291,45.819706
2375,1291,71.783516
2383,1291,53.06255
2384,1291,46.090839
2315,1610,93.252449
2318,1610,79.730186
2238,1292,42.604744
2311,1292,46.534813
2312,1292,65.558853
2377,1292,31.548342
2310,1293,51.411938
2311,1293,46.127625
2312,1293,34.227875
2314,1611,87.217682
2315,1611,83.671196
2316,1611,93.127937
2317,1611,85.804245
2318,1611,80.22245
2319,1611,85.088409
2425,1611,32.816845
2426,1611,57.683868
2242,1294,34.659111
2309,1294,66.587761
2234,1295,55.855942
2237,1295,51.441338
2350,1296,70.562782
2234,1297,66.218956
2242,1297,51.337967
2243,1297,49.680805
2393,1297,30.072058
2394,1297,47.669586
2277,1615,31.674093
2285,1616,64.262939
2389,1299,30.119181
2390,1299,43.734894
2391,1299,32.925449
2394,1617,67.412506
2281,1618,41.707161
2295,1618,34.571285
2232,1300,31.316509
2266,1619,60.33577
2279,1619,43.209862
2283,1619,57.83036
2229,1301,62.912392
2390,1301,32.178131
2287,1620,47.068661
2424,1622,40.481117
2232,1306,49.056957
2233,1306,37.863258
2421,1630,92.100082
2422,1630,44.850422
2423,1630,35.018257
2424,1630,52.182724
2228,1316,49.166801
2229,1316,64.455315
2232,1316,32.659092
2364,1316,32.215405
2229,1317,51.295963
2407,1318,31.292263
2236,1320,36.082634
2286,1320,93.482994
2265,1322,32.001976
2248,1323,31.514339
2234,1324,65.842705
2371,1324,76.832047
2231,1325,74.812546
2232,1326,81.794655
2232,1327,93.259491
2376,1328,87.062462
2243,1330,58.382523
2387,1332,66.531258
2240,1333,46.515049
2388,1333,66.648262
2240,1334,91.798668
2241,1334,32.46571
2352,1334,48.819462
2240,1335,39.75742
2324,1657,94.057861
2310,1336,37.579582
2323,1658,85.16449
2324,1658,82.202713
2323,1659,98.90741
2345,1659,52.565014
2346,1659,47.50531
2347,1659,33.367599
2324,1660,41.24197
2325,1660,78.185692
2326,1660,40.507801
2330,1660,38.940964
2331,1660,48.888378
2332,1660,34.283508
2333,1660,44.586559
2334,1660,44.575554
2335,1660,37.351799
2336,1660,71.257919
2339,1660,67.020088
2340,1660,57.718739
2341,1660,53.127136
2342,1660,44.329388
2381,1660,72.79097
2231,1339,85.211357
2237,1339,38.134956
2238,1339,79.469597
2376,1339,56.940559
2381,1661,49.838005
2238,1340,73.237152
2239,1340,48.0075
2240,1340,45.577625
2378,1340,49.596268
2384,1340,40.883266
2232,1341,74.799698
2239,1341,42.679668
2324,1341,38.837132
2415,1341,95.202263
2381,1663,36.778759
2297,1342,56.321285
2379,1342,43.361202
2238,1343,53.17083
2244,1343,74.809914
2337,1343,64.632217
2338,1343,35.619713
2481,1666,71.466553
2231,1344,44.839638
2339,1344,56.045616
2356,1344,44.607075
2416,1344,47.264206
2338,1346,46.14547
2416,1346,65.782669
2373,1347,45.201717
2358,1670,40.934532
2374,1348,92.67437
2375,1348,64.466972
2376,1348,33.879913
2340,1671,48.382847
2341,1671,48.382847
2342,1671,49.482147
2363,1671,45.56926
2374,1350,35.976082
2376,1350,81.207115
2332,1672,34.648178
2384,1672,39.186554
2239,1351,35.391109
2240,1351,79.444313
2243,1351,54.184708
2238,1352,32.787632
2247,1352,34.83675
2261,1352,38.557625
2274,1352,37.338955
2280,1352,53.402725
2372,1352,98.178276
2247,1353,76.659035
2251,1353,90.11908
2254,1353,95.312134
2333,1353,68.785439
2372,1353,37.45232
2256,1354,45.454399
2294,1354,59.116524
2249,1355,45.223854
2254,1355,65.411423
2256,1356,49.903625
2334,1356,40.316677
2256,1357,95.719429
2250,1358,31.440834
2254,1358,64.475746
2256,1358,31.892466
2255,1359,36.873119
2258,1359,75.835693
2370,1359,41.170177
2247,1360,60.133331
2254,1360,30.141815
2255,1360,30.293531
2256,1360,49.341816
2258,1360,84.653419
2255,1361,30.568453
2256,1361,59.525478
2334,1361,76.69989
2268,1364,74.801201
2342,1365,68.349655
2343,1365,71.345093
2361,1365,30.302898
2367,1365,31.825289
2433,1365,48.253548
2438,1365,33.576736
2338,1366,35.614788
2345,1371,44.144077
2259,1372,34.480671
2260,1372,42.545006
2337,1372,37.571049
2346,1372,53.159622
2375,1372,61.983936
2263,1373,32.215366
2346,1374,54.639454
2354,1376,40.550983
2344,1377,42.328506
2275,1378,33.138271
2465,1380,60.380653
2467,1383,59.470772
2466,1384,75.924568
2467,1384,38.754673
2271,1387,32.393372
2274,1387,75.020447
2280,1387,43.41375
2466,1390,58.393448
2414,1398,70.750793
2301,1399,50.033592
2414,1399,79.86647
2415,1399,51.400642
2428,1399,42.247242
2423,1400,41.45348
2393,1404,54.764332
2386,1405,51.853336
2386,1406,72.56723
2390,1406,51.708961
2390,1407,94.334503
2428,1409,61.854156
2413,1410,34.958076
2383,1412,34.602516
2384,1412,62.947083
2256,1413,31.114191
2267,1413,41.117085
2269,1413,45.585457
2270,1413,50.548939
2271,1413,56.779644
2273,1413,39.11153
2259,1414,50.689064
2385,1414,74.455887
2385,1415,43.719589
2386,1416,37.688511
2384,1418,49.544544
2383,1419,32.187836
2411,1423,70.368622
2412,1423,33.409996
2413,1423,70.024239
2411,1424,37.069527
2412,1424,45.459213
2476,1424,46.504967
2250,1438,51.785801
2252,1438,96.576279
2255,1439,37.741314
2278,1440,38.069183
2344,1446,32.346725
2403,1449,72.142418
2278,1450,52.357422
2345,1450,56.149265
2280,1451,56.593849
2345,1451,46.593433
2279,1452,39.06464
2280,1452,41.541649
2418,1452,31.086386
2419,1452,30.605482
2422,1452,40.900974
2482,1452,45.581802
2279,1453,81.440216
2418,1453,74.883842
2419,1453,52.524586
2420,1453,78.835121
2421,1453,66.478325
2422,1453,72.50843
2456,1453,77.295074
2478,1453,59.249794
2486,1453,53.478233
2488,1453,38.945854
2492,1453,54.51606
2493,1453,84.501717
2495,1453,55.132301
2248,1454,58.664463
2249,1454,52.92849
2251,1454,51.314064
2278,1454,63.324284
2279,1454,69.234703
2419,1454,38.330868
2420,1454,50.611282
2421,1454,82.588875
2485,1454,37.991905
2492,1454,66.681503
2493,1454,38.342228
2248,1455,30.263409
2248,1456,31.389467
2346,1456,32.445118
2477,1456,58.414223
2491,1456,33.149902
2234,1458,44.916965
2236,1458,54.919998
2248,1458,30.408745
2264,1458,44.104004
2248,1459,38.902222
2264,1459,48.317444
2238,1460,50.689625
2248,1460,35.468117
2401,1460,86.97596
2402,1460,90.14978
2403,1460,64.676819
2233,1461,31.764992
2248,1461,39.240383
2346,1461,72.873291
2401,1461,52.375893
2403,1461,56.483326
2234,1462,56.269711
2248,1462,36.339394
2264,1462,32.190636
2265,1462,75.966537
2248,1463,33.335487
2264,1463,31.895508
2264,1464,65.419266
2264,1465,35.907597
2307,1465,38.765202
2264,1466,31.620907
2248,1467,36.141338
2265,1467,68.029694
2275,1467,88.253197
2248,1468,30.258245
2275,1468,36.867771
2305,1468,48.040848
2306,1468,37.815914
2248,1469,31.440788
2264,1469,43.744049
2247,1470,58.40469
2248,1470,38.253399
2229,1471,39.767555
2248,1471,34.685207
2264,1472,61.991482
2265,1472,92.433563
2479,1472,64.014908
2248,1473,48.326099
2249,1477,53.635544
2263,1477,42.980293
2249,1478,54.639782
2250,1478,39.00486
2236,1480,30.63393
2251,1480,75.601891
2252,1480,45.366135
2258,1480,30.445993
2348,1482,50.222511
2349,1482,33.326008
2350,1482,71.666374
2488,1482,40.207554
2489,1482,99.375275
2346,1483,30.925213
2475,1483,98.022232
2483,1483,36.119171
2484,1483,38.233166
2489,1483,36.028561
2493,1483,83.307404
2498,1483,87.154533
2499,1483,61.343811
2450,1484,52.945114
2452,1484,49.708828
2453,1484,63.284061
2454,1484,32.359791
2472,1484,79.740669
2473,1484,37.235958
2474,1484,74.329918
2495,1484,37.66404
2497,1484,44.822136
2433,1485,76.74881
2452,1485,31.440947
2453,1485,36.568607
2454,1485,53.03936
2472,1485,81.4664
