2069,2127,32.620296
1978,2128,31.98876
2081,2129,91.973656
1952,2133,50.364235
1953,2133,60.595154
1935,2138,62.303833
1951,2139,36.790123
1952,2139,50.288368
1953,2139,42.727779
1954,2139,46.426971
1984,2139,32.763107
1985,2139,36.480148
1987,2139,72.997833
1947,2140,44.378815
1948,2140,51.36306
1955,2140,45.629112
1981,2140,52.531132
1983,2140,57.171719
1984,2140,61.373962
1988,2140,31.643583
1956,2142,72.795708
1977,2142,31.766596
1981,2142,76.441254
1977,2143,45.092361
1978,2143,35.203381
2035,2143,32.256042
2037,2144,36.092018
1986,2145,62.478508
1987,2145,50.263577
1988,2145,56.986176
2046,2145,82.173149
1988,2146,47.164421
1990,2146,34.769104
2038,2146,45.588509
1990,2147,57.786087
1992,2147,31.731638
2037,2147,47.202168
2038,2147,78.763542
1958,2148,55.075878
1979,2148,56.760262
1982,2148,84.742989
1983,2148,86.991333
2037,2148,80.378128
1965,2150,61.8302
1966,2151,49.410618
2080,2151,99.862404
1951,2159,96.855385
1955,2159,76.440918
1963,2159,96.480103
1966,2159,96.480103
1971,2159,81.347397
1948,2160,74.027878
1950,2160,74.027878
1955,2160,76.165253
1949,2161,74.027878
1951,2161,96.880051
1955,2161,91.996895
1958,2161,74.493416
1962,2161,74.615967
1975,2161,33.602524
1950,2162,96.667953
1953,2162,75.897148
1954,2162,91.996895
1963,2162,32.640686
1972,2162,65.980141
1954,2163,96.880051
1935,2164,74.027878
1945,2164,74.35215
1956,2164,76.165253
1952,2165,74.207603
1953,2165,74.258118
1954,2165,76.076874
1955,2165,75.897148
1952,2166,74.258118
1952,2167,74.207603
1937,2168,75.897148
1938,2168,74.027878
1944,2168,74.185837
1945,2168,74.185837
1952,2168,76.029129
1978,2168,79.988647
1982,2168,69.728989
1999,2168,38.800503
2000,2168,92.624329
2001,2168,74.144531
1940,2169,74.185837
1951,2169,68.271133
1979,2169,74.795692
2001,2169,46.12405
2003,2169,44.440018
2004,2169,38.517799
1938,2170,92.975273
1939,2170,74.027878
1942,2170,91.996895
1945,2170,76.076874
1946,2170,96.855385
1938,2171,98.030655
1940,2171,96.480103
1944,2171,75.897148
1949,2171,96.880051
1943,2172,37.653008
1947,2173,65.476059
1949,2173,69.587997
1945,2174,63.778263
1932,2175,33.634674
1942,2176,61.117973
1943,2176,59.309269
1944,2176,68.994896
1941,2177,58.177494
1999,2177,70.905403
1999,2178,75.339592
2000,2178,66.07473
1970,2179,48.866196
2000,2180,37.636059
2000,2181,31.109924
2000,2182,35.788933
1963,2183,65.33223
1972,2183,95.144432
1934,2184,34.934288
1937,2184,46.563011
1974,2185,37.521858
2000,2185,49.788857
2002,2185,32.77457
2003,2185,36.354435
1966,2186,87.840744
2001,2186,41.737221
2002,2186,80.207619
1966,2187,35.329578
1967,2187,44.020416
2004,2187,46.59631
1967,2188,66.756523
2042,2188,50.31728
1938,2189,30.409828
1971,2189,83.463524
1964,2190,31.034428
1965,2190,39.794857
2042,2190,46.235775
2041,2192,91.474037
2042,2193,49.083595
2042,2194,38.334515
1963,2196,37.385853
1964,2196,82.560471
1965,2196,66.756523
1966,2196,66.601273
1964,2198,47.196163
1965,2198,81.406693
2044,2201,39.13842
1960,2203,37.04903
2046,2205,30.668814
1969,2210,52.514996
1969,2211,34.261017
2029,2213,35.027828
2042,2213,58.235947
2043,2213,40.702023
2044,2213,36.8367
2031,2214,91.957848
2040,2214,39.385307
1978,2215,31.932156
2040,2215,58.803379
2049,2218,33.674385
2033,2219,78.621208
2048,2220,48.645096
1982,2222,56.693283
1983,2222,53.14534
2023,2223,42.926624
2024,2223,38.52689
1974,2225,54.311668
1975,2225,64.666977
1934,2226,57.499722
1935,2226,74.158203
1937,2226,58.148472
2024,2228,81.112854
2053,2228,30.228445
1996,2231,97.897682
1971,2232,96.369156
1995,2232,45.040459
1997,2232,47.038513
2004,2232,65.272011
1971,2233,72.152847
1993,2233,39.722862
1994,2233,44.667484
1996,2233,33.290493
2003,2233,40.766724
2004,2233,56.571331
1971,2234,80.570503
1992,2234,50.28857
1993,2234,53.955269
1994,2234,51.73838
1995,2234,33.117081
2004,2234,81.545425
1990,2235,94.462646
1991,2235,50.033283
1992,2235,72.334
1993,2235,53.676945
1994,2235,61.596214
2002,2235,68.64949
1932,2236,30.076328
1933,2236,87.868294
1991,2236,97.097214
1992,2236,53.697948
1993,2236,50.737312
2002,2236,63.17268
1932,2237,90.775314
2001,2237,84.121124
1969,2238,37.329655
1970,2238,58.511833
1979,2239,36.79726
2001,2239,34.308308
2002,2239,46.611366
2000,2240,35.202515
2001,2240,49.293465
2060,2240,30.533928
1969,2241,38.837631
1997,2241,79.905205
1998,2241,83.281364
2060,2242,33.316902
2057,2246,55.694778
1970,2247,39.631371
2057,2247,32.451416
1969,2248,40.852112
1990,2248,30.475883
2058,2249,42.138378
2060,2249,44.220505
1932,2251,93.24128
1933,2251,70.494324
1934,2251,91.565834
1930,2253,31.339972
1936,2253,63.352177
1932,2258,64.878456
1930,2260,56.426186
1929,2261,52.79134
1931,2261,43.167717
1958,2266,31.264769
1938,2270,40.427013
1929,2271,92.435699
1930,2271,80.388184
1943,2272,45.258511
1958,2273,49.928753
1959,2273,61.814762
1960,2273,62.937439
1961,2273,93.197044
1949,2283,49.513367
1967,2284,53.211529
1973,2285,35.32098
1974,2286,71.256783
2039,2286,77.966858
1957,2290,39.777092
1975,2291,46.008118
1957,2292,35.242252
1930,2293,41.365982
1944,2293,30.537485
1945,2293,50.686665
1947,2293,93.514481
1948,2293,93.26989
1949,2293,60.341343
1950,2293,30.166759
1951,2293,32.567024
1953,2293,33.543552
1957,2293,43.879963
1958,2293,61.189644
1959,2293,70.704346
1930,2294,88.416351
1931,2294,38.946991
1939,2294,33.095749
1940,2294,65.80484
1957,2294,55.381088
1961,2294,66.552559
1930,2295,79.561157
1931,2295,44.879848
1932,2295,62.05196
1962,2295,52.167828
1963,2295,47.67495
1931,2296,33.878387
1948,2296,49.254055
1962,2296,39.867451
1936,2297,67.817268
1945,2301,63.115208
1975,2302,30.877583
1936,2312,66.316788
1941,2312,41.088955
1944,2312,42.182587
1952,2312,48.065865
1933,2313,36.728203
1935,2313,36.660709
1941,2315,34.719395
1944,2315,74.705208
1946,2315,48.144382
1948,2315,60.201408
1949,2315,91.263947
1950,2315,70.882256
1962,2315,30.15844
1966,2315,37.663155
1940,2316,92.210983
1943,2316,30.638811
1945,2316,45.370632
1949,2317,57.273067
1959,2318,35.265686
1936,2320,30.614759
1939,2320,46.176792
1957,2320,32.828796
1937,2321,49.17403
1986,2050,33.973469
1980,2053,67.231125
1980,2054,76.448227
1959,2074,56.396225
1939,2079,36.239403
1935,2081,44.215599
1936,2081,35.39455
1935,2082,37.161102
1936,2082,41.588894
1935,2083,37.161102
1936,2083,46.673363
1935,2084,84.133461
1936,2084,77.106499
1937,2084,41.123428
1935,2085,50.052731
1936,2085,50.023685
1937,2085,32.934364
1935,2086,75.788925
1936,2086,55.384197
1937,2086,35.283524
1934,2087,31.174868
1938,2087,31.471893
1939,2087,37.814938
1936,2088,41.21249
1937,2088,50.989864
1938,2088,54.938065
1939,2088,93.051964
1936,2093,46.528881
1937,2093,70.44561
1937,2094,30.387825
1934,2099,61.318413
1937,2099,76.611542
1934,2100,63.276279
1938,2100,61.616951
1941,2100,46.906868
1942,2100,48.526024
1982,2101,49.045631
1939,2109,95.391525
1939,2115,44.414139
1940,2115,73.489586
1941,2115,71.611786
1942,2116,33.121624
1943,2116,75.335571
1944,2116,68.491234
1945,2116,85.888939
1941,2119,34.731033
1997,2119,40.302177
1997,2120,60.681931
1998,2120,32.299934
1999,2120,37.42466
2000,2120,81.469452
2001,2120,44.312599
2001,2121,88.050102
2080,2121,43.425812
