322,4,33.74675
330,5,43.937439
232,9,44.349339
230,12,38.13728
231,12,31.636728
231,13,43.305649
229,14,31.811638
243,18,33.481918
222,19,45.677124
227,20,50.373436
228,20,39.130142
178,32,44.842102
263,32,41.241142
308,36,79.054398
309,36,53.788246
309,45,31.137594
311,46,46.615276
262,48,59.39732
279,48,34.520084
262,49,56.488274
260,50,62.846924
260,51,32.641422
261,51,37.403702
262,51,60.509064
264,51,47.288254
261,53,55.238144
262,53,44.767143
256,54,85.428497
256,55,52.125343
257,55,84.863846
258,55,37.752392
252,56,66.335289
257,56,46.734077
257,58,86.77697
258,58,87.18618
254,59,44.839096
255,59,64.497772
250,62,84.078087
251,62,38.625023
273,63,38.900864
349,65,31.625065
350,66,39.302666
351,66,32.888481
351,67,35.694485
352,67,66.946991
352,68,40.900974
352,71,35.50581
261,73,52.596031
274,74,41.777325
353,74,36.692261
306,75,67.74736
307,75,46.635857
309,75,30.675909
353,76,43.563969
345,77,35.73431
346,77,47.560776
348,77,49.76498
349,77,36.430836
353,77,55.878712
334,78,42.373878
339,78,30.554939
341,78,33.850887
343,78,90.762573
344,78,44.832287
348,78,95.032272
337,79,62.918934
338,79,81.084412
339,79,45.906471
271,81,75.134315
311,88,54.261063
242,89,75.016068
311,89,32.276039
313,89,77.472778
314,89,68.048637
315,89,70.48568
317,89,98.533035
243,92,71.564941
244,92,87.456955
248,102,64.982155
249,102,96.043297
252,102,50.99733
253,102,44.451271
247,103,79.765877
220,104,41.968918
222,104,75.414131
222,105,90.735611
218,106,31.335712
219,106,81.837418
253,106,30.684507
215,107,35.071716
216,107,70.958595
218,107,41.151638
216,108,57.646454
217,108,36.399162
238,108,61.536854
240,108,73.043144
242,108,40.681519
244,108,80.6791
245,108,39.205372
246,108,40.034336
247,108,76.469864
213,109,43.917084
244,109,95.652313
246,109,64.548187
213,110,52.449272
214,110,83.905342
245,110,65.364815
215,111,63.03756
242,111,67.037209
215,112,38.313534
238,112,44.75938
239,112,48.300064
240,112,74.533676
241,112,31.401348
242,112,59.418732
233,113,34.44902
234,113,40.138142
238,113,31.143738
239,113,74.424377
246,113,36.579548
245,114,79.539383
231,115,33.825623
245,115,36.363323
231,116,30.960634
230,117,32.050335
