1172,851,84.524933
1135,852,63.196297
1166,852,82.87191
1402,539,48.15921
1403,539,63.188828
1404,539,39.343578
1405,539,88.819267
1406,539,96.253906
1407,539,89.724358
1391,540,50.292751
1392,540,45.194561
1393,540,39.726887
1394,540,36.268677
1395,540,52.036304
1396,540,53.757591
1401,540,59.560207
1404,540,64.952644
1405,540,76.058357
1396,541,47.773762
1430,545,67.419228
1435,545,37.333652
1437,545,83.831421
1438,545,99.323151
1431,546,49.204018
1432,546,81.686028
1434,546,40.243141
1435,546,48.419048
1437,546,56.125755
1438,546,42.573212
1440,546,37.610844
1185,865,45.876087
1189,865,34.934067
1437,547,38.000648
1440,547,41.335815
1441,547,42.605701
1436,548,94.304482
1437,548,31.188637
1438,548,51.010521
1186,867,72.702103
1134,549,38.495327
1115,550,33.046379
1187,868,40.526249
1189,868,91.645554
1190,868,36.617908
1186,869,40.404858
1190,869,59.259315
1085,870,63.207737
1085,871,35.870834
1086,871,93.985428
1465,554,46.323944
1471,554,62.757454
1085,872,41.680161
1086,872,74.32914
1085,873,35.705013
1466,555,53.626431
1467,555,88.053993
1469,555,80.725861
1466,556,40.216328
1467,556,34.354259
1082,874,61.063744
1083,874,81.734924
1182,875,76.145645
1508,558,63.781387
1190,876,51.974251
1093,559,60.821922
1190,877,34.364143
1129,560,35.152596
1131,560,59.600468
1456,560,77.322479
1098,880,35.969921
1132,562,31.732487
1096,884,46.659275
1133,566,59.168411
1132,567,34.943909
1134,568,59.167542
1275,889,57.844631
1134,569,42.759453
1132,570,30.173626
1151,570,31.473812
1158,570,31.758305
1472,570,95.410332
1274,891,74.424431
1275,891,74.006355
1276,891,74.616325
1277,891,74.52475
1278,891,75.207855
1279,891,74.256592
1132,571,58.632374
1134,571,56.317009
1471,571,51.280434
1075,573,50.179523
1457,574,50.054264
1458,574,76.389069
1191,896,34.734596
1285,896,35.759441
1129,575,98.971344
1130,575,72.526939
1133,575,45.31189
1129,576,51.659206
1130,576,48.344242
1132,576,65.748474
1211,576,73.680916
1128,577,66.848526
1129,577,70.721817
1130,577,81.007355
1132,577,94.9244
1134,577,90.423859
1384,577,56.370758
1185,898,98.900154
1130,578,83.036736
1383,578,36.105576
1384,578,48.896854
1189,899,37.686256
1282,899,48.268501
1289,899,83.520958
1295,899,58.433105
1296,899,61.157955
1297,899,40.407288
1298,899,40.697388
1299,899,42.170841
1300,899,41.401524
1301,899,36.042736
1302,899,51.948067
1303,899,49.115147
1304,899,49.129902
1307,899,44.824356
1187,900,50.034298
1188,900,95.323502
1189,900,38.126884
1282,900,36.974155
1294,900,42.199902
1296,900,81.189362
1299,900,47.668476
1300,900,71.568214
1301,900,51.742268
1302,900,52.018185
1303,900,52.08691
1304,900,51.703823
1088,579,37.435688
1108,579,83.270439
1129,579,65.488434
1131,579,46.171108
1189,901,77.340729
1283,901,37.894569
1284,901,43.670708
1285,901,41.491249
1286,901,41.390823
1287,901,34.985817
1288,901,68.538177
1304,901,48.56638
1305,901,40.069035
1082,580,76.220764
1110,580,31.584475
1111,580,36.110657
1132,580,79.542946
1133,580,35.443165
1281,902,49.81078
1282,902,57.767284
1283,902,70.124977
1284,902,87.552452
1287,902,32.366032
1284,903,30.893929
1287,903,43.16431
1288,903,40.827244
1077,581,62.938122
1082,581,50.937031
1108,581,88.752396
1109,581,94.791275
1110,581,44.021366
1128,581,63.025192
1129,581,59.226986
1130,581,33.976418
1132,581,42.441566
1288,904,90.353249
1081,582,69.183861
1082,582,44.880756
1108,582,46.933384
1129,582,46.410389
1130,582,97.959038
1132,582,40.173794
1133,582,31.577051
1284,905,33.129345
1289,905,64.770935
1290,905,52.151733
1276,906,43.13987
1277,906,31.072386
1310,907,30.267727
1400,585,94.096191
1401,585,91.897552
1403,585,38.319771
1405,585,31.61017
1406,585,37.974449
1407,585,33.131226
1404,586,89.593063
1405,586,88.205498
1406,586,90.205688
1407,586,88.110435
1162,908,76.38813
1318,908,60.330669
1273,909,36.400326
1316,909,70.715355
1317,909,72.071373
1319,909,93.7537
1322,909,75.341148
1094,910,54.168388
1095,910,37.53825
1096,910,67.976234
1097,910,64.686829
1101,910,45.198898
1317,910,36.191032
1306,911,56.222557
1307,912,32.762989
1090,590,99.839645
1079,914,34.63633
1309,914,41.902279
1090,591,46.926273
1132,591,36.115788
1133,591,30.303032
1089,592,46.208668
1090,592,45.11404
1412,592,60.859528
1079,593,80.303474
1086,593,48.058735
1087,593,39.282581
1088,593,38.715088
1089,593,34.771198
1090,593,42.037151
1098,593,78.745193
1099,593,71.77758
1133,593,44.944607
1141,593,37.770752
1079,594,57.181232
1089,594,34.98452
1090,594,33.06287
1097,594,95.044044
1098,594,37.052269
1099,594,49.151985
1122,594,93.698235
1133,594,43.0513
1142,594,98.541702
1517,594,31.403503
1086,595,70.98819
1097,595,34.212978
1099,595,62.877331
1133,595,36.44273
1141,595,58.346252
1142,595,58.571766
1085,596,45.249027
1097,596,36.355255
1099,596,37.104115
1141,596,40.228718
1096,597,76.392525
1122,597,55.792
1099,598,39.997501
1289,924,74.480232
1290,924,69.424248
1291,924,81.033264
1292,924,56.028648
1293,924,42.19146
1295,924,47.734085
1296,924,45.711319
1297,924,55.826962
1298,924,65.705963
1302,924,30.61562
1303,924,82.631813
1303,925,34.131329
1304,925,75.064102
1305,926,74.383575
1119,927,56.275513
1274,927,74.320045
1168,602,51.780056
1147,930,43.689133
1146,931,72.814377
1147,931,48.826679
1148,931,73.908943
1149,931,56.290749
1150,931,42.9002
1149,604,78.962486
1153,604,35.822906
1172,604,78.310402
1150,605,47.747932
1151,605,40.321625
1146,932,98.056145
1147,932,31.419796
1275,932,47.134644
1168,606,32.701443
1317,936,73.158775
1227,937,74.59507
1275,937,61.769722
1111,610,90.456306
1131,610,64.834282
1143,610,69.871681
1275,938,38.969807
1130,611,96.603256
1143,611,62.491909
1143,612,55.984993
1145,613,31.770405
1154,614,31.126842
1164,615,74.875778
1165,615,79.323738
1144,946,32.900978
1161,616,85.455215
1516,616,49.297417
1518,616,49.187244
1519,616,67.327293
1145,947,76.711014
1146,947,47.489029
1148,947,56.835197
1149,947,53.455692
1162,948,36.569489
1138,951,60.584087
1271,951,84.632454
1289,1582,34.913074
1290,1582,30.142433
1293,1582,37.601665
1294,1582,36.294853
1295,1582,37.210701
1296,1582,31.234074
1167,958,44.392128
1271,1585,51.705353
1153,960,30.147116
1168,960,46.644207
1168,961,70.108292
1169,961,54.219643
1226,961,88.852798
1401,961,58.438736
1166,629,30.885273
1152,962,66.101257
1153,962,66.85495
1168,962,64.699158
1169,962,59.839973
1406,962,35.213089
1407,962,53.261055
1102,630,32.08828
1169,963,66.95507
1168,964,56.967026
1169,964,66.95507
1168,965,75.329292
1169,965,76.213951
1169,966,31.990328
1227,966,85.508171
1168,967,89.100639
1169,967,69.692108
1227,967,97.55658
1168,968,87.540894
1168,969,75.213951
1169,969,80.548111
1168,970,67.147278
1168,971,62.144073
1169,971,92.387993
1170,971,81.919388
1150,639,47.985626
1152,639,48.579838
1153,639,44.408375
1168,972,56.013176
1169,972,58.034286
1171,972,95.884987
1145,640,67.20063
1183,640,65.688065
1258,640,36.254311
1088,641,32.932838
1182,641,41.113049
1183,641,36.638821
1088,642,35.971291
1183,643,36.993992
1079,644,40.929611
1082,644,45.817924
1255,645,49.596695
1085,646,61.860004
1255,646,56.147232
1168,979,38.774799
1171,979,40.094917
1174,979,37.478432
1175,979,54.064144
1163,980,57.107151
1175,980,69.976181
1178,980,53.354958
1165,981,52.14286
1166,981,71.666641
1167,981,54.0
1175,981,83.87886
1176,981,90.991043
1177,981,68.008308
1167,982,73.030136
1168,982,80.292412
1169,982,78.037819
1170,982,99.030014
1172,982,43.100113
1131,983,70.091942
1132,983,46.348141
1133,983,44.656883
1170,983,80.176163
1177,983,89.488968
1187,983,42.144173
1079,650,38.791492
1083,650,35.986595
1133,984,54.145123
1187,984,45.984253
1130,985,83.343918
1133,985,34.429337
1269,985,54.844147
1270,985,69.517288
1128,986,69.591942
1268,987,43.279339
1269,987,94.069244
1489,655,36.804153
1270,993,81.117203
1266,659,48.158558
1267,659,35.258034
1267,660,52.710732
1268,661,70.48333
1294,995,76.583435
1145,1006,86.448059
1079,675,61.655006
1137,1630,82.127235
1138,1630,79.531906
1139,1631,76.910606
1156,1010,50.048904
1133,1634,67.5
1074,684,34.183201
1078,684,44.672287
1477,691,82.01754
1479,691,73.233368
1483,691,89.076248
1478,692,92.574188
1078,694,35.030567
1230,694,82.015549
1233,694,76.530045
1234,694,70.062782
1235,694,70.929596
1237,694,87.298897
1238,694,85.759468
1239,694,65.251129
1240,694,67.925865
1241,694,70.979408
1230,695,51.056812
1231,695,36.813431
1237,695,34.147717
1241,695,77.663055
1242,695,57.095047
1244,695,92.265411
1158,1028,97.268021
1160,1028,47.902519
1159,696,40.485126
1229,696,69.561913
1244,696,88.168388
1245,696,35.037304
1229,697,32.896973
1229,698,79.655281
1230,698,32.541752
1230,699,60.468967
1231,700,34.292259
1231,701,46.030651
1232,701,30.68092
1231,702,42.407463
1236,702,66.544769
1238,702,69.109276
1230,703,69.018379
1231,703,59.487667
1297,1332,33.014198
1298,1332,32.054459
1231,704,61.49688
1236,704,67.23069
1298,1333,30.017202
1147,705,61.605667
1148,705,56.375031
1231,705,65.636848
1140,706,51.912346
1150,706,30.096077
1156,706,52.257122
1231,706,61.047268
1092,707,34.759846
1093,707,33.807251
1094,707,34.170818
1112,707,31.177111
1113,707,31.245438
1115,707,39.829693
1116,707,44.602455
1117,707,39.975121
1118,707,43.591713
1121,707,40.980324
1122,707,36.39064
1123,707,38.191925
1124,707,44.096378
1126,707,52.899704
1150,707,66.972092
1156,707,34.546543
1160,707,37.260082
1232,707,32.322552
1125,708,32.13073
1149,708,86.79097
1150,708,69.75235
1152,708,32.136497
1156,708,37.724083
1158,708,37.943588
1231,708,99.269829
1232,708,52.31282
1231,709,30.086432
1230,710,71.030533
1231,710,39.4207
1086,712,47.800766
1087,712,44.0811
1088,712,37.806599
1090,712,81.428566
1091,712,81.208862
1098,712,34.931606
1181,712,83.584831
1269,712,69.265816
1104,713,55.06361
1114,713,51.806385
1119,713,42.82523
1123,713,33.485531
1124,713,36.302094
1228,713,76.880356
1243,713,35.320511
1244,713,39.090446
1245,713,38.410271
1069,714,49.219307
1228,714,99.706314
1242,714,60.097683
1233,715,47.218605
1235,715,54.135132
1264,715,30.553898
1094,716,31.791138
1095,716,39.88475
1093,717,30.505907
1094,717,40.428329
1095,717,84.222954
1096,717,36.048138
1156,717,63.794025
1079,718,58.183285
1139,718,70.696335
1140,718,60.232494
1141,718,64.571846
1142,718,45.573441
1266,718,33.099136
1268,718,39.554768
1115,719,78.03215
1125,719,69.268333
1140,719,42.611599
1141,719,56.355404
1142,719,66.735565
1162,719,56.623249
1163,719,40.115791
1165,719,85.973267
1115,720,74.120773
1116,720,32.537376
1117,720,44.532299
1122,720,98.063362
1123,720,56.490837
1124,720,70.766518
1125,720,67.905609
1126,720,42.344376
1141,720,82.831863
1162,720,32.690952
1163,720,41.212627
1164,720,45.945564
1124,721,34.399033
1160,721,71.116829
1065,722,32.378204
1114,722,31.677336
1161,722,93.08313
1162,722,30.917301
1163,722,85.552078
1164,722,46.951832
1235,722,32.374207
1066,723,36.120605
1067,723,81.00457
1070,723,94.588356
1076,723,34.87722
1104,723,72.0895
1127,723,31.100506
1073,724,31.126844
1064,725,35.901382
1073,725,44.461788
1105,725,98.361763
1064,727,78.19471
1073,727,30.85162
1077,727,58.151142
1265,727,51.973431
1268,727,39.934357
1177,1062,77.919029
1073,728,84.668007
1072,729,36.733688
1084,729,35.073559
1092,730,73.558556
1176,1064,55.81366
1070,731,50.172638
1094,731,84.491501
1094,1682,49.237926
1095,1682,98.475853
1177,1066,55.635609
1149,734,59.703178
1151,734,47.224442
1170,1067,38.712799
1178,1067,46.168949
1150,735,45.005615
1151,735,47.621662
1177,1068,76.069351
1178,1068,30.893353
1150,736,39.987949
1151,736,34.373669
1150,737,45.99873
1479,739,31.365986
1063,1077,93.811707
1232,1079,87.021759
1310,747,31.266932
1470,759,57.903366
1223,1095,34.575291
1187,1114,92.087021
1145,1117,98.516502
1081,795,92.858948
1082,795,49.779194
1081,796,83.581375
1082,796,51.506172
1083,796,65.291153
1118,796,83.473831
1082,1125,76.037521
1083,797,38.782825
1084,797,74.057587
1097,797,79.310913
1098,797,99.471359
1105,797,59.442867
1106,797,75.365585
1218,797,60.899895
1081,1126,42.896255
1091,798,66.499084
1092,798,85.736786
1093,798,90.609993
1094,798,89.225975
1096,798,78.107666
1097,798,74.710678
1104,798,49.097485
1105,798,33.08754
1106,798,67.602219
1111,798,75.146759
1218,798,87.512726
1083,799,50.394478
1093,799,46.141323
1094,799,62.014954
1098,799,85.147263
1099,799,87.79776
1104,799,57.485844
1106,799,88.814507
1218,799,33.577385
1081,1128,68.0
1093,800,47.958984
1095,800,30.684452
1097,800,41.015064
1098,800,51.263828
1104,800,60.112659
1218,800,35.060688
1085,801,73.316849
1093,801,76.311966
1096,801,72.469193
1098,801,51.637787
1104,801,40.471336
1215,801,58.484749
1094,802,50.86055
1095,802,60.42968
1096,802,48.72855
1215,802,80.582169
1218,802,40.08815
1092,803,62.414955
1093,803,66.702438
1094,803,60.587341
1095,803,62.112186
1096,803,81.787224
1097,803,94.609077
1111,803,97.469353
1106,804,64.374077
1110,804,47.237637
1215,804,42.060295
1215,805,53.979485
1096,806,30.528276
1097,807,55.101151
1215,807,57.484482
1094,808,81.517807
1215,808,30.818459
1108,812,37.352604
1163,812,44.263012
1166,812,42.443111
1173,812,32.831207
1110,813,47.557194
1170,813,49.593918
1215,814,42.495434
1134,816,33.958454
1135,816,80.921219
1181,816,40.836578
1135,817,41.401234
1172,817,33.718864
1171,818,59.206284
1172,818,78.155869
1173,818,80.59066
1174,818,41.017784
1171,819,98.627945
1172,819,93.758194
1172,820,75.288956
1173,820,50.332779
1174,820,45.644176
1171,821,39.539005
1171,822,76.826424
1090,823,45.078548
1136,823,61.402611
1171,823,37.537563
1135,825,45.783665
1170,825,47.720387
1170,826,79.241646
1093,827,65.587639
1135,827,35.707787
1170,828,45.754013
1090,829,52.730244
1152,829,87.045113
1168,829,55.93364
1169,829,44.252914
1170,829,41.213696
1152,830,93.764832
1158,830,45.803909
1159,830,85.915977
1160,830,73.011925
1162,830,90.892731
1163,830,62.192245
1164,830,79.63282
1167,830,45.576866
1169,830,64.452995
1170,830,91.374153
1173,830,56.670902
1185,830,94.655273
1164,831,44.283512
1462,834,73.411583
1119,844,85.728088
