327,535,58.408016
327,538,60.619194
209,548,90.458
210,550,38.209316
253,552,40.660999
253,553,44.787125
255,554,99.489136
259,554,50.400227
261,554,31.742781
284,555,67.276062
226,581,52.517506
279,589,56.052364
273,590,38.828156
275,590,52.076214
279,590,40.500469
293,594,66.178085
310,594,44.075245
266,596,49.186668
269,639,56.10524
311,643,70.501373
312,644,36.292171
313,644,51.913452
308,647,40.064445
307,648,37.205669
305,650,36.640614
276,654,35.742134
276,655,33.340252
282,655,41.217983
302,655,51.436077
302,656,42.99736
302,657,47.835342
302,658,49.222683
301,661,40.147667
303,661,35.192871
349,453,37.851505
347,455,57.828403
335,460,68.673767
336,460,63.123653
350,470,36.314564
334,474,49.936539
340,481,30.180195
347,482,76.515114
329,483,32.942654
334,483,93.517563
335,483,54.348698
347,483,69.817474
266,514,45.138248
265,515,66.135353
