563,848,96.807297
565,848,61.197906
566,848,78.19648
567,848,76.758911
568,848,53.238277
569,848,65.487709
571,848,51.181355
571,849,31.070099
572,849,95.789284
585,849,65.399063
576,1171,79.616325
575,1179,63.939487
581,1179,50.873283
570,1180,40.638065
571,1180,77.300278
571,1181,59.076336
620,865,57.586861
618,866,49.783493
620,866,33.42046
621,866,97.890434
547,891,50.113819
544,892,98.481544
545,895,58.458275
545,899,83.632309
562,1216,80.653641
580,579,74.743057
562,1218,31.309536
585,582,49.369202
586,582,45.607792
563,1220,49.789925
564,1220,70.192368
562,1221,91.02092
563,1227,90.933769
555,914,32.013851
557,914,71.116562
581,595,32.177017
581,596,35.410393
554,930,38.150017
551,932,50.722404
552,932,58.397114
555,1245,91.484352
552,939,66.508583
553,939,54.621674
554,939,79.819145
555,939,57.252487
557,939,98.323929
558,939,94.242012
566,939,93.460602
579,612,33.20546
558,944,64.594368
580,945,60.354733
594,1258,99.484299
606,951,89.805679
607,951,60.296616
608,952,52.664627
608,953,74.730064
611,953,33.475109
554,954,31.361588
555,954,57.960953
608,954,47.802315
609,954,77.526352
593,1262,99.710297
555,955,49.460533
556,955,56.961716
551,956,83.470848
609,956,48.832981
550,957,79.232704
551,957,35.674469
581,957,73.931557
608,957,47.411156
562,958,35.074375
581,958,85.317612
609,958,86.484642
552,626,33.605904
581,959,76.861404
552,627,48.182762
608,960,33.638893
608,961,94.35321
609,961,37.196396
580,635,41.217228
545,641,51.83709
603,987,56.783161
601,988,39.624416
573,655,30.886375
574,655,36.939034
584,656,37.727341
562,991,32.801884
577,658,45.570412
578,658,45.570412
584,658,31.789312
581,659,45.995434
570,660,31.340607
584,660,50.991264
572,661,72.785797
573,661,37.20665
581,661,32.729698
571,662,31.239067
577,662,74.236755
578,662,71.181145
579,662,77.923111
546,997,35.428402
547,997,31.026535
548,998,35.261627
547,999,51.420628
547,1000,44.773926
547,1001,67.373657
547,1002,56.367294
548,1002,40.631325
549,1002,44.954948
548,1005,39.943333
599,1006,66.045998
570,1007,46.570515
570,1008,36.129276
570,1009,52.494427
563,1012,37.293987
557,1013,36.167786
558,1013,50.469837
559,1013,35.091461
561,1013,43.790581
562,1013,41.619995
568,1013,48.097054
556,1014,53.101986
557,1014,58.176334
559,1014,59.30217
560,1014,93.809464
561,1014,55.75206
599,1014,35.709717
549,1015,30.304291
550,1015,49.666821
599,1015,99.433823
600,1015,86.400803
601,1015,32.382942
597,1020,32.62381
540,1021,31.530928
600,1023,84.286346
601,1023,41.692738
602,1023,65.560852
600,1024,67.683289
601,1024,79.033806
602,1024,48.489758
598,1027,36.047302
599,1027,70.51889
612,1028,97.398048
614,1028,41.826893
615,1028,37.923935
541,1029,82.312347
541,1030,30.181036
609,1030,37.023308
608,1031,88.650398
555,1032,45.962154
556,1032,42.297215
557,1032,34.524635
563,1032,51.896973
564,1032,47.637333
546,1034,32.602245
563,1034,59.096279
566,1034,46.053818
556,1035,45.924091
564,1035,59.715672
566,1035,34.391663
542,1036,48.618023
543,1036,63.52562
620,1037,60.266171
628,1039,34.554161
544,1041,36.206509
602,1041,82.995399
603,1041,87.159477
628,1041,38.175552
602,1042,85.711899
604,1042,93.355415
605,1042,36.883942
606,1042,54.039455
611,1044,64.181267
624,1055,98.45089
602,1056,46.125713
568,726,55.250725
571,726,33.742981
568,727,64.480026
568,728,45.423969
569,728,51.164677
553,1062,71.613884
568,729,92.305443
569,729,66.720459
568,730,75.026604
607,1067,59.955769
616,1067,43.397812
617,1067,42.956635
568,735,96.773132
614,1068,74.175507
615,1068,38.383591
568,736,47.749504
567,737,48.045544
568,737,33.690495
566,738,59.85844
565,739,62.692959
566,739,33.377495
569,739,65.450455
570,739,38.347195
566,740,43.935951
567,740,49.933819
568,740,58.053658
571,740,32.597561
572,740,57.040436
567,741,56.588734
569,741,31.961924
570,741,47.610035
546,742,40.121956
568,742,96.821228
569,742,39.866547
587,744,72.147964
588,744,38.619762
545,745,51.715519
546,745,40.666157
587,745,71.821579
606,1078,57.142387
546,746,61.541046
588,746,88.680542
546,747,73.71067
546,748,85.477859
586,748,63.722435
545,750,62.77636
546,750,31.857224
586,750,91.315346
546,751,31.94615
586,751,68.742485
588,751,45.072529
589,751,57.032108
590,751,61.062073
545,752,61.962006
585,752,66.350807
588,752,30.748371
589,752,64.965317
587,753,58.391964
588,753,89.41114
589,753,73.09758
590,753,63.338959
582,754,90.368164
584,754,30.917725
587,754,88.312767
588,754,50.627735
589,754,71.229698
590,754,48.584984
591,754,50.761868
584,755,70.183014
587,755,82.834641
589,755,64.978256
587,756,95.704674
588,756,90.044792
547,757,30.362434
587,757,33.516346
546,758,98.692047
587,758,47.65012
547,761,51.280323
601,761,41.094227
603,761,87.870415
546,762,52.428341
601,762,48.630039
547,763,40.336266
599,763,89.026047
604,764,61.344021
547,765,77.904625
600,765,37.687897
604,765,88.411255
602,766,32.615784
604,766,96.895798
604,767,98.944595
547,768,42.39941
552,1100,79.687889
598,1100,35.784565
599,1100,39.239998
602,1100,37.359535
605,769,40.579632
606,769,31.104631
607,769,82.213318
552,1101,38.301632
560,1101,68.28347
561,1101,73.472908
603,770,89.89119
604,770,89.553787
606,770,70.718437
564,1102,36.086803
603,771,94.656113
604,771,50.111099
606,771,36.235027
570,1103,90.420113
603,772,85.633965
604,772,54.790737
607,772,61.623787
603,773,65.125031
604,773,45.68
603,774,39.723366
604,774,34.032089
605,774,45.192623
608,774,81.437805
604,775,69.184746
606,775,54.757504
607,775,32.492138
608,775,94.001663
607,776,58.322483
608,777,68.903809
612,1110,59.60173
608,778,99.290649
612,1111,50.345367
596,1113,54.330509
551,1116,84.197395
611,1118,48.205257
612,1118,37.084225
613,1118,61.518467
619,1119,46.891579
597,800,82.580833
580,801,66.276955
581,801,56.665337
582,801,89.915863
580,802,96.474968
594,802,34.384689
593,803,45.58213
606,804,32.909664
606,805,56.578861
567,806,49.85429
608,806,73.572609
566,807,77.672852
567,807,72.612663
565,1142,69.456268
563,1143,32.76001
562,1144,49.026901
565,1144,72.111084
613,819,34.326927
613,820,62.46825
565,823,61.551266
566,824,34.642387
567,824,58.487537
580,824,45.711807
581,824,84.842606
579,825,51.214191
580,825,38.067863
581,825,37.888264
580,826,30.471241
581,826,34.663277
592,826,61.539627
592,827,95.925835
591,828,80.100769
593,828,73.217339
594,828,50.723423
620,828,96.082695
591,829,76.615349
592,829,53.713573
579,830,59.719765
566,833,39.294544
551,838,39.32962
552,838,41.544151
551,839,98.241058
552,839,35.474426
550,840,68.470535
551,840,43.956806
550,841,49.200176
550,843,32.705952
562,845,33.603996
573,846,96.987381
574,846,40.372917
570,847,76.293938
585,1166,86.574974
