1608,211,76.830521
1609,211,99.780594
1613,212,57.116455
1583,213,40.937466
1612,213,36.20076
1613,213,36.897724
1651,213,67.404816
1664,213,84.323982
1665,213,55.438549
1667,213,91.378227
1596,214,39.383427
1597,214,34.212982
1598,214,58.402134
1601,214,48.002651
1617,214,96.499146
1621,214,90.61705
1624,214,46.953522
1625,214,85.524734
1626,214,64.582558
1651,214,53.714546
1664,214,82.267487
1665,214,39.674534
1666,214,44.708214
1667,214,65.165817
1684,214,82.139381
1592,215,35.113121
1593,215,54.059914
1601,215,42.806618
1620,215,30.343498
1623,215,37.738968
1625,215,38.626026
1626,215,57.491089
1627,215,44.499538
1628,215,40.914692
1629,215,75.916565
1630,215,43.447823
1632,215,75.170425
1633,215,58.109688
1664,215,35.805901
1669,215,92.374306
1683,215,85.805656
1684,215,42.438126
1601,216,51.283268
1629,216,31.17725
1631,216,40.297924
1632,216,32.748001
1633,216,52.446114
1634,216,72.11821
1669,216,34.872856
1676,216,43.140064
1677,216,63.476341
1679,216,51.806087
1663,217,31.189964
1670,217,89.646484
1673,217,67.341225
1674,217,57.511692
1675,217,35.117878
1684,217,56.653168
1685,217,32.714058
1664,218,55.184372
1665,218,49.448982
1666,218,65.240448
1670,218,80.486
1671,218,32.871868
1684,218,51.028236
1662,219,73.332581
1655,222,44.467751
1656,222,35.357174
1602,224,48.157429
1605,224,43.553032
1652,224,32.237442
1605,225,39.587677
1635,225,44.018513
1653,225,40.927807
1655,225,34.243046
1580,226,31.195646
1582,226,41.643002
1583,226,64.505371
1597,226,53.07412
1598,226,47.370384
1621,226,61.921616
1622,226,47.476284
1653,226,53.476791
1654,226,53.473145
1655,226,62.435066
1581,227,58.71365
1582,227,56.291702
1583,227,70.534286
1584,227,41.460655
1595,227,34.817184
1598,227,33.437992
1653,227,90.563049
1596,228,79.471413
1606,228,60.083374
1608,228,32.714939
1631,228,50.206085
1653,228,54.914223
1590,229,44.990688
1592,229,65.997452
1607,229,32.730686
1633,229,32.316605
1653,229,52.866768
1697,229,30.270407
1587,230,33.802811
1589,230,50.191662
1590,230,78.589661
1591,230,71.730972
1607,230,47.737236
1653,230,52.755043
1696,230,59.457699
1635,231,57.766773
1636,231,95.925133
1653,231,49.522209
1698,231,56.2827
1606,232,53.732784
1634,232,49.280491
1635,232,36.236492
1636,232,30.772974
1637,232,38.857193
1653,232,79.720894
1696,232,30.524504
1654,233,38.303589
1695,233,78.088058
1697,233,34.603115
1698,233,82.039619
1654,234,69.530533
1698,234,51.810894
1699,234,80.012337
1596,235,43.406105
1637,235,36.971111
1699,235,84.541885
1698,236,46.47274
1733,236,30.380415
1734,237,31.33135
1735,237,55.455002
1736,237,42.663174
1740,237,57.222591
1753,237,76.217171
1754,237,45.21146
1590,238,30.462841
1751,238,76.409012
1752,238,59.678356
1753,238,79.001801
1754,238,84.474289
1755,238,31.904795
1575,239,32.982742
1583,239,50.200851
1658,239,47.250954
1659,239,67.439819
1660,239,80.957504
1750,239,72.406868
1751,239,58.959824
1752,239,74.718544
1754,239,35.471451
1530,240,30.658632
1572,240,32.691151
1575,240,34.747684
1576,240,44.420315
1597,240,40.59967
1660,240,46.212059
1661,240,51.931625
1662,240,60.722504
1663,240,96.574425
1713,240,30.966793
1750,240,59.288029
1752,240,38.898491
1753,240,33.33437
1583,241,37.518368
1587,241,30.555473
1598,241,35.38599
1603,241,99.436081
1608,241,68.163696
1664,241,60.187107
1665,241,97.044685
1667,241,37.718685
1668,241,51.026783
1669,241,43.790665
1684,241,79.045425
1685,241,39.269581
1686,241,48.411423
1687,241,56.368977
1688,241,32.138073
1689,241,77.542397
1690,241,98.144516
1691,241,47.679176
1692,241,34.36459
1694,241,38.879883
1695,241,30.70767
1685,242,42.345333
1686,242,32.856018
1687,242,50.87701
1688,242,41.968678
1689,242,35.015663
1691,242,88.636978
1696,242,76.257622
1583,243,36.722134
1689,243,32.336136
1692,243,59.184898
1752,243,80.35598
1749,244,76.12146
1750,244,48.26553
1751,244,58.705578
1572,245,74.795822
1530,247,58.199421
1531,247,64.828255
1528,248,36.300472
1576,248,39.909122
1576,249,43.879944
1573,250,31.459949
1574,251,32.657089
1720,251,30.246504
1721,251,31.926489
1736,251,44.768108
1573,252,41.034775
1714,252,49.185589
1717,252,36.794491
1718,252,36.110798
1715,258,44.266876
1715,259,36.393547
1714,260,87.245781
1715,260,83.725273
1721,260,36.095726
1720,261,36.8372
1695,263,44.970158
1667,264,78.773651
1668,264,38.864773
1669,264,32.792542
1663,265,86.666634
1664,265,58.076893
1667,265,71.70919
1675,265,66.344414
1696,265,39.96434
1697,265,67.315262
1608,266,42.721527
1609,266,33.171467
1610,266,37.947136
1611,266,66.865463
1614,266,53.557938
1663,266,44.422695
1697,266,35.997131
1698,266,78.692719
1690,267,37.971348
1692,267,82.988335
1697,267,98.208771
1720,267,33.366566
1593,268,89.130196
1659,268,59.56842
1696,268,41.900883
1531,269,84.01902
1569,269,42.487259
1679,269,57.113899
1531,270,31.15103
1720,270,43.620041
1531,271,63.318745
1532,271,65.56823
1720,271,30.718094
1608,277,43.343105
1531,280,37.911556
1532,280,88.756256
1532,281,58.026066
1756,288,43.592873
1722,290,43.823589
1723,290,33.222157
1727,290,36.228981
1728,290,37.936462
1729,290,32.791569
1730,290,64.509232
1729,291,33.155014
1730,291,60.94503
1682,294,36.128174
1683,294,39.716057
1684,294,43.579166
1686,294,46.816887
1689,294,61.011913
1655,295,48.38092
1656,295,47.921722
1657,295,44.182129
1658,295,70.371109
1659,295,74.879227
1660,295,67.885506
1661,295,70.579811
1662,295,58.219204
1666,295,33.263958
1667,295,49.111702
1686,295,42.021927
1690,295,67.385506
1692,295,34.468094
1666,296,43.93224
1667,296,30.83033
1685,296,58.333817
1722,296,70.674553
1620,297,86.396515
1729,298,31.283215
1653,299,46.09988
1721,300,34.507782
1721,301,34.464977
1625,302,41.918587
1629,302,43.321899
1630,302,65.241806
1631,302,30.735638
1652,302,40.749737
1627,305,59.546104
1729,305,33.642567
1628,306,68.670433
1629,306,72.608894
1721,306,37.958637
1729,306,31.079092
1721,307,37.23904
1729,307,37.099731
1721,308,34.715382
1729,308,54.254791
1721,309,34.820812
1729,309,67.224937
1721,310,35.245815
1729,310,47.934761
1721,311,47.089973
1729,311,66.087212
1721,312,32.886284
1722,312,49.475716
1729,312,58.901386
1721,313,32.886284
1722,313,50.654648
1729,313,45.628746
1722,314,57.450958
1696,315,97.273003
1722,315,67.730202
1728,315,40.729118
1729,315,61.51326
1696,316,47.497185
1697,316,34.922318
1722,316,50.117111
1728,316,39.691341
1729,316,75.354752
1727,0,46.063148
1730,0,31.000978
1731,0,46.2024
1743,0,42.37722
1773,0,59.241493
1585,1,40.807819
1729,1,33.177284
1732,1,42.580841
1735,1,39.515148
1668,317,33.508949
1671,317,42.455349
1722,317,50.052299
1729,317,54.575218
1585,2,44.793316
1745,2,39.800179
1692,318,75.254944
1693,318,76.081261
1695,318,80.411743
1696,318,53.765911
1722,318,53.657684
1729,318,94.297485
1541,3,71.910576
1585,3,59.534592
1744,3,36.643654
1753,3,54.549419
1694,319,33.498802
1695,319,55.956142
1722,319,31.066933
1728,319,33.61401
1652,320,38.108322
1728,320,36.503326
1637,321,30.916349
1691,321,35.91787
1728,321,52.821812
1623,322,97.795258
1624,322,65.697861
1635,322,38.491196
1636,322,33.322308
1637,322,55.552059
1638,322,46.299397
1728,322,49.460674
1573,6,51.787136
1574,6,47.390526
1576,6,30.575783
1577,6,44.942799
1578,6,32.207607
1579,6,78.55542
1681,6,51.326786
1560,7,62.230026
1577,7,42.821819
1578,7,33.963699
1579,7,44.14476
1580,7,39.979916
1628,323,99.918076
1629,323,85.517059
1631,323,42.293648
1632,323,88.120422
1633,323,81.755539
1636,323,36.653976
1637,323,35.844086
1638,323,32.152237
1722,323,44.861984
1728,323,78.741653
1555,8,34.443134
1556,8,35.994205
1683,8,82.310783
1722,324,48.861801
1727,324,30.914959
1728,324,99.608696
1658,9,80.295433
1659,9,99.376892
1660,9,93.560547
1724,9,31.532579
1726,9,52.435257
1731,10,34.685028
1732,10,36.571251
1722,325,35.921024
1728,325,99.011482
1638,326,67.356552
1639,326,46.741047
1722,326,33.512825
1728,326,68.276375
1638,327,40.57888
1639,327,77.099091
1640,327,51.996475
1722,327,32.075386
1728,327,77.422119
1534,12,30.432064
1639,328,38.914577
1640,328,39.864681
1728,328,73.061256
1641,329,33.931133
1728,329,48.023125
1745,13,58.132633
1639,330,69.864258
1640,331,38.939445
1729,331,74.3554
1644,15,36.405209
1654,15,45.325195
1655,15,42.967026
1748,15,85.642952
1595,16,37.280987
1646,16,31.721584
1656,16,30.73616
1747,16,87.758354
1748,16,77.037537
1583,17,66.416786
1641,17,33.665981
1642,17,32.066139
1748,17,32.353966
1551,18,54.345985
1555,18,86.328491
1556,18,51.932171
1557,18,59.316444
1558,18,68.000595
1567,18,42.367046
1568,18,59.71558
1570,18,48.804737
1571,18,69.354042
1572,18,54.053745
1551,19,32.009144
1556,19,38.578487
1557,19,41.608746
1558,19,33.294762
1559,19,64.110146
1560,19,36.562462
1561,19,46.084255
1578,19,56.34705
1579,19,52.370377
1583,19,85.398796
1622,334,49.321106
1635,334,70.004547
1734,334,48.727932
1621,335,38.275524
1628,335,35.213055
1543,20,38.156116
1569,20,66.171585
1652,21,77.704079
1653,21,64.566452
1654,21,57.71814
1636,336,95.413475
1659,336,38.00956
1660,336,46.216885
1661,336,35.09877
1665,336,30.833706
1723,336,43.48716
1728,336,52.376511
1652,337,58.729858
1661,337,36.839882
1670,337,59.013821
1672,337,34.871517
1674,337,39.049713
1675,337,41.793236
1693,337,39.88562
1723,337,33.52977
1658,338,71.121857
1659,338,61.711704
1660,338,59.654922
1661,338,34.357124
1671,338,32.913002
1672,338,55.361938
1674,338,75.980141
1675,338,60.183044
1677,338,41.96059
1723,338,33.951588
1726,338,43.008659
1744,338,54.652676
1651,22,34.91301
1654,22,54.996513
1655,22,51.629391
1728,22,37.827641
1741,22,40.335365
1749,22,30.184929
1653,339,35.209644
1661,339,85.321465
1662,339,72.497833
1663,339,96.785011
1664,339,56.479
1665,339,67.389801
1667,339,77.833488
1668,339,96.378532
1669,339,82.652802
1671,339,93.757797
1672,339,94.121872
1673,339,53.447544
1676,339,54.681351
1677,339,40.726746
1678,339,45.604527
1723,339,30.025049
1730,339,40.85928
1745,339,45.982567
1669,23,38.219288
1725,340,30.132626
1726,340,42.187889
1745,340,47.918846
1741,24,60.928291
1725,341,36.738537
1726,341,58.486633
1745,341,35.680508
1624,343,88.381058
1726,343,80.27063
1730,343,97.672363
1612,344,55.079056
1624,344,38.225861
1728,344,69.83593
1730,344,70.090927
1750,344,32.989315
1624,345,38.442238
1728,345,86.416145
1730,345,32.665352
1749,345,39.532658
1750,345,99.443542
1751,345,96.526237
1615,346,81.56633
1727,346,42.217178
1728,346,31.466818
1748,346,32.132416
1614,347,88.084915
1633,347,59.329964
1652,347,97.489929
1695,347,41.731724
1730,347,66.760475
1619,348,92.78093
1622,348,64.05619
1652,348,39.165195
1730,348,68.402557
1739,348,30.352757
1622,349,69.391205
1623,349,65.773567
1688,349,62.772583
1689,349,99.030777
1728,349,34.575169
1739,349,93.090546
1730,350,86.048698
1739,350,82.190453
1740,350,33.490166
1743,350,38.988819
1744,350,34.248444
1662,43,32.939407
1663,43,73.180908
1667,43,39.278461
1666,44,30.694748
1685,47,44.43922
1660,49,30.139431
1660,50,30.300293
1671,51,81.02639
1672,52,93.41021
1672,53,90.026871
1680,54,31.584476
1550,57,32.884502
1550,58,89.082817
1698,60,59.485275
1696,62,43.27277
1668,63,42.183285
1668,64,51.875908
1612,65,30.062225
1613,65,56.528599
1666,65,43.534771
1668,65,48.182064
1691,67,38.224247
1667,69,40.067177
1691,69,64.485641
1666,70,35.466591
1765,72,37.504696
1664,73,32.786686
1763,73,40.769077
1645,75,32.463238
1583,76,86.489258
1584,76,40.419098
1656,76,35.161659
1584,77,53.949165
1585,77,32.527332
1657,80,46.114426
1665,92,56.219967
1666,92,39.775696
1661,95,50.132481
1662,95,32.632557
1725,95,31.1898
1660,96,36.615932
1657,98,39.025375
1655,99,51.26059
1760,100,36.286819
1761,100,30.451883
1762,101,99.756256
1763,101,59.148914
1764,101,67.81311
1763,102,65.928299
1590,103,71.728561
1591,103,70.41613
1763,109,47.437824
1731,110,61.320728
1554,111,34.566505
1730,111,38.818695
1745,112,70.102859
1762,112,37.92038
1731,115,48.322662
1761,115,36.951752
1590,117,34.469643
1591,117,47.192238
1592,117,69.737007
1593,117,38.633617
1584,118,86.290245
1585,118,33.159435
1621,119,32.503033
1764,119,46.139046
1572,120,42.918541
1761,123,31.066658
1759,126,33.803734
1740,129,30.627609
1743,129,52.460697
1739,152,64.36879
1741,152,39.341606
1742,153,83.932472
1743,153,35.413509
1747,155,40.75676
1748,155,35.429588
1765,164,33.167202
1720,171,49.480518
1671,172,32.35548
1760,177,52.5872
1734,180,46.313446
1546,181,77.678062
1547,181,77.355324
1547,184,53.966557
1676,184,76.194939
1677,184,60.172207
1688,184,32.562141
1662,185,64.294022
1663,185,56.407986
1664,185,71.450775
1665,185,62.420387
1666,185,52.101967
1667,185,56.740742
1668,185,90.606514
1669,185,75.539574
1670,185,80.430519
1671,185,54.940365
1672,185,87.589149
1673,185,71.227974
1674,185,55.695515
1675,185,44.010201
1676,185,82.75441
1677,185,60.347748
1678,185,54.64505
1679,185,66.015831
1680,185,34.732491
1681,185,58.763535
1682,185,31.176752
1683,185,31.80448
1684,185,41.610912
1685,185,50.020508
1687,185,96.681519
1688,185,55.794323
1689,185,86.944756
1611,187,44.400101
1553,188,95.027618
1611,188,45.812748
1657,188,53.369495
1658,189,53.372631
1552,190,69.177063
1658,190,52.984192
1555,192,64.216904
1657,193,34.225681
1658,193,96.224586
1657,194,45.03043
1657,195,69.052559
1672,198,45.10358
1754,200,68.857872
1547,203,73.672852
1616,204,52.277519
1625,205,43.068813
1626,205,43.793865
1627,205,61.897388
1607,206,34.409393
1607,207,31.943285
1723,209,31.930019
