1850,2443,34.106491
1854,2443,90.222679
1890,2443,42.25267
1826,2125,40.34375
1827,2125,54.474548
1841,2125,47.543224
1846,2125,30.421852
1841,2126,33.82621
1842,2126,52.640617
1846,2445,59.022247
1885,2445,34.485905
1857,2446,35.131203
1890,2446,36.523983
1892,2446,48.371586
1842,2128,34.981819
1841,2129,46.730011
1842,2129,39.634621
1843,2129,60.443027
1846,2129,40.228043
1885,2448,34.632259
1892,2448,44.104866
1846,2130,97.309555
1905,2130,43.367451
1906,2130,96.921936
1846,2131,84.934601
1847,2131,97.309555
1884,2450,55.866867
1831,2132,43.353821
1822,2451,40.763134
1868,2452,30.289972
1885,2452,34.441566
1884,2453,33.77858
1888,2453,52.937164
1827,2135,91.836182
1828,2135,85.88459
1890,2454,31.959114
1827,2136,59.788784
1828,2136,85.049026
1846,2136,30.29224
1847,2136,34.019386
1863,2456,31.282505
1829,2137,85.049026
1861,2137,42.876816
1862,2137,74.22702
1829,2138,94.535492
1861,2138,30.03356
1862,2138,47.871792
1861,2458,50.670654
1828,2139,88.176346
1851,2139,33.786053
1871,2139,41.205582
1872,2139,77.915848
1840,2459,57.594696
1841,2459,43.079376
1828,2140,93.864563
1851,2140,79.564484
1864,2140,68.24971
1838,2460,31.308552
1852,2141,30.561268
1864,2141,65.228462
1865,2141,38.718346
1841,2462,53.589378
1829,2142,76.007813
1839,2142,50.382278
1841,2142,52.315636
1842,2142,52.315636
1843,2142,52.315636
1845,2142,52.315636
1846,2142,39.016983
1852,2142,30.182236
1863,2142,34.766922
1865,2142,65.228462
1866,2142,53.959
1840,2463,32.548286
1829,2144,57.167946
1847,2144,30.182236
1848,2144,42.549637
1866,2144,70.281578
1847,2145,96.183243
1862,2145,73.583229
1864,2145,78.061729
1865,2145,66.824471
1840,2146,30.182236
1846,2146,52.315636
1862,2146,73.583229
1864,2466,51.41013
1826,2147,48.371967
1846,2147,57.227333
1848,2147,61.623886
1850,2147,30.182236
1852,2147,31.515205
1866,2147,96.648346
1829,2148,38.797997
1830,2148,64.652145
1850,2148,66.28273
1855,2148,41.169487
1862,2148,73.583229
1839,2149,30.725176
1842,2149,50.915207
1843,2149,50.915207
1845,2149,37.8372
1846,2149,41.296631
1847,2149,41.296631
1850,2149,37.590965
1843,2150,82.893387
1845,2150,67.186256
1846,2150,67.186256
1847,2150,54.474548
1850,2150,48.162422
1842,2151,30.725176
1846,2151,42.549637
1863,2151,42.266685
1822,2472,35.864887
1836,2472,36.713539
1820,2473,37.257614
1838,2473,93.283386
1827,2152,35.293961
1842,2152,40.34375
1846,2152,30.182236
1868,2152,61.398254
1869,2152,56.207546
1870,2152,59.691601
1871,2152,88.512138
1872,2152,56.207546
1873,2152,61.398254
1874,2152,74.696915
1825,2153,42.934326
1829,2153,67.40493
1841,2153,30.725176
1842,2153,54.474548
1865,2153,40.025646
1867,2153,99.397064
1870,2153,98.491638
1871,2153,98.765274
1827,2154,38.797997
1828,2154,67.40493
1829,2154,43.178467
1841,2154,37.590965
1829,2155,64.652145
1842,2155,40.34375
1843,2155,37.590965
1851,2155,55.44944
1891,2155,71.574364
1895,2155,75.003517
1896,2155,76.205673
1897,2155,87.21785
1898,2155,87.21785
1826,2476,34.497929
1827,2476,31.614361
1831,2156,43.071033
1843,2156,40.34375
1852,2156,55.44944
1853,2156,42.549637
1854,2156,30.182236
1827,2157,56.14904
1829,2157,43.071033
1830,2157,43.071033
1842,2157,40.34375
1843,2157,37.590965
1854,2157,30.182236
1827,2477,30.361137
1826,2158,30.725176
1826,2160,40.34375
1828,2160,30.725176
1824,2164,30.725176
1900,2171,31.314137
1901,2171,34.175846
1902,2171,88.634552
1903,2171,85.545288
1875,2492,34.849121
1880,2492,30.803219
1905,2172,36.356758
1867,2493,54.806324
1879,2493,38.880196
1887,2493,39.246094
1867,2494,36.982647
1835,2495,50.320793
1867,2497,42.42659
1824,2178,30.725176
1825,2178,37.590965
1904,2179,39.661407
1825,2180,67.609497
1829,2180,41.254555
1898,2180,43.634682
1824,2182,30.725176
1830,2182,40.31567
1880,2182,42.366924
1881,2182,73.102806
1882,2182,76.130905
1883,2182,71.915779
1888,2182,94.262825
1889,2182,64.413933
1823,2183,30.725176
1869,2183,45.399948
1873,2183,37.333336
1874,2183,36.000065
1891,2183,39.71653
1875,2184,36.000065
1893,2184,67.839951
1884,2185,92.897247
1893,2185,34.465065
1875,2186,45.714191
1877,2186,30.866953
1878,2186,55.12727
1880,2186,50.684441
1881,2186,50.684441
1890,2186,42.211884
1891,2186,42.211884
1893,2186,37.042198
1875,2187,45.714191
1876,2187,48.509796
1893,2187,43.172951
1844,2188,61.115253
1845,2188,65.140892
1872,2188,43.018467
1875,2188,46.17971
1876,2188,96.552986
1877,2188,59.487167
1886,2188,55.650711
1887,2188,68.208641
1888,2188,55.650711
1889,2188,55.650711
1897,2189,43.172951
1898,2189,65.821419
1902,2189,33.883121
1849,2190,79.740829
1867,2190,42.815151
1869,2190,51.196007
1870,2190,38.609379
1871,2190,48.110394
1873,2190,38.000004
1876,2190,38.465523
1877,2190,75.521378
1878,2190,54.363663
1900,2190,36.48996
1869,2191,42.635017
1873,2191,47.428577
1874,2191,46.833324
1876,2191,68.036568
1823,2192,40.34375
1846,2192,36.972809
1869,2192,56.085423
1871,2192,37.116673
1841,2193,55.384987
1842,2193,40.056271
1868,2193,56.085423
1884,2194,86.857697
1828,2195,41.383942
1823,2197,34.786957
1829,2198,33.340897
1822,2203,30.725176
1823,2203,37.6875
1824,2203,37.6875
1825,2203,35.4375
1822,2205,59.39975
1821,2207,30.725176
1868,2208,97.849953
1885,2209,67.016708
1887,2209,73.341682
1892,2209,74.27356
1893,2209,54.625751
1895,2209,85.647278
1896,2209,80.822083
1847,2210,43.149231
1886,2210,79.606407
1887,2210,92.596199
1888,2210,73.914513
1881,2211,53.537056
1884,2213,59.65712
1887,2213,49.147709
1885,2214,35.795204
1886,2214,32.877678
1845,2215,99.712601
1822,2216,91.493454
1826,2216,91.279335
1845,2216,92.040718
1885,2216,40.362286
1886,2216,53.992527
1907,2216,50.697033
1822,2217,53.5532
1885,2217,42.928947
1907,2218,73.354324
1884,2219,65.985367
1885,2219,67.171906
1886,2219,60.938416
1906,2219,31.767765
1868,2220,69.002907
1870,2220,60.052135
1871,2220,64.275452
1873,2220,94.87471
1887,2220,41.965824
1905,2221,47.040958
1887,2222,33.813522
1905,2222,49.230251
1906,2222,47.68935
1905,2223,66.262779
1906,2223,65.095978
1905,2224,72.814011
1906,2224,59.655582
1905,2225,58.108059
1906,2225,82.404938
1863,2227,99.550125
1864,2228,83.448166
1887,2229,63.312164
1828,2233,89.059807
1841,2234,32.437172
1850,2234,88.601234
1852,2234,47.459427
1842,2235,33.911594
1852,2235,77.971779
1853,2235,39.157566
1822,2236,40.391804
1846,2236,81.819489
1845,2237,87.046585
1848,2237,62.078411
1853,2237,99.837601
1827,2238,40.336098
1828,2238,94.413826
1843,2238,67.606689
1845,2238,81.242638
1846,2238,87.928764
1848,2238,46.37513
1828,2239,54.640087
1841,2239,32.460152
1843,2239,82.427994
1844,2239,36.243008
1845,2239,38.658764
1856,2239,51.695621
1848,2240,32.551014
1871,2240,31.069065
1827,2241,41.740234
1828,2241,58.345024
1872,2241,60.580673
1848,2244,87.886276
1847,2245,66.59848
1906,2245,77.296158
1847,2246,65.639557
1907,2246,37.728786
1822,2247,94.402206
1863,2247,58.221436
1840,2248,34.99662
1847,2248,67.764816
1840,2249,78.479584
1842,2249,32.901566
1843,2249,37.826149
1844,2249,66.381691
1845,2249,68.815872
1846,2249,61.379406
1847,2249,82.130791
1840,2250,68.686508
1842,2250,41.834366
1843,2250,68.686508
1844,2250,49.807549
1845,2250,48.590107
1846,2250,48.915241
1847,2250,52.17012
1841,2251,82.145264
1842,2251,59.298599
1843,2251,36.330803
1847,2251,43.335403
1847,2252,30.847122
1847,2253,50.739693
1837,2254,68.782433
1847,2254,50.739693
1884,2254,99.610825
1906,2254,67.60173
1820,2255,44.653313
1847,2255,49.272991
1898,2256,58.759415
1900,2256,39.64476
1842,2259,91.408012
1849,2259,49.48922
1870,2259,52.734798
1822,2260,81.602936
1843,2260,88.054497
1848,2260,44.75386
1823,2261,39.539642
1846,2261,86.891235
1853,2261,97.010139
1820,2263,56.807339
1899,2265,94.451454
1898,2266,87.803253
1899,2266,51.347298
1900,2266,86.592674
1858,2269,66.109268
1892,2274,52.957157
1896,2275,40.421005
1897,2275,74.09597
1891,2287,44.688602
1882,2288,53.133064
1899,2288,39.498268
1900,2288,77.975685
1871,2290,61.795635
1874,2290,37.973747
1875,2290,42.356121
1876,2290,35.394623
1882,2292,49.726776
1880,2294,87.552261
1881,2294,34.015388
1888,2294,56.724499
1895,2294,75.742126
1896,2294,55.593323
1898,2294,36.174831
1899,2294,63.98851
1901,2294,93.761307
1894,2295,40.688282
1898,2296,43.589317
1896,2298,64.071762
1897,2298,56.497589
1898,2298,40.949669
1899,2298,58.546276
1899,2299,87.850212
1899,2300,30.363571
1891,1980,31.157146
1894,2301,86.183151
1889,2303,32.816162
1890,2303,33.214954
1890,2304,32.756901
1889,2306,49.619423
1911,1987,87.25
1912,1987,34.583389
1884,2309,38.432816
1910,1988,34.583389
1913,1988,34.583389
1941,1988,87.25
1881,2310,35.464485
1911,1989,34.583389
1912,1989,34.583389
1913,1989,34.583389
1941,1989,95.571983
1940,1990,87.25
1878,2311,49.134468
1887,2311,32.776218
1939,1991,34.583389
1870,2316,52.761456
1873,2316,55.76429
1879,2319,30.532726
1883,2319,32.281269
1900,1999,39.895813
1899,2000,39.895813
1916,2007,95.571983
1940,2007,95.571983
1870,2331,40.230202
1833,2335,69.011101
1860,2337,44.52589
1861,2337,30.904909
1864,2337,31.236523
1865,2337,52.618279
1867,2337,43.305164
1868,2337,30.213961
1869,2337,58.625732
1876,2337,93.909317
1876,2338,53.734859
1859,2339,75.891907
1874,2024,48.179718
1939,2025,54.064854
1862,2354,45.393032
1883,2034,74.678093
1834,2039,33.816708
1831,2044,60.0
1817,2363,92.455002
1847,2364,60.460484
1861,2364,30.45182
1862,2364,43.664566
1833,2045,42.250069
1834,2046,46.501682
1854,2046,34.500046
1814,2365,76.30513
1862,2365,86.314537
1814,2366,39.629456
1831,2049,41.780991
1814,2368,48.216846
1818,2368,39.11895
1846,2370,36.419842
1853,2052,30.857065
1844,2371,48.282055
1854,2053,64.017502
1867,2053,54.999935
1858,2054,34.500046
1859,2054,32.206539
1860,2054,59.27533
1861,2054,49.90007
1862,2054,66.200668
1865,2054,73.395508
1866,2054,71.372452
1867,2054,70.972275
1868,2054,62.662979
1869,2054,30.520901
1861,2373,34.49295
1863,2373,38.351036
1858,2055,74.666664
1862,2375,38.195415
1863,2375,78.00013
1864,2375,70.666908
1865,2375,33.865116
1865,2376,77.677986
1867,2376,35.786774
1882,2057,38.917233
1866,2377,54.71302
1811,2379,54.350426
1871,2380,36.839832
1867,2381,33.090649
1847,2383,79.665367
1846,2385,52.368191
1839,2389,84.780922
1840,2389,50.529099
1841,2389,91.399475
1845,2389,37.04303
1839,2390,48.751503
1878,2069,38.313358
1851,2070,99.555367
1858,2070,63.462711
1851,2071,39.833344
1880,2071,30.564007
1842,2392,47.310471
1842,2393,70.608063
1843,2393,96.881615
1876,2072,94.587677
1849,2073,69.92733
1850,2073,58.143593
1851,2073,64.32576
1874,2073,71.160553
1878,2073,71.269333
1841,2394,48.803535
1842,2394,92.281441
1850,2074,32.979786
1829,2075,56.150036
1850,2075,45.063515
1886,2075,30.785507
1850,2076,39.663792
1879,2076,30.163151
1826,2077,30.093985
1846,2078,30.455526
1847,2078,39.373825
1848,2078,31.726885
1849,2078,44.493523
1850,2078,53.456955
1827,2079,33.0
1828,2079,33.0
1846,2079,40.936905
1847,2079,89.072327
1848,2079,77.919067
1849,2079,55.223213
1913,2079,38.289543
1845,2080,45.063515
1840,2402,42.552837
1840,2403,54.298523
1845,2081,39.373825
1833,2082,31.726885
1841,2082,30.455526
1842,2082,39.373825
1844,2082,54.046116
1845,2082,45.127815
1842,2083,44.766273
1842,2084,38.39167
1843,2084,47.309967
1842,2085,93.0
1843,2085,74.40004
1842,2086,69.436752
1829,2410,47.070786
1843,2410,38.112259
1829,2411,90.651596
1830,2411,34.760323
1831,2411,37.403477
1833,2411,48.836395
1880,2411,58.659519
1837,2412,31.36401
1880,2412,43.672604
1824,2413,40.847839
1899,2413,56.430038
1911,2091,46.058239
1898,2416,91.991364
1816,2418,86.356689
1832,2097,71.728661
1831,2420,58.7943
1835,2420,44.491859
1912,2099,99.793678
1847,2422,44.869946
1848,2422,62.722275
1863,2422,41.236938
1832,2100,73.011139
1831,2101,32.509159
1832,2101,74.789345
1816,2424,56.929672
1858,2424,44.883522
1859,2424,33.352253
1860,2424,35.424931
1861,2424,56.362091
1862,2424,46.522541
1898,2424,51.110718
1899,2424,36.897533
1828,2102,82.995651
1832,2102,74.789345
1908,2102,32.836212
1910,2102,59.167992
1881,2426,39.336807
1823,2431,34.131744
1864,2431,33.246857
1832,2107,56.495953
1909,2107,56.817284
1910,2107,56.817284
1830,2432,31.474119
1831,2432,44.418102
1845,2432,31.219213
1878,2432,48.594498
1903,2110,31.476635
1864,2433,33.772209
1845,2434,35.626907
1864,2434,86.589951
1866,2434,45.516083
1867,2434,38.346272
1870,2434,35.539867
1906,2111,32.235672
1908,2111,94.041107
1904,2112,46.925217
1867,2435,58.034966
1868,2435,54.775475
1872,2435,57.424053
1873,2435,60.977455
1875,2435,65.584152
1876,2435,36.840343
1896,2436,37.072914
1895,2437,43.512302
1896,2437,35.220562
1892,2438,32.338692
1894,2438,59.788055
1895,2438,46.850319
1854,2439,57.718445
1886,2439,35.79192
1888,2439,76.345383
1908,2115,61.685169
1885,2440,80.845779
1886,2440,35.769772
1886,2441,36.155838
1861,2117,34.739021
1854,2442,51.096107
1841,2122,44.466084
