2348,2129,34.31636
2277,2147,68.649506
2296,2158,36.380184
2297,2158,36.380184
2311,2162,43.427101
2325,2163,31.715012
2321,2167,43.753761
2356,1902,42.051559
2356,1903,80.093941
2353,1924,30.257236
2353,1926,52.541683
2354,1926,53.047825
2355,1926,56.412094
2352,1927,30.048256
2353,1927,71.195816
2357,1927,78.742462
2326,1928,49.561302
2356,1928,56.907219
2327,1929,54.561302
2327,1930,61.084656
2328,1930,34.554157
2329,1930,31.885338
2331,1930,35.981514
2332,1930,84.982147
2328,1931,50.923615
2329,1931,66.720222
2330,1931,32.243374
2331,1931,33.134159
2332,1931,36.633106
2331,1932,50.346226
2332,1932,58.318874
2359,1932,35.385056
2359,1934,67.159088
2360,1935,58.164993
2358,1936,30.990519
2302,1963,68.93782
2297,1964,90.712997
2301,1964,68.000107
2302,1964,68.000107
2303,1964,99.192688
2334,1970,33.460911
2268,1976,94.112617
2326,1980,31.267193
2258,2308,51.661705
2351,2001,99.33857
2350,2002,39.160881
2302,2004,36.861671
2303,2004,48.270241
2304,2004,44.73439
2273,2011,30.833191
2285,2014,36.628654
2343,2014,56.491951
2338,2017,61.362247
2339,2017,67.249931
2345,2021,44.281555
2308,2025,41.296627
2361,2029,34.235966
2361,2031,36.289482
2316,2040,37.230961
2317,2040,42.720619
2313,2041,75.857574
2315,2041,43.23505
2316,2041,39.42915
2323,2042,36.751923
2315,2043,33.787251
2315,2044,41.291019
2316,2044,37.977821
2303,2045,33.749752
2307,2045,45.693405
2314,2045,43.638824
2315,2045,59.171791
2316,2045,74.051254
2321,2045,38.1245
2303,2046,45.088161
2307,2046,74.038322
2316,2046,48.694527
2306,2047,79.744873
2307,2047,78.53186
2348,2047,34.837219
2322,2049,44.590034
2322,2050,49.247528
2338,2050,84.608315
2322,2051,43.951317
2321,2052,68.900223
2350,2053,48.885384
2295,2054,37.590397
2296,2054,43.628223
2298,2054,47.123676
2299,2054,52.723099
2311,2055,76.576324
2312,2055,75.453583
2313,2055,67.952797
2259,2376,56.048309
2295,2056,49.185333
2310,2056,69.67363
2311,2056,53.713665
2312,2056,85.704987
2313,2056,99.235748
2308,2057,31.613655
2264,2384,46.929333
2315,2063,34.975651
2315,2064,32.071014
2260,2069,76.810898
2264,2069,59.09758
2302,2093,30.077955
2293,2097,37.920467
