2497,2149,86.438477
2492,2153,63.333908
2405,2158,92.895889
2421,2158,55.128151
2423,2158,31.173462
2424,2158,30.301619
2427,2158,48.943726
2393,2159,95.639732
2404,2159,36.693916
2406,2159,33.149883
2402,2165,47.598907
2407,2165,44.201759
2408,2165,36.447643
2410,2165,34.243149
2411,2165,40.540901
2416,2167,83.671555
2478,2169,47.221649
2479,2169,35.061031
2406,2171,47.26881
2483,2174,34.579288
2475,2175,40.631851
2482,2175,31.306515
2391,2184,90.25341
2404,2184,32.898651
2391,2186,71.066772
2402,2186,34.447887
2411,2186,38.080444
2412,2186,85.654144
2413,2186,87.375404
2415,2186,65.642036
2431,2186,53.36327
2432,2186,34.518364
2444,2186,38.016453
2381,2187,88.917519
2391,2187,73.508057
2381,2188,63.95224
2382,2188,42.176456
2454,2189,77.002266
2395,2190,98.146004
2440,2195,33.466618
2373,2197,55.903381
2374,2197,32.848118
2389,2197,99.249908
2390,2197,100.0
2444,2197,47.87077
2373,2198,45.343452
2375,2198,47.543514
2376,2198,35.901215
2377,2198,55.781403
2430,2203,37.731544
2430,2204,41.648518
2414,2205,72.334938
2431,2205,63.728134
2432,2205,51.982929
2499,2205,33.393848
2387,2206,50.631496
2499,2206,63.928993
2383,2207,39.47797
2387,2207,57.40094
2388,2207,48.084629
2424,2207,40.66745
2499,2207,71.800133
2387,2208,44.689842
2389,2208,86.399826
2401,2208,36.373009
2443,2208,38.613194
2499,2208,35.231163
2382,2210,56.279369
2498,2210,42.386753
2387,2211,82.012451
2497,2211,78.196838
2456,2212,48.480392
2498,2212,60.411194
2456,2213,54.916573
2498,2213,34.887192
2438,2214,33.492645
2439,2214,33.451389
2441,2214,42.332474
2456,2214,39.116272
2498,2214,34.674835
2443,2215,30.051159
2456,2215,61.869865
2498,2215,68.567505
2427,2216,36.72657
2446,2216,44.974438
2456,2216,39.116272
2498,2216,45.890629
2498,2217,69.958496
2497,2218,86.682854
2498,2218,56.420731
2497,2219,61.588684
2370,2220,69.39061
2371,2220,61.162399
2372,2220,61.162399
2497,2220,44.086739
2498,2220,40.760326
2447,2221,59.952522
2497,2221,36.275982
2415,2222,32.636154
2447,2222,59.54343
2497,2223,31.338104
2496,2225,84.525772
2403,2226,60.367836
2496,2226,44.023228
2495,2227,50.83815
2495,2228,48.540176
2412,2230,50.821468
2367,2231,84.122978
2368,2231,56.389927
2495,2231,40.499958
2349,2232,43.994385
2412,2232,76.548294
2405,2233,44.181938
2349,2234,92.884201
2350,2234,84.44149
2399,2234,41.362717
2350,2242,59.489685
2410,2243,35.016575
2418,2243,40.783127
2432,2244,66.392159
2448,2244,48.34771
2410,2245,65.089645
2417,2245,36.30862
2417,2246,34.928326
2428,2246,48.14064
2417,2247,65.837982
2411,2248,71.110641
2349,2249,44.974144
2460,2249,94.738762
2472,2249,50.583336
2473,2249,92.548714
2420,2253,31.773216
2425,2253,43.199112
2450,2266,69.96077
2351,2283,98.201279
