2014,1487,35.858402
1899,1806,74.762039
1982,1488,30.475668
1986,1488,43.028965
1998,1488,54.507732
1896,1807,94.582153
1897,1807,50.760235
1898,1807,44.287449
2107,1490,88.771347
2053,1491,71.084984
1977,1492,30.067829
2007,1492,89.891541
2054,1492,55.293938
2108,1492,74.844963
2158,1492,47.287731
2159,1492,38.667477
1984,1493,43.703918
2053,1493,37.775455
2054,1493,41.816372
2055,1493,52.468124
1984,1494,46.503189
2011,1494,68.955452
2014,1494,62.693535
2021,1494,34.812027
2022,1494,30.443966
2105,1495,33.173679
2106,1495,72.611168
1980,1496,69.733444
2010,1496,74.586517
1992,1497,51.993912
2010,1497,73.537155
2081,1497,49.708588
2203,1497,60.962093
1975,1498,90.596138
1980,1498,83.975327
2010,1498,74.545692
2061,1498,64.528259
2107,1498,54.938595
2203,1498,50.258606
1972,1499,47.298367
2107,1499,90.092354
2203,1499,58.457413
2204,1499,95.345123
1975,1500,82.591393
2004,1500,31.072483
2005,1500,58.994904
2203,1500,32.135548
2204,1500,39.761364
1975,1501,30.115793
2003,1501,57.35915
2203,1501,37.969807
2203,1502,50.560429
2203,1503,93.127724
2204,1503,44.067802
2203,1504,33.525242
2054,1506,43.351723
1972,1507,34.523109
1972,1508,35.675007
1972,1509,38.378494
2102,1509,34.299076
2103,1509,72.728012
2131,1509,42.705994
1972,1510,38.168571
2017,1510,84.272034
2107,1510,32.230667
2109,1510,42.056438
2131,1510,42.876892
2132,1510,35.845715
1971,1511,43.03112
1972,1511,38.168571
2018,1511,50.638866
2220,1512,45.084488
1969,1513,76.5
1971,1513,42.143311
2019,1513,44.253235
1971,1514,51.500011
1974,1515,72.21254
1971,1516,85.700592
1972,1516,80.472801
2018,1516,41.973656
2212,1518,52.463676
1972,1519,49.435844
2013,1519,48.678719
2111,1519,40.279018
2212,1519,98.6409
2017,1520,50.468658
2062,1520,48.863884
2211,1520,33.401997
1922,1521,86.571777
1976,1527,37.223602
1969,1528,64.633614
1999,1528,45.672638
2121,1528,31.701939
1969,1529,67.188889
1982,1529,67.238701
1969,1530,32.887131
1982,1530,43.263371
2105,1530,37.065483
2107,1530,35.926086
1967,1531,45.416042
2108,1531,46.935802
1961,1533,64.918655
1967,1534,45.416042
1980,1536,64.287148
1935,1537,65.684525
2009,1537,59.41198
1927,1542,90.128235
1942,1542,67.474449
2213,1551,31.0695
2211,1552,43.896755
2214,1559,87.308716
2214,1560,45.683296
2204,1561,30.24169
2214,1561,73.885132
2214,1562,31.349962
2154,1242,65.262558
2155,1242,99.484627
2157,1242,32.278385
2158,1242,36.825985
2159,1242,36.549438
2162,1242,31.58905
2170,1243,84.163452
2204,1565,34.237698
2203,1566,40.720692
2153,1245,33.757191
2078,1567,54.643944
2204,1567,73.583801
2205,1567,64.354431
1970,1568,31.487936
2078,1568,42.771446
2219,1568,83.729332
1970,1569,52.004078
2220,1569,76.985344
2158,1249,41.565701
1973,1570,63.002407
2167,1250,30.81888
2165,1253,70.391342
2204,1575,95.203682
2203,1576,91.749222
2204,1576,52.305031
2205,1576,82.439148
2206,1576,43.907787
2203,1577,30.683079
2212,1577,43.729885
2088,1579,34.154781
2089,1579,57.205173
2090,1579,98.534515
2091,1579,65.550919
2204,1579,89.119514
2051,1580,52.803322
2204,1580,75.005646
2205,1580,42.785378
2051,1581,39.13623
1976,1263,37.714241
2050,1582,57.856777
2050,1583,67.83329
2051,1583,71.956619
2052,1583,83.275909
2050,1584,95.566032
1971,1267,34.841339
1972,1267,38.281658
1985,1585,56.00523
1986,1585,69.295769
2050,1586,95.945877
2050,1587,52.28857
2210,1270,38.593575
2206,1588,71.257179
1942,1589,63.098259
2050,1589,41.242775
1930,1595,44.81245
1932,1597,40.167046
1936,1598,71.753563
1937,1598,75.617874
1938,1598,56.164494
1885,1600,52.295769
1942,1600,39.761917
1969,1601,90.511696
1889,1283,49.890797
1969,1602,57.175781
2166,1605,64.646553
1889,1287,49.763302
1936,1287,85.651215
1963,1287,31.046738
1952,1288,54.944782
1957,1288,65.699211
1960,1288,96.273422
1961,1288,43.620171
1966,1288,51.04155
2161,1606,71.352692
2165,1606,38.529118
2167,1606,65.763237
2168,1606,48.097866
2169,1606,48.300503
2144,1289,74.703255
2174,1290,64.713348
2175,1290,77.870499
2176,1290,30.093248
2179,1290,41.44603
2161,1607,31.21389
2166,1607,52.350712
1965,1291,91.001678
1998,1291,95.469894
2142,1291,78.276154
2175,1291,49.124432
2176,1291,32.688332
2179,1291,60.154919
2160,1610,60.85004
2217,1610,98.718605
1999,1292,93.087952
1999,1293,45.638084
2175,1293,30.54068
2220,1611,98.400917
1894,1295,54.147301
1970,1295,42.604733
2158,1613,39.560787
2207,1613,52.334713
2221,1613,37.862583
2222,1613,86.194153
2223,1613,35.159996
1998,1296,54.599567
1999,1296,30.875107
2173,1296,34.491337
2174,1296,39.333954
2179,1296,87.53054
1902,1614,34.167686
1903,1614,83.647728
2222,1614,34.177467
2223,1614,55.183674
1934,1297,31.983868
1992,1297,44.39679
1999,1297,47.084106
1903,1615,96.774055
2223,1615,64.557716
2158,1616,44.765598
2159,1616,45.432262
2225,1616,39.945122
1929,1299,30.38324
1930,1299,34.124718
1933,1299,30.131123
2092,1299,49.036812
2174,1299,30.122318
1937,1617,48.067978
1931,1618,44.898426
2163,1618,43.907505
2093,1300,49.043674
2174,1300,37.477436
2179,1300,49.416882
2180,1300,50.059708
1987,1619,83.867981
1988,1619,59.10643
2168,1619,76.009407
2169,1619,57.624149
2161,1301,38.752121
2219,1301,34.42934
2223,1301,32.873562
1981,1620,42.203323
1987,1620,82.207504
1978,1302,55.24416
1979,1302,83.067955
2217,1302,32.894691
1979,1303,56.581699
2162,1303,64.748314
2227,1303,34.6427
2162,1304,55.869633
2175,1304,33.692734
2093,1624,69.291679
1934,1305,30.839512
2113,1305,36.624313
1967,1306,53.290051
1970,1306,63.679497
2164,1306,36.796761
1954,1307,73.669029
1966,1307,87.189674
1967,1307,46.190262
1968,1307,54.60704
1969,1307,87.864883
1970,1307,58.329632
1924,1308,34.442062
1965,1308,34.830433
1967,1308,30.700144
1970,1308,56.953323
1906,1309,42.958035
1912,1309,97.146988
1913,1309,89.997589
1917,1309,95.62822
1918,1309,48.662083
1928,1309,30.131123
1933,1309,41.2761
1970,1309,56.127209
1907,1310,30.889055
1908,1310,58.821671
1923,1310,60.200855
1931,1310,49.846451
1932,1310,31.519501
2008,1310,76.749519
1950,1311,34.247257
1968,1311,40.488033
2009,1311,49.897617
2010,1311,81.656662
1974,1632,31.05286
1975,1632,32.207424
1976,1632,30.740108
2157,1633,82.479416
2091,1312,55.402214
1947,1313,69.162453
1949,1313,64.126503
2083,1635,79.156631
2084,1635,33.647343
1946,1314,44.596451
1948,1314,55.269024
1952,1314,40.637001
2163,1314,77.697212
2164,1314,30.502043
1949,1315,60.203205
1951,1315,30.726257
1962,1315,86.034309
1964,1315,54.591457
1965,1315,87.512527
1975,1315,38.811947
2126,1315,34.791679
1913,1316,72.929985
1915,1316,63.356003
1917,1316,84.102844
1948,1316,71.891342
1960,1316,47.087559
1962,1316,41.878609
1966,1316,33.910172
2099,1316,91.030861
2177,1316,59.829544
1906,1317,49.794876
1911,1317,30.11586
1946,1317,42.026897
1947,1317,41.678947
1959,1317,37.139915
1962,1317,30.145895
2227,1317,35.874451
1962,1318,61.328831
1963,1318,48.39724
1937,1319,35.134609
2129,1319,45.979252
1946,1320,35.563072
2122,1320,52.170719
2205,1320,50.684772
2092,1322,39.001537
2093,1322,75.312477
2094,1322,77.043701
2095,1322,99.644165
2014,1323,66.882133
2133,1323,94.360519
2134,1323,31.031157
2137,1323,75.282173
1936,1324,39.774136
1937,1324,48.077671
2135,1324,80.823883
2179,1324,37.761105
1883,1325,49.254375
1884,1325,39.615555
1885,1325,34.776989
1886,1325,34.776989
1937,1325,44.205273
2140,1325,31.659575
1955,1326,32.255005
2179,1326,37.891521
2224,1326,66.682335
2225,1326,34.519039
1937,1327,32.97406
1954,1327,32.255005
1937,1328,38.683514
2004,1328,90.261841
2144,1328,43.355671
1937,1329,50.648678
2142,1329,51.483173
2170,1329,99.929764
1937,1330,49.611263
2006,1330,36.094051
2011,1330,36.00576
2013,1330,47.357334
2066,1330,62.154667
2113,1330,95.311287
2137,1330,39.729534
1937,1331,48.799625
1965,1331,94.175804
2012,1331,30.51202
2014,1331,83.377853
2154,1331,41.948746
1937,1332,46.982113
1937,1333,40.67815
1977,1333,30.432892
2108,1333,84.00576
2128,1333,91.441238
2204,1333,33.219509
2205,1333,35.982517
1974,1334,88.270531
1977,1334,58.809822
2128,1334,43.317619
1974,1335,80.375374
2144,1335,45.785854
1974,1336,67.235069
1976,1336,41.88179
1977,1336,62.855644
1978,1336,31.605181
1977,1337,70.19014
1978,1337,74.520592
2016,1337,32.049904
2122,1337,47.034157
2184,1337,52.941029
1901,1659,35.254414
1910,1659,35.998581
1978,1338,56.790058
2136,1338,47.640476
2142,1338,30.802212
2015,1339,62.129082
2134,1339,62.561111
1985,1340,51.634766
1986,1340,61.138
1987,1340,58.399292
2002,1340,35.524796
2133,1340,96.552956
1940,1663,83.278763
1939,1664,48.938175
1905,1343,67.898544
2143,1343,32.172642
2144,1343,43.350742
1988,1344,70.394516
2144,1344,47.327602
2018,1345,97.352478
2143,1345,33.143681
2144,1345,83.294296
2010,1346,80.513229
2017,1346,54.30896
2143,1346,50.968792
2144,1346,56.924923
2002,1347,40.709297
2007,1347,75.26329
2143,1347,42.535286
2145,1347,37.988617
2148,1347,45.322136
2221,1347,39.35944
1897,1670,54.47459
1898,1670,48.555332
2008,1348,97.922638
2009,1348,60.527866
2011,1348,43.528271
2141,1348,99.300423
2143,1348,52.165882
2146,1348,78.445763
2220,1348,35.093941
2218,1349,57.964325
2227,1349,88.313843
1897,1671,36.733364
1993,1350,44.086502
2002,1350,63.542767
1896,1672,59.383553
1897,1672,45.171307
1994,1351,88.230911
1993,1352,42.734539
1896,1673,95.028656
1895,1674,53.936069
1896,1674,38.451984
1898,1674,95.82457
1899,1674,39.793968
1895,1675,35.986465
2153,1354,30.032309
2163,1354,70.63015
2148,1355,71.390938
2112,1677,50.436241
2148,1356,91.469696
2149,1356,62.791946
1894,1678,49.593967
2166,1357,45.564754
2163,1358,42.575657
2164,1358,46.911316
2166,1358,45.592281
1905,1680,53.896854
1991,1359,54.136719
2144,1359,32.456875
2164,1359,42.575657
2157,1360,54.723797
2163,1360,42.575657
2164,1360,70.620224
2165,1360,45.602211
2153,1361,30.04677
2155,1361,61.363323
2156,1361,61.371174
2157,1361,45.967682
2158,1361,41.087818
2165,1361,51.568623
2169,1361,46.220818
2155,1362,65.353691
2156,1362,56.265862
2162,1362,70.311028
2167,1362,46.911316
2169,1362,46.233826
1959,1686,54.252213
2162,1363,51.558693
2163,1363,79.555916
2164,1363,70.63015
2165,1363,62.214458
2166,1363,46.911316
2167,1363,64.246681
2159,1364,59.9506
2164,1364,76.192451
2050,1687,39.844536
2051,1687,31.765059
1953,1365,84.61911
2163,1365,48.519764
2168,1365,75.602837
2171,1365,99.621742
1952,1366,40.804493
1995,1366,45.123894
2153,1366,61.35603
2156,1366,30.023813
2158,1366,30.042238
2160,1366,45.960064
2163,1366,55.441948
2168,1366,44.662338
2171,1366,99.640923
2169,1689,34.266838
2169,1690,67.478134
1932,1367,39.127796
1951,1367,51.155216
1953,1367,51.316029
2154,1367,56.230373
2155,1367,30.034386
2156,1367,56.849327
2157,1367,56.262657
2162,1367,55.448597
2163,1367,82.204391
1946,1368,38.62096
2158,1368,57.669956
2159,1368,54.741943
2169,1691,55.717304
1951,1369,61.83667
1995,1369,58.655422
1951,1370,35.757038
1952,1370,74.658699
1953,1370,38.419472
1954,1370,35.637085
1995,1370,92.742279
2181,1370,58.411194
1952,1371,31.734711
1954,1371,43.905079
1994,1371,43.577637
2181,1371,60.596905
1966,1372,49.877506
1976,1372,36.048168
1977,1372,36.048168
1978,1372,35.872986
1994,1372,34.366398
2003,1372,49.604485
2004,1372,53.18993
2181,1372,44.164017
1985,1373,34.990604
1987,1373,31.280136
2002,1373,41.86837
2003,1373,72.624519
2168,1698,44.137779
2169,1698,63.550903
2181,1375,33.476006
2140,1700,45.992149
2170,1700,35.638496
2001,1377,69.571556
2140,1701,46.364239
2149,1701,45.19709
2170,1701,61.475372
2159,1378,46.101021
2142,1702,40.66637
2169,1702,85.796143
1948,1379,44.646935
1949,1379,46.105576
1950,1379,46.34985
2168,1703,92.296005
2169,1703,88.207054
1947,1380,45.873016
1962,1380,86.12886
1966,1380,60.201019
1967,1380,64.751961
1968,1380,68.738564
2072,1380,43.610443
1971,1381,36.055233
1973,1381,60.451252
1975,1381,34.513439
2176,1381,65.240814
1977,1382,65.936356
1978,1382,59.079308
1979,1382,47.858536
1979,1383,45.80365
1989,1383,37.025856
1990,1383,33.021248
1991,1383,35.892803
1992,1383,33.036724
2001,1706,31.944824
2167,1706,72.491722
2167,1707,46.669724
2167,1708,46.497772
1945,1385,37.128498
1993,1385,54.8652
1949,1386,46.816216
1950,1386,45.652325
1953,1386,46.53968
1993,1386,44.797562
1976,1387,49.055992
1977,1387,45.32679
1993,1387,89.682632
1976,1388,58.56419
1981,1388,31.397818
1988,1388,62.606331
2004,1388,74.426682
1989,1389,50.46349
1991,1389,67.33754
1992,1389,61.8027
1993,1389,38.573025
1995,1389,33.928299
2181,1390,75.03904
1957,1716,68.817459
1946,1393,36.529667
1961,1393,51.811058
1962,1393,51.361519
1966,1393,31.715672
1959,1717,31.471651
1949,1394,30.942642
1965,1394,66.748787
1987,1394,48.65049
1949,1395,44.350361
1899,1720,30.777781
1969,1723,73.788948
2070,1723,53.248581
2071,1723,53.493019
2069,1400,44.480011
2071,1400,40.143467
1970,1724,67.56617
2067,1401,32.136158
1970,1725,65.405472
2066,1402,83.195953
2067,1402,92.554474
2164,1402,71.506294
2069,1403,32.329601
2161,1403,65.470642
2164,1403,70.466148
2168,1403,36.154144
2097,1404,48.958496
2134,1404,79.278336
2160,1404,36.145252
2101,1405,39.021801
2133,1405,50.685249
2101,1406,31.261688
2133,1406,58.64917
2098,1407,40.548141
2124,1408,33.246002
2133,1409,59.742928
1883,1734,61.503998
1884,1735,41.57169
1885,1735,74.832291
1884,1418,49.768875
1890,1418,45.202816
1892,1418,34.556095
1945,1424,31.560413
2015,1743,95.418976
2022,1425,74.541191
2023,1425,83.003281
2032,1428,76.592682
2033,1429,59.274143
2034,1429,59.894192
2035,1429,34.312599
2001,1430,91.649529
2001,1431,81.5392
2003,1431,94.787621
2004,1431,69.780106
2005,1431,99.553261
2006,1431,46.142761
2121,1431,34.837631
2123,1431,47.941643
1930,1432,34.034195
2004,1432,81.590141
2122,1432,30.202202
2124,1433,35.640942
1930,1434,42.448368
1985,1434,40.122688
2123,1434,37.498543
2122,1435,35.128193
2124,1435,58.179852
2140,1435,56.32777
2022,1436,50.913593
2137,1436,32.138538
2139,1436,41.326511
2140,1436,65.223953
2141,1436,48.977379
2142,1436,62.730747
2143,1436,98.201111
2144,1436,95.196098
2145,1436,40.395557
2147,1436,84.918922
2167,1436,45.584236
1946,1437,40.414223
1959,1437,45.842644
2022,1437,69.368614
2027,1437,36.991188
2035,1437,69.646584
1947,1438,40.414223
1958,1438,42.99617
2089,1438,31.930141
2090,1438,31.930141
2086,1439,52.797775
2087,1439,42.860165
2088,1439,44.543575
1955,1440,89.279694
2085,1440,34.073734
2086,1440,44.177433
1928,1441,63.396881
1929,1441,51.192913
1930,1441,39.771252
1931,1441,39.771252
1932,1441,58.810802
2033,1441,43.470917
1929,1442,48.393158
1930,1442,73.374161
1929,1443,40.12587
1931,1443,31.179794
2103,1443,77.159454
2104,1443,40.970497
2108,1444,44.5145
2122,1444,47.420464
2121,1445,54.793472
2136,1447,35.783035
2028,1448,34.255184
2134,1448,48.979408
2074,1450,70.589462
2063,1451,68.411118
2122,1451,30.288023
2063,1452,33.074223
2054,1453,33.988552
2061,1453,78.712616
2064,1453,34.131996
2089,1453,31.610136
2068,1454,38.296623
2069,1454,37.125938
2071,1454,36.909672
2072,1454,38.793301
2073,1454,34.365189
2074,1454,33.929619
2076,1454,44.004372
2077,1454,69.90033
2125,1454,57.753548
2126,1454,63.051407
2203,1454,43.202091
2071,1455,74.512154
2126,1455,53.896317
2203,1456,46.601063
2057,1458,69.901001
2164,1458,40.129482
2203,1458,35.632866
2213,1458,56.468334
2204,1459,52.462395
2208,1459,46.943729
2211,1459,30.107512
2055,1460,33.673416
2056,1460,60.373947
2206,1460,39.110859
2209,1460,33.602253
2055,1461,43.030533
2055,1462,63.011765
2056,1462,48.604446
2076,1464,41.215557
2012,1465,37.306374
1945,1474,30.865189
2056,1475,51.366638
2056,1476,42.448174
2081,1476,33.990604
2082,1476,33.382042
2083,1476,84.792213
2008,1477,72.03421
1963,1479,41.019829
1973,1479,60.40926
1974,1479,44.408787
2014,1479,42.705189
1975,1480,44.57542
1978,1483,30.416561
2006,1483,35.575031
2123,1483,35.071697
2124,1483,34.281239
1957,1484,40.879398
2010,1484,72.811684
2148,1484,35.336945
2056,1485,46.628883
