1524,529,50.056202
1525,529,69.586304
1526,529,45.89695
1527,529,32.752533
1529,529,41.025837
1551,529,30.378546
1552,529,40.639748
1554,529,82.435455
1664,529,47.722786
1628,848,69.767197
1711,848,46.632301
1663,530,31.807068
1740,531,62.783085
1654,532,32.017181
1541,534,51.510227
1717,534,86.760628
1718,534,38.648994
1715,852,97.605003
1712,853,55.191658
1625,536,85.908195
1628,536,65.253021
1719,536,35.53788
1702,537,51.000435
1703,537,59.834015
1738,537,35.943863
1527,538,33.869564
1529,538,43.646263
1530,538,42.692307
1714,857,88.870964
1714,858,99.786713
1580,540,83.254631
1566,541,41.293488
1569,541,56.987713
1570,541,48.536877
1714,860,98.683228
1653,862,53.83073
1712,862,48.129902
1713,862,33.290287
1653,863,63.91106
1713,863,48.644756
1714,863,82.112694
1713,864,64.48777
1714,864,83.001343
1713,865,81.856941
1714,865,77.006203
1713,866,81.937546
1714,866,67.014015
1713,867,70.163567
1559,549,50.202419
1713,868,56.830399
1714,868,78.146042
1569,551,37.410721
1570,551,31.162006
1713,869,58.504326
1714,869,59.803993
1715,869,73.44088
1714,870,74.113487
1558,553,54.010738
1714,871,73.501152
1654,554,42.551392
1723,554,34.429218
1724,554,41.962929
1726,554,34.927753
1741,555,49.342915
1636,558,75.264633
1634,560,69.965248
1635,560,54.359955
1651,878,68.257202
1634,561,83.5578
1635,561,31.356155
1715,880,62.914505
1634,562,36.981106
1713,881,37.955517
1714,881,62.867924
1715,881,90.392906
1713,882,38.380981
1635,563,76.157715
1636,563,86.932205
1714,883,47.287605
1633,564,74.947777
1634,564,65.552879
1635,564,58.4571
1651,568,39.957924
1628,890,83.081528
1688,571,66.451477
1689,571,51.906441
1710,892,73.966293
1666,572,43.834866
1669,572,51.240986
1682,572,33.141617
1688,572,37.871044
1710,893,81.93586
1738,895,99.958313
1527,575,58.362495
1558,575,65.697472
1559,575,70.547264
1562,575,39.083103
1712,897,42.996674
1708,900,32.833336
1706,901,38.72221
1707,901,38.480484
1593,580,37.508865
1708,902,44.659157
1708,903,87.972183
1651,585,53.162891
1652,585,46.611355
1531,586,37.315815
1653,586,89.81813
1652,587,44.16087
1686,593,52.866005
1557,597,44.224323
1559,597,74.670555
1642,602,90.34639
1643,602,80.468521
1644,602,64.07666
1645,602,57.006611
1646,602,58.593811
1647,602,58.967052
1562,603,33.267391
1642,603,50.77301
1643,603,40.507946
1648,603,37.155052
1649,603,35.169689
1646,605,73.607658
1647,605,41.808975
1652,605,41.55611
1641,606,85.077942
1642,606,67.566467
1643,606,31.120996
1643,607,51.777264
1644,607,48.397247
1645,607,53.882645
1646,607,70.728531
1647,607,48.996513
1648,607,45.298656
1649,607,57.655487
1650,607,94.992859
1651,607,40.887707
1644,608,60.796463
1645,608,55.374481
1652,608,46.406475
1738,614,64.401939
1732,615,43.071884
1563,621,33.473034
1650,623,93.351669
1651,623,59.361279
1706,623,38.373314
1707,623,35.733894
1713,623,58.123047
1651,625,43.140709
1603,627,33.107506
1646,627,39.699768
1694,633,81.062042
1695,633,62.865746
1696,633,47.078445
1698,633,47.358997
1722,634,82.41539
1722,636,32.007633
1722,638,43.174938
1731,638,51.518005
1719,639,30.01239
1719,640,38.501411
1731,640,42.256058
1733,640,30.321548
1731,641,62.892376
1732,641,45.610931
1733,641,40.260296
1723,642,34.030231
1567,975,61.18829
1568,975,69.348022
1719,643,55.182808
1567,977,55.982384
1732,644,81.96814
1733,644,80.805611
1734,644,42.929947
1732,645,30.714954
1732,646,69.97599
1732,647,55.396206
1733,647,59.968342
1747,647,54.706268
1733,649,36.494232
1704,654,39.28904
1732,654,52.875561
1731,655,64.090721
1731,656,49.387875
1732,656,36.851765
1672,351,46.911362
1740,351,38.10009
1744,351,93.472076
1646,658,63.145233
1647,658,61.881542
1686,352,43.508034
1687,352,50.218616
1740,352,49.850605
1645,659,55.874786
1685,353,63.188885
1686,353,65.077118
1687,353,84.042709
1688,353,84.497414
1693,354,46.410717
1696,355,35.393654
1697,355,63.59243
1679,356,37.494057
1688,356,55.402443
1689,356,44.947849
1690,356,69.633858
1697,356,53.389328
1640,357,36.619072
1656,357,38.795502
1679,357,84.318001
1680,357,41.864342
1685,357,85.618401
1689,357,53.028049
1595,359,41.233963
1602,359,42.060658
1636,665,37.743565
1637,665,35.333084
1639,665,46.666668
1728,665,54.155659
1559,666,43.11586
1635,666,98.248505
1636,666,92.42662
1637,666,36.908329
1728,666,32.890167
1593,360,54.743912
1557,361,35.972069
1562,361,55.370544
1720,668,41.689255
1722,669,71.577354
1551,362,57.031254
1552,362,92.711365
1554,362,68.54377
1561,362,37.490295
1564,362,35.41848
1571,362,39.416031
1620,362,45.688404
1671,362,82.490128
1548,363,65.583565
1550,363,87.454216
1560,363,48.004463
1622,363,94.327736
1603,670,96.051903
1603,671,51.505638
1602,672,74.410461
1603,672,40.806484
1602,673,70.318329
1637,680,52.929497
1640,682,35.615589
1645,682,53.717072
1540,695,89.038429
1599,391,60.230793
1600,391,45.6586
1665,696,62.255104
1679,392,83.995529
1680,392,98.254898
1660,393,49.595131
1682,393,40.194145
1541,699,85.843285
1540,700,81.516693
1570,396,85.982704
1571,396,33.7999
1555,701,68.482674
1571,397,81.175575
1572,397,31.716702
1550,702,30.31222
1550,704,74.764275
1583,403,91.813263
1584,403,75.743332
1583,404,34.319374
1584,404,95.335243
1561,405,31.119667
1584,405,76.839775
1582,406,56.397629
1584,406,99.255669
1582,407,62.430393
1583,407,40.310658
1584,407,72.183357
1582,408,46.213154
1583,408,33.980946
1549,411,48.423855
1585,411,56.267693
1585,412,85.429741
1586,412,32.239124
1587,412,39.207756
1588,412,99.318375
1624,412,30.62149
1585,413,30.127428
1624,413,36.41148
1625,413,70.599052
1584,415,48.426243
1584,416,38.329262
1586,416,80.683334
1583,418,36.193264
1728,1056,67.887421
1584,418,66.610237
1729,1056,50.422436
1608,418,31.858768
1584,419,43.639618
1668,724,30.827181
1729,1057,81.333878
1730,1057,55.290684
1707,725,52.609707
1591,421,64.747162
1605,421,42.712772
1562,422,56.804585
1591,422,37.568825
1592,422,31.368042
1593,422,30.094051
1594,422,36.676071
1579,727,58.79744
1683,727,81.246513
1562,423,48.372166
1563,423,85.636879
1562,424,87.862923
1569,424,96.167107
1570,424,70.842606
1572,424,90.377846
1574,424,45.081238
1561,425,42.863659
1562,425,82.780403
1563,425,65.678078
1572,425,32.438564
1559,426,33.821121
1562,426,53.585762
1563,426,73.175262
1568,426,68.213943
1569,427,57.237694
1570,427,76.702942
1573,428,31.298782
1695,735,30.309526
1695,736,35.812199
1696,736,43.863304
1697,736,30.767862
1549,434,32.785809
1582,434,38.446651
1693,738,51.033607
1561,436,75.772552
1562,436,69.796707
1712,739,36.219185
1723,437,74.256409
1741,438,96.357857
1742,438,63.41024
1730,439,76.721771
1731,439,90.2938
1733,439,98.139236
1735,439,30.715736
1736,439,72.448013
1738,439,93.791054
1739,439,78.22036
1740,439,50.894592
1741,439,53.324509
1742,439,34.471416
1690,744,93.40004
1731,440,58.989925
1734,440,84.702637
1736,440,65.458664
1737,440,39.581806
1738,440,30.307501
1739,440,33.365929
1747,440,66.293556
1638,745,86.942245
1639,745,34.035538
1684,745,63.22086
1686,745,31.181751
1734,441,37.576492
1572,746,41.917717
1573,746,31.453152
1585,746,30.103874
1649,746,58.709862
1683,746,45.165817
1563,442,92.752243
1747,442,83.416389
1552,747,42.370197
1553,747,66.46579
1584,747,46.719604
1585,747,39.355858
1586,747,41.342575
1707,747,98.53083
1684,750,49.204369
1589,445,37.444626
1590,445,32.856487
1558,446,37.223286
1589,446,43.524921
1745,446,77.203064
1660,449,66.8302
1661,449,50.895321
1550,450,83.489197
1661,450,82.019768
1662,450,71.228363
1560,453,34.096016
1561,453,69.215706
1561,454,69.91954
1564,454,75.11441
1656,454,62.334919
1657,454,99.471611
1723,454,38.258888
1565,455,64.590393
1656,455,38.508945
1657,455,74.606339
1657,456,55.236187
1658,456,88.938248
1662,456,59.061749
1663,456,75.492996
1664,456,50.767658
1665,456,49.237438
1666,456,39.528568
1667,456,37.88055
1668,456,65.154755
1673,456,67.104218
1722,456,48.762577
1662,457,70.328545
1663,457,43.081734
1664,457,58.039246
1665,457,60.126968
1666,457,47.063507
1667,457,73.737785
1668,457,78.448662
1672,457,77.00882
1722,457,67.516273
1716,761,34.989918
1661,458,92.206017
1662,458,42.94812
1663,458,37.118973
1664,458,73.540039
1666,458,50.711037
1667,458,52.614834
1672,458,31.951118
1721,458,58.725212
1722,458,34.469082
1661,459,37.848969
1663,459,34.609989
1664,459,62.664486
1666,459,45.502674
1672,460,36.148556
1694,460,91.246964
1721,460,40.273903
1672,461,32.717018
1693,461,91.723679
1694,461,39.386311
1695,461,73.679008
1696,461,78.57061
1721,461,36.588802
1671,462,36.418316
1696,462,36.014954
1697,462,45.412273
1698,462,84.791267
1699,462,95.476357
1720,462,51.460442
1721,462,30.467871
1661,463,42.226677
1694,463,45.221779
1699,463,71.411797
1719,463,95.868629
1720,463,48.197281
1721,463,42.880291
1744,463,53.852085
1662,464,33.318703
1693,464,78.967529
1694,464,71.541458
1699,464,47.735149
1700,464,87.118858
1720,464,53.426685
1744,464,47.429245
1745,464,31.829771
1674,465,59.78508
1700,465,44.136261
1720,465,66.742081
1671,768,61.943901
1661,466,94.951515
1663,466,86.047256
1672,466,48.471107
1675,466,58.027916
1700,466,49.215569
1720,466,79.409531
1744,466,77.874985
1662,467,43.918476
1663,467,42.839649
1664,467,65.864143
1673,467,80.201767
1699,467,30.823618
1700,467,37.511997
1720,467,59.000534
1665,468,36.185719
1676,468,45.404495
1695,468,33.777615
1700,468,36.30888
1720,468,89.809875
1660,469,31.593534
1661,469,53.076279
1662,469,37.556725
1666,469,48.648815
1695,469,46.232231
1700,469,35.567879
1720,469,93.403214
1742,469,82.630898
1662,470,52.285297
1695,470,39.163128
1700,470,30.413307
1701,470,74.004005
1720,470,64.050392
1742,470,86.218704
1700,471,31.538809
1701,471,87.158676
1720,471,62.768337
1742,471,94.794899
1700,472,31.8498
1701,472,79.845024
1719,472,69.814941
1720,472,46.505249
1742,472,98.079605
1673,473,84.961334
1701,473,79.224335
1719,473,47.4547
1742,473,44.963173
1674,474,32.146397
1701,474,97.19429
1720,474,34.161995
1742,474,55.379498
1560,475,43.930843
1701,475,80.125542
1742,475,57.806637
1558,476,81.912613
1559,476,33.265091
1560,476,35.990185
1561,476,38.011421
1673,476,30.608938
1674,476,30.620647
1701,476,81.398003
1718,476,79.864227
1719,476,71.09832
1742,476,77.297745
1563,477,41.8377
1661,477,32.302097
1662,477,82.316978
1663,477,55.775486
1701,477,65.49469
1719,477,43.462921
1742,477,64.129074
1701,478,54.560726
1719,478,32.795227
1742,478,81.747498
1701,479,47.412586
1719,479,33.926449
1742,479,73.68483
1701,480,39.384781
1718,480,60.94252
1694,481,31.181513
1701,481,42.812756
1717,481,91.623291
1718,481,55.658104
1717,482,67.9207
1718,482,34.467529
1741,482,35.937382
1717,483,52.909203
1718,483,40.849468
1741,483,60.392998
1717,484,70.690422
1718,484,34.002281
1741,485,60.994537
1740,486,30.266989
1741,486,77.143562
1740,487,64.314392
1740,488,53.095219
1673,489,62.017284
1693,489,53.662537
1694,489,37.845749
1740,489,52.185085
1537,490,68.457642
1693,490,54.901489
1694,490,33.798088
1741,490,72.136993
1536,491,31.075783
1665,491,31.251469
1680,491,36.532253
1693,491,73.132759
1694,491,46.655972
1740,491,68.370293
1665,492,41.931953
1678,492,69.860985
1680,492,31.78219
1739,492,40.157486
1570,493,33.412487
1571,493,38.199509
1692,493,33.696697
1559,494,52.60984
1565,496,68.397438
1564,497,30.695726
1559,498,55.253407
1674,499,50.082008
1715,499,49.697933
1560,501,40.565979
1739,501,68.21405
1657,502,39.242657
1544,503,51.339828
1642,503,32.404671
1647,503,82.995476
1648,503,44.979538
1655,503,64.992813
1692,503,39.020943
1641,504,38.640068
1642,504,30.498531
1643,504,50.738636
1644,504,47.476257
1645,504,41.677246
1646,504,62.904266
1647,504,97.409607
1679,504,55.729248
1680,505,31.617035
1609,506,68.427399
1610,506,46.316025
1610,507,33.975586
1609,509,37.87524
1611,509,36.306614
1549,511,34.477448
1555,511,59.456398
1560,512,43.845673
1562,512,30.695974
1563,512,37.589996
1565,512,41.054455
1566,512,37.906803
1741,512,39.506462
1609,514,30.046324
1680,516,39.584953
1530,520,76.225647
1550,520,31.754004
1551,520,47.607521
1552,520,30.357428
1553,520,35.969574
1554,520,40.635223
1556,520,51.634674
1703,520,71.753059
1530,521,86.116714
1560,521,44.211105
1563,521,30.159939
1565,521,31.443937
1566,521,72.399544
1567,521,51.524422
1572,521,57.049469
1530,522,84.64518
1565,522,57.349033
1605,522,39.780075
1644,522,68.224152
1645,522,45.063084
1691,522,47.730606
1529,523,70.566032
1529,524,36.597759
1605,524,75.50769
1691,524,33.87915
1717,524,34.30946
1529,525,54.374084
1530,525,93.808128
1691,525,39.305141
1692,525,41.942417
1530,526,44.791122
1530,527,39.984241
1531,527,90.463036
1624,835,74.065369
1623,836,87.765274
1625,836,49.104725
1629,837,40.264706
1630,837,34.384083
1627,838,98.445816
1628,838,98.324837
1630,839,71.054916
1631,839,73.911751
1627,847,51.010357
1524,528,46.288361
1525,528,32.940483
1526,528,38.96804
1527,528,30.370556
1528,528,44.401932
1530,528,41.937813
