1517,529,36.179951
1522,529,36.162796
1523,529,58.796127
1392,210,70.6035
1490,530,66.212471
1490,531,56.486179
1395,534,42.936798
1470,214,43.491829
1233,215,31.799667
1234,215,34.222439
1234,216,67.559982
1381,216,40.562634
1239,217,83.254486
1263,217,54.571949
1239,218,47.233746
1241,218,91.127937
1310,218,58.941788
1452,218,30.272022
1520,538,41.010094
1359,219,77.895493
1380,219,43.338818
1381,219,33.028038
1447,219,61.892197
1245,220,33.530144
1311,220,38.349892
1353,220,52.630356
1201,221,31.087385
1353,221,41.74778
1354,222,59.986938
1461,222,36.982658
1267,224,82.49263
1267,225,92.910461
1268,225,81.723396
1270,225,74.882637
1271,225,58.883331
1272,225,47.358494
1273,225,41.401245
1274,225,51.514542
1275,225,60.580193
1276,225,69.725967
1357,225,50.13203
1462,225,42.070061
1232,226,30.65741
1233,226,55.459145
1234,226,51.529999
1264,226,56.019562
1265,226,31.532211
1276,226,30.853207
1277,226,52.809769
1355,226,50.765919
1357,226,54.453468
1375,226,68.911217
1378,226,42.196945
1449,226,30.321589
1232,227,58.172985
1233,227,80.41394
1234,227,34.873627
1278,227,36.924313
1279,227,48.481327
1280,227,48.941101
1281,227,50.51947
1282,227,44.877262
1447,227,35.221298
1378,228,35.137386
1411,228,62.048782
1465,228,34.125423
1240,229,35.00528
1241,229,33.14048
1379,229,35.973232
1380,229,48.384598
1240,230,33.09037
1241,230,31.826979
1242,230,50.853642
1243,230,50.226482
1377,230,52.217598
1384,230,81.561798
1423,230,44.904724
1448,230,35.374855
1378,231,75.386818
1378,232,53.856216
1379,232,48.445374
1500,234,47.699306
1501,234,56.497139
1502,234,63.962826
1503,234,60.031635
1504,234,63.835239
1506,234,43.078968
1231,235,48.899223
1443,235,36.29808
1500,235,84.677628
1505,235,42.630913
1507,235,82.355858
1508,235,77.620476
1509,235,71.406387
1510,235,42.712891
1222,239,34.271496
1230,239,70.748573
1395,239,34.299809
1396,239,33.480797
1397,239,45.720291
1227,240,93.930679
1228,240,99.081879
1230,240,66.618866
1218,241,48.477684
1247,242,65.942917
1210,243,46.273876
1218,243,36.757523
1244,243,51.306301
1245,243,95.655617
1246,243,72.776154
1247,243,97.194504
1203,244,44.58403
1218,244,65.632568
1244,244,34.596092
1245,244,54.256916
1246,244,84.844856
1328,244,52.759903
1244,245,52.661335
1245,245,80.194504
1246,245,97.943398
1367,245,31.922424
1187,246,40.315826
1469,246,45.471035
1189,247,55.876083
1190,247,48.41227
1321,247,92.609001
1355,247,36.978294
1359,247,68.874275
1370,247,37.615173
1405,247,41.733894
1470,247,49.188881
1521,247,35.624512
1355,248,31.606369
1370,248,44.451366
1373,248,53.906307
1404,248,74.588829
1360,249,65.86692
1371,249,42.137367
1372,249,35.880489
1373,249,69.297127
1469,249,65.649231
1213,250,31.714748
1371,250,32.031975
1328,252,34.631367
1373,252,52.284565
1420,252,33.976509
1421,252,54.82373
1422,252,53.924004
1425,252,44.264545
1426,252,52.405346
1427,252,68.31871
1428,252,33.846802
1495,252,72.887123
1507,252,43.003391
1508,252,36.657459
1420,253,62.861015
1421,253,46.946377
1422,253,34.431797
1423,253,42.891171
1425,253,37.797768
1426,253,75.683624
1427,253,79.768417
1362,254,78.695091
1363,254,32.805225
1365,254,72.789597
1374,254,38.758556
1403,254,43.424393
1369,255,47.008064
1402,255,47.118172
1403,255,49.061504
1404,255,81.994629
1407,255,46.854359
1374,256,54.335819
1401,256,41.164108
1402,256,35.547897
1403,256,65.010269
1220,257,36.945145
1374,257,52.095501
1375,257,59.171444
1385,257,87.780609
1386,257,65.212677
1388,257,76.810837
1220,258,80.216408
1221,258,43.443939
1372,258,44.844955
1374,258,92.348541
1384,258,71.016411
1385,258,48.95599
1386,258,39.536667
1388,258,49.586578
1400,258,55.888561
1401,258,38.761543
1408,258,97.041359
1267,259,48.033085
1372,259,89.61274
1374,259,56.148415
1375,259,31.642376
1384,259,82.902687
1385,259,41.805862
1400,259,57.745991
1383,260,45.645042
1384,260,40.108711
1385,260,38.178547
1371,261,48.991062
1372,261,44.903885
1384,261,49.138683
1385,261,38.540878
1366,262,69.742554
1373,262,44.257961
1376,262,55.56694
1362,264,59.58683
1377,265,41.036118
1319,267,51.02335
1367,267,44.70372
1318,270,60.722794
1319,270,61.002571
1320,270,58.581657
1317,271,51.671177
1318,271,41.052799
1319,271,33.987827
1320,271,96.472244
1518,271,66.085098
1519,271,39.577698
1520,271,53.430725
1521,271,59.010345
1522,271,58.513134
1523,271,57.508915
1524,271,47.579956
1286,272,68.776581
1346,272,65.369225
1524,272,66.376091
1326,275,84.885834
1310,276,51.08131
1325,276,35.380997
1326,276,68.756668
1324,277,77.769966
1325,277,54.87088
1376,278,49.162922
1378,278,92.578339
1380,278,73.11985
1381,278,51.986153
1382,278,62.138988
1472,278,45.293327
1521,279,32.359604
1472,280,59.224411
1316,281,98.887848
1392,281,78.69426
1398,281,42.733696
1401,281,33.026138
1441,281,56.283813
1442,281,70.908936
1472,281,45.394127
1161,282,82.692421
1316,282,81.593468
1367,282,77.792603
1393,282,50.797916
1418,282,81.357849
1472,282,32.629181
1366,283,92.075302
1367,283,32.177593
1368,283,31.053566
1398,283,37.214638
1407,283,66.580688
1409,283,38.996258
1418,283,59.425938
1429,283,45.288704
1430,283,39.120457
1431,283,42.536568
1441,283,77.396416
1442,283,86.94416
1397,284,34.556248
1408,284,44.075356
1409,284,55.759941
1410,284,38.568867
1417,284,97.127945
1418,284,37.148506
1429,284,42.170521
1431,284,36.649963
1432,284,43.679302
1441,284,52.300293
1442,284,69.084076
1472,284,86.308784
1366,285,40.490723
1378,285,52.441692
1411,285,77.784386
1417,285,41.575657
1418,285,48.031742
1419,285,61.228325
1428,285,85.17189
1429,285,49.181873
1441,285,46.759853
1472,285,57.314083
1367,286,40.126163
1408,286,43.664402
1410,286,60.355911
1411,286,57.030594
1417,286,32.816566
1431,286,62.20808
1432,286,54.770077
1472,286,85.966995
1521,286,46.036945
1378,287,48.52816
1409,287,59.233902
1412,287,88.538803
1417,287,65.261955
1419,287,39.508137
1427,287,34.410027
1432,287,52.984821
1433,287,57.967392
1437,287,40.059109
1472,287,85.885124
1519,287,32.863327
1409,288,76.435997
1410,288,37.618572
1413,288,43.282188
1414,288,38.212883
1472,288,62.879276
1353,289,44.58725
1472,289,78.975441
1352,290,48.214111
1353,290,90.928871
1354,290,51.74807
1351,291,35.756355
1354,291,50.43079
1472,291,75.819443
1320,292,39.424709
1321,292,90.367668
1472,292,54.712624
1472,293,31.203646
1492,293,63.583027
1493,293,42.258793
1494,293,86.851868
1495,293,96.652
1496,293,66.277298
1497,293,46.726353
1498,293,47.766201
1506,293,31.907541
1251,297,73.623634
1370,297,83.306641
1251,298,86.493073
1371,299,34.066776
1370,300,50.713306
1471,300,72.84201
1407,301,31.805401
1510,302,33.427052
1204,303,91.926567
1249,303,52.925495
1409,303,37.036102
1410,304,50.723209
1500,304,34.323318
1505,304,38.23764
1410,305,43.530663
1470,311,45.519135
1439,312,31.942814
1441,313,32.031387
1409,314,33.397732
1452,316,78.40844
1180,0,54.449749
1404,317,31.659491
1468,317,86.222511
1469,317,81.572006
1192,2,30.67153
1178,318,40.568428
1463,318,84.650253
1468,318,84.216148
1469,318,86.48497
1192,3,43.378017
1491,3,34.549809
1467,319,30.092831
1469,319,83.919037
1492,319,76.277275
1468,320,51.995438
1469,320,71.959473
1197,4,42.561722
1198,4,40.998409
1212,4,90.551567
1439,321,72.792725
1469,321,71.303047
1439,322,96.959717
1469,322,50.809483
1302,6,76.298286
1492,6,34.568588
1490,7,45.3004
1491,7,48.760872
1210,8,58.191723
1491,8,31.916077
1165,324,45.399837
1166,324,43.403469
1208,9,39.81385
1210,9,65.802795
1213,10,41.985413
1491,10,52.719494
1166,325,86.526337
1168,325,44.940105
1418,325,93.445541
1225,11,30.140154
1417,327,32.65807
1437,327,39.559502
1439,327,48.491875
1171,328,31.348734
1192,328,38.841473
1279,328,63.566406
1280,328,73.101456
1281,328,49.695404
1282,328,53.704449
1283,328,56.672382
1284,328,34.590096
1285,328,33.476009
1277,329,79.411583
1279,329,36.186695
1282,329,43.421944
1284,329,50.379498
1281,330,38.444813
1403,331,38.021767
1278,17,44.15844
1399,332,35.372276
1400,332,34.804649
1401,332,30.414312
1402,332,43.210037
1403,332,76.815933
1408,332,30.666168
1281,18,40.37714
1315,333,92.375862
1391,333,31.999994
1392,333,38.625935
1393,333,34.480873
1394,333,37.910618
1395,333,38.472511
1397,333,60.316917
1398,333,40.820534
1399,333,33.605103
1402,333,43.341152
1283,19,31.910652
1397,334,41.430851
1419,334,50.628445
1184,335,40.064922
1275,336,34.181839
1276,337,33.465401
1192,338,48.806091
1193,338,48.50909
1193,339,33.404633
1188,340,45.845951
1172,341,37.182884
1247,28,38.70916
1394,29,75.128029
1208,348,31.8556
1183,350,57.168781
1184,350,51.516251
1329,350,44.812149
1330,350,68.674706
1386,350,67.862076
1387,350,84.921684
1388,350,58.904041
1185,351,99.721077
1186,351,54.752991
1187,351,53.384502
1188,351,36.483208
1190,351,30.543983
1191,351,37.021935
1192,351,77.466682
1330,351,68.417137
1331,351,68.147408
1283,37,37.206619
1186,352,65.399551
1187,352,38.58564
1191,352,50.909065
1192,352,33.001762
1193,352,81.524086
1186,353,46.611362
1188,353,84.000214
1193,353,31.38785
1186,354,55.869411
1194,354,34.12318
1185,355,88.279694
1186,355,38.909351
1187,355,39.606754
1188,355,44.338711
1193,355,55.304218
1336,41,32.335072
1189,356,40.604996
1422,356,34.468708
1336,42,33.626728
1191,357,45.459259
1265,357,45.820709
1268,357,37.777809
1269,357,38.33572
1265,358,49.48143
1269,358,79.743217
1303,358,56.1712
1306,358,31.760918
1307,358,31.893534
1268,359,33.791935
1269,360,55.425545
1266,361,52.30146
1484,59,51.412624
1484,60,56.247055
1166,61,44.822994
1235,64,35.331486
1389,64,73.892067
1390,64,56.00227
1459,70,34.704098
1206,72,41.821873
1216,72,87.943932
1446,75,71.733727
1447,75,86.282944
1448,75,89.202583
1449,75,47.69717
1452,75,35.371292
1453,75,33.667355
1454,75,57.420139
1518,75,55.362259
1206,82,32.255093
1298,394,75.026314
1299,394,33.487465
1300,394,35.64777
1304,394,67.271774
1395,394,65.189873
1395,395,39.614353
1396,395,51.695656
1295,396,37.768311
1206,84,57.844761
1295,397,64.672104
1396,397,60.425594
1295,398,46.899418
1396,398,41.167351
1397,398,83.576088
1520,86,32.438515
1260,87,46.418411
1354,87,46.220085
1396,399,62.991096
1397,399,97.270287
1297,400,37.579803
1394,400,31.367134
1396,400,44.59251
1397,400,72.211098
1260,88,80.151398
1263,88,48.542923
1296,401,31.767866
1396,401,55.958282
1441,401,35.270588
1260,89,62.644924
1263,89,52.697052
1360,89,79.715576
1260,90,95.320488
1263,90,72.723465
1386,90,34.082985
1296,402,33.902763
1395,402,58.653664
1396,402,78.696754
1444,402,69.206833
1296,403,59.401871
1297,403,60.526337
1298,403,79.589508
1299,403,68.005516
1306,403,47.063644
1393,403,40.851517
1394,403,33.900982
1395,403,49.092682
1396,403,72.229828
1330,92,45.759644
1296,404,57.601063
1297,404,93.855965
1395,404,61.404434
1396,404,81.918648
1296,406,70.515045
1396,406,89.59314
1461,406,40.559036
1296,407,91.043091
1167,97,49.521397
1168,97,48.937668
1330,97,36.773941
1363,97,85.527496
1295,408,42.603287
1296,408,68.444382
1386,408,34.051727
1388,408,82.255257
1416,408,92.829956
1417,408,43.77961
1418,408,48.208652
1305,98,40.674156
1295,409,66.614075
1388,409,70.435677
1385,410,35.408131
1384,411,80.166626
1256,101,46.836479
1256,102,40.329395
1346,103,68.729057
1349,104,35.51376
1296,418,64.787544
1495,109,72.14286
1295,419,37.670715
1296,419,32.316231
1386,419,82.527412
1393,419,77.201614
1297,420,35.148205
1388,420,52.875622
1440,420,60.754395
1406,111,31.121445
1462,421,32.037098
1463,421,79.613029
1464,421,69.300575
1465,421,67.024818
1466,421,79.238449
1467,421,46.373737
1468,421,83.170723
1306,112,37.014606
1399,112,35.700481
1522,112,48.626488
1168,113,30.01466
1444,425,47.993065
1397,114,33.088974
1377,116,32.608185
1202,428,43.229084
1453,428,31.586544
1454,428,50.960018
1448,429,70.135597
1454,429,56.854179
1336,119,40.323883
1351,119,49.079563
1195,430,30.132917
1196,430,66.396523
1197,430,31.49234
1444,430,62.624229
1452,430,45.121407
1195,431,32.020817
1201,431,42.279556
1202,431,41.502098
1444,431,66.53791
1200,432,49.422256
1203,432,55.472931
1436,432,32.314327
1444,432,33.528801
1348,121,47.363056
1204,433,50.147999
1444,433,45.994633
1325,122,31.873154
1341,122,70.910995
1342,122,44.826054
1344,122,50.564568
1345,122,49.527233
1346,122,37.572163
1348,122,80.205521
1349,122,44.878113
1201,434,48.776859
1202,434,53.715584
1205,434,58.984676
1444,434,34.264008
1325,123,58.824562
1345,123,31.251801
1346,123,31.50176
1347,123,35.5326
1348,123,39.14164
1349,123,76.457558
1356,124,38.199497
1493,124,34.2808
1496,124,57.750965
1347,125,53.001369
1348,125,89.294571
1464,125,62.893616
1465,125,44.383488
1466,125,44.313416
1493,125,54.414295
1494,125,94.745163
1495,125,80.720741
1496,125,66.57373
1439,438,42.351665
1440,438,51.255848
1441,438,42.333012
1442,438,41.16774
1443,438,38.613125
1444,438,51.660999
1445,438,86.306343
1446,438,79.656868
1447,438,84.566849
1337,128,56.472988
1338,128,49.736282
1357,128,50.759148
1522,128,56.352322
1366,129,59.38287
1439,129,30.952663
1440,129,58.381031
1441,129,72.348083
1202,439,62.954742
1437,439,51.34108
1440,439,43.882507
1441,439,66.049377
1442,439,57.947376
1443,439,65.839668
1444,439,47.119808
1445,439,89.127518
1446,439,58.025379
1366,130,34.40638
1371,130,31.225582
1379,130,40.31905
1380,130,93.882423
1438,130,36.789394
1439,130,38.266216
1441,130,64.831116
1438,440,86.892586
1360,131,43.232273
1367,131,40.447002
1412,131,46.312744
1413,131,37.933914
1438,441,47.574192
1367,132,54.075096
1368,132,98.075104
1411,132,51.212597
1414,132,32.06424
1207,442,99.667656
1369,133,53.759972
1370,133,40.125168
1373,133,96.978516
1414,133,32.902641
1361,134,54.88789
1362,134,54.044991
1363,134,68.492828
1313,135,46.801701
1423,135,55.869427
1425,135,93.806389
1423,136,37.44577
1424,137,46.162312
1428,137,30.759045
1340,138,64.987549
1348,138,89.944771
1349,138,75.962463
1350,138,46.899521
1356,138,35.728714
1339,139,49.228397
1365,140,31.826513
1360,141,31.317091
1395,141,34.540703
1458,141,30.481499
1460,141,46.301254
1494,141,34.305923
1495,141,89.428894
1256,142,55.584904
1350,142,30.343296
1354,142,30.907679
1355,142,60.46051
1357,142,35.581612
1459,142,48.985188
1460,142,78.208855
1256,143,67.032532
1259,143,46.70541
1261,143,63.582996
1354,143,54.286339
1356,143,69.467239
1395,143,52.816788
1441,143,43.304054
1442,143,70.140259
1459,143,86.116707
1460,143,61.177738
1355,144,73.559586
1443,144,79.412605
1356,145,33.56646
1367,145,46.541321
1372,145,70.071808
1368,146,42.585083
1373,146,46.685863
1372,147,43.025829
1373,147,43.540264
1354,148,45.998802
1355,148,49.616005
1373,148,55.896908
1500,461,66.29277
1501,461,41.071861
1503,461,53.536213
1504,461,85.074692
1505,461,61.283569
1373,149,42.337086
1495,462,36.419827
1500,462,57.289188
1501,462,30.899216
1503,462,72.485596
1504,462,64.719742
1261,150,38.719666
1262,150,35.190159
1360,150,39.814865
1495,463,86.92617
1496,463,50.745888
1493,464,51.550186
1502,464,30.731516
1359,151,44.473297
1374,151,33.562275
1358,152,49.880081
1369,152,97.698219
1371,152,37.366352
1372,152,42.42955
1373,152,54.920639
1374,152,68.87439
1467,465,72.384888
1494,465,34.19648
1465,466,92.311699
1493,466,37.309956
1494,466,70.063736
1502,466,48.743538
1357,153,31.11125
1370,153,79.96183
1371,153,87.519531
1499,153,37.938004
1495,154,36.826698
1496,154,31.321842
1499,154,38.425636
1500,154,41.740734
1470,467,58.687004
1493,467,59.737068
1294,156,31.081818
1501,468,34.987026
1294,157,30.881819
1241,158,40.316433
1242,158,34.963829
1294,158,87.448479
1295,158,92.566666
1297,158,55.345497
1504,470,80.945625
1243,471,56.867374
1492,473,73.975372
1372,163,76.709656
1373,163,66.287453
1374,163,43.303764
1375,163,41.164986
1170,474,34.345333
1433,474,42.229633
1428,475,35.518841
1429,475,32.140064
1432,475,36.805435
1370,164,58.41766
1371,164,32.958801
1372,164,36.10434
1352,165,30.398994
1370,165,42.52956
1302,166,33.419773
1353,166,37.410915
1368,166,69.698227
1369,166,72.507156
1370,166,73.146515
1371,166,35.27998
1431,478,50.504894
1246,167,91.994217
1304,167,75.493881
1362,167,75.103569
1363,167,74.801804
1364,167,74.79274
1365,167,58.20731
1366,167,51.333389
1367,167,67.450821
1368,167,93.078926
1350,479,61.983665
1351,479,82.552498
1352,479,80.381088
1358,479,67.856216
1297,168,70.25872
1361,168,70.300346
1432,482,64.486
1433,482,72.388641
1434,482,38.206074
1441,482,31.249123
1421,483,42.902962
1423,483,47.630165
1424,483,33.489555
1231,171,76.464928
1233,171,41.017342
1301,171,31.126057
1302,171,37.265446
1303,171,57.330204
1305,171,49.92276
1300,172,35.524342
1301,172,31.066784
1302,172,31.759026
1304,172,34.815254
1305,172,73.48185
1305,173,36.310799
1168,485,53.235542
1169,485,30.645393
1170,485,63.781071
1395,485,56.438713
1301,174,45.748848
1301,175,33.96352
1302,175,40.930725
1303,175,47.520264
1296,176,65.883804
1297,176,91.068466
1298,176,73.105385
1355,488,61.433109
1356,488,87.809669
1357,488,97.31205
1358,488,70.976791
1359,488,79.007645
1360,488,76.970726
1381,488,38.993896
1282,178,40.630814
1503,490,50.257767
1504,490,65.442627
1505,490,78.095505
1506,490,42.577805
1281,179,39.133053
1282,179,37.945053
1500,179,74.736664
1279,180,40.272282
1281,180,70.593307
1407,180,71.988129
1500,180,97.967659
1404,181,93.6819
1407,181,60.790009
1408,181,76.260368
1432,493,35.026741
1433,493,45.263397
1407,182,84.035324
1408,182,32.467594
1408,494,84.01313
1432,494,74.165886
1375,187,57.883995
1431,499,40.423355
1431,500,95.761147
1432,500,46.241219
1433,500,48.440922
1180,502,55.627182
1181,503,45.428059
1181,504,41.53083
1505,504,34.164871
1183,505,31.413076
1505,505,33.315403
1293,194,65.480209
1310,195,49.106342
1285,196,93.054459
1286,196,55.834908
1287,196,45.282124
1308,196,46.155289
1311,196,32.539165
1312,196,53.220753
1320,196,89.282837
1506,508,33.559425
1224,197,40.445782
1285,197,81.046852
1286,197,38.976421
1288,197,74.610435
1289,197,95.824242
1320,197,35.731133
1321,197,37.368423
1291,509,67.010147
1494,509,62.932144
1495,509,39.662155
1506,509,65.562172
1221,198,62.609932
1285,198,61.353729
1286,198,38.798882
1287,198,69.530876
1288,198,57.328545
1308,198,82.199966
1309,198,42.128136
1310,198,71.459206
1311,198,92.276558
1312,198,54.384438
1320,198,36.070564
1322,198,50.539326
1495,510,37.377495
1219,199,32.69873
1220,199,41.707661
1221,199,71.657074
1285,199,70.982986
1314,199,58.166286
1321,199,43.828201
1324,199,37.372589
1352,199,77.794228
1495,511,31.530499
1505,511,30.925705
1221,200,42.03223
1323,200,37.901875
1324,200,67.014854
1348,200,82.226852
1298,201,89.296059
1299,201,34.052353
1322,201,38.753651
1348,201,45.944847
1391,513,30.735212
1394,513,39.268951
1396,513,74.622131
1397,513,91.85173
1221,202,45.951233
1297,202,33.188408
1302,202,31.93359
1348,202,63.746841
1352,202,78.925423
1497,202,37.612671
1498,202,32.578495
1221,203,67.458427
1298,203,82.83609
1302,203,45.52232
1303,203,53.901737
1221,204,74.829109
1276,204,50.711864
1277,204,68.387306
1277,205,66.228058
1278,205,77.554092
1221,206,39.615631
1192,207,34.666077
1283,207,51.696251
1463,207,34.175617
1470,207,34.446201
1498,520,34.062325
1496,521,34.958931
1518,528,32.360218
1522,528,38.546799
1523,528,79.328125
