177,1486,48.919178
284,1486,71.528404
142,1805,43.836395
155,1805,67.071426
170,1805,66.0298
176,1805,37.411858
177,1805,59.602139
1,1806,79.480179
176,1806,47.689842
177,1806,64.718369
532,1488,38.608242
531,1489,48.153786
177,1807,79.684311
176,1808,42.655769
280,1808,70.620148
394,1490,31.577568
387,1491,94.865906
280,1810,69.503342
387,1492,95.166382
395,1492,57.366665
531,1492,63.424911
175,1811,34.485916
280,1811,45.840343
385,1493,77.365814
167,1812,68.689278
175,1812,55.081402
176,1812,50.33857
280,1812,50.207108
385,1494,63.822681
168,1813,70.454109
176,1813,97.713547
215,1813,97.742538
280,1813,40.372913
376,1495,64.627243
377,1495,50.867458
378,1495,59.179047
379,1495,59.179047
368,1496,41.337067
369,1496,94.695335
372,1496,48.055813
374,1496,65.057503
375,1496,74.0327
292,1814,65.29789
374,1497,85.886581
0,1815,98.553444
0,1816,38.63776
2,1816,56.67717
3,1816,65.402748
6,1816,52.806614
7,1816,77.921204
372,1498,66.106865
4,1817,31.916342
5,1817,32.705627
7,1817,40.330101
531,1502,38.034203
5,1820,47.034447
531,1503,40.19297
336,1504,48.366993
5,1821,38.846493
5,1822,36.100739
6,1822,73.653816
5,1823,39.347988
7,1823,87.941483
292,1508,56.610222
73,1511,44.680557
93,1511,42.156158
528,1513,44.25032
95,1518,34.046841
72,1519,95.326263
100,1519,74.118004
375,1521,35.888191
211,1856,45.444603
216,1856,37.045467
271,1864,63.889969
276,1864,39.968002
277,1864,39.753376
278,1864,53.884068
272,1865,54.393181
273,1865,66.354927
274,1865,93.664742
275,1865,69.308868
276,1865,45.027969
277,1865,41.636406
278,1865,43.836205
279,1865,80.27639
55,1552,40.163349
56,1552,31.543329
57,1552,50.381329
58,1552,73.512978
58,1553,36.448048
59,1553,52.695702
60,1553,82.158279
220,1866,33.436428
221,1866,48.456123
222,1866,66.302429
272,1866,35.029156
273,1866,73.364342
274,1866,62.980343
275,1866,32.977573
276,1866,51.636032
278,1866,36.60305
279,1866,36.576283
280,1866,39.689285
281,1866,61.858631
282,1866,73.492508
284,1866,80.536354
271,1867,38.937881
272,1867,41.564728
273,1867,89.998596
277,1867,59.878811
278,1867,38.059425
279,1867,34.646797
280,1867,52.631702
281,1867,54.903603
282,1867,43.391228
283,1867,66.907928
284,1867,74.695251
285,1867,56.344276
286,1867,77.360481
287,1867,66.891121
60,1554,37.620716
61,1554,40.473461
283,1868,65.390869
284,1868,60.663822
285,1868,80.474823
286,1868,79.087898
287,1868,77.070908
207,1869,30.402002
212,1869,39.334091
213,1869,95.208748
284,1869,87.004852
285,1869,65.344254
286,1869,54.259529
287,1869,82.058502
288,1869,85.979958
50,1556,51.136021
61,1556,35.740387
130,1556,48.954109
131,1556,70.092255
49,1557,67.506638
60,1557,46.920212
258,1557,64.193863
281,1557,70.322037
282,1557,90.638794
82,1871,46.200462
287,1871,81.235016
48,1558,99.895935
61,1558,52.969707
142,1558,40.111809
284,1558,30.236893
48,1559,96.773903
49,1559,32.034679
59,1559,48.532539
60,1559,30.549437
288,1559,63.27021
295,1559,32.532242
48,1560,47.908848
54,1560,47.272186
55,1560,49.897636
56,1560,51.288105
57,1560,72.143539
58,1560,74.646271
59,1560,59.22842
288,1560,49.357243
295,1560,81.078354
47,1561,40.418453
48,1561,86.55555
50,1561,30.899559
51,1561,44.557331
53,1561,34.24651
54,1561,61.60894
55,1561,99.251755
57,1561,97.688362
288,1561,62.424988
46,1562,78.025017
47,1562,40.861549
51,1562,57.199203
52,1562,67.300995
288,1562,50.443459
7,1875,79.741928
301,1563,92.146545
219,1564,64.079987
301,1564,93.495728
219,1565,35.346664
301,1565,58.397995
82,1877,39.808289
206,1566,91.921219
276,1566,59.069401
278,1566,42.646431
279,1566,51.494942
280,1566,72.970482
281,1566,48.643272
301,1566,58.397995
380,1566,76.453941
299,1567,81.714287
300,1567,39.47023
301,1567,71.515877
210,1878,33.312939
211,1878,58.782917
70,1879,47.182446
298,1568,51.916622
300,1568,33.01931
301,1568,51.300903
301,1569,55.665085
56,1882,37.7785
58,1882,36.397633
107,1882,53.221836
235,1882,89.383652
56,1883,75.855888
59,1883,64.633331
106,1883,98.853065
207,1570,76.745628
302,1570,58.522026
207,1571,43.983856
56,1884,54.399624
58,1884,37.348152
59,1884,65.17659
56,1885,58.200447
58,1885,53.16013
59,1885,84.5159
303,1571,34.727242
304,1571,53.999065
303,1572,34.727242
56,1886,55.730671
59,1886,91.486961
88,1886,54.237495
303,1573,53.999065
56,1887,52.107651
59,1887,56.405903
60,1887,98.128258
69,1887,88.71907
74,1887,65.298721
75,1887,84.715279
76,1887,35.226997
87,1887,65.768364
88,1887,49.05262
89,1887,39.634388
90,1887,39.989979
105,1887,88.540367
434,1575,36.35957
435,1575,54.500175
436,1575,54.500175
437,1575,54.500175
56,1888,47.162769
59,1888,50.140877
60,1888,62.271671
61,1888,75.675926
62,1888,88.72599
68,1888,70.530785
69,1888,61.450958
70,1888,58.293121
71,1888,69.992943
72,1888,81.087486
73,1888,39.777107
74,1888,44.611275
75,1888,74.692307
76,1888,80.453651
78,1888,43.650921
83,1888,32.777702
84,1888,33.990372
209,1576,97.589302
214,1576,71.606194
42,1889,72.431961
43,1889,91.213898
44,1889,98.614822
56,1889,53.096016
65,1889,44.911636
66,1889,38.953125
67,1889,45.337276
43,1890,36.637749
44,1890,77.591904
56,1890,36.334389
65,1890,36.503319
107,1890,79.982597
213,1577,59.613857
214,1577,95.546829
215,1577,35.222115
43,1891,76.033661
44,1891,46.741501
56,1891,38.553196
107,1891,52.64444
208,1578,86.54921
209,1578,97.017296
214,1578,42.581367
215,1578,42.234669
219,1578,87.651123
114,1579,67.941246
208,1579,63.920826
209,1579,62.985622
212,1579,63.333763
219,1579,87.293015
220,1579,55.097466
74,1580,71.916031
208,1580,69.948692
210,1580,60.366642
211,1580,50.098373
219,1580,74.409149
56,1892,38.432819
107,1892,71.035683
75,1581,44.205883
56,1893,30.975227
107,1893,31.243446
56,1894,32.053432
207,1582,96.990921
47,1584,90.892403
48,1586,84.309761
109,1899,35.586037
106,1900,49.924042
176,1589,95.384972
106,1901,38.864403
107,1901,72.780136
106,1902,58.267357
107,1902,75.777695
106,1903,42.600697
107,1903,51.04031
106,1904,46.059662
107,1904,66.167564
47,1593,30.552616
185,1594,55.682629
41,1597,41.851261
42,1597,41.2887
43,1597,32.903507
185,1597,48.844868
104,1908,61.140232
103,1909,39.726337
58,1910,63.875435
103,1910,80.330765
42,1598,31.516272
43,1598,63.180149
44,1598,41.068771
171,1598,34.435135
185,1598,94.043922
298,1598,31.117353
41,1599,36.042252
184,1599,57.757847
184,1602,85.557114
185,1604,48.744431
164,1605,53.378407
165,1605,43.996086
166,1605,66.836235
167,1605,33.23864
169,1605,50.875191
164,1606,71.367844
166,1606,36.095757
167,1606,30.263519
171,1606,44.753559
103,1919,38.934265
104,1919,38.934265
83,1608,65.279861
90,1920,42.215004
97,1920,37.995983
100,1920,46.588177
101,1920,40.902252
108,1920,51.591297
108,1921,34.693844
152,1610,38.307262
155,1610,36.088673
149,1611,94.983566
150,1611,51.107376
151,1611,43.141548
152,1611,41.806946
241,1923,85.742561
235,1925,49.266258
236,1925,49.266258
238,1925,70.913864
234,1927,70.913864
184,1617,99.607124
185,1617,32.487823
36,1618,62.349869
36,1619,55.568081
48,1619,51.961548
36,1620,65.412193
38,1620,83.841858
39,1620,80.184616
40,1620,37.361946
41,1620,42.419376
90,1620,31.783773
91,1620,71.717361
92,1620,52.47221
93,1620,48.255051
39,1621,50.521954
48,1621,39.82317
49,1621,91.764046
53,1621,42.426212
88,1621,42.408951
89,1621,41.691383
91,1621,36.054108
49,1622,83.029694
37,1623,50.441147
49,1623,45.26466
330,1624,39.556721
155,1626,37.150974
330,1626,38.311333
330,1627,45.480087
138,1628,30.884819
163,1628,46.32452
330,1629,73.708405
330,1630,57.327129
144,1631,30.868538
184,1631,51.154552
329,1631,99.167694
330,1631,56.364521
144,1632,65.693718
329,1632,89.574287
330,1632,54.142296
145,1633,38.947407
147,1633,62.006851
148,1633,36.261517
329,1636,76.263237
135,1637,31.757635
48,1638,59.547195
49,1638,78.874672
54,1638,35.118832
55,1638,38.612579
57,1638,77.320381
66,1638,53.101177
49,1639,61.544235
56,1639,43.821739
57,1639,47.40855
189,1949,43.559464
57,1640,50.361576
430,1640,56.000134
216,1951,30.537025
215,1952,62.244755
215,1953,70.622902
59,1643,57.6269
49,1644,52.831867
50,1644,52.487267
59,1644,74.503105
39,1645,56.311565
24,1956,67.181015
213,1956,39.193382
443,1956,33.511417
25,1957,55.417557
213,1957,80.155617
38,1646,30.07988
151,1646,75.964088
387,1646,67.003876
45,1647,84.166069
151,1647,74.153358
152,1647,85.600739
26,1958,34.051929
90,1648,36.157238
152,1648,64.255783
28,1960,33.229156
29,1960,92.472092
36,1649,52.374702
388,1649,89.39978
28,1961,61.508846
152,1651,84.369469
28,1962,47.224213
28,1963,40.039776
164,1652,87.895905
205,1964,36.612976
39,1653,33.296745
52,1653,61.372982
168,1653,45.724155
27,1965,39.599148
205,1965,35.297348
40,1654,95.040833
166,1654,41.558651
169,1655,30.174728
179,1656,55.221668
31,1657,68.910431
178,1657,30.702351
179,1657,75.387421
180,1657,77.573914
40,1658,61.663559
126,1658,32.978188
179,1658,37.301083
180,1658,74.35714
54,1660,67.219154
55,1660,45.208275
171,1661,34.429142
172,1661,79.717796
173,1661,55.17868
174,1661,30.775393
178,1661,31.419226
175,1662,64.224182
39,1663,50.998409
178,1665,48.26701
179,1665,59.030331
43,1670,44.902378
37,1671,72.627663
0,1673,86.649994
88,1673,77.309334
139,1673,72.100601
37,1674,91.423935
89,1674,45.140858
140,1674,71.209534
162,1674,50.353374
182,1674,51.34182
183,1674,34.389095
157,1981,49.277275
165,1981,84.787445
89,1675,48.64579
89,1676,94.695801
89,1677,87.496765
147,1678,34.878967
0,1680,54.543396
10,1680,64.20594
61,1681,58.482662
62,1681,30.514801
0,1682,36.813507
62,1682,30.514801
63,1684,70.569283
9,1685,53.577351
169,1990,64.357681
170,1990,94.976608
160,1991,33.682262
161,1991,67.64006
8,1689,31.4233
161,1689,69.735023
167,1690,31.048855
9,1691,31.131187
8,1694,75.047951
146,1999,66.234184
166,2003,55.799538
167,2003,60.615379
168,2003,44.554543
169,2003,43.353275
167,2004,47.428204
169,2004,34.842068
137,1702,77.704964
138,1702,61.290104
139,1702,65.201706
140,1702,72.332085
121,1703,57.410805
122,1703,71.534386
140,1703,34.063515
141,1703,45.790939
7,1707,40.414875
7,1708,54.728188
5,1709,35.437931
7,1709,36.580578
110,1709,64.594543
201,1709,37.000038
5,1710,32.812119
7,1710,46.015923
125,1710,64.357841
128,1710,68.929283
130,1710,75.969582
151,2013,43.35289
7,1711,69.825203
110,1711,45.437939
123,1711,81.958603
125,1711,66.185471
126,1711,64.675369
127,1711,34.42395
128,1711,39.451725
135,1711,34.410191
136,1711,38.208038
137,1711,93.654137
141,1711,98.1931
142,1711,39.780289
143,1711,48.13393
7,1712,83.880844
125,1712,99.53537
128,1712,52.103813
129,1712,55.6231
5,1713,37.032558
7,1713,87.783775
170,1713,88.937111
172,1713,95.150047
173,1713,42.713196
175,1713,82.942612
176,1713,72.987694
178,1713,72.751511
5,1714,34.679585
6,1714,36.173672
169,1714,70.945328
170,1714,73.919113
179,1714,77.666016
180,1714,96.168732
5,1715,34.861641
6,1715,76.347023
169,1715,79.160202
170,1715,62.99559
172,1715,42.45541
169,1716,47.591091
226,1716,78.12896
3,1717,58.899574
168,1717,96.459869
169,1717,42.986752
179,1717,30.68059
180,1717,44.647385
181,1717,97.686798
226,1717,55.599987
168,1718,74.899605
169,1718,66.04364
177,1718,33.397293
178,1718,64.4813
179,1718,71.532654
180,1718,83.012604
168,1719,47.064465
169,1719,46.99469
177,1719,67.444603
200,1719,40.375629
168,1720,45.030918
176,1720,35.743507
177,1720,66.756195
177,1721,71.266273
178,1721,38.876179
82,1726,49.980644
83,1726,40.950012
72,1727,58.095806
36,1737,75.042816
37,1737,99.542473
58,1739,30.512575
63,1739,30.642555
63,1740,51.81163
6,1741,91.130905
1,1742,81.350327
6,1742,95.397064
7,1742,39.416004
58,1742,64.227448
0,1743,48.414261
6,1743,69.977493
7,1743,77.759628
35,1743,43.960545
37,1743,66.035027
38,1743,46.890175
6,1744,42.95879
7,1744,38.701721
38,1744,58.740688
4,1745,73.590912
7,1745,33.478474
38,1745,66.504539
6,1746,40.299843
7,1746,39.040581
121,1746,36.459625
7,1747,52.422401
66,1747,66.57016
67,1747,79.074486
68,1747,59.421288
70,1747,88.207245
178,1748,62.038544
177,1749,31.614851
176,1751,56.82592
176,1752,49.397049
34,1753,97.765755
35,1753,62.625793
36,1753,54.032372
36,1754,61.406708
205,1754,81.338348
35,1755,36.239548
35,1756,36.603935
66,1757,61.887699
175,1757,62.390343
9,1758,32.531353
35,1758,37.644764
35,1760,40.228512
74,1760,60.443317
74,1761,44.780457
75,1761,39.905006
76,1761,31.669752
121,1761,42.114792
122,1761,30.912081
123,1761,35.300434
124,1761,43.447453
125,1761,83.313484
9,1762,60.865368
41,1762,30.53476
42,1762,68.513832
43,1762,61.459106
67,1762,34.357708
75,1762,67.455452
7,1763,39.967705
56,1764,30.48778
57,1765,52.397377
206,1765,68.796623
295,1770,60.212994
296,1770,94.957993
296,1771,97.251907
9,1773,30.266451
296,1773,82.931534
297,1774,55.306091
8,1778,93.818794
290,1778,93.827492
292,1778,96.033615
297,1778,32.830498
8,1779,91.857979
294,1779,32.597183
8,1780,94.804085
282,1780,76.214241
283,1780,79.010536
284,1780,46.296295
293,1780,45.191116
344,1780,51.800125
205,1785,62.805843
169,1466,56.750118
180,1466,86.554176
160,1467,63.220856
178,1469,41.397476
179,1469,37.622902
180,1469,41.551918
248,1472,97.612701
69,1796,91.825989
71,1796,47.292126
72,1796,33.515865
175,1480,70.663116
176,1799,32.706429
177,1799,44.611984
174,1481,64.502472
176,1481,49.79174
174,1482,71.509682
273,1482,92.206558
144,1800,68.452827
145,1800,70.944687
146,1800,34.283966
148,1800,31.200924
177,1800,45.870449
211,1800,74.845909
176,1483,67.977341
274,1483,48.214287
142,1801,45.790775
145,1801,31.890656
176,1801,49.541935
142,1802,32.799809
176,1802,39.394707
177,1802,59.713703
210,1802,83.632195
176,1803,37.411858
210,1803,77.73468
292,1803,85.094887
142,1804,74.237663
143,1804,32.094059
144,1804,31.700907
170,1804,32.714306
176,1804,48.096809
292,1804,35.905346
