54,533,38.112839
61,536,41.673409
62,536,44.630619
63,536,45.717842
64,536,36.892845
69,536,38.432026
70,536,46.307652
74,536,34.659634
75,536,33.59626
61,537,38.54224
55,538,50.839058
57,538,82.663826
61,538,38.536316
62,538,30.903042
66,541,62.261906
70,541,78.823219
61,547,33.135475
62,547,71.612411
63,547,38.015324
64,548,76.658615
35,551,99.005898
39,571,40.228031
40,571,76.033356
42,571,44.439819
39,572,75.259743
42,572,30.708021
43,572,35.704514
44,572,46.660141
39,573,52.185318
40,573,41.964695
19,578,50.339508
36,579,75.213623
44,579,52.238094
37,580,31.597528
60,580,79.698792
64,583,55.488842
65,583,71.451065
35,584,70.215477
64,584,41.625824
36,585,54.520134
64,585,52.629181
37,586,55.861198
48,586,39.864716
49,586,73.225204
50,586,63.371902
64,586,95.285416
43,587,34.51067
44,587,41.370609
45,587,52.547916
46,587,86.82132
47,587,91.766563
48,587,70.98333
63,587,46.565388
64,587,90.518875
39,588,48.877296
40,588,49.573738
41,588,45.893261
42,588,96.423103
60,588,34.180016
63,588,44.583122
37,589,48.488567
63,589,30.380402
