1231,2444,91.332764
1335,2444,73.727341
1336,2444,73.727341
1338,2444,73.727341
1874,1807,85.525238
1876,1807,83.965637
1877,1807,84.989372
1878,1807,86.14962
1230,2445,90.549095
1237,2445,97.949722
1238,2447,43.911793
536,2129,85.046593
618,2448,94.910095
1346,2448,40.038197
536,2130,66.247772
617,2449,46.906418
618,2449,65.583649
621,2449,42.876984
1249,2449,63.07951
1250,2449,60.90807
1251,2449,50.543045
1346,2449,73.727341
1349,2449,73.727341
618,2450,70.68763
622,2450,98.002914
624,2452,81.704323
668,2452,32.767975
667,2453,58.671883
668,2453,67.832726
669,2453,87.183449
672,2453,55.200348
886,2454,76.24472
888,2454,63.920055
890,2454,95.706451
891,2454,82.912338
892,2454,39.396568
893,2454,40.8895
1232,2454,58.61319
673,2455,89.710655
675,2455,52.758869
1251,2455,86.114166
1190,2456,50.781921
1342,2458,80.122795
1343,2458,79.060295
1339,2139,60.601158
1232,2460,70.997429
662,2464,52.293663
637,2466,30.42886
1165,2467,36.834976
1166,2467,71.070366
921,2468,64.959587
620,2469,88.83625
1195,2469,97.239265
1196,2469,46.399246
1309,2469,44.574429
830,2470,63.664005
831,2470,54.313171
832,2470,40.206139
908,2470,38.993824
725,2471,74.52681
726,2471,74.52681
908,2471,43.622925
659,2472,95.528214
908,2472,45.51984
909,2472,58.019745
1300,2472,81.64048
658,2473,52.749779
659,2473,73.682877
908,2473,59.116177
909,2473,50.756645
565,2474,43.928211
658,2474,53.754326
833,2474,62.487865
909,2474,96.239609
909,2475,84.19162
630,2476,53.896751
632,2476,85.13089
633,2476,86.447365
636,2476,69.614685
1344,2477,34.679001
1345,2477,45.717087
1346,2477,47.405994
617,2479,87.990875
754,2479,55.618729
828,2480,49.394833
829,2480,50.482964
830,2480,58.390495
831,2480,59.487583
608,2482,39.277531
675,2483,50.612778
688,2484,66.836769
704,2484,53.133976
705,2484,50.024174
689,2485,99.870453
704,2485,76.097725
705,2485,76.097725
824,2485,91.81781
1151,2485,65.37059
1208,2485,50.721088
1210,2485,40.668106
601,2486,61.151001
602,2486,61.151001
824,2486,36.883556
825,2486,57.20993
1215,2486,85.273865
601,2487,69.339615
602,2487,43.130238
690,2487,93.921524
601,2488,34.90321
1339,2488,48.652924
1342,2489,46.182053
1343,2489,47.655582
1344,2489,52.700554
1345,2489,53.447624
1346,2489,58.648151
1347,2489,59.583984
1348,2489,75.857941
1349,2489,65.936745
1350,2489,51.749245
1351,2489,61.014626
1360,2489,56.248917
1361,2489,83.889832
1377,2489,33.454533
595,2490,31.577618
597,2490,31.069132
1377,2490,65.752426
826,2491,86.098297
1039,2492,79.982864
704,2493,50.7952
708,2493,50.612778
709,2493,50.612778
898,2493,52.685169
711,2494,50.612778
1169,1853,47.826572
1158,1854,46.356537
1159,1854,36.642284
1160,1854,44.369621
1161,1854,44.782673
1162,1854,40.543552
1163,1854,52.433357
1164,1854,58.791313
1165,1854,61.763763
1166,1854,64.736214
1167,1854,51.120811
1165,1855,32.861168
1358,2498,76.355194
588,2178,34.55899
1155,1856,51.631401
1155,1857,51.631401
1088,2499,52.902214
570,2181,83.236443
1155,1858,91.111725
1156,1859,32.000023
1154,1861,50.661224
1155,1861,43.150684
1154,1862,50.661224
1163,1863,98.666397
1154,1864,50.661224
1155,1864,37.131264
1165,1867,35.0
859,2188,89.601906
1163,1868,35.51255
1164,1868,30.033352
1164,1869,33.648582
858,2189,34.619831
1163,1870,33.166641
1164,1870,36.700882
1163,1871,31.541916
1263,1871,71.691185
1267,1871,71.691185
967,2193,80.755486
967,2194,72.161575
968,2194,40.642242
967,2195,73.371635
968,2195,40.642242
969,2195,42.533337
967,2196,73.371635
968,2196,45.255886
969,2196,31.506832
967,2197,78.703384
968,2197,41.960201
969,2197,35.956524
970,2197,43.0
968,2198,88.089638
969,2198,52.067722
970,2198,45.099884
968,2199,75.40818
969,2199,90.460205
970,2199,45.099884
968,2200,73.30439
969,2200,47.685112
968,2201,48.543457
968,2202,38.165314
968,2203,42.474098
969,2204,73.828827
970,2204,65.352715
967,2205,43.130486
968,2205,46.471378
969,2205,45.299236
970,2205,69.917068
967,2206,75.72451
968,2206,68.407364
969,2206,31.254513
1157,1888,73.155884
957,2212,32.277695
958,2212,49.552097
959,2212,87.853081
958,2213,78.553024
959,2213,79.188934
554,1894,43.237324
555,1895,51.989277
556,1895,63.773357
557,1895,48.361595
558,1895,37.0
559,1896,50.638405
560,1896,51.0
560,1897,38.999996
1345,1901,66.265305
857,1906,59.309402
1356,2226,40.749573
558,1931,68.0
557,1932,30.233339
1239,1951,59.168289
1240,1951,78.909058
1239,1952,34.449783
1239,1954,51.238041
1127,2274,67.996048
1128,2274,75.266418
1129,2274,75.038643
1130,2274,68.586693
1131,2274,68.356735
1128,2275,66.476509
1130,2275,70.043983
1261,1969,39.567661
759,2288,84.883148
761,2288,64.62912
1116,2289,30.45335
1197,2289,92.945663
1216,1975,91.895393
1217,1975,91.895393
1212,1976,72.932907
1216,1976,79.499161
1217,1976,79.499161
1212,1977,77.59996
1216,1977,43.335594
1217,1977,43.335594
1211,1978,86.75
1213,1978,34.143421
1214,1978,34.532383
1221,1978,76.297218
1209,1979,50.25
1210,1979,36.5
1207,1980,91.71476
1208,1980,50.000088
1209,1980,45.0
1222,1981,85.148842
1363,2302,75.125
1364,2302,84.219849
1365,2302,75.280602
1366,2302,53.499527
1212,1983,51.33168
1371,2306,30.720324
1372,2306,61.440647
1373,2306,84.219849
1380,2308,41.033215
1633,1686,70.594482
1376,2313,68.20919
1633,1687,62.488728
1634,1687,51.200108
1637,1688,58.384747
1638,1688,36.852852
748,2323,47.763229
749,2323,34.499886
750,2325,50.429646
754,2325,54.605621
750,2326,43.123497
751,2326,73.375412
1200,2328,39.393894
866,2011,85.170204
1245,2019,36.409264
1638,1724,70.594482
1639,1724,51.132896
1632,1725,40.961449
1634,1725,39.923138
1635,1725,37.214298
1637,1725,34.782543
1630,1726,78.439659
1631,1726,35.423424
1632,1726,55.132896
1633,1726,47.681808
1628,1727,99.690674
1629,1727,30.261812
1368,2351,66.899017
576,2353,57.0
585,2354,32.999893
585,2355,32.999893
586,2356,65.666
676,2356,59.268944
677,2356,83.526985
536,2041,37.305836
537,2041,34.00145
1318,2360,92.107025
1643,1741,39.053085
1643,1742,36.719742
1318,2361,67.499901
655,2362,60.400158
1318,2362,67.499901
656,2363,33.066666
657,2363,65.40004
1345,2363,79.92382
660,2364,61.400158
1631,1745,30.472734
661,2365,61.400158
1319,2365,97.694153
1616,1746,30.231331
1615,1747,30.899326
1621,1748,42.455406
660,2368,42.057747
661,2368,56.555374
1619,1749,92.870422
1620,1749,54.545933
1621,1749,42.292542
1606,1750,93.533516
1618,1750,79.601959
660,2372,57.300896
664,2372,35.146553
1609,1754,35.760941
1610,1754,45.965111
1611,1754,85.190727
1612,1754,87.671509
1613,1754,95.98349
1614,1754,44.189377
1314,2373,88.166748
1315,2373,57.166748
1316,2373,44.749924
668,2379,73.327766
660,2380,54.638351
668,2380,73.165009
660,2381,54.638351
667,2381,70.449097
665,2383,88.553177
666,2383,98.563446
667,2383,72.211472
664,2384,55.428261
667,2384,73.751709
1338,2064,38.00267
664,2385,37.943409
661,2386,38.13308
662,2386,42.601578
663,2386,52.634411
665,2386,38.45261
1338,2065,70.73661
536,2066,63.708527
1338,2066,61.37114
661,2387,75.996002
665,2387,41.358601
666,2387,71.833679
536,2067,75.963791
1339,2067,51.476265
536,2068,74.681877
1251,2390,31.5173
1252,2390,49.857574
1253,2390,49.759365
1311,2392,99.891663
1311,2393,38.808952
1312,2393,85.834785
1313,2393,64.957535
1314,2393,56.164795
562,2395,47.337833
719,2395,34.780056
561,2396,69.75
638,2076,30.354107
638,2077,44.64679
1315,2401,33.973728
1316,2401,48.720829
1188,2403,43.23872
1255,2403,98.784096
1207,2409,64.170738
1209,2409,72.170769
1287,2411,54.68713
1322,2089,59.324596
1322,2090,68.675804
1322,2091,76.247238
1322,2092,56.329571
1322,2093,47.945633
1163,2417,72.882568
860,2098,91.329193
1860,1802,49.295502
1188,2428,83.888489
629,2106,59.909653
752,2430,37.518974
753,2431,46.616859
637,2433,82.80349
638,2433,69.231194
639,2433,74.394714
636,2434,46.172642
638,2434,53.924603
639,2434,80.567589
640,2434,77.366638
682,2434,59.793358
1196,2434,43.83886
1339,2112,41.033215
1340,2112,83.157715
657,2435,86.700989
658,2435,85.59182
868,2439,49.416496
1254,2440,41.556961
1241,2441,30.59749
1196,2442,66.508049
