2117,2457,99.606071
2111,2459,35.417431
2106,2460,38.79837
2133,2461,99.814911
2141,2461,33.158386
2141,2463,76.440735
2100,2464,48.320885
2128,2464,78.9133
2141,2464,64.087227
2142,2464,31.992908
2128,2465,45.407349
2129,2465,34.043213
2142,2465,77.561035
2100,2466,56.057549
2128,2466,48.127853
2129,2466,38.879189
2100,2467,51.672779
2128,2467,74.043579
2129,2467,40.745987
2100,2469,67.000999
2087,2470,32.959091
2100,2470,31.520996
2083,2471,41.430519
2085,2472,45.435371
2085,2474,91.003212
2136,2475,61.364998
2142,2497,48.30349
2148,2498,37.604527
2252,2285,36.072079
2253,2285,75.959839
2254,2285,63.326683
2129,2286,35.686512
2130,2286,42.530983
2132,2286,31.98527
2251,2286,48.850391
2252,2286,40.060886
2253,2286,60.974468
2255,2286,78.148293
2257,2286,55.32864
2253,2288,92.546822
2124,2302,37.195992
2150,2303,30.364639
2149,2304,73.135536
2150,2304,80.457809
2151,2304,32.200745
2249,2306,38.925636
2256,2306,49.053596
2152,2307,43.970905
2256,2307,76.625305
2257,2307,65.301659
2249,2308,43.175915
2252,2308,61.13945
2253,2308,38.64854
2241,2309,50.043499
2243,2309,82.873863
2251,2309,31.953432
2255,2309,67.466309
2250,2310,38.658924
2240,2311,72.19648
2241,2311,79.951317
2242,2311,91.966507
2243,2311,78.652374
2244,2311,33.776154
2200,2312,32.11311
2239,2312,85.266991
2240,2312,51.46217
2241,2312,95.321075
2244,2312,83.040382
2223,2313,63.697571
2236,2313,92.449287
2241,2313,56.372528
2242,2313,81.803436
2243,2313,78.39109
2251,2313,33.991711
2172,2314,36.243874
2222,2314,51.558308
2197,2315,34.975967
2198,2315,43.642826
2189,2316,36.927551
2191,2316,87.889847
2193,2316,97.650467
2195,2316,38.571609
2197,2316,40.674503
2196,2317,77.602234
2076,2341,30.581987
2184,2341,53.015934
2201,2341,58.260292
2079,2342,32.3661
2201,2342,73.987305
2201,2344,49.72485
2101,2345,72.150803
2102,2345,69.799294
2100,2346,54.005356
2102,2346,30.271605
2103,2346,57.562042
2103,2347,54.261776
2090,2348,38.559624
2091,2348,36.429283
2102,2348,33.223644
2103,2348,64.714531
2103,2349,42.120052
2104,2349,78.856209
2152,2349,54.763531
2153,2349,33.046131
2103,2350,43.959858
2104,2350,96.425499
2152,2350,32.471947
2097,2351,40.347984
2098,2351,45.405502
2099,2351,34.611614
2100,2351,39.738052
2104,2351,60.406151
2194,2351,33.196438
2100,2352,44.527786
2101,2352,69.279396
2102,2352,42.913799
2105,2352,58.888424
2169,2359,71.905212
2170,2360,33.056721
2111,2362,47.933544
2142,2362,56.726154
2169,2362,34.799217
2100,2364,93.047295
2144,2364,66.184044
2146,2364,34.683285
2176,2364,37.610233
2100,2365,34.454941
2101,2365,50.367428
2145,2365,63.539326
2148,2365,57.233765
2167,2365,32.927261
2093,2366,43.720013
2095,2366,68.57708
2102,2366,85.352921
2145,2366,32.112946
2093,2367,49.048462
2101,2367,46.221626
2174,2367,32.66153
2100,2368,64.772751
2101,2368,32.210976
2112,2368,38.004913
2227,2368,53.227684
2228,2368,36.715458
2100,2369,84.14299
2099,2370,32.365921
2150,2371,65.752571
2225,2371,34.039101
2203,2374,39.785526
2206,2374,46.476913
2254,2374,88.879738
2256,2374,68.213333
2197,2375,50.913918
2254,2375,89.520844
2186,2376,51.491928
2187,2376,62.570774
2188,2376,75.078163
2190,2376,41.717861
2193,2376,40.532204
2194,2376,80.966965
2195,2376,40.511421
2214,2376,41.866455
2144,2377,46.349373
2186,2377,54.769825
2188,2377,62.163292
2189,2377,50.104397
2192,2377,80.534233
2193,2377,30.719191
2194,2377,52.675095
2210,2378,47.480347
2203,2380,31.525166
2204,2380,42.006386
2255,2382,59.667267
2171,2383,38.323917
2249,2383,41.476646
2251,2383,33.392563
2249,2384,37.204063
2099,2385,34.445442
2069,2388,34.432674
2171,2388,46.821075
2200,2388,40.379108
2204,2390,31.266314
2087,2391,47.334717
2095,2395,40.958286
2093,2396,73.578819
2094,2396,34.207493
2096,2404,43.223705
2096,2405,82.008644
2100,2406,48.822353
2151,2406,42.74847
2151,2407,45.845284
2227,2409,79.942009
2151,2421,35.855373
2140,2425,33.54459
2146,2426,36.010086
2117,2439,38.746166
2118,2439,85.727684
2119,2439,45.004173
2122,2441,31.346462
2123,2442,71.544899
