216,1167,34.664219
218,1167,30.247164
219,1167,31.265512
221,1167,76.385269
222,1167,34.000961
223,1167,58.885941
224,1167,53.736065
225,1167,48.867855
258,1167,36.822071
239,1169,58.238777
244,1184,45.435822
244,1187,55.25914
167,1207,76.403351
168,1207,31.894886
240,1224,37.746742
163,1229,62.817513
181,1230,34.855827
147,1236,37.09972
146,1239,77.096298
148,1239,40.334499
206,1243,68.526024
206,1244,93.879463
146,1245,45.064262
183,1245,50.67115
207,1245,34.865955
146,1246,46.276535
168,1246,32.151798
207,1246,35.030727
168,1247,30.172812
170,1247,34.282707
181,1247,84.645676
182,1247,47.484966
185,1247,44.492481
175,1248,40.268784
176,1248,41.0317
177,1248,45.934544
178,1248,31.184107
179,1248,88.223785
240,1248,86.556976
146,1249,55.921749
152,1249,56.594238
155,1249,87.505737
240,1249,56.080124
156,1250,77.794678
191,1250,36.966984
199,1250,40.18298
210,1250,99.468307
211,1250,48.476688
239,1250,71.346916
192,1251,36.254448
193,1251,38.081093
194,1251,53.538158
195,1251,39.472317
210,1251,33.31654
228,1251,34.160709
234,1252,40.685783
234,1253,47.338936
234,1254,37.517406
234,1255,39.165249
232,1256,32.036877
233,1256,37.67292
234,1256,35.344097
207,1257,69.479889
232,1257,68.471558
233,1257,68.541374
234,1257,46.954212
157,1258,62.532951
241,1261,61.766071
248,1261,32.211403
224,1268,52.257244
219,1269,40.541859
221,1269,40.349861
222,1269,93.920189
223,1269,34.259056
200,1270,43.797245
227,1270,35.530312
248,1283,43.854908
251,1288,31.857359
153,1291,39.552586
156,1291,57.907341
250,1291,72.842896
241,1294,51.564796
172,1297,54.983669
172,1298,75.504562
148,1299,36.872856
150,1300,39.508286
151,1300,36.159039
162,1300,35.45816
163,1300,42.695267
164,1300,36.731899
166,1300,35.505302
174,1306,86.619865
174,1307,92.913483
174,1308,48.26936
175,1308,30.880234
155,1309,69.824585
151,1311,95.832916
149,1312,73.025932
149,1313,65.199409
150,1313,37.27969
149,1314,65.25589
151,1314,34.137775
152,1314,39.329441
153,1314,32.965469
149,1315,41.893387
150,1315,48.560722
151,1315,43.296631
152,1315,47.796616
154,1315,90.680473
155,1315,39.44413
188,1315,36.751595
150,1316,95.146126
151,1316,90.189621
152,1316,92.48394
153,1316,94.832054
164,1318,32.612461
141,1353,39.86919
142,1353,74.381241
144,1353,70.142502
140,1354,33.971733
141,1354,72.506027
150,1360,67.27166
142,1361,73.494354
143,1361,90.911758
147,1361,60.753746
148,1361,62.433052
149,1361,59.117523
150,1361,57.189781
151,1361,92.184578
152,1361,72.428391
153,1361,82.111992
140,1362,96.558105
141,1362,47.637848
144,1362,31.853151
153,1362,48.972874
179,1362,38.796238
180,1362,42.257278
181,1362,35.852283
177,1363,30.306103
178,1363,34.942612
180,1363,32.295124
179,1364,39.555023
160,1365,97.492981
161,1365,99.40078
163,1365,43.550884
166,1365,36.591454
182,1367,34.604187
182,1368,45.9939
183,1369,55.692974
182,1370,31.624119
181,1375,63.929367
180,1376,78.004303
215,1377,77.281311
213,1378,40.903221
214,1378,39.603382
215,1378,42.370583
139,1380,34.637615
196,1383,69.20108
196,1384,57.692997
196,1385,67.301292
198,1385,48.306892
196,1386,67.894257
199,1386,43.917004
195,1387,44.937366
196,1387,38.903606
216,1392,40.65361
217,1392,58.883442
217,1393,41.140175
216,1394,60.782619
217,1394,41.910938
216,1395,40.71175
217,1395,72.089622
161,1396,38.391781
162,1396,31.621838
162,1397,45.902962
162,1398,82.276039
163,1398,73.484383
164,1398,34.21553
216,1398,97.159348
162,1399,70.341606
163,1399,55.854221
164,1399,44.853886
163,1400,42.985554
163,1401,69.498901
164,1401,52.385963
162,1402,55.363991
163,1402,31.031189
164,1402,69.292793
214,1409,52.207664
214,1410,45.715034
214,1411,37.39769
172,1416,35.177261
154,1417,31.605833
193,1417,77.817535
153,1418,65.719376
154,1418,87.513252
155,1418,81.369522
156,1418,45.989067
160,1418,94.203522
161,1418,95.388618
162,1418,93.160767
164,1418,31.283854
142,1445,33.917351
176,1447,74.753372
182,1447,95.66806
170,1448,51.053802
183,1448,47.582439
154,1449,34.032806
170,1449,31.912586
182,1449,35.398266
183,1449,77.175186
170,1450,98.789314
171,1450,58.738602
181,1450,84.210098
182,1450,95.274307
183,1450,94.000763
141,1455,69.691223
141,1456,34.754681
258,1165,54.612026
189,1166,52.846821
190,1166,39.299625
191,1166,34.057453
202,1166,41.019741
217,1166,31.446339
218,1166,30.927893
219,1166,54.927624
