310,210,66.234222
271,218,31.972609
274,218,41.753296
275,218,83.775734
278,218,47.160942
256,220,35.162849
281,225,35.925735
245,226,35.811279
283,226,33.702332
274,239,67.330627
290,239,40.820068
256,249,45.910431
264,273,99.743752
254,274,34.179947
258,274,35.938934
273,275,38.465324
266,277,35.221977
252,287,37.843796
253,288,74.792671
230,289,73.203049
231,289,72.604538
232,289,50.213581
233,289,40.478924
234,289,43.360489
235,289,52.92485
246,290,32.102486
248,290,45.940037
260,291,93.96035
238,331,34.910583
236,332,32.587418
243,332,58.813309
237,333,30.533535
235,363,98.772057
230,364,55.569515
236,364,64.212151
237,365,33.486675
237,366,38.526993
210,371,65.811005
251,371,34.82991
252,371,35.123569
257,371,76.936745
258,371,99.639862
203,372,41.876934
204,372,65.868149
210,372,54.557316
247,372,31.234085
248,372,31.230452
249,372,33.549381
252,372,50.210506
253,372,68.507607
254,372,96.199265
255,372,98.554657
256,372,79.246246
257,372,45.426483
258,372,89.266174
260,372,66.228348
261,372,75.973305
195,373,59.617462
212,373,57.791836
254,373,46.943218
255,373,31.269339
256,373,53.753723
259,373,46.409721
261,373,69.250572
202,374,47.395344
203,374,54.624592
261,374,38.889332
338,377,49.702503
343,377,58.226189
267,378,42.633575
326,378,39.456009
343,378,58.351189
311,384,37.203308
345,387,35.666676
307,388,37.001869
232,394,31.164986
233,394,55.067928
235,394,77.87661
236,394,45.378014
240,394,42.56469
271,394,39.580688
272,394,41.967144
273,394,31.817764
274,394,35.427258
275,394,31.121071
277,394,35.763889
280,394,43.389484
240,395,30.2766
271,395,31.590181
272,395,30.704041
227,396,32.490078
228,396,35.398739
232,396,35.019619
233,396,30.905834
234,396,41.881344
235,396,60.879032
236,396,35.080315
239,396,85.86203
278,396,48.229103
279,396,85.150398
236,397,66.713203
237,397,57.974342
267,397,36.751934
273,397,30.877134
274,397,34.962475
275,397,33.262768
276,397,32.735054
277,397,51.00515
278,397,71.965675
256,400,51.261429
257,400,56.162151
262,400,54.21423
198,401,61.545013
211,401,55.404186
217,401,90.051537
240,401,41.76334
253,401,32.262775
254,401,36.706158
255,401,78.063622
256,401,75.086899
257,401,36.268303
260,401,70.593468
261,401,49.58374
262,401,35.164799
198,402,83.088791
211,402,79.288422
217,402,71.059364
218,402,49.697998
254,402,32.623676
255,402,49.160824
256,402,36.977097
198,403,38.452644
265,403,31.55983
213,404,56.438976
240,404,42.087212
241,404,73.319824
242,404,54.491238
248,404,39.257828
263,404,48.58585
272,404,33.258648
243,405,38.307919
244,405,35.418037
249,405,61.270287
250,405,40.990791
256,405,77.815681
257,405,57.272743
310,406,39.694744
235,409,50.3484
226,410,64.840446
206,418,33.388245
248,419,50.018364
254,419,44.996563
234,420,50.834541
241,420,69.091919
234,421,63.746796
242,421,30.722389
248,421,83.979012
249,421,56.543495
250,421,91.149834
234,422,57.938442
239,422,43.856754
240,422,32.535652
241,422,41.552998
235,423,75.989136
239,423,31.81983
240,423,41.965572
241,423,89.789482
242,423,39.674065
236,424,47.955505
223,444,38.602451
351,445,30.664362
359,446,47.870804
357,173,70.370232
275,183,73.387985
276,183,50.437973
277,183,40.465584
275,184,46.418598
276,184,46.10046
277,184,65.158096
274,185,98.61351
275,185,54.113369
275,186,60.321236
276,186,53.596405
277,186,64.793793
275,187,81.85881
277,187,73.990181
275,188,95.474983
277,188,47.725967
277,190,39.782776
275,191,86.854141
277,191,37.266296
277,193,36.046089
278,196,62.790653
278,197,74.338303
277,199,31.349556
277,200,31.007494
274,201,51.368885
275,201,65.519264
277,201,41.648853
278,201,99.003296
274,202,65.988525
275,202,34.083328
276,202,30.673838
278,202,96.732567
277,206,35.888359
277,208,82.402435
226,209,32.58812
227,209,57.888172
