2466,850,46.208858
2467,850,47.236881
2465,852,32.67588
2467,853,30.301271
2469,853,31.916801
2472,853,39.727871
2473,853,52.456509
2467,854,54.445137
2441,856,33.008904
2445,856,40.477009
2447,856,48.633419
2448,856,51.599533
2451,856,35.251553
2452,856,31.827114
2457,856,39.131153
2302,859,34.671677
2303,859,39.837822
2303,860,34.878216
2304,860,57.248245
2304,861,37.432053
2301,862,37.192871
2302,862,31.635246
2456,862,44.517128
2258,863,31.337055
2302,863,35.205544
2304,863,39.713734
2464,865,50.515858
2312,866,65.795677
2293,867,52.555641
2258,868,51.994316
2261,868,46.978531
2311,868,55.393864
2263,869,37.939857
2257,870,34.514359
2263,870,36.455441
2264,870,32.017204
2262,871,34.951668
2263,871,40.391632
2264,871,38.611332
2262,872,47.26572
2285,872,30.586571
2263,873,63.709103
2274,873,33.018074
2491,874,42.279575
2264,879,33.454193
2497,879,64.158051
2498,879,48.474545
2271,881,51.578041
2269,882,35.950779
2270,882,30.792524
2337,897,75.571228
2335,898,34.454014
2337,898,33.329205
2342,898,74.945923
2494,899,53.663963
2495,899,43.429924
2257,903,44.131996
2259,903,46.211987
2347,905,83.899918
2324,906,94.134041
2292,909,43.395695
2355,909,83.546509
2355,910,42.409008
2347,912,33.995403
2347,913,80.222748
2347,914,38.955868
2339,918,55.345978
2298,935,43.491119
2261,937,42.604992
2299,937,36.870243
2261,947,34.901577
2270,953,54.15366
2397,953,41.198677
2398,954,36.857548
2254,955,72.882088
2254,956,50.393959
2254,957,75.399643
2254,958,42.499813
2254,959,57.595692
2254,960,39.288376
2253,961,47.427792
2402,961,63.645973
2403,961,35.922424
2404,961,33.650227
2405,961,75.98175
2394,962,30.202404
2403,962,41.48465
2404,962,55.623711
2405,962,69.25264
2396,963,37.896
2291,965,35.112503
2252,966,40.607441
2390,967,35.526138
2403,969,96.305031
2404,969,49.79287
2402,970,41.922607
2404,970,56.826244
2405,970,76.053886
2406,970,93.281075
2392,971,30.48991
2393,975,34.653343
2379,976,38.481922
2379,977,38.619007
2379,978,37.107014
2379,979,39.089214
2379,980,38.073452
2367,984,36.240211
2492,994,64.014496
2249,1012,32.393536
2250,1012,60.308338
2252,1012,33.881714
2255,1012,64.37571
2249,1014,39.453255
2250,1014,37.298153
2249,1015,54.807133
2249,1016,58.581245
2249,1017,49.260612
2250,1017,54.12064
2354,1018,41.567078
2355,1018,49.112305
2313,1021,67.47995
2358,1021,37.425346
2487,1021,40.502293
2266,1022,31.648901
2315,1022,43.122116
2253,1025,73.451027
2314,1025,30.056833
2348,1029,58.008793
2349,1029,53.765919
2354,1051,81.387459
2451,1087,75.58667
2452,1087,60.247639
2450,1088,91.717888
2451,1088,73.355888
2479,1095,82.26104
2446,1096,46.666679
2445,1097,72.071465
2445,1098,50.078472
2455,1098,38.845367
2456,1098,61.888618
2445,1099,36.89827
2479,1100,47.126896
2465,1106,52.38084
2447,1111,86.117943
2279,1112,54.320438
2300,1113,68.468361
2447,1113,31.520927
2312,1118,85.405525
2271,1125,50.859699
2344,1131,87.62648
2350,1131,57.830914
2350,1132,79.606491
2351,1132,50.966228
2350,1133,42.997181
2351,1133,72.882744
2351,1134,31.580166
2250,1135,97.251732
2251,1135,54.376007
2252,1135,33.221687
2350,1135,40.63522
2343,1136,50.306568
2349,1136,45.177826
2350,1136,38.449978
2343,1137,65.583443
2350,1137,31.76104
2352,1137,63.82906
2343,1138,31.645323
2349,1138,45.706566
2350,1138,80.780731
2343,1139,31.335636
2343,1140,34.185776
2344,1140,79.52018
2343,1141,31.921654
2344,1141,72.352562
2342,1142,37.53619
2343,1142,47.891773
2342,1143,38.793739
2342,1144,92.675209
2342,1145,75.990471
2342,1146,43.169926
2499,1146,42.480194
2499,1147,69.480988
2450,844,49.638309
2449,845,49.741928
2450,845,39.359947
