1610,1486,52.091114
1646,1486,39.618504
1445,1487,33.166767
1464,1487,40.070396
1485,1487,42.657925
1572,1487,46.445183
1586,1487,54.790535
1609,1487,40.123634
1612,1487,60.305702
1382,1168,47.731377
1483,1488,43.168167
1590,1488,79.163795
1608,1488,77.188354
1612,1488,36.289452
1619,1488,33.725876
1445,1489,32.766235
1451,1489,53.908905
1454,1489,74.571014
1581,1489,34.312195
1608,1489,52.875107
1728,1170,76.59127
1729,1170,61.097931
1451,1490,37.144958
1453,1490,33.080147
1454,1490,33.183109
1727,1171,71.29464
1728,1171,73.050148
1729,1171,80.986938
1730,1171,74.268539
1520,1490,78.614044
1446,1491,36.762901
1454,1491,33.649769
1457,1491,31.387009
1521,1491,35.591255
1709,1491,66.332748
1454,1492,52.919178
1488,1492,46.338795
1524,1492,61.110783
1589,1492,38.914169
1421,1493,56.71035
1488,1493,62.221329
1587,1493,88.668823
1543,1494,40.455368
1580,1494,70.236229
1582,1494,66.708344
1593,1494,90.676781
1388,1179,69.883629
1546,1496,61.569263
1639,1496,31.185478
1539,1497,47.058662
1546,1497,42.013611
1638,1497,33.297638
1615,1180,58.424709
1413,1498,40.767849
1544,1498,80.73584
1647,1498,36.927746
1648,1498,32.393299
1395,1499,32.128502
1672,1182,62.876949
1540,1500,35.276119
1322,1183,55.124153
1672,1183,62.876949
1578,1501,43.265934
1648,1501,42.455803
1662,1502,73.311501
1435,1503,51.156353
1664,1503,70.320526
1678,1504,41.583714
1679,1504,41.583714
1680,1504,42.724438
1681,1504,42.724438
1677,1505,85.843422
1678,1505,32.224281
1678,1506,75.092545
1660,1189,51.217949
1661,1189,76.489906
1660,1190,53.333359
1661,1508,35.78508
1709,1509,62.627838
1725,1192,72.416748
1726,1192,66.489334
1445,1510,44.653458
1683,1193,34.763195
1709,1510,61.027641
1463,1511,42.046082
1474,1512,75.922752
1405,1515,48.929321
1444,1515,84.735825
1634,1197,85.456284
1640,1197,50.160496
1641,1197,96.104881
1434,1517,34.534973
1444,1517,36.89418
1634,1198,77.854286
1639,1198,37.603954
1640,1198,93.728226
1447,1519,40.249729
1448,1519,58.872257
1466,1202,83.778542
1641,1203,57.531689
1642,1203,32.830334
1451,1204,44.856564
1452,1204,44.636356
1462,1204,35.473568
1570,1204,41.676338
1577,1204,52.997395
1462,1205,35.473568
1702,1524,42.500156
1659,1207,51.149681
1447,1527,95.048088
1448,1527,45.854919
1452,1527,45.832699
1629,1528,68.381767
1640,1210,44.806698
1641,1210,30.548904
1460,1529,45.317497
1461,1529,98.30098
1636,1529,82.948174
1712,1529,87.374535
1639,1211,96.856438
1416,1212,51.805439
1716,1530,93.427856
1415,1213,74.958313
1715,1531,93.427856
1414,1214,94.485199
1415,1214,67.752914
1716,1532,56.300014
1710,1533,57.267647
1711,1533,42.500156
1757,1533,45.090439
1758,1533,88.504456
1411,1215,45.881676
1412,1215,40.771324
1413,1215,35.015759
1414,1215,35.843044
1410,1216,81.805588
1716,1534,35.375
1758,1534,38.902145
1410,1217,80.122925
1411,1217,40.38702
1726,1217,33.19725
1410,1218,72.2911
1347,1535,82.557899
1506,1535,85.24691
1759,1535,49.515709
1726,1219,42.692184
1409,1221,38.481682
1725,1221,42.660114
1727,1221,31.839651
1523,1539,71.324242
1408,1222,91.403664
1409,1222,74.698441
1410,1222,74.698441
1411,1222,44.046139
1413,1222,99.887695
1632,1541,31.57107
1726,1222,64.641815
1410,1223,71.449875
1411,1223,95.665947
1412,1223,72.242432
1593,1542,54.685448
1535,1544,94.198357
1600,1544,59.920486
1540,1545,50.027206
1541,1545,81.858276
1542,1545,81.858276
1543,1545,50.672619
1539,1546,50.027206
1684,1231,38.577072
1685,1231,42.747585
1378,1552,37.919178
1379,1552,36.131554
1380,1552,35.704239
1551,1552,69.838432
1548,1553,50.236149
1551,1553,82.067215
1654,1232,45.4478
1722,1233,46.313133
1377,1554,75.096245
1379,1554,31.511963
1548,1554,82.064674
1551,1554,82.067215
1377,1555,48.77816
1378,1555,46.98056
1547,1555,98.75563
1549,1555,60.453503
1551,1555,69.893898
1552,1555,70.071625
1711,1555,71.616669
1377,1556,71.60836
1379,1556,72.85173
1484,1556,38.598083
1550,1556,79.912071
1551,1556,50.027206
1598,1556,35.815929
1705,1556,31.69961
1457,1236,82.724472
1717,1236,47.59565
1718,1236,41.762203
1557,1557,50.411327
1598,1557,42.536091
1599,1557,39.335938
1601,1557,45.648651
1674,1237,60.794968
1716,1237,44.619377
1704,1558,44.167339
1560,1559,50.236149
1628,1238,42.623608
1660,1238,46.063385
1667,1238,49.171043
1674,1238,96.318199
1742,1238,61.062702
1743,1238,70.848434
1672,1239,46.781712
1674,1239,33.172569
1571,1560,87.370094
1627,1240,36.208988
1557,1561,82.218147
1558,1561,82.067215
1571,1561,69.893898
1573,1561,69.893898
1606,1561,67.005478
1703,1561,43.556061
1627,1241,30.370358
1743,1241,46.5476
1552,1562,42.340313
1557,1562,50.236149
1615,1562,43.438156
1704,1562,33.114452
1456,1242,71.675339
1580,1242,45.10376
1588,1242,38.118187
1589,1242,70.956734
1642,1563,44.424229
1704,1563,47.078217
1566,1564,50.514984
1572,1564,50.514984
1575,1564,50.514984
1704,1564,92.583626
1456,1243,94.516747
1498,1243,45.051647
1588,1243,32.95652
1589,1243,70.206268
1608,1243,83.305901
1627,1243,33.277962
1588,1244,96.177284
1589,1244,65.305115
1723,1244,39.668224
1359,1565,46.637196
1609,1565,46.005371
1704,1565,88.386673
1697,1566,94.060524
1704,1566,63.057167
1625,1245,40.050404
1626,1245,41.402584
1484,1246,41.920212
1485,1246,46.065666
1487,1246,38.500084
1488,1246,38.500084
1628,1246,79.534943
1552,1567,50.027206
1562,1567,50.411327
1704,1567,54.563545
1705,1567,92.583626
1408,1568,39.817024
1409,1568,39.817024
1451,1568,45.699043
1452,1568,45.629028
1453,1568,54.582153
1454,1568,54.336586
1455,1568,44.975338
1456,1568,77.388893
1557,1568,50.3997
1563,1568,70.047371
1706,1568,83.231667
1874,1568,54.0
1485,1247,53.099983
1487,1247,31.700085
1626,1247,47.068592
1483,1248,50.10318
1591,1248,30.4046
1453,1569,49.188313
1454,1569,48.884792
1455,1569,48.941143
1456,1569,48.941143
1458,1569,64.467194
1489,1569,50.027206
1557,1569,81.858276
1590,1249,39.019157
1454,1570,34.053909
1455,1570,31.153908
1457,1570,62.562336
1458,1570,75.815727
1557,1570,81.858276
1620,1570,78.401901
1455,1571,77.960449
1456,1571,88.661591
1557,1571,81.858276
1619,1571,44.499012
1620,1571,93.183907
1414,1572,53.957603
1434,1572,49.272083
1616,1572,38.826229
1414,1574,39.665802
1548,1574,50.027206
1629,1574,51.359875
1755,1254,82.368301
1411,1575,39.02166
1696,1257,32.444828
1512,1258,52.595089
1723,1258,30.968147
1498,1578,57.777206
1510,1259,34.548149
1561,1579,50.411327
1555,1580,82.19577
1556,1580,50.364693
1558,1580,50.364693
1553,1581,50.027206
1589,1581,48.458969
1626,1262,83.954483
1552,1582,81.858276
1553,1582,50.027206
1587,1583,48.433498
1842,1583,38.357491
1550,1585,50.027206
1715,1268,35.294811
1832,1268,93.968399
1760,1269,89.710434
1781,1269,77.571762
1782,1269,83.427986
1830,1269,51.324547
1831,1269,58.850124
1833,1269,86.161507
1834,1269,82.28241
1554,1587,81.858276
1587,1587,30.599594
1780,1270,63.097191
1830,1270,76.419724
1831,1270,45.946259
1834,1270,67.975006
1835,1270,41.702827
1836,1270,37.756508
1811,1271,41.873405
1550,1588,81.858276
1715,1272,34.249355
1808,1272,30.743797
1809,1272,85.942162
1810,1272,36.392406
1813,1272,32.271587
1817,1272,59.235489
1822,1272,50.344307
1512,1273,48.093124
1513,1273,49.85783
1515,1273,31.013371
1810,1273,95.598969
1811,1273,38.032673
1814,1273,60.579353
1413,1274,40.372856
1414,1274,41.038578
1538,1274,43.490135
1781,1274,44.906029
1825,1274,63.221897
1538,1275,35.548943
1539,1275,31.30131
1825,1275,36.784
1496,1595,34.273479
1512,1276,97.577278
1809,1276,47.669807
1822,1276,54.256805
1409,1277,88.367271
1410,1277,85.523643
1513,1277,94.983459
1537,1277,37.238106
1809,1277,79.716583
1810,1277,94.169945
1446,1597,98.979225
1552,1597,87.377182
1638,1598,78.731476
1538,1280,58.799988
1861,1280,41.44833
1616,1599,47.405426
1625,1599,41.345291
1634,1599,30.509895
1624,1600,81.462959
1877,1600,65.848946
1623,1601,47.648178
1624,1601,56.542278
1625,1601,51.844227
1626,1601,84.826736
1830,1281,45.82309
1832,1281,56.889954
1866,1281,54.293617
1833,1282,30.529499
1867,1282,34.194313
1868,1282,35.744808
1711,1283,55.357903
1834,1283,30.103582
1623,1602,87.869568
1624,1602,30.375
1625,1602,72.483208
1626,1602,74.810509
1834,1285,31.724819
1837,1285,47.698105
1406,1605,73.509552
1546,1605,94.151749
1445,1288,30.420641
1530,1288,72.858109
1832,1288,51.291218
1569,1606,66.777969
1574,1606,93.090431
1585,1606,42.165043
1588,1606,78.226357
1579,1607,38.085857
1581,1607,49.096485
1582,1607,60.713032
1583,1607,97.212936
1584,1607,92.962143
1590,1607,43.460411
1583,1608,86.911545
1537,1291,65.321754
1839,1291,30.863251
1782,1609,61.504425
1537,1292,33.785465
1839,1292,64.861626
1846,1292,67.644234
1535,1293,45.660858
1841,1293,42.495361
1841,1294,39.705902
1850,1295,57.038754
1852,1295,53.886166
1853,1295,41.101357
1583,1613,74.599121
1841,1296,43.546162
1850,1296,47.27578
1841,1297,69.589706
1842,1297,38.166004
1844,1297,43.06078
1850,1297,79.690491
1865,1297,61.23822
1866,1297,49.682518
1843,1300,35.666679
1642,1301,74.238892
1843,1301,40.461231
1844,1301,42.307575
1648,1302,65.589905
1841,1302,45.944294
1842,1302,77.259537
1843,1302,56.983517
1844,1302,42.639332
1845,1302,40.184082
1846,1302,46.873238
1841,1303,64.984688
1842,1303,68.83181
1845,1303,36.546669
1863,1303,55.845135
1865,1303,55.845135
1561,1305,71.483337
1791,1305,50.032154
1539,1306,65.617645
1664,1306,33.539444
1790,1306,36.746208
1571,1307,78.610947
1788,1307,43.38295
1638,1309,62.176937
1638,1310,42.988026
1640,1311,40.586029
1568,1312,36.011299
1640,1312,54.064072
1665,1312,35.555851
1787,1312,31.443567
1573,1313,81.457024
1783,1313,75.835182
1783,1314,34.589001
1751,1315,32.882496
1639,1316,54.739357
1658,1316,60.760777
1638,1317,66.142303
1845,1317,94.958778
1644,1318,86.01786
1657,1318,32.299629
1648,1319,86.286751
1641,1320,30.553904
1644,1321,73.498611
1645,1321,67.535805
1655,1321,95.095749
1698,1322,47.556271
1767,1322,42.960709
1642,1323,69.633881
1646,1323,77.150246
1766,1323,65.748833
1646,1324,89.704071
1654,1324,89.894005
1766,1324,91.188354
1764,1325,32.007271
1765,1325,52.782829
1766,1325,65.748833
1762,1326,47.076958
1767,1326,42.960709
1823,1326,97.018074
1825,1327,96.978966
1844,1327,59.402241
1843,1328,63.109688
1844,1328,70.819504
1844,1330,32.860001
1617,1652,65.277763
1618,1652,87.980202
1624,1652,36.219837
1625,1652,36.219837
1824,1331,48.258526
1843,1331,34.361614
1844,1331,69.825874
1630,1653,51.044014
1634,1653,66.794014
1637,1653,30.706108
1299,1332,33.880692
1309,1332,31.532461
1310,1332,31.532461
1311,1332,30.070923
1845,1332,83.743217
1577,1654,54.55912
1578,1654,81.554642
1616,1654,42.341591
1629,1654,50.424866
1630,1654,50.424866
1631,1654,50.424866
1299,1333,31.20507
1300,1333,30.454697
1302,1333,30.454697
1303,1333,30.454697
1305,1333,30.454697
1306,1333,30.454697
1616,1655,42.341591
1299,1334,37.398338
1309,1334,36.732792
1755,1336,33.396626
1615,1658,33.119381
1615,1660,45.942146
1824,1338,32.730927
1755,1339,46.961575
1823,1339,89.08242
1836,1339,68.004318
1842,1339,32.833576
1843,1339,63.888912
1615,1661,87.208817
1615,1662,62.242149
1526,1340,77.908035
1839,1340,72.289528
1842,1340,90.165489
1615,1663,57.121548
1615,1664,62.242149
1552,1342,42.585876
1457,1343,44.725754
1712,1343,73.983437
1614,1666,40.322327
1615,1666,58.599998
1615,1667,48.0
1633,1668,65.065865
1751,1346,37.705475
1528,1347,94.188454
1751,1347,40.429504
1483,1348,33.783138
1553,1348,41.978836
1751,1348,55.465702
1760,1348,60.739304
1483,1349,71.714035
1488,1349,59.065811
1751,1349,35.999496
1807,1350,62.660591
1598,1351,97.459167
1599,1351,67.857216
1807,1351,63.89085
1808,1351,66.532501
1467,1352,33.647381
1520,1352,99.024529
1526,1352,40.363209
1598,1352,55.713856
1599,1352,31.086552
1793,1352,93.128738
1810,1352,30.139217
1811,1352,78.395363
1812,1352,92.861389
1833,1352,77.112152
1834,1352,58.053844
1526,1353,31.559288
1805,1353,42.114433
1818,1353,43.968925
1819,1353,51.280434
1824,1353,60.474274
1826,1353,44.790798
1829,1353,59.284065
1830,1353,40.926247
1831,1353,48.209579
1832,1353,37.964645
1836,1353,71.488487
1837,1353,70.862556
1839,1353,94.88858
1864,1353,38.690559
1865,1353,46.615913
1874,1353,67.772278
1561,1354,44.756668
1600,1354,34.484299
1805,1354,41.212509
1825,1354,45.448975
1826,1354,42.772911
1828,1354,31.435167
1835,1354,34.373291
1838,1354,97.242332
1864,1354,90.307693
1865,1354,34.456219
1875,1354,63.151306
1876,1354,32.260376
1877,1354,42.478848
1482,1355,43.237587
1805,1355,59.572304
1840,1355,74.978622
1865,1355,41.526798
1795,1060,63.904282
1526,1356,36.67075
1527,1356,36.682377
1633,1356,50.216835
1652,1356,90.077621
1789,1356,48.40686
1805,1356,71.095497
1839,1356,30.846275
1424,1357,91.285561
1500,1357,96.316124
1571,1357,61.475105
1576,1357,80.558678
1649,1357,78.397385
1650,1357,55.53297
1651,1357,54.323849
1653,1357,96.95311
1805,1357,42.94957
1500,1358,77.180382
1572,1358,69.872795
1649,1358,59.400822
1652,1358,67.332108
1654,1358,44.207737
1789,1358,37.605434
1805,1358,56.005775
1842,1358,53.673096
1498,1359,37.808666
1510,1359,34.041027
1549,1359,49.046513
1650,1359,61.076225
1842,1359,36.702465
1504,1360,43.701527
1507,1360,43.62698
1509,1360,34.04784
1549,1360,66.20153
1553,1360,34.316151
1591,1360,46.513115
1593,1360,59.418793
1651,1360,79.732185
1616,1681,52.095154
1504,1361,37.14827
1507,1361,51.269321
1582,1361,93.557716
1591,1361,53.371635
1650,1361,59.678825
1804,1361,50.137955
1842,1361,84.438385
1500,1362,88.292908
1504,1362,66.081604
1842,1362,32.580284
1804,1363,31.856407
1510,1364,74.132965
1522,1364,44.640858
1555,1364,30.245407
1563,1364,42.30872
1593,1364,72.136665
1650,1364,59.542488
1841,1364,33.634876
1510,1365,30.719637
1555,1365,42.812611
1591,1365,58.855892
1648,1365,78.064812
1649,1365,75.657303
1650,1365,68.693359
1760,1365,43.745575
1507,1070,39.743698
1509,1070,63.333523
1511,1070,82.66658
1511,1366,48.274551
1521,1366,97.433731
1522,1366,75.82782
1581,1366,45.264252
1648,1366,42.746822
1649,1366,39.825134
1650,1366,70.365181
1511,1367,32.128445
1591,1367,73.169571
1652,1367,36.347927
1591,1368,72.944977
1769,1368,60.088078
1771,1368,89.503883
1824,1368,42.085838
1841,1368,82.58477
1510,1369,48.103741
1555,1369,79.37188
1771,1369,38.490868
1772,1369,93.999237
1773,1369,71.360168
1774,1369,75.990974
1819,1369,40.179756
1820,1369,96.728409
1823,1369,39.302055
1824,1369,39.055565
1825,1369,45.265663
1840,1369,58.625977
1775,1370,73.356621
1776,1370,77.476883
1804,1370,41.485123
1812,1370,34.690617
1814,1370,48.004002
1815,1370,91.36647
1817,1370,41.131844
1818,1370,39.679985
1819,1370,84.846825
1820,1370,54.609928
1821,1370,32.945766
1822,1370,62.596821
1841,1370,91.738724
1508,1371,37.624569
1509,1371,65.507202
1577,1371,48.134346
1579,1371,40.866123
1777,1371,43.339878
1778,1371,39.772453
1780,1371,85.424019
1813,1371,47.381905
1814,1371,64.64415
1828,1371,42.264099
1830,1371,70.508827
1840,1371,31.733988
1841,1371,84.655746
1506,1372,38.680195
1508,1372,32.61132
1587,1372,85.922745
1779,1372,37.163589
1782,1372,65.997078
1785,1372,64.351448
1804,1372,47.81152
1807,1372,39.057804
1808,1372,31.738413
1827,1372,39.769321
1576,1373,53.740002
1577,1373,86.229012
1786,1373,46.294456
1803,1373,40.91
1807,1373,61.665352
1808,1373,52.042431
1810,1373,64.13707
1832,1373,54.193016
1513,1374,66.443611
1514,1374,82.498344
1834,1374,48.079403
1526,1375,34.453186
1574,1375,88.154404
1538,1376,50.148151
1590,1376,45.567886
1651,1376,90.111725
1589,1377,45.263496
1590,1377,45.987972
1721,1082,64.136612
1722,1082,81.046425
1723,1082,36.69463
1724,1082,32.534515
1727,1082,38.547356
1721,1083,49.574615
1722,1083,55.329296
1723,1083,37.882145
1724,1083,49.121666
1525,1378,69.196983
1526,1378,79.664459
1590,1378,46.817127
1557,1379,55.724731
1721,1084,53.803333
1722,1084,36.097569
1727,1085,56.339314
1517,1380,41.587154
1529,1380,40.235996
1540,1380,59.567024
1541,1380,40.285366
1542,1380,40.285366
1543,1380,40.285366
1589,1380,60.444481
1565,1381,68.822327
1726,1086,48.953499
1521,1382,40.183994
1554,1382,34.857101
1584,1382,88.86747
1594,1382,93.602867
1722,1087,34.435547
1554,1383,34.553581
1516,1384,84.516037
1518,1384,79.450233
1607,1384,46.594578
1514,1385,84.661079
1606,1385,71.429115
1720,1089,34.314812
1517,1386,98.037811
1720,1090,44.517765
1527,1387,40.362324
1528,1387,52.535652
1719,1091,47.05954
1720,1091,66.585037
1719,1092,44.540737
1888,1092,57.26902
1719,1093,44.36998
1526,1388,40.058872
1527,1388,59.354893
1607,1388,35.925888
1769,1388,31.782898
1516,1389,55.703541
1764,1389,79.93158
1765,1389,45.579029
1719,1094,68.394089
1719,1095,55.600002
1515,1390,55.478851
1760,1390,38.038921
1771,1390,45.118996
1772,1390,37.412334
1773,1390,56.11467
1515,1391,57.885471
1609,1391,64.053505
1773,1391,52.98563
1776,1391,64.765892
1719,1096,41.349747
1509,1392,47.197079
1515,1392,60.564445
1609,1392,59.207443
1615,1392,80.828171
1775,1392,78.152252
1776,1392,43.987667
1730,1393,54.263458
1780,1393,33.747784
1726,1098,32.23296
1727,1098,33.457928
1505,1394,74.295891
1609,1394,73.205849
1728,1394,31.763086
1718,1099,39.055004
1509,1395,63.558086
1511,1395,55.131588
1508,1396,70.176071
1510,1396,55.579971
1511,1396,99.318596
1782,1396,46.899139
1783,1396,50.78756
1777,1397,42.861919
1783,1397,62.039593
1502,1398,63.185616
1508,1398,73.755814
1509,1398,60.416115
1718,1100,36.95639
1719,1100,31.397673
1726,1100,35.383034
1727,1100,47.04171
1718,1101,40.755886
1726,1101,32.999279
1744,1398,68.995148
1781,1398,59.633411
1506,1399,68.332481
1507,1399,73.2621
1602,1399,31.203032
1778,1399,46.285713
1779,1399,50.327045
1780,1399,34.075798
1782,1399,41.875294
1783,1399,30.572365
1726,1102,48.089851
1504,1400,68.500397
1505,1400,61.04089
1510,1400,42.275337
1511,1400,80.001282
1778,1400,30.14135
1779,1400,42.069984
1782,1400,36.024323
1783,1400,30.961472
1718,1104,31.070427
1610,1401,34.746376
1497,1403,68.274185
1499,1403,68.36908
1503,1403,56.046463
1609,1403,31.154053
1727,1403,74.50042
1682,1107,98.172813
1499,1404,61.68034
1500,1404,63.254261
1501,1404,80.964958
1502,1404,60.697025
1609,1404,56.627819
1727,1404,78.070457
1498,1405,67.923492
1563,1405,87.086166
1608,1405,47.210804
1725,1405,32.869301
1726,1405,44.709797
1727,1405,37.226192
1738,1405,34.307274
1563,1406,46.841091
1608,1406,50.575138
1612,1406,69.465805
1725,1406,67.547577
1726,1406,63.68745
1727,1406,31.110247
1728,1406,54.679844
1737,1406,35.806179
1739,1406,31.124817
1440,1407,44.756912
1504,1407,79.323601
1559,1407,36.059193
1728,1407,52.591766
1556,1408,35.587276
1567,1408,50.252613
1600,1408,36.442413
1491,1409,86.855576
1551,1409,30.179184
1550,1411,38.471069
1717,1411,30.97839
1718,1411,40.820976
1567,1412,44.816357
1718,1412,40.680832
1719,1412,34.736744
1716,1115,30.959711
1716,1116,30.959711
1492,1414,36.323246
1555,1414,35.997688
1481,1415,36.191601
1633,1416,98.52459
1638,1416,63.67627
1714,1416,48.585476
1716,1416,31.124817
1670,1418,34.106209
1717,1418,36.25
1718,1418,68.500031
1729,1119,64.254997
1729,1120,65.309898
1593,1419,31.264534
1718,1419,32.900051
1713,1420,32.105064
1718,1420,35.231621
1633,1421,37.683796
1623,1422,70.626099
1729,1123,91.434807
1503,1124,48.900906
1389,1423,41.814941
1445,1423,33.666321
1454,1423,33.584633
1628,1423,30.201529
1630,1423,30.886841
1633,1423,43.104179
1714,1423,84.286621
1715,1423,40.973099
1716,1423,60.373409
1626,1424,81.910507
1630,1424,31.606728
1715,1424,36.704494
1716,1424,68.944611
1774,1125,32.349136
1464,1425,37.46479
1631,1425,82.339272
1632,1425,92.807549
1712,1425,77.483139
1714,1425,44.195694
1715,1425,69.546036
1502,1126,79.447685
1629,1426,34.672661
1710,1426,45.09893
1711,1426,46.256618
1715,1426,64.933762
1688,1127,63.696671
1689,1127,30.610563
1457,1427,44.440483
1709,1427,46.381317
1716,1427,64.6437
1718,1427,69.258301
1709,1428,46.747261
1710,1428,68.455139
1740,1428,65.700699
1686,1128,68.669464
1687,1128,45.099709
1684,1129,93.038963
1685,1129,45.802711
1686,1129,30.771605
1774,1129,77.655487
1361,1429,31.199291
1683,1130,83.793381
1684,1130,33.310181
1632,1429,42.270012
1636,1429,99.166611
1739,1429,75.138031
1740,1429,66.414902
1633,1430,80.351074
1681,1131,77.728615
1634,1430,68.889206
1635,1430,35.253387
1682,1131,48.412697
1695,1131,57.313431
1696,1131,40.179943
1714,1430,94.891716
1774,1131,45.213387
1774,1132,50.254833
1460,1431,33.503471
1739,1431,94.399879
1460,1432,88.273079
1461,1432,59.192001
1718,1432,33.026222
1680,1133,54.167332
1774,1133,36.858589
1365,1433,30.938225
1775,1134,56.142548
1441,1433,43.653545
1442,1433,33.170139
1443,1433,52.268307
1669,1433,46.932816
1670,1433,94.257233
1669,1434,30.146397
1701,1435,46.983074
1776,1135,65.829376
1777,1136,56.142548
1628,1438,39.18618
1778,1137,36.858589
1779,1137,50.628551
1775,1138,52.181156
1773,1139,55.146954
1774,1139,52.181156
1775,1139,77.568642
1773,1140,45.541401
1777,1441,38.885201
1831,1441,45.7187
1522,1442,59.355984
1772,1143,45.759941
1773,1143,73.288628
1474,1443,62.904465
1582,1443,30.734955
1783,1443,75.981651
1836,1443,56.736954
1381,1144,61.563885
1469,1444,34.019707
1470,1444,34.91032
1582,1444,30.473579
1784,1444,55.110081
1835,1444,42.141426
1439,1445,64.282471
1399,1146,50.189568
1406,1447,33.242424
1595,1447,31.51218
1597,1447,30.734955
1784,1447,49.784184
1843,1447,38.404968
1399,1147,41.497032
1400,1147,30.148939
1581,1448,31.920948
1598,1448,30.941351
1843,1448,56.126259
1846,1448,31.43372
1847,1448,71.906425
1373,1148,84.91153
1588,1449,30.734955
1589,1449,30.941351
1590,1449,34.295986
1591,1449,41.768948
1844,1449,56.126259
1587,1450,30.941351
1590,1450,30.941351
1597,1450,40.768948
1845,1450,67.230148
1851,1450,43.148033
1588,1451,44.57914
1589,1451,42.44059
1598,1451,30.734955
1610,1451,32.235291
1584,1452,46.824409
1589,1452,32.329399
1599,1452,57.290165
1610,1452,96.642113
1611,1452,53.506264
1612,1452,49.561539
1700,1152,51.373459
1580,1453,37.043785
1582,1453,76.31292
1583,1453,74.557869
1584,1453,41.327419
1585,1453,33.306385
1612,1453,71.433495
1614,1453,51.043945
1694,1453,38.427795
1586,1454,69.158112
1590,1454,73.261108
1593,1454,60.422455
1614,1454,31.125347
1615,1454,51.022682
1616,1454,33.4688
1680,1454,37.34708
1643,1153,70.611107
1699,1153,50.862236
1718,1153,49.080566
1644,1154,66.476166
1726,1154,30.560978
1420,1455,62.111866
1582,1455,31.346481
1672,1455,64.962219
1681,1455,55.444538
1683,1455,79.248741
1740,1455,82.332687
1726,1155,62.201679
1683,1456,94.405807
1694,1456,31.612795
1661,1156,93.030075
1726,1156,35.902828
1405,1457,45.699886
1582,1457,32.160488
1614,1457,31.909538
1680,1457,62.443695
1684,1457,95.348534
1739,1457,34.382778
1726,1157,33.217537
1399,1458,38.154243
1658,1458,59.429626
1558,1459,55.634697
1660,1459,84.878059
1392,1161,66.90947
1575,1460,66.098755
1748,1460,57.775227
1392,1162,74.831993
1393,1162,33.898018
1406,1162,88.531265
1575,1461,61.171497
1576,1461,64.578407
1612,1461,70.728798
1613,1461,35.697624
1748,1461,36.308121
1749,1461,79.463875
1754,1461,62.436363
1755,1461,68.525902
1406,1462,46.363682
1413,1462,73.339134
1477,1462,37.073364
1579,1462,36.642822
1645,1462,39.893539
1691,1462,35.179886
1749,1462,47.294533
1751,1462,59.194172
1752,1462,50.346287
1753,1462,31.245049
1614,1463,59.96933
1639,1463,44.537651
1748,1463,51.261574
1749,1463,51.370815
1754,1463,40.648087
1755,1463,66.476707
1757,1463,65.39418
1581,1464,40.876518
1638,1464,53.849312
1638,1465,80.776588
1641,1465,53.094128
1643,1465,41.06094
1739,1465,54.253029
1403,1466,50.883354
1639,1466,70.243156
1640,1466,87.410233
1642,1466,88.94529
1644,1466,75.704041
1645,1466,85.763496
1470,1467,35.64156
1471,1467,64.766319
1575,1467,37.570095
1580,1467,35.030411
1646,1467,76.419136
1757,1467,42.905609
1525,1468,35.291515
1747,1469,63.770988
1749,1469,33.506081
1747,1470,38.371258
1748,1470,88.497528
1750,1470,86.39167
1753,1470,46.126976
1754,1470,34.822624
1755,1470,43.134418
1747,1471,38.788578
1751,1471,50.458839
1754,1471,55.212791
1755,1471,64.770432
1756,1471,46.895821
1463,1472,66.456985
1750,1472,80.594971
1751,1472,84.630745
1467,1474,35.573635
1468,1474,35.865498
1637,1474,33.879868
1467,1475,77.602722
1597,1475,47.33601
1598,1475,30.951868
1577,1476,52.841965
1599,1476,34.071392
1404,1477,43.347584
1578,1477,52.17878
1632,1477,66.98558
1411,1478,56.732922
1465,1478,55.753914
1536,1478,99.190422
1578,1478,45.42141
1630,1478,34.331276
1631,1478,76.671944
1632,1478,55.685383
1465,1479,44.356964
1631,1479,47.349998
1638,1479,35.716625
1697,1479,43.934448
1328,1480,47.721565
1400,1480,52.9291
1401,1480,30.159658
1624,1480,48.470188
1631,1480,39.585476
1398,1481,49.873634
1399,1481,48.638348
1401,1481,84.429588
1402,1481,51.652447
1397,1482,70.477722
1403,1482,58.685081
1412,1482,34.678318
1616,1482,43.778107
1644,1482,35.061668
1642,1483,42.16399
1409,1484,47.268475
1418,1484,51.840611
1419,1484,97.858864
1545,1484,35.049843
1546,1484,41.752319
1613,1484,58.714558
1618,1484,81.337708
1639,1484,44.65963
1642,1484,36.70702
1636,1165,63.599995
1640,1165,31.799984
1644,1165,82.022072
1401,1485,33.628071
1418,1485,52.31361
1422,1485,99.703247
