324,2448,47.858685
325,2448,40.362347
326,2448,46.858227
327,2448,40.636467
328,2448,36.781464
329,2448,43.497894
350,2448,58.083298
360,2448,42.075199
480,2130,37.609917
328,2449,52.416752
337,2449,41.675621
479,2131,86.053085
321,2450,30.365042
323,2450,45.394547
324,2450,39.307178
325,2450,31.222166
326,2450,65.589149
327,2450,37.327259
478,2132,35.646633
481,2132,33.888794
321,2451,40.653088
322,2451,48.385227
323,2451,46.943565
327,2451,57.191387
328,2452,98.765785
397,2135,83.439674
328,2453,39.270832
328,2454,81.130096
397,2136,50.608688
400,2136,35.194778
398,2137,43.124855
454,2137,31.202457
455,2137,46.388203
328,2455,36.390385
328,2456,83.85759
319,2457,40.388725
328,2457,93.907845
454,2138,45.160698
457,2138,94.346153
460,2138,95.555397
328,2458,86.332382
329,2458,57.317028
393,2139,59.60289
458,2139,52.58424
327,2459,67.192215
394,2140,40.24958
456,2140,76.427132
457,2140,33.712654
458,2460,71.509239
394,2141,99.569023
454,2141,56.780724
458,2141,39.339684
459,2141,65.588058
460,2141,58.351368
395,2142,60.281864
398,2142,34.537735
454,2142,49.451271
457,2142,46.785145
458,2142,60.172462
460,2142,77.15274
457,2143,82.453712
330,2464,81.98037
446,2144,46.887444
328,2465,59.673256
329,2465,60.728146
329,2466,32.75053
328,2467,37.846371
328,2468,37.754642
327,2469,30.469706
341,2469,59.345253
342,2469,66.553375
384,2474,73.444458
384,2475,54.579529
319,2476,39.303864
341,2476,89.814911
342,2476,88.67083
343,2476,93.111076
344,2476,37.974052
345,2476,40.360146
507,2478,88.148628
508,2478,41.071419
507,2479,52.247334
506,2484,56.835281
357,2485,41.832138
357,2486,41.269604
319,2487,78.092194
320,2489,59.534081
323,2489,33.111111
327,2489,46.457611
385,2170,64.240974
320,2490,46.717915
328,2490,81.866104
357,2490,71.985344
319,2491,70.50824
320,2491,85.167007
321,2491,39.067402
327,2491,30.250854
357,2491,60.728077
320,2492,70.182701
328,2492,52.950836
357,2493,42.668674
372,2493,33.079891
318,2494,31.861727
378,2494,31.221792
372,2495,33.436886
373,2495,41.438244
378,2495,75.427803
372,2499,45.530716
374,2499,60.68103
378,2181,81.217628
467,2194,34.682327
396,2200,57.666481
397,2200,57.666481
469,2210,36.922752
404,2221,33.847282
469,2225,40.752792
402,2226,35.181347
402,2228,44.32526
507,2228,88.694496
405,2229,39.41288
508,2230,73.86924
402,2231,43.506805
508,2231,73.86924
345,2232,70.032455
402,2234,78.850052
402,2235,51.571114
403,2235,64.782166
496,2235,94.124756
403,2236,36.925777
495,2236,44.07032
496,2236,33.573242
497,2236,43.025444
496,2237,39.541313
509,2237,78.103195
387,2238,67.718628
491,2238,79.909859
509,2238,78.478195
399,2239,38.049198
400,2239,31.942869
494,2239,45.152035
497,2239,34.391487
508,2239,78.434555
495,2240,34.220425
496,2240,67.830421
497,2240,34.194145
510,2240,68.869232
523,2240,86.173523
375,2241,50.440197
389,2241,33.278484
495,2241,59.888973
496,2241,35.250462
497,2241,70.570084
497,2242,61.731552
374,2244,67.39489
397,2248,39.214508
402,2248,61.221447
396,2249,33.567165
397,2249,46.120712
384,2250,62.097935
395,2250,92.277145
396,2250,87.344986
384,2251,83.108284
385,2251,30.105989
390,2251,48.127831
391,2251,62.192104
393,2251,45.08287
395,2251,53.20768
396,2251,72.600525
397,2251,31.372602
384,2252,71.68383
385,2252,82.107117
386,2252,70.398331
387,2252,46.458332
388,2252,87.952637
389,2252,49.773434
396,2252,59.94968
386,2253,69.719467
393,2253,47.025734
394,2253,53.781952
396,2253,85.443169
404,2253,36.725124
405,2253,35.309826
394,2254,57.724213
404,2254,47.084084
405,2254,84.396873
464,2254,35.917515
340,2255,74.0
395,2255,87.611862
462,2255,74.622574
463,2255,86.649223
464,2255,73.232422
402,2256,48.648434
463,2256,77.892151
463,2257,66.758698
461,2263,38.11499
461,2264,44.83004
462,2264,42.808323
462,2265,42.818012
525,2265,59.230942
490,2268,32.599998
491,2268,35.75
493,2268,43.383968
494,2268,68.545189
495,2268,62.489052
344,2269,91.381775
490,2269,34.0
493,2269,34.5513
494,2269,60.099289
495,2269,89.498207
488,2270,79.772186
489,2270,67.815475
490,2270,60.061218
492,2270,56.932911
470,2275,37.349785
470,2276,69.555168
470,2277,67.581993
380,1974,31.610695
368,1975,80.7174
369,1975,86.447334
345,1976,39.926777
346,1976,44.314388
351,1976,63.313511
352,1976,44.016201
368,1976,87.979301
344,1977,47.799015
345,1977,44.314388
351,1977,39.544216
356,1977,80.313156
368,1977,87.979301
345,1978,45.34766
368,1978,71.317162
440,1978,84.986687
344,1979,31.848118
353,1979,43.217213
368,1980,68.106964
486,1980,39.545822
344,1981,30.161634
368,1981,90.494698
369,1982,31.537683
370,1982,35.96463
369,1983,57.699837
388,2304,89.034859
359,1984,63.973583
369,1984,93.814491
370,1984,32.724789
344,1985,37.923195
369,1985,46.409367
344,1986,42.276493
358,1986,42.970306
344,1987,32.109653
357,1987,58.755806
358,1987,68.434288
343,1988,97.824417
344,1988,37.445332
483,1989,38.539169
484,1989,39.393517
344,1990,41.414104
482,1990,56.525631
481,1991,34.72728
483,1991,32.295288
383,2311,39.761768
383,2312,53.428093
324,2313,48.066498
383,2313,60.131985
454,2313,30.4757
481,1992,46.666672
482,1992,30.000038
439,1993,97.975761
481,1993,46.666672
482,1993,32.769279
454,2315,74.526619
502,2315,73.227531
439,1994,52.548023
333,2316,72.978607
339,2316,79.397392
340,2316,73.747009
341,2316,91.571159
454,2316,69.622879
476,2316,63.464428
439,1995,44.886211
454,2317,57.357227
476,2317,65.366066
477,2317,44.770142
503,2317,71.417915
440,1996,40.190727
342,1997,41.475933
440,1997,41.739117
441,1997,97.076332
453,2318,44.280979
454,2318,56.818489
470,2318,41.051735
342,1998,48.796673
357,1998,43.375973
439,1998,53.63184
470,2319,83.048058
471,2319,30.389992
341,1999,81.862808
342,1999,33.385376
367,1999,69.658943
439,1999,61.008469
493,1999,77.969131
439,2000,58.803474
470,2320,95.708282
471,2320,41.399353
471,2321,51.373825
472,2321,32.042755
358,2001,61.187393
384,2001,40.956909
414,2001,72.989616
438,2001,41.316235
344,2002,68.851379
472,2322,33.631302
472,2323,52.425152
472,2324,63.261375
502,2324,46.292107
342,2326,65.345589
492,2328,72.68911
344,2008,49.08593
337,2330,37.479095
338,2330,66.480011
333,2331,47.095085
352,2331,41.447067
400,2010,31.502665
401,2010,45.692749
403,2010,33.074898
403,2011,84.580696
332,2332,51.143188
439,2014,60.933578
412,2015,43.639103
439,2015,37.689865
439,2016,37.689865
368,2017,71.008995
439,2017,36.868011
369,2018,37.313087
402,2018,67.731308
404,2019,71.205551
405,2019,42.004707
406,2019,90.729866
403,2020,62.259468
405,2020,36.335621
406,2020,43.007298
344,2021,90.180481
405,2021,85.524338
404,2022,41.997257
328,2343,84.304016
341,2345,86.030594
332,2351,33.346535
334,2351,30.016376
336,2352,35.558491
337,2352,61.45108
338,2353,51.489117
361,2353,50.663887
472,2353,92.819649
454,2357,76.526627
458,2357,52.586815
523,2040,60.354774
524,2040,60.105885
447,2041,66.496948
448,2041,30.132126
517,2041,32.379356
525,2041,63.959332
526,2041,45.472683
527,2041,72.149666
528,2041,67.615273
529,2041,54.50425
530,2041,56.166969
531,2041,68.067734
532,2041,68.173889
533,2041,68.173889
534,2041,67.611969
535,2041,67.228249
518,2042,89.30526
523,2042,96.784286
524,2042,96.59198
525,2042,44.740608
526,2042,32.240612
530,2042,31.376936
531,2042,44.788025
532,2042,66.84903
533,2042,62.277802
535,2042,67.008171
499,2044,75.331299
500,2044,71.80722
501,2044,87.53801
502,2044,73.840408
503,2044,75.139664
382,2364,57.757256
498,2045,93.9319
495,2046,83.319321
496,2046,68.649216
497,2046,51.679482
498,2046,42.972992
499,2046,59.459564
500,2046,51.317131
501,2046,31.228956
502,2046,31.228956
503,2046,42.96933
504,2046,62.479885
383,2365,52.525528
385,2365,33.545284
462,2047,33.929489
495,2047,78.971703
496,2047,75.74839
497,2047,68.295715
498,2047,85.288086
499,2047,64.980293
500,2047,87.842056
501,2047,44.637169
502,2047,56.682575
503,2047,44.417225
504,2047,40.754112
383,2366,39.308277
396,2366,35.797592
462,2048,42.275078
463,2048,64.403442
500,2048,47.511559
501,2048,48.646091
502,2048,47.724842
503,2048,46.814507
504,2048,47.724842
505,2048,47.724842
463,2049,66.072144
464,2049,44.201668
384,2367,62.546074
383,2368,34.429401
384,2368,82.031403
367,2374,94.098251
369,2374,68.28157
370,2374,85.351906
371,2374,73.541565
369,2375,68.741577
370,2375,97.635895
371,2375,64.753723
373,2375,92.611816
370,2376,34.191414
371,2376,32.791241
372,2376,66.027893
373,2376,67.465652
377,2061,34.933193
520,2382,43.352371
375,2062,43.971733
430,2062,32.489635
388,2387,43.332088
395,2067,69.817696
368,2390,59.545784
462,2390,72.001144
472,2390,86.152306
475,2390,80.313339
476,2390,84.092331
477,2390,58.545597
478,2390,58.74366
398,2393,40.929317
399,2393,38.892265
400,2393,34.080269
420,2393,50.755104
439,2072,40.990204
438,2073,59.029724
439,2073,34.832542
399,2394,51.233379
400,2394,32.484921
420,2395,98.835388
432,2074,33.744427
437,2074,74.348053
439,2074,33.74585
384,2075,35.269382
396,2397,69.287704
408,2397,65.325005
431,2075,87.612648
432,2075,43.696461
437,2075,78.269669
439,2075,36.786213
376,2076,55.295776
378,2076,92.603683
379,2076,91.368813
396,2076,52.76825
439,2076,93.803818
409,2398,93.577011
378,2077,78.847099
379,2077,41.312618
437,2077,73.964378
439,2077,62.779053
397,2399,95.355148
408,2399,76.085976
414,2399,66.145264
415,2399,34.934258
490,2399,34.594276
493,2399,59.356216
379,2078,49.009628
432,2078,46.530033
396,2400,43.431278
397,2400,39.699909
399,2400,74.40802
400,2400,51.680565
403,2400,93.140038
404,2400,62.867451
405,2400,60.621902
406,2400,42.531914
407,2400,48.6488
414,2400,35.452938
480,2400,50.692955
488,2400,65.324593
489,2400,60.923157
493,2400,88.411087
500,2400,76.758286
414,2401,32.295883
481,2401,65.656525
483,2401,87.892067
492,2401,39.42778
500,2401,66.813461
440,2079,81.304749
445,2079,36.378479
446,2079,52.894821
447,2079,48.56245
448,2079,96.40377
439,2080,53.652454
494,2402,51.062386
493,2403,77.263992
494,2403,54.391743
388,2404,33.699806
488,2404,70.100281
490,2404,90.971771
492,2404,94.67617
493,2404,68.406929
494,2404,68.406929
368,2405,44.783333
371,2405,36.574989
526,2083,77.557991
348,2406,75.118942
371,2406,36.600014
372,2406,74.675117
384,2406,47.793007
403,2406,54.85244
409,2406,44.354023
410,2406,79.812424
350,2407,64.555542
353,2407,56.127132
367,2407,62.806469
368,2407,47.111034
370,2407,41.541672
372,2407,53.413242
408,2407,63.284546
409,2407,49.546535
410,2407,52.085159
411,2407,63.69677
433,2407,52.217773
351,2408,92.766891
352,2408,34.536812
353,2408,34.483475
354,2408,49.906193
355,2408,71.574852
370,2408,36.385895
371,2408,38.659046
413,2408,40.067425
412,2409,33.615177
412,2410,30.292023
414,2410,38.516968
413,2411,31.116449
414,2411,48.583321
412,2412,50.431995
413,2412,36.472233
414,2412,45.793808
331,2414,38.514992
332,2414,38.720097
337,2416,68.386185
438,2416,34.600349
439,2416,33.2971
337,2417,65.846802
338,2418,48.997948
434,2418,67.781067
338,2419,57.909416
391,2419,33.239609
337,2420,69.51963
391,2420,54.901894
339,2421,55.842915
444,2421,50.728039
320,2422,40.811607
339,2422,56.439114
445,2422,55.243122
320,2424,55.089172
321,2424,35.371086
402,2425,33.214046
532,2102,37.073582
532,2103,85.818619
467,2426,62.616371
468,2426,50.64658
465,2427,66.763718
532,2104,49.121201
533,2105,31.400047
534,2105,82.857407
463,2428,38.669189
373,2429,35.314926
374,2429,62.037102
531,2106,77.206268
532,2106,86.132378
534,2106,86.132378
373,2430,34.330334
492,2431,41.786858
503,2431,94.018814
532,2107,60.978764
533,2107,86.132378
482,2432,44.420753
492,2432,32.187149
337,2433,69.705292
345,2433,34.82592
347,2433,60.165665
348,2433,51.572857
492,2433,39.567734
419,2109,35.862274
432,2109,85.326675
419,2110,72.411156
324,2434,31.844
325,2434,35.371086
326,2434,31.844
327,2434,55.586311
417,2112,61.380501
418,2113,96.282242
420,2118,40.809509
