259,1167,40.874035
339,848,75.904877
342,848,40.575859
318,849,82.677368
318,850,36.352505
328,851,34.452175
285,856,40.703472
292,858,60.454708
282,864,72.065025
284,865,62.843136
283,866,49.663513
284,866,52.881157
285,867,80.852097
286,867,56.577518
287,867,59.879059
288,867,80.689125
289,867,82.908844
290,867,84.601227
292,867,84.356064
321,1187,75.649521
320,1188,47.235733
320,1189,47.849037
321,1189,56.480423
322,1189,98.952911
324,1189,34.092876
280,870,32.199543
309,870,45.301254
321,1190,47.797367
323,1190,53.970222
324,1190,54.037525
276,871,56.055428
320,871,33.87085
322,1191,72.473274
274,872,41.641804
275,872,41.641804
273,873,37.228371
275,873,36.95953
301,1192,36.360725
321,1192,88.715233
352,875,36.674362
353,876,33.773701
319,879,69.922585
321,879,50.255116
322,879,42.451466
323,879,41.618721
306,880,42.768799
322,880,38.297462
304,881,48.301716
305,881,81.671471
304,882,72.700386
345,885,56.184139
346,885,63.794838
346,886,74.881622
330,1201,40.861759
339,887,33.150036
346,887,31.972364
348,887,44.985371
349,887,72.469574
259,888,34.521149
265,1204,36.820557
338,889,72.063736
343,890,39.830944
314,891,60.248177
343,891,84.105911
279,1207,69.391182
314,892,47.275791
314,893,49.294876
315,893,57.949535
316,893,56.119408
317,893,68.393669
330,893,42.936321
334,893,70.019661
344,893,41.282711
314,894,45.092464
323,894,48.09317
330,894,44.972607
334,894,35.411507
259,897,71.087212
331,897,61.542332
339,898,44.445618
268,899,31.85689
281,899,61.358044
284,899,65.609055
339,899,36.353226
342,900,39.462265
296,901,59.44548
296,902,35.686375
305,902,34.469315
306,902,82.182343
307,902,54.435101
307,903,93.841324
297,904,81.620979
298,904,49.804745
299,904,53.472275
304,904,45.617184
297,905,43.742878
300,905,47.434967
301,905,49.905891
302,905,84.423859
300,906,58.115105
301,906,32.425522
269,915,53.025677
270,915,69.880188
266,918,39.155899
268,918,55.04673
269,918,31.76359
269,919,55.774902
308,919,41.160553
309,919,83.995674
313,919,33.466892
262,920,66.230774
309,920,83.190514
313,920,86.899231
317,920,56.683182
318,920,39.316868
266,921,32.65126
264,922,44.172585
321,928,30.50083
318,929,41.450916
322,929,40.263927
318,930,55.98679
326,930,44.211761
327,930,91.734184
330,930,71.465057
338,931,36.767448
319,932,35.35162
319,933,44.013348
319,935,35.05526
319,936,37.354717
321,936,41.795219
323,936,34.876205
324,936,39.975975
325,936,50.05286
328,936,51.762024
329,936,43.19862
330,936,33.477039
321,937,30.881823
309,944,42.606079
261,1263,60.996037
261,1264,40.497864
261,1265,57.829529
261,1266,45.408073
261,1267,79.44606
259,1269,60.055645
261,1269,49.3834
259,1270,37.85318
259,976,30.231955
260,976,40.754822
261,976,57.026642
262,976,30.83247
337,976,35.13678
262,978,30.85478
273,978,94.692093
274,978,81.624626
262,979,79.900085
262,980,36.579388
261,981,54.523472
262,981,39.510616
261,982,35.554188
271,984,47.470402
300,984,50.66135
303,984,37.570889
271,985,31.437067
271,986,43.064236
343,989,36.17033
320,994,58.171383
321,994,49.5056
324,994,97.290039
325,994,44.835526
327,994,96.821075
261,995,31.02846
263,995,55.926678
319,995,50.801399
327,995,31.614416
337,995,53.599258
297,996,39.818604
298,996,78.686905
300,997,31.340349
301,997,45.646324
301,998,71.208221
299,999,35.27869
302,999,30.293438
262,1000,57.758347
265,1001,37.293812
316,1005,45.98439
329,1008,59.088306
259,1012,43.042377
296,1012,54.604683
262,1013,52.509251
273,1032,65.866119
278,1032,56.064732
269,1034,84.531494
271,1034,31.979181
272,1034,34.39455
272,1035,30.453123
273,1035,67.049484
302,1052,69.520569
259,1053,32.611908
302,1053,78.361092
260,1054,55.569336
261,1054,65.956558
302,1054,81.320877
350,1350,92.169006
316,722,31.870506
261,1055,81.631577
302,1055,64.21299
259,1056,38.840603
289,1056,97.377235
294,1056,80.471008
295,1056,76.445412
296,1056,83.998718
297,1056,74.593498
350,1351,74.451828
351,1351,54.617161
288,1057,83.664886
289,1057,76.505745
294,1057,95.668747
295,1057,32.176384
296,1057,49.045567
298,1057,94.973511
299,1057,66.551804
312,738,31.901291
312,739,43.11227
261,1074,75.10202
311,741,46.653625
294,743,64.507805
296,743,51.79668
319,1079,78.446686
289,1081,63.113224
301,1081,94.611305
293,750,99.257423
303,1082,53.623325
301,1083,60.133953
293,751,70.363029
312,1379,58.052357
293,752,57.671432
293,753,98.047676
293,754,66.881477
293,755,63.335045
302,757,43.738075
281,761,77.60791
277,762,37.678844
279,762,41.203571
278,763,97.925781
287,763,62.644798
287,764,45.643726
278,772,78.799339
279,772,44.898872
280,772,52.115391
329,1402,70.469032
299,1110,64.089806
283,1408,57.583759
284,1408,71.486107
285,1408,38.922951
307,789,42.371696
337,1436,33.458023
295,829,37.357143
297,831,39.346504
297,833,37.437458
336,1457,51.431126
291,834,54.093357
293,834,68.232445
295,834,33.539272
300,835,44.356308
259,1164,36.563202
259,1165,41.10294
284,846,47.43597
285,847,31.815689
286,847,42.012665
