2366,2446,48.94054
2382,2447,37.537769
2383,2447,42.399754
2385,2447,58.703735
2389,2450,44.276466
2390,2451,74.982948
2390,2453,68.572296
2374,2454,57.775799
2390,2454,97.974327
2369,2456,41.23576
2362,2457,38.269569
2368,2457,50.245995
2369,2457,61.342228
2374,2457,87.381683
2376,2457,72.44577
2365,2458,34.462944
2375,2458,89.423447
2375,2459,76.484497
2374,2460,56.468647
2374,2462,75.750336
2373,2463,67.613419
2374,2463,61.617241
2362,2464,83.935844
2363,2464,30.335844
2364,2465,41.098705
2365,2465,39.440056
2368,2465,36.120724
2374,2465,60.137691
2368,2475,30.46715
2369,2475,30.784082
2370,2475,31.637878
2357,2476,82.458923
2358,2476,68.253143
2372,2479,68.98819
2364,2480,84.584938
2367,2480,91.767891
2369,2480,31.201286
2370,2480,53.050453
2365,2481,78.880211
2366,2481,40.454212
2367,2481,32.74654
2370,2481,71.777534
2361,2487,41.911427
2385,2491,30.924082
2362,2492,49.651543
2384,2493,46.835037
2384,2494,51.6492
2361,2495,55.829659
2362,2495,45.563419
2363,2495,69.903343
2364,2495,39.365658
2365,2495,47.939266
2378,2495,39.490376
2384,2495,58.048859
2365,2496,85.542
2366,2496,80.081017
2367,2496,32.828575
2368,2496,32.964252
2369,2496,90.255692
2387,2403,62.145172
2377,2404,53.860497
2378,2404,51.501606
2381,2404,43.604004
2383,2404,70.830742
2384,2404,58.728695
2386,2404,32.359203
2381,2405,77.801918
2384,2405,46.953606
2391,2406,51.497807
2474,2406,34.86845
2391,2407,66.004608
2400,2409,99.069252
2400,2410,64.095039
2401,2410,45.755608
2379,2413,47.535667
2424,2413,67.276482
2437,2413,79.014275
2383,2414,30.822962
2384,2414,31.082565
2385,2414,33.136692
2386,2414,32.496368
2387,2414,37.58419
2424,2414,65.410126
2423,2415,36.706558
2400,2428,47.052906
2401,2428,72.524467
2404,2429,91.320946
2411,2434,56.099052
2391,2438,44.429508
2405,2440,77.919449
