1828,848,82.80201
1829,848,48.631851
1833,848,81.834564
1840,848,37.427483
1841,848,53.907455
1842,848,50.719269
1843,848,60.31311
1849,848,44.899551
1899,530,97.231552
1928,531,57.224392
1938,532,91.977394
1939,532,91.702858
1938,533,55.655815
1939,533,74.090355
1938,534,59.190094
1938,535,56.975319
1915,852,61.229134
1929,852,74.03476
1933,852,48.004395
1935,852,43.258739
1951,852,84.515465
1937,536,64.449722
1994,536,69.259628
1937,537,97.645126
1991,537,45.072289
1995,854,49.47393
1825,855,62.160702
1826,855,42.211067
1827,855,80.112854
1828,855,42.90823
1825,856,30.15699
1826,856,91.190857
1834,856,44.159317
1835,856,53.348518
1839,856,65.613785
1855,856,34.546223
1858,856,33.15443
1927,538,35.549995
1931,538,32.275597
1863,857,89.608078
1931,539,37.049679
1914,541,38.221039
1902,859,58.269783
1903,859,52.80822
1916,859,68.115013
1872,542,48.940491
1873,542,52.29903
1871,543,48.302086
1872,543,48.501209
1898,543,38.56155
1995,862,62.219746
1871,544,99.342339
1889,545,91.972099
1824,863,32.159328
2018,863,88.461601
2019,863,99.027672
1989,864,37.389061
1990,864,41.804802
1922,546,68.900291
1902,865,53.593765
1907,865,67.008041
1904,866,63.765995
1908,866,79.14328
1909,866,84.139221
1911,866,94.814499
2011,866,41.009232
1874,548,36.023666
1917,867,53.15443
1918,867,49.882839
1919,867,58.169067
1920,867,55.786716
1942,867,88.030266
1943,867,96.986397
1944,867,92.05513
1945,867,90.510071
1946,867,49.510826
1947,867,55.141884
1986,867,64.004021
1987,867,74.24826
1875,549,30.28717
1956,868,59.860752
1957,868,59.197323
1969,868,61.286098
1825,869,37.105576
1826,869,33.504238
1827,869,51.999062
1828,869,32.523411
1829,869,45.870392
1830,869,32.068314
1982,869,30.656027
1869,552,70.577385
1870,552,46.98658
1880,870,47.760242
1882,870,59.479576
1888,870,56.096325
1890,870,61.646652
1891,870,61.281353
1967,870,66.717964
2012,870,41.080658
1870,553,55.563419
1976,553,41.538624
1900,871,93.410194
1960,554,62.685799
1979,554,56.960384
1988,554,56.560066
1990,554,37.090797
2017,554,33.263538
1960,873,47.159008
1940,555,39.151764
1944,555,67.877495
1946,555,38.58839
1943,556,68.533913
1945,556,42.683502
1946,556,70.283829
1962,874,42.262672
1963,874,78.552498
1883,558,38.394321
1930,558,32.195568
2010,876,34.732117
1893,877,33.563187
1903,877,61.037323
2018,559,42.700996
1879,560,54.271221
1880,560,41.289978
1881,878,48.003788
1882,878,38.642147
1883,878,41.443016
1887,878,40.745277
1888,878,44.376064
1892,878,33.667576
1894,878,31.665812
1880,879,33.848976
1881,879,38.242531
1888,879,37.654373
1874,561,84.505592
1875,561,34.445034
1877,561,86.434189
1938,561,79.500237
1852,880,42.758385
1880,881,30.381872
1884,881,48.528049
1926,565,78.606346
1937,565,56.439667
1925,566,32.979485
1926,566,71.024155
1927,566,48.461479
1929,566,39.26561
1851,886,66.554909
1852,886,84.806107
1925,567,61.245815
1864,568,36.844227
1937,568,42.836056
1951,568,33.679672
1952,568,93.022324
1953,568,45.708504
1958,568,98.017693
1961,568,48.449886
1939,569,59.422207
1941,569,30.49762
1943,569,70.039467
1940,570,56.888195
1863,891,99.531784
1864,891,67.659416
1866,891,37.394485
1855,892,97.765732
1856,892,60.195107
1858,892,75.91317
1894,892,35.046333
1895,892,82.290802
1899,892,44.526855
1900,892,50.959206
1900,893,63.666599
1892,894,47.732529
1995,573,41.96088
1850,896,86.483078
1852,896,46.707474
1856,896,54.283363
1887,896,31.630419
1898,896,58.130859
1988,575,41.323013
1988,576,41.84082
1910,577,94.927467
1853,898,42.641281
1855,898,31.754332
1885,898,36.13026
1885,578,67.623573
1886,578,86.523071
1887,578,46.992702
1914,578,39.104012
1916,578,64.635277
1985,578,41.615112
2025,578,55.750069
2026,578,85.159592
1864,900,63.808208
1869,900,74.487282
1870,900,78.575821
1872,579,71.317116
1904,579,46.167038
1910,579,37.144176
1911,579,41.679066
1914,579,38.050205
1915,579,58.655716
1916,579,71.929291
1985,579,63.960869
1926,580,40.52454
1936,580,52.535114
1960,580,42.991215
1855,902,66.34333
1868,903,94.782219
1915,581,68.554398
1926,581,59.042362
1959,581,52.093636
1873,582,51.145557
1875,582,38.753632
1876,582,84.706467
1910,582,44.44249
1915,582,70.962952
1873,583,65.107864
1874,583,40.348927
1875,583,39.556709
1916,583,59.848377
1936,583,49.827454
1937,583,88.53511
1941,583,54.539677
1956,583,99.71373
1957,583,93.458588
1873,584,50.476074
1875,584,30.557001
1876,584,52.980274
1910,584,39.11797
1927,584,64.011452
1928,584,66.623657
1942,584,53.784382
1943,584,49.815685
1947,584,33.125015
1948,584,68.014206
1950,584,37.855896
1951,584,31.28997
1856,906,31.289982
1855,907,51.364883
1873,585,61.168716
1874,585,39.985737
1875,585,58.877533
1876,585,53.699245
1860,586,50.015106
1875,586,91.992958
1917,586,40.881184
1879,910,49.071754
2024,587,33.284512
1916,588,31.212212
1889,589,43.240829
1893,589,55.116737
1895,589,41.442425
1901,589,53.487114
1902,589,30.030874
1903,589,39.655521
1904,589,38.743252
1916,589,97.536362
1918,589,93.849197
1883,590,38.446518
1895,590,44.816536
1917,590,33.031185
1851,913,55.116169
1996,914,70.24939
1840,915,57.119225
1907,591,72.57563
1936,591,58.240593
1797,594,46.583691
1895,920,84.990738
1872,922,44.322315
1954,596,41.853031
1915,597,43.837723
1916,597,61.027473
1917,597,63.574242
1799,598,32.966259
1917,598,33.13625
1935,598,30.748507
1811,924,96.689453
1866,599,33.155548
1918,599,38.181728
1983,599,58.556377
1984,599,34.850082
1986,599,37.203499
1893,925,67.384537
1865,600,33.950115
1872,600,64.669151
1882,927,56.093845
1883,927,36.229191
1885,927,39.04694
1886,927,95.905991
1971,602,33.26532
1799,603,36.138908
2034,603,42.630867
2035,603,34.303722
2036,603,32.14373
2037,603,51.01619
2038,603,55.435177
2039,603,87.158325
2037,604,34.277943
2038,604,37.412575
2039,604,38.068886
2040,604,86.748138
1878,931,33.3922
1879,931,37.973225
1824,605,67.775169
2028,605,69.058731
1878,933,91.456932
1878,934,46.683208
1816,935,65.440308
1854,935,58.29887
1794,608,55.22538
1795,608,88.18264
1796,609,38.469803
1817,936,65.440308
1855,937,95.089981
1793,610,31.702776
1794,610,43.722923
1794,611,89.943855
1855,939,50.680523
1859,939,30.783651
1807,940,54.40966
1944,613,79.499397
1809,942,85.289757
1809,943,88.289757
1867,943,83.974686
1866,944,56.072876
1877,944,53.156517
1823,945,85.265717
1859,945,47.670994
1823,946,41.10104
1824,946,86.931351
1827,946,42.333542
2023,616,56.830204
1804,618,57.538822
1806,618,64.226898
1807,618,34.407692
1894,618,45.367939
1944,618,72.44799
1892,619,46.966328
1945,619,50.523666
1858,952,54.635342
1944,620,64.543564
2033,621,54.517628
1940,623,81.018768
1858,954,77.390671
1835,956,77.440292
1864,956,54.930855
1889,624,96.10807
1941,625,44.8311
2037,625,69.930237
1835,957,60.787319
1836,957,65.537971
1818,626,34.757431
1820,626,81.354858
1939,627,52.20026
1940,627,36.068527
1939,628,68.292328
1941,629,30.533527
1849,630,57.932117
1940,630,85.626656
1852,631,40.756702
1852,634,55.033688
1800,635,58.265972
1805,637,61.135147
1809,637,94.933174
1840,638,95.570244
1867,639,49.995285
1838,976,48.368286
1840,978,60.000156
1945,650,70.15213
1945,651,31.237988
1862,653,31.684038
1883,653,80.05127
1808,990,60.000156
1921,657,47.788158
1864,664,30.817495
1943,665,34.406746
1865,666,42.311722
1933,666,35.880615
1934,666,36.9725
1935,666,34.59903
1938,666,34.370678
1940,666,58.257172
1940,667,34.487438
1923,671,87.359047
1838,1005,32.324814
1788,672,53.383781
1788,673,62.307747
1788,674,55.061829
1927,674,40.277115
1952,675,52.086166
1953,675,74.312576
1999,676,81.814995
1924,677,59.818115
1940,677,31.738997
1874,678,37.837547
1928,678,33.020462
1918,679,71.600357
1919,679,53.193184
1921,679,32.319935
1919,680,57.947327
1911,681,71.909203
1938,681,43.591518
1865,682,64.679695
1879,682,37.238697
1911,682,45.782104
2005,683,38.740334
1901,684,45.330444
1921,684,32.643955
1948,684,39.253719
1878,689,77.106705
1862,690,51.37672
1990,691,78.466499
1991,691,34.505112
1787,692,64.779388
1789,692,60.925224
1991,692,56.065529
1992,692,47.368629
1994,692,39.017818
1995,692,41.481266
1910,388,57.722599
1991,693,99.104866
1992,693,40.347878
1994,693,34.484615
1892,694,50.187431
1928,390,57.755611
1932,390,70.936172
1902,695,49.77264
1923,391,34.309639
1927,391,49.641773
1928,391,49.148907
1930,391,39.208603
1955,391,68.356224
1922,1028,31.882591
1923,1028,93.30323
1832,392,53.77047
1908,392,60.451885
1923,392,52.772343
1927,392,30.359545
1926,1030,97.933113
1824,393,46.85442
1923,393,32.320408
1928,393,62.074249
1924,394,31.848589
1933,394,91.654572
1922,1032,43.72242
1812,699,36.628975
1990,699,35.197712
1924,395,57.39278
1926,395,46.843349
1928,395,65.828392
1933,395,66.49321
1923,396,87.413689
1919,1034,32.499954
1971,398,50.72707
1858,704,33.059151
1906,1039,42.381355
1978,707,37.517006
1979,707,35.142792
1894,1041,86.191956
2025,403,41.671871
1903,709,85.039528
1902,710,38.622734
1910,713,40.382256
1861,408,36.758667
1915,408,37.172646
1967,714,75.38121
1916,410,30.232157
2002,411,31.634336
1873,1052,40.134796
1802,414,39.219425
1803,414,31.131342
1873,1054,33.622856
1810,415,46.445271
1939,416,63.528362
1907,720,35.497761
1903,721,54.519115
1940,417,79.725891
2012,417,38.277184
2013,417,45.098675
1863,723,78.335007
1976,419,31.694628
1850,1057,95.177971
1795,1059,33.5
2005,726,37.915535
2006,726,43.046741
2007,726,48.91758
2008,726,42.416294
2010,726,48.26078
1868,728,42.364323
1893,729,30.936209
1908,731,37.848438
1867,732,36.70826
1872,733,55.831776
1800,429,57.62656
1801,429,52.344173
1803,429,49.82962
1807,429,37.267498
1808,429,35.119633
1799,430,98.584839
1803,430,40.904816
1808,430,32.55722
1809,430,42.218456
1810,430,62.516068
1799,431,72.224663
1808,431,50.887775
1811,431,88.031052
1798,432,64.120773
1799,432,56.753586
1798,433,47.539806
1799,433,63.6315
1799,434,46.881981
1800,436,64.241104
1801,437,34.135593
1801,438,98.737717
1802,438,47.886814
1802,439,99.244278
1803,439,31.736485
2025,439,47.512402
1804,440,65.645912
1805,441,41.502365
1805,442,86.557304
1806,442,30.268206
1816,442,71.089699
1807,444,35.160797
1809,444,31.81951
1811,444,48.444473
1981,749,43.821106
1808,445,35.11834
1811,445,91.685135
1812,445,57.784298
1813,446,46.552578
1814,447,67.866249
1991,448,90.875275
2004,452,32.790977
1894,455,30.924671
2009,458,38.719933
2013,458,35.676331
1959,459,80.858414
1969,460,41.893539
2013,460,31.829382
2014,460,85.940529
1934,463,41.132088
1975,465,33.775105
1974,466,40.656055
1975,467,63.347607
1833,770,69.822464
1959,469,45.664089
1852,772,78.715828
1853,772,80.871758
1854,772,87.63765
1855,772,98.280197
1858,772,40.204548
1866,772,67.625237
1811,470,73.294868
1812,470,65.934059
1974,470,52.436684
1969,471,46.082916
1975,471,33.015228
2013,471,34.601917
1975,472,70.843941
1852,773,59.161606
1854,773,52.190022
1855,773,42.754211
1865,773,33.313705
1866,775,41.70005
1816,473,70.383034
1976,479,36.596226
1960,480,79.703278
2040,481,47.352959
1909,482,32.809811
1974,482,35.355671
2040,482,65.047127
2040,483,94.01123
1944,786,62.733944
1945,786,82.74588
1934,486,35.692684
1935,486,30.980352
1938,486,38.259884
1906,487,63.267982
1929,488,66.681808
1938,488,32.629795
2030,488,31.613117
1893,489,54.936886
1929,489,61.896275
1949,489,30.087332
1879,793,30.490931
1983,793,51.187244
1929,795,32.058399
1934,797,38.746071
1936,797,37.426178
1935,798,78.212494
1936,798,45.252319
1937,798,42.518265
1938,798,45.923176
1939,798,64.918976
1940,798,52.894474
1941,798,64.82074
1973,798,62.617874
1973,799,64.903862
1975,799,30.423798
2000,799,36.135201
2016,799,95.407974
1905,496,33.852066
1914,496,83.187393
1915,496,69.408569
1976,800,57.895615
1928,498,31.627773
2001,801,30.971392
2002,802,35.835434
2006,499,40.285728
2007,499,53.419308
2008,499,56.052505
2010,499,47.774757
1956,500,30.288729
1958,500,31.216314
1959,500,41.359055
1875,501,60.874435
1901,503,51.898998
1915,503,53.10239
1916,503,34.766651
1917,503,30.607489
1822,504,86.079712
1826,504,50.282955
1823,505,36.242325
1929,506,30.707321
1858,507,65.891953
1859,507,67.973145
1860,507,74.492393
1985,508,32.330097
1909,509,31.898438
1972,509,86.540268
1974,509,87.331924
1863,510,39.536907
1974,510,71.643959
1863,512,35.274647
1906,513,94.772728
1933,514,81.625656
1935,514,32.834118
1930,515,49.89106
1931,515,57.065533
1932,515,42.2981
1936,516,31.987883
1939,516,58.65654
1948,516,88.922913
1950,516,82.058029
1951,516,83.718323
1952,516,56.298786
1925,519,60.909809
1940,519,49.871498
1924,520,62.258144
1931,520,35.073864
1857,522,94.809067
1927,523,45.482246
1928,523,46.350735
1929,523,45.225731
1939,523,77.008286
1948,523,44.022621
1949,523,55.572639
1950,523,34.655857
1954,523,44.755817
1955,523,35.403515
1943,524,58.290993
1944,524,89.191727
1954,524,77.080307
1955,524,61.192894
1958,524,37.652473
1947,525,51.932037
1948,525,37.110771
1949,525,57.398811
1950,525,58.702011
1951,525,56.247932
1961,525,40.780548
1957,526,82.655327
1958,526,74.448799
1959,526,42.500748
1960,526,33.010303
1961,526,39.131489
1820,841,50.888519
1932,843,33.292301
1933,843,42.65707
1934,843,47.880138
1935,843,52.903927
1936,843,47.449146
1945,843,66.18969
1948,843,33.903885
1949,843,41.642078
1955,843,57.275909
1883,844,54.569057
2000,846,39.879887
2011,846,91.471954
1827,847,50.099857
