380,1187,33.820415
386,1187,84.627228
402,1187,55.978989
403,1187,46.989639
418,1187,31.446274
421,1187,69.706253
369,1188,62.673389
401,1188,43.932732
402,1188,62.421009
520,1188,32.547321
380,1189,44.099503
381,1190,34.460922
385,1190,34.360176
418,1190,33.737888
423,1190,63.345207
382,1191,54.609383
385,1191,35.993031
418,1191,51.13591
380,1193,50.909019
382,1193,54.572411
382,1194,56.348228
383,1194,73.315453
386,1194,31.258366
400,1194,91.857704
463,1199,44.588108
391,1204,49.071716
393,1204,35.288074
394,1204,45.748569
409,1204,53.081745
393,1205,43.386497
394,1205,72.036217
410,1205,57.183456
413,1205,38.089836
460,1205,67.281357
391,1206,61.937466
409,1206,43.883678
463,1206,36.232498
390,1207,68.983521
391,1207,40.330456
462,1207,73.578827
368,1211,47.608063
369,1211,35.303989
370,1211,61.572712
369,1212,38.527416
369,1213,45.222351
368,1215,97.902962
439,1215,64.3321
368,1216,67.124954
441,1216,76.895943
368,1217,75.292366
440,1217,86.298698
368,1218,61.124573
368,1219,41.819386
368,1220,31.264071
368,1221,33.668354
368,1222,59.370106
368,1223,31.627232
405,910,93.62619
368,1224,31.54335
405,911,31.698231
406,911,57.325691
405,912,53.209873
406,912,45.233894
424,912,71.703102
435,913,31.245281
404,914,30.148006
405,914,33.612625
513,917,64.498344
512,918,52.466541
505,920,68.966385
369,1232,44.796131
388,1239,67.833603
409,930,65.450142
474,935,59.401348
477,935,37.68325
386,936,85.569168
475,936,68.546196
476,937,38.062977
394,938,32.712162
395,938,41.027679
396,938,60.941097
397,938,82.058945
453,938,88.230072
477,938,58.918198
417,939,44.895275
426,939,71.951584
417,940,30.771255
418,940,46.285831
419,940,53.189766
426,940,54.746017
427,940,83.755981
442,940,51.969288
473,940,45.996979
424,941,75.008698
426,941,80.123398
428,941,93.513603
445,941,62.610207
446,941,84.68425
453,941,94.379898
442,942,46.724995
443,942,50.067966
444,942,52.223827
445,942,51.407619
446,942,48.397221
447,942,44.488274
448,942,51.678738
449,942,60.588146
450,942,43.717052
451,942,63.715557
452,942,44.598396
450,943,84.426727
451,943,89.208145
452,943,83.199966
515,946,93.325867
515,947,49.943375
366,1255,65.828346
373,1255,57.498039
367,1256,57.249413
429,949,32.454243
430,950,47.827408
370,1257,31.904036
462,951,92.107468
434,952,53.889572
435,952,60.272907
369,1259,35.610428
403,953,60.318161
428,953,69.78669
429,953,52.275913
430,953,67.378601
434,953,64.690598
428,954,86.407822
429,954,77.795662
427,955,86.407822
415,956,30.066257
416,956,32.456104
427,956,77.795662
458,956,89.760681
459,956,74.594681
413,957,59.079468
427,957,36.319042
368,1269,86.374023
398,972,76.964554
408,973,42.687222
417,973,74.442207
419,973,72.016647
420,973,69.625168
425,973,47.477585
429,973,62.532623
429,974,99.84417
443,974,42.027508
444,974,38.136719
446,974,41.226334
447,974,66.797287
448,974,35.499752
429,975,58.199459
456,979,43.170074
388,982,55.668068
412,983,42.315155
413,983,43.925961
414,983,39.832882
415,983,85.266655
417,983,89.785965
418,983,92.133293
419,983,73.626221
420,983,59.161633
522,983,49.361439
417,984,36.366108
418,984,53.1688
429,984,77.696785
433,984,94.360588
441,984,33.529045
419,985,39.043079
429,985,50.791771
433,985,44.159458
440,985,39.983662
430,986,36.921989
473,1291,59.041843
474,1291,59.706276
434,988,39.376049
382,992,32.46323
386,992,37.375759
382,993,66.033997
383,993,32.554977
470,995,32.703609
429,996,66.4618
432,996,50.40266
436,996,45.982079
437,996,30.986856
440,996,45.170406
441,996,44.93959
432,997,38.350613
436,997,58.673805
441,997,44.821079
444,997,37.67662
451,1300,96.469887
479,1300,36.363029
481,1300,97.645844
482,1300,98.016449
432,998,61.041985
377,999,31.276699
413,1000,81.182457
373,1003,49.232941
382,1305,34.832748
435,1007,71.127151
453,1007,48.288841
460,1007,53.449703
373,1008,55.584206
434,1008,37.210064
445,1008,67.245583
454,1008,39.364162
455,1008,41.46122
456,1008,31.83004
457,1008,41.737949
458,1008,46.094612
459,1008,38.962196
460,1008,36.1185
461,1008,50.316601
445,1010,73.755768
519,1010,54.379166
382,1011,30.157867
384,1011,33.376957
385,1011,31.554718
386,1011,37.02113
434,1011,43.963482
363,1311,42.908413
379,1311,57.553261
380,1311,52.710419
381,1311,32.603378
388,1012,59.825233
390,1012,31.720806
391,1012,31.291756
404,1012,33.358479
408,1012,56.293163
475,1012,60.307419
519,1012,33.790771
520,1012,33.558846
363,1312,87.716042
371,1013,42.553093
392,1013,35.684464
397,1013,70.099648
398,1013,50.761311
397,1014,40.631294
460,1014,40.150917
397,1015,32.254429
398,1015,56.534206
454,1015,49.182922
462,1017,50.260471
465,1017,87.999496
461,1018,34.430649
462,1018,38.339169
465,1018,74.928421
466,1018,85.377419
469,1018,72.451607
462,1019,38.023808
442,1020,60.903168
442,1021,79.117371
443,1021,77.111588
393,1023,37.786251
403,1023,50.269501
405,1023,59.527164
406,1023,63.130459
407,1023,76.240898
408,1023,61.727112
390,1024,50.843079
397,1024,57.226528
455,1024,30.7208
448,1034,61.245384
449,1034,55.902897
454,1034,94.89962
460,1037,40.405636
464,1037,50.475582
461,1039,95.434265
462,1039,33.092472
462,1041,33.399647
463,1041,32.041237
464,1041,32.838562
385,1045,92.158844
448,1045,34.163422
388,1048,55.040245
441,1049,70.574799
500,1050,31.296322
514,1051,44.582424
515,1051,34.045002
516,1051,92.001709
405,1053,30.578695
447,1055,36.418674
404,1057,73.333145
410,1061,30.647749
516,1062,43.098709
520,1062,76.258461
518,1063,42.275848
444,1064,30.964458
473,1068,83.93882
415,1072,33.71172
375,1074,44.024727
377,1074,41.102119
381,1074,37.203911
382,1074,33.69569
374,1075,66.792862
369,1079,73.040192
371,1086,30.923651
372,1086,30.969616
433,1384,38.508774
434,1384,89.780525
433,1385,33.141571
433,1386,41.506065
433,1387,65.08699
434,1387,33.418781
439,1387,38.088894
410,1390,31.032927
406,1392,37.459091
406,1393,44.194683
407,1398,36.295948
434,1102,32.672966
435,1102,54.412296
411,1400,83.125313
412,1400,61.331726
435,1104,44.938488
403,1105,62.989086
434,1105,45.833763
435,1105,33.25592
436,1105,55.194103
387,1407,39.256336
392,1407,32.334068
392,1408,65.05545
393,1408,71.769318
462,1113,38.609753
446,1412,64.127464
464,1117,60.457458
464,1118,47.931828
463,1120,40.648216
463,1121,35.255562
464,1121,32.421535
463,1129,37.534706
465,1129,74.887497
367,1435,54.633171
384,1140,60.246475
443,1150,54.546814
383,1452,31.666254
442,1151,57.406345
494,1151,73.055641
442,1152,34.493469
443,1152,38.033569
387,1453,79.858536
443,1153,42.232403
442,1154,44.580402
444,1155,34.848919
489,1163,76.913696
490,1163,74.403397
