2452,2274,43.151749
2393,2275,87.256004
2452,2275,35.853127
2393,2276,70.138153
2452,2276,45.62587
2394,2277,80.609917
2369,2284,81.18541
2374,2284,38.872383
2393,2284,55.733749
2397,2284,82.350914
2404,2284,66.812958
2369,2285,38.76564
2372,2285,34.666187
2374,2285,57.140682
2369,2286,72.35553
2370,2286,62.599644
2371,2286,66.411766
2374,2286,83.717056
2375,2286,84.273788
2467,2286,41.687412
2372,2287,92.50145
2374,2287,34.008263
2367,2291,44.858959
2367,2293,34.015568
2381,2295,83.880714
2396,2295,50.404259
2401,2296,75.248596
2367,2299,49.363495
2368,2301,43.460217
2369,2301,30.668919
2372,2301,84.939262
2373,2301,98.013138
2374,2301,62.427662
2375,2301,40.359619
2377,2301,47.468678
2378,2301,65.402954
2380,2301,41.647667
2382,2301,91.591888
2367,2302,84.647438
2377,2302,74.825897
2378,2302,55.582886
2379,2302,76.492157
2380,2302,56.589272
2381,2302,64.199913
2380,2303,75.866135
2381,2303,69.38298
2380,2304,78.787018
2367,2308,45.962933
2388,2309,46.169136
2367,2314,55.296139
2409,2319,34.19556
