1713,2124,32.0
1714,2124,43.590881
1715,2124,50.854305
1715,2125,50.854305
1716,2126,32.628273
1781,2445,59.718372
1779,2449,40.769997
1736,2132,56.724766
1735,2133,37.721527
1736,2133,33.492023
1740,2451,47.289051
1789,2452,42.978539
1735,2134,32.628273
1739,2453,40.17704
1763,2453,60.645512
1771,2453,47.579422
1772,2453,42.490982
1779,2453,37.904133
1780,2453,31.546967
1777,2456,37.055004
1653,2139,40.0
1717,2459,62.876991
1718,2459,64.141365
1780,2459,33.828793
1653,2140,53.466667
1725,2460,39.022697
1772,2460,78.120354
1773,2460,78.295135
1775,2460,32.180809
1776,2460,39.001461
1778,2460,30.589933
1780,2460,31.930876
1781,2460,39.079464
1715,2461,36.377537
1653,2141,34.799995
1758,2463,52.093124
1760,2464,62.025211
1745,2145,37.721527
1661,2146,33.999966
1747,2146,33.492023
1745,2147,32.628273
1627,2469,56.796967
1762,2472,60.096539
1763,2472,74.67511
1727,2473,32.204247
1730,2474,73.06459
1731,2474,48.679703
1752,2474,92.592934
1678,2153,40.0
1751,2475,37.514641
1752,2475,80.613556
1684,2154,71.0
1678,2155,33.999966
1683,2155,59.466698
1743,2476,31.042046
1751,2476,90.569923
1678,2156,50.035637
1679,2156,35.502373
1685,2156,33.999966
1737,2477,33.001041
1742,2477,51.0
1743,2477,64.479836
1753,2477,93.485329
1743,2478,63.353767
1742,2479,62.292717
1751,2479,70.082886
1743,2480,76.262299
1741,2481,38.059486
1743,2481,58.486168
1744,2481,35.232868
1736,2482,83.377121
1737,2482,51.084991
1738,2482,77.40564
1739,2482,52.549171
1738,2484,47.706688
1741,2484,75.54454
1734,2168,40.496342
1754,2168,49.133038
1755,2168,49.133038
1756,2168,51.885822
1757,2168,69.859375
1758,2168,69.859375
1733,2169,50.315636
1733,2170,50.315636
1789,2493,31.549034
1686,2177,42.333443
1733,2497,87.191154
1733,2498,64.323441
1680,2178,33.999966
1711,2181,79.871979
1712,2181,79.871979
1713,2181,79.871979
1714,2181,84.666893
1715,2181,79.871979
1716,2181,37.538528
1768,2181,30.725176
1794,2181,30.725176
1797,2185,30.725176
1773,2186,53.362541
1774,2186,53.362541
1775,2186,56.115326
1776,2186,56.115326
1777,2186,51.885822
1778,2186,38.807816
1779,2186,38.807816
1792,2187,39.002556
1797,2187,40.34375
1797,2189,37.590965
1797,2190,37.590965
1731,2191,59.00008
1735,2191,41.444378
1797,2191,40.34375
1735,2192,48.833405
1613,2193,44.698792
1681,2193,42.333443
1735,2193,48.833405
1644,2195,71.0
1678,2195,62.000031
1679,2196,65.13343
1689,2196,67.980568
1679,2197,37.538528
1797,2197,30.725176
1684,2198,70.933624
1797,2198,30.725176
1797,2200,30.725176
1787,2203,52.785606
1787,2204,55.522522
1674,2205,99.872139
1787,2205,49.797199
1703,2206,60.3335
1704,2206,60.3335
1702,2207,95.888481
1704,2207,81.799973
1705,2207,47.049046
1738,2207,59.00008
1704,2208,96.689842
1705,2208,98.983925
1706,2208,85.9543
1707,2208,79.9002
1738,2208,41.444378
1738,2209,48.833405
1738,2210,41.444378
1634,2211,32.071346
1717,2211,94.20639
1730,2211,41.444378
1738,2211,48.833405
1730,2212,59.00008
1738,2212,41.444378
1733,2214,41.333302
1737,2214,48.833405
1733,2215,41.444378
1733,2216,41.333302
1737,2216,90.16671
1894,1898,52.999897
1700,2225,65.799995
1701,2225,93.0
1747,2227,79.499954
1751,2238,87.224564
1747,2241,84.600563
1747,2242,84.600563
1768,2246,84.600563
1777,2249,98.517296
1782,2250,89.368111
1777,2251,97.95224
1751,2253,81.89991
1749,2254,43.316521
1748,2256,44.653313
1660,2264,31.166656
1674,2267,58.106049
1675,2267,46.166672
1676,2267,31.166656
1677,2267,88.0
1763,1981,68.797508
1764,1981,96.725876
1765,1981,94.798294
1766,1981,94.798294
1761,1982,62.39043
1762,1982,55.538338
1763,1982,52.872547
1764,1982,52.872547
1765,1982,52.872547
1766,1982,52.970119
1737,2001,80.307182
1701,2023,54.399918
1709,2025,84.693359
1760,2035,52.722145
1761,2035,82.178589
1762,2035,59.472687
1660,2037,56.545311
1749,2038,59.400063
1797,2366,34.707428
1801,2366,86.71727
1801,2367,47.540283
1809,2367,55.539944
1769,2379,52.628902
1622,2380,66.297417
1806,2381,71.884941
1599,2382,73.803085
1593,2389,49.635548
1598,2389,50.925205
1609,2389,41.390701
1651,2068,71.333282
1654,2069,73.333305
1654,2070,70.333282
1625,2396,32.0
1626,2399,35.480011
1627,2400,48.496243
1677,2404,31.092649
1678,2404,53.326683
1800,2409,31.145836
1780,2411,57.960072
1808,2415,33.19656
1738,2092,55.762619
1754,2092,72.088181
1755,2092,41.122395
1738,2093,47.145988
1675,2417,98.365417
1738,2094,46.637619
1738,2095,37.721527
1773,2418,81.372681
1675,2419,33.158844
1738,2096,37.721527
1738,2097,37.721527
1795,2097,51.953407
1675,2420,34.997971
1799,2420,46.200565
1675,2421,52.946815
1738,2098,37.721527
1768,2098,62.293701
1769,2098,30.725176
1737,2099,38.780605
1738,2099,41.362442
1768,2099,52.713024
1736,2100,40.496342
1737,2100,36.266838
1738,2100,36.266838
1722,2424,32.990448
1725,2424,92.380966
1675,2425,59.611397
1723,2425,52.519661
1726,2425,51.895992
1797,2102,40.34375
1772,2427,49.577171
1773,2427,52.854362
1783,2428,51.0037
1783,2429,31.1206
1796,2106,58.536953
1798,2431,40.858082
1796,2107,58.536953
1730,2434,92.173973
1730,2435,99.682442
1779,2435,33.502789
1780,2438,31.693455
1735,2116,41.362442
1713,2123,32.0
1714,2123,43.590881
1715,2123,50.854305
