118,210,95.862892
119,210,70.924614
120,210,61.682343
137,211,63.921864
149,212,48.091461
138,215,42.652275
116,216,71.231033
66,271,61.27087
156,0,46.573391
14,1,46.388996
152,2,65.484024
150,3,35.771591
155,3,36.626057
173,35,80.930374
114,42,38.760914
118,43,95.353493
66,61,43.100552
65,63,33.48251
28,64,72.621918
24,65,36.829433
87,67,41.082649
88,67,52.993973
80,68,32.994095
61,69,36.863499
60,71,49.90836
101,71,63.660484
68,73,89.339462
82,78,53.479908
85,79,51.193047
86,79,44.720943
69,80,72.074097
64,81,78.293457
69,81,58.43269
116,82,78.042953
116,84,54.150719
117,84,62.902706
116,92,39.097683
116,93,69.895065
64,102,50.061516
113,118,82.63858
95,121,62.923023
96,121,94.800102
91,122,45.943211
92,122,83.864929
94,122,61.555573
95,122,47.212128
96,122,35.493156
97,122,39.892925
86,123,68.314957
87,123,59.386929
89,123,76.282104
90,123,43.608273
72,124,57.057232
74,124,58.436417
83,124,37.939552
84,124,75.972359
87,124,55.471462
88,124,31.136549
89,124,30.895145
76,125,67.439796
80,125,33.529121
81,125,64.586838
82,125,59.945465
83,125,55.927677
84,125,42.794468
72,126,36.102287
94,126,50.382942
110,126,35.781654
111,126,43.239853
109,127,47.91423
110,127,67.119881
108,128,41.068447
109,128,88.597649
110,128,83.055641
42,129,85.70723
43,129,36.323776
107,129,45.295479
43,130,83.011162
69,130,32.952938
95,130,43.300056
96,130,55.477596
97,130,42.368393
98,130,43.402889
101,130,31.865158
102,130,45.113052
103,130,96.267258
104,130,97.069244
105,130,94.835953
42,131,64.499596
43,131,52.16132
69,131,39.838593
92,131,41.737843
96,131,95.282852
42,132,39.95285
43,132,59.293018
89,132,37.147266
90,132,41.089691
91,132,82.401932
42,136,30.745325
47,136,81.385513
145,137,59.966534
144,139,63.008163
14,142,99.501137
15,142,67.200111
74,142,38.654701
75,142,36.04594
76,142,68.589645
77,142,95.008026
10,143,48.079479
14,143,83.035751
78,143,35.452675
59,147,80.398346
61,147,38.802929
62,147,62.581024
63,147,43.038109
63,148,73.924187
64,148,70.555367
62,149,90.362045
63,149,70.0
62,150,57.985367
63,150,66.682426
69,152,39.67963
68,153,72.058662
69,153,36.558956
64,157,41.67382
61,158,42.024063
64,158,33.439571
61,159,45.350937
62,159,48.650463
51,163,47.945396
40,166,76.797668
47,168,65.481987
138,194,62.875885
142,194,92.975334
135,195,39.32272
136,195,59.899723
139,195,34.592098
141,195,65.664177
142,195,96.090607
143,195,64.102417
132,196,30.81242
133,196,34.746483
137,196,44.125584
141,196,36.137733
132,207,37.981125
135,207,34.165592
123,208,32.35817
125,208,72.566132
127,208,32.440071
130,208,72.47998
131,208,55.473545
122,209,49.930641
123,209,68.225204
