534,218,63.229462
432,222,31.677336
433,222,39.858891
434,222,37.001156
438,222,44.5741
455,222,33.329342
456,222,35.528214
485,222,35.053955
486,222,48.282757
487,222,39.809887
488,222,54.807262
489,222,49.790508
491,222,51.285252
484,223,32.10162
491,223,58.586319
492,223,66.661903
394,224,53.445618
395,224,43.652203
491,224,35.366249
492,224,95.343811
537,224,30.59306
491,225,45.712769
538,225,40.448975
389,226,51.672981
537,226,56.619961
389,227,47.623539
396,227,58.09721
447,227,43.259609
541,227,40.621971
542,227,36.300739
389,228,47.353428
492,228,31.130018
535,228,48.353539
389,229,30.627703
449,229,45.276127
536,229,34.336929
537,229,37.069283
545,229,54.572727
393,230,76.067871
537,230,43.306767
388,231,48.241562
388,232,56.303722
549,232,50.030327
388,233,36.898205
549,233,33.778515
550,234,38.50309
493,235,95.657845
492,236,36.175793
493,236,75.31221
508,236,45.147541
550,239,39.894154
524,240,30.277317
534,242,35.299377
535,243,48.302528
542,256,63.066853
533,257,62.666851
535,257,44.855446
536,257,44.955444
537,257,62.822407
536,258,69.722328
537,258,69.722328
538,258,69.722328
539,258,69.722328
540,263,44.69989
553,263,37.252724
556,263,44.706329
554,264,56.944153
561,264,33.020222
544,265,69.666771
536,266,30.666754
537,266,30.666754
538,266,30.666754
539,266,30.666754
541,266,30.666754
544,266,69.722328
535,267,30.666754
536,267,30.666754
537,267,30.666754
538,267,30.666754
539,267,30.666754
540,267,30.666754
542,267,30.766754
388,277,50.976814
389,277,59.532082
389,278,65.059166
576,281,33.212246
577,282,31.359886
574,284,48.815308
534,285,44.052101
532,286,52.698757
389,287,32.325436
390,287,40.165306
573,306,65.616104
554,311,91.400139
555,311,79.15181
556,311,39.643856
557,311,52.830509
558,311,33.746552
579,312,45.197746
579,313,63.561531
636,1,33.891361
669,1,68.555191
630,2,64.324295
629,3,43.197903
630,3,72.685143
632,4,48.60936
635,4,67.705032
636,4,64.990189
507,330,35.28022
502,23,44.69989
504,23,89.799774
505,25,45.199883
503,27,89.799774
504,27,50.199883
379,33,34.344826
380,33,42.35854
382,33,84.930695
501,35,51.25
501,36,51.25
501,37,51.25
520,37,45.633244
505,38,89.855331
520,38,49.451351
504,39,86.399826
520,39,56.309944
504,41,86.399826
520,41,34.315304
520,42,31.052879
505,43,100.0
521,43,30.573519
366,44,49.290314
367,44,64.344002
368,44,67.573486
369,44,86.601372
375,44,91.10331
376,44,57.955761
377,44,56.114674
378,44,68.330269
379,44,54.967106
380,44,77.692665
381,44,87.207001
382,44,82.722298
383,44,80.221405
384,44,41.802658
385,44,38.246372
386,44,54.220936
387,44,61.528244
490,44,30.375252
502,44,37.0
521,44,34.978321
521,45,45.61203
521,46,50.289707
489,47,31.029028
521,47,67.593292
522,47,30.867929
489,48,42.788219
521,48,67.593292
522,48,41.075985
522,50,38.931507
411,51,34.197205
491,51,33.00732
492,51,45.956413
522,51,61.476982
409,52,54.663071
410,52,55.596077
411,52,46.824841
412,52,71.249825
413,52,64.764046
493,52,36.665897
522,52,64.685738
384,53,36.618729
386,53,66.424416
408,53,70.520607
505,53,43.411339
521,53,40.132835
377,54,85.550858
378,54,56.410759
384,54,63.480267
385,54,85.582344
504,54,38.767708
521,54,45.738426
522,54,47.190269
384,55,79.39624
493,55,73.214218
495,55,39.656708
503,55,49.467087
509,55,31.089787
510,55,54.66341
511,55,46.178661
512,55,70.955338
522,55,83.256226
523,55,30.387476
495,56,45.585075
497,56,34.423668
500,56,45.566833
509,56,54.659695
523,56,63.760483
496,57,80.538551
499,57,43.603634
523,57,65.086853
497,58,30.225864
497,59,60.028717
500,61,38.75029
410,375,32.387367
365,63,60.421993
390,64,30.707897
439,383,51.080849
526,384,73.967972
491,71,38.614716
441,385,46.768608
513,72,52.018311
514,72,43.288784
428,386,39.892075
515,386,68.489807
512,73,60.22134
513,73,46.933174
514,73,38.13731
477,74,33.45932
510,74,41.804462
511,74,40.360207
430,387,39.207809
442,387,37.358894
443,387,55.654388
507,387,51.178844
427,389,73.59626
433,389,30.269875
437,390,36.53521
438,390,58.755619
504,78,66.966682
585,391,93.001099
428,392,82.607849
505,80,92.919067
506,80,33.182903
505,81,36.912762
435,394,52.075569
505,83,30.308172
452,395,36.397644
505,84,51.627762
402,397,92.177567
584,397,75.858719
585,397,69.8255
586,397,58.217945
417,100,37.378922
418,103,46.415684
499,104,58.2897
497,105,93.491203
493,106,43.06076
492,107,89.31163
491,108,52.990959
491,109,56.7243
500,109,38.408253
483,420,37.39864
558,420,63.165901
577,420,39.386253
577,421,55.155968
512,422,98.0
578,422,72.815857
579,422,57.922058
580,422,43.438698
436,118,34.422878
411,121,34.4813
405,122,63.703026
538,434,44.143188
401,123,35.544292
434,123,79.794487
435,123,45.398827
531,436,36.946999
541,436,39.664261
518,437,36.346848
550,439,78.559967
556,439,70.122017
550,440,63.02433
553,440,42.641273
554,440,33.304287
555,440,30.195242
556,440,35.691704
553,441,31.103418
551,442,40.435989
552,442,32.151413
494,445,67.173836
406,446,72.461784
495,446,57.231678
517,447,65.742714
550,447,44.334511
361,448,30.455338
516,448,38.097931
495,449,45.117481
549,451,32.189655
549,453,31.406261
549,454,31.684156
548,455,56.346016
549,455,73.650612
548,456,64.867134
549,457,97.505501
420,458,51.952469
378,460,38.257912
435,161,85.303848
420,163,45.419147
437,172,82.898872
362,173,42.269222
363,173,31.040138
420,189,36.929649
509,193,51.467564
392,195,33.219692
514,195,40.916821
514,196,92.03286
472,207,32.710949
