2202,2457,40.268196
2205,2467,32.513157
2194,2468,37.958042
2203,2469,35.355766
2225,2469,39.323254
2179,2472,67.833984
2173,2473,32.214165
2176,2473,32.936996
2202,2473,30.822519
2192,2474,42.782066
2175,2475,38.851463
2177,2475,33.023361
2204,2475,77.883125
2168,2477,45.420139
2175,2477,32.467503
2189,2477,32.07457
2190,2477,32.159863
2231,2477,64.978699
2163,2478,49.354828
2164,2478,41.737858
2168,2478,94.599442
2190,2478,38.784565
2218,2492,66.994888
2167,2438,37.606007
2166,2439,60.509705
2219,2442,39.458786
