2471,2125,79.773743
2480,2125,67.776367
2493,2146,31.536865
2447,2002,60.684891
2460,2008,38.743313
2392,2010,34.102394
2393,2010,71.452103
2394,2010,63.313053
2429,2010,52.387814
2453,2011,43.050385
2469,2011,49.192787
2377,2021,97.928284
2387,2022,99.568871
2390,2022,87.221809
2391,2022,83.69854
2392,2022,78.656349
2407,2022,32.997032
2406,2023,63.955708
2465,2023,38.810871
2405,2024,36.380821
2406,2024,90.689255
2396,2025,43.071648
2444,2025,47.56419
2465,2025,35.578133
2445,2026,40.908375
2447,2026,97.101295
2448,2026,64.649971
2449,2026,45.800976
2450,2026,41.509129
2451,2026,56.560066
2378,2029,40.251762
2378,2030,54.669079
2453,2030,55.793625
2382,2039,98.288559
2383,2039,93.690407
2404,2039,34.642651
2376,2040,47.684807
2381,2040,67.454109
2383,2040,65.095955
2384,2040,37.371624
2386,2040,49.53051
2399,2040,34.301647
2380,2041,57.557911
2381,2041,53.883743
2382,2041,30.287584
2383,2041,37.330109
2384,2041,40.06926
2377,2042,45.443775
2382,2042,79.522308
2383,2042,46.218689
2384,2042,56.522732
2377,2043,37.036568
2408,2045,75.450218
2377,2046,54.105484
2388,2049,73.431702
2388,2050,88.028351
2389,2050,93.226135
2387,2051,62.297539
2389,2051,70.387589
2409,2051,42.233612
2387,2052,79.237213
2388,2052,64.994095
2389,2052,42.344299
2390,2052,54.95488
2392,2052,46.657677
2394,2052,70.775772
2399,2054,46.904057
2436,2054,53.181026
2437,2054,44.824772
2421,2057,38.492355
2487,2057,55.106678
2376,2060,42.344299
2492,2062,30.685627
2478,2063,73.839378
2492,2063,68.354759
2399,2064,74.064926
2493,2064,38.323742
2494,2064,34.415043
2402,2081,76.988098
2404,2081,59.995659
2403,2082,68.680679
2403,2083,56.373936
2403,2084,81.842606
2404,2085,98.343918
2403,2095,37.767883
2402,2097,99.627266
2380,2098,47.36615
2382,2098,33.739429
2383,2098,33.114433
2384,2098,33.514091
2389,2098,46.609505
2390,2098,37.01292
2391,2098,41.13868
2392,2098,40.254959
2393,2098,43.16188
2399,2098,46.079472
2401,2098,56.679089
2389,2099,35.513359
2391,2099,37.054962
2452,2100,96.901215
2376,2105,77.421837
2381,2105,32.227516
2372,2106,31.922535
2373,2106,68.724556
2375,2106,64.42823
2376,2106,33.91156
2380,2106,30.318726
2381,2106,41.954117
2382,2106,31.271921
2380,2107,35.063797
2381,2107,47.735092
2486,2111,35.228317
2373,2112,57.435295
2374,2114,35.112907
2479,2114,63.005421
2479,2122,55.26326
2480,2122,48.847713
2372,2123,57.814999
