1929,2446,37.140427
1932,2447,47.42252
1931,2448,55.144493
1965,2456,36.729801
1953,2460,48.293846
2051,2461,52.489223
1953,2462,55.568233
2051,2466,30.911516
1942,2470,90.021378
1942,2471,93.51265
1951,2471,39.237892
1947,2476,30.617794
1941,2478,54.998119
2026,2478,35.849518
1947,2480,49.766853
2009,2490,49.54475
2008,2493,35.951633
2009,2493,49.490364
1959,2499,44.084999
2014,2499,72.456665
2066,2499,42.083038
1961,2346,72.527519
2033,2347,32.139111
2034,2348,37.528309
1961,2349,49.908863
1961,2350,53.848358
1960,2351,36.320309
1960,2352,95.586884
1961,2352,55.302635
1984,2352,30.166641
1961,2353,83.815147
1984,2353,83.798752
1960,2354,34.015858
1961,2354,50.874767
1983,2355,58.120613
1961,2356,49.795307
1982,2356,43.620861
1960,2357,33.579323
1961,2357,77.898956
1963,2357,87.193733
1983,2357,71.184448
1984,2357,57.955395
1961,2358,57.254242
1962,2358,47.68092
1965,2358,30.44384
1966,2358,35.066494
1967,2358,31.409578
1979,2358,51.994648
1961,2359,48.693531
1967,2359,33.684875
1961,2360,95.319771
1968,2360,30.210522
1933,2361,31.033371
1985,2361,35.950806
1957,2362,39.146797
1959,2362,31.149771
1986,2362,34.434341
1985,2363,99.472855
1986,2363,65.608742
1986,2364,67.049561
1925,2365,44.568031
1958,2365,50.037418
1957,2366,37.570732
2061,2366,37.393127
1986,2367,47.872803
1932,2368,92.542145
1986,2368,32.956665
2037,2369,45.549458
2061,2369,38.773205
1953,2370,54.867191
1954,2370,89.537605
1971,2370,49.265591
1925,2371,30.626974
1925,2375,68.470154
1955,2381,30.176651
1955,2382,41.499565
1951,2386,39.029766
2000,2386,70.90155
1950,2387,98.709251
1967,2387,48.387314
1972,2387,46.740509
1973,2387,43.501751
1949,2388,35.41267
1982,2388,31.429886
1933,2389,36.128181
2067,2389,51.302631
1951,2390,32.917065
1935,2393,30.191326
1932,2394,41.092899
1934,2394,35.692814
1931,2396,30.822903
1981,2396,44.205257
1982,2397,36.839523
2020,2399,30.042925
1922,2420,54.136955
2010,2420,71.237152
2038,2420,50.578442
1953,2421,69.478729
1985,2421,99.097343
1953,2422,34.307484
2010,2422,33.725109
1966,2425,31.641445
1968,2426,58.70396
1953,2427,36.798653
1923,2428,36.370098
1942,2428,79.747177
2010,2428,54.352425
1923,2429,40.22554
1922,2430,58.380413
1923,2430,45.090363
1923,2431,42.783451
1923,2432,77.303917
1923,2433,94.877922
1921,2435,33.043243
1922,2436,34.876549
1930,2437,41.890903
1931,2437,33.412151
1928,2438,54.768265
1929,2438,79.506386
1930,2438,72.608627
1931,2438,68.16642
1932,2438,95.630669
1928,2439,47.281548
