2420,534,44.635658
2431,534,44.154556
2436,534,37.581375
2407,535,59.289925
2408,535,47.192898
2416,535,34.078007
2436,535,49.817856
2332,538,48.308315
2387,541,71.082146
2414,543,34.441288
2271,544,38.07658
2272,544,31.557762
2274,544,37.298088
2279,544,30.762999
2280,544,57.202747
2328,544,34.519543
2414,544,44.184528
2271,545,55.762486
2272,545,37.797146
2281,545,31.185123
2282,545,41.079887
2283,545,51.083603
2401,545,47.833122
2402,545,41.519756
2403,545,75.054665
2405,545,33.783367
2407,545,34.943832
2418,545,55.070358
2271,546,38.297146
2272,546,91.633163
2283,546,80.289833
2323,546,37.108433
2325,546,44.540619
2326,546,35.316742
2323,547,63.987862
2331,547,33.803883
2271,548,75.511139
2323,548,87.773468
2295,550,62.333492
2328,551,56.376022
2400,554,46.544815
2405,554,41.697823
2406,554,41.156219
2404,555,37.247723
2275,556,63.175106
2276,556,72.682732
2426,556,94.624062
2294,557,41.860352
2301,557,38.603546
2304,557,30.855865
2307,557,34.993942
2330,557,98.145714
2331,557,31.233364
2332,557,37.671394
2293,558,71.9524
2294,558,31.944071
2295,558,30.485241
2329,558,41.838402
2330,558,34.924622
2332,558,46.024731
2293,559,79.340889
2294,559,49.497395
2295,559,45.798016
2297,559,36.888916
2329,559,69.18988
2330,559,52.695446
2330,560,89.38633
2382,562,47.358097
2281,565,31.438011
2292,567,80.334282
2293,567,74.698814
2301,567,52.242523
2293,568,84.169258
2294,568,42.951
2295,568,39.10553
2296,568,30.01342
2342,570,53.204357
2436,570,88.148705
2440,571,37.035069
2441,571,62.928585
2442,571,95.285599
2433,572,64.602585
2439,572,70.065071
2440,572,40.528786
2441,572,46.710201
2434,573,36.225441
2435,573,37.648975
2423,575,30.42572
2301,576,53.43882
2302,576,44.078648
2396,576,32.539146
2394,577,45.223045
2395,577,32.695274
2421,577,31.985584
2392,578,71.342888
2393,578,97.608398
2394,578,35.197048
2392,579,49.554554
2393,579,90.626114
2420,579,41.566841
2392,580,42.901283
2408,580,30.14329
2409,580,31.138933
2419,580,37.843185
2410,581,30.07876
2477,581,31.641365
2419,582,36.545929
2477,582,61.871017
2487,582,93.746849
2423,583,97.284462
2477,583,30.619247
2484,584,77.408745
2483,585,87.917038
2482,586,79.144783
2479,587,42.446301
2351,590,51.054096
2351,591,32.303574
2427,591,76.625351
2322,594,35.466396
2354,595,56.500797
2350,596,47.953274
2354,596,60.411316
2441,596,38.141514
2355,597,79.429779
2355,598,39.306095
2269,599,39.140427
2270,599,34.124161
2352,599,77.245789
2354,599,32.675835
2355,600,75.135925
2353,601,53.570934
2385,601,69.704926
2349,602,30.418247
2353,602,55.659161
2348,603,72.49604
2350,603,38.693016
2351,603,34.413784
2352,603,49.698635
2353,603,63.610046
2333,608,43.618961
2336,608,52.844479
2379,608,76.840729
2380,608,46.792446
2381,608,31.823666
2334,609,42.153362
2335,609,56.625851
2337,609,34.517811
2382,609,80.664963
2384,609,45.074169
2339,610,34.202812
2384,610,59.40625
2385,610,31.736765
2386,610,49.855083
2387,610,30.580626
2410,610,34.476967
2343,611,82.576302
2384,611,99.145294
2385,611,49.642563
2386,611,38.804195
2387,611,35.428677
2386,612,30.745445
2387,612,58.967396
2388,612,38.657188
2413,612,58.923908
2350,613,75.272247
2388,613,30.955681
2414,613,38.791622
2415,613,75.493309
2314,614,36.368118
2351,614,89.763229
2356,614,84.303253
2389,614,47.955452
2416,614,55.029327
2418,614,40.139313
2419,614,52.064739
2354,615,39.264801
2411,615,49.223549
2420,615,43.856636
2476,615,68.806541
2344,616,51.802986
2345,616,67.551361
2416,616,32.587418
2340,618,37.320766
2341,618,32.062
2422,635,49.036781
2419,637,30.01215
2420,637,37.45134
2423,637,93.018738
2424,637,89.834564
2425,637,91.347511
2471,642,30.587074
2316,643,50.755894
2473,643,45.060566
2479,643,76.521118
2316,644,71.211914
2473,644,89.813843
2478,644,76.332863
2483,644,57.63739
2490,644,60.10754
2316,645,64.056572
2484,645,76.920052
2491,645,54.037476
2492,645,70.137459
2316,647,81.533249
2499,647,55.43885
2318,648,70.50959
2326,663,66.268951
2266,664,59.697895
2270,664,53.210888
2325,664,71.291321
2278,673,66.549789
2476,673,70.687157
2307,675,80.1446
2308,675,45.379383
2307,676,56.061878
2309,677,54.128975
2278,678,44.078117
2304,680,45.056351
2350,680,88.527214
2305,681,36.534721
2280,683,52.567085
2281,683,35.677818
2279,684,54.575012
2280,684,55.980888
2317,685,51.295021
2318,686,54.604546
2319,686,36.516308
2319,687,44.106754
2289,689,33.429745
2290,689,41.232246
2291,689,52.245518
2292,689,31.478632
2276,691,68.7341
2302,691,96.691704
2412,692,64.025284
2413,692,78.676003
2361,387,53.658852
2361,388,38.383869
2387,388,38.454121
2389,388,38.716713
2390,388,35.931438
2393,388,42.721069
2452,388,45.607117
2277,693,46.2789
2295,693,51.499828
2296,693,65.00843
2297,693,52.052708
2298,693,42.428211
2299,693,41.239086
2300,693,32.506264
2302,693,56.582947
2409,693,31.551579
2412,693,36.68697
2414,693,42.266945
2338,389,31.461914
2339,389,34.315315
2340,389,57.282211
2341,389,50.597378
2342,389,53.678455
2343,389,57.495808
2344,389,50.379513
2345,389,62.65564
2346,389,50.1091
2347,389,67.61692
2348,389,98.408318
2350,389,60.402863
2351,389,61.879169
2361,389,31.957739
2410,694,47.813251
2412,694,32.987762
2361,390,45.798038
2396,390,33.665424
2294,695,64.823372
2316,695,35.866585
2412,695,42.804859
2415,695,59.539715
2352,391,33.005383
2353,391,70.652092
2278,696,43.852493
2355,392,78.679405
2387,392,52.580006
2317,698,43.00972
2483,698,51.744938
2455,397,34.791767
2317,706,89.28743
2418,402,31.3437
2305,708,49.035938
2328,708,59.053177
2326,709,42.729862
2327,709,43.088875
2328,709,86.172935
2329,709,87.18718
2331,709,61.793327
2332,709,62.35817
2333,709,76.17836
2450,404,53.349766
2453,404,33.150444
2334,710,33.052147
2335,711,60.061207
2273,417,88.07943
2306,421,76.620598
2307,421,92.560539
2313,423,44.352245
2316,423,32.520222
2332,423,99.781433
2333,423,76.048523
2334,423,56.083164
2314,424,32.562248
2315,424,46.154125
2316,424,96.961006
2317,424,62.276028
2332,424,81.054466
2333,424,43.540051
2314,425,30.337563
2315,425,36.482525
2332,425,52.931931
2333,425,37.473351
2334,425,31.670137
2353,425,48.204605
2468,729,87.659195
2469,730,77.954872
2472,730,94.321014
2314,426,61.565792
2315,426,46.293217
2316,426,31.139688
2333,426,37.827976
2314,427,97.277847
2315,427,62.598267
2332,427,85.333344
2337,731,97.539383
2338,731,65.499199
2339,731,69.440514
2340,731,73.851105
2341,731,99.673363
2342,731,54.495377
2343,731,83.005035
2344,731,84.167549
2345,731,88.875191
2346,731,67.050957
2347,731,72.071556
2483,732,77.890884
2484,732,75.595764
2486,733,46.749557
2428,429,32.233028
2482,734,39.086494
2326,431,49.511574
2355,431,63.919018
2435,431,82.416512
2496,737,53.786346
2445,435,36.008514
2447,435,46.000156
2448,435,61.872353
2449,435,48.136688
2453,435,51.559883
2454,435,43.420132
2457,435,33.571499
2458,435,36.890865
2459,435,44.464535
2460,435,54.803001
2466,435,39.078331
2496,738,68.730492
2434,436,47.712315
2450,436,41.349899
2452,436,35.18047
2453,436,51.067345
2456,436,51.005428
2457,436,56.976707
2461,436,42.20108
2462,436,53.617161
2463,436,64.350891
2464,436,65.396141
2466,436,66.940437
2337,740,47.101307
2466,437,47.051079
2473,438,54.909725
2336,741,54.126637
2337,741,37.493443
2338,741,34.473782
2340,741,53.878571
2325,742,62.273342
2327,742,74.366318
2328,742,66.398087
2329,742,52.676991
2330,742,69.286148
2331,742,51.304127
2332,742,48.801769
2339,742,40.608616
2342,742,69.534241
2343,742,54.423916
2344,742,73.135216
2325,743,70.365234
2337,743,41.571812
2338,743,82.900284
2339,743,47.594414
2341,743,82.89875
2387,440,44.392895
2471,747,33.769527
2432,446,30.329485
2303,448,58.645306
2334,753,33.344414
2424,753,48.872723
2424,754,58.333511
2313,755,85.152802
2314,755,58.744682
2315,755,63.138203
2424,755,54.300911
2424,757,39.288467
2425,757,65.418785
2490,757,57.059349
2492,757,55.693539
2493,757,46.3554
2368,758,53.18153
2488,758,34.990894
2489,758,43.468407
2490,758,36.319653
2491,758,62.357201
2368,759,82.702194
2368,760,70.083336
2369,760,46.934933
2367,761,32.637085
2390,762,73.325882
2489,762,48.750919
2392,763,31.202702
2489,763,41.236465
2488,764,95.512894
2290,462,49.684929
2336,768,33.416286
2338,768,62.43631
2412,768,69.753761
2338,769,35.310604
2338,770,62.576588
2339,770,46.47958
2310,771,46.71418
2338,771,47.615044
2311,772,85.703903
2344,471,37.027088
2340,773,45.24332
2311,775,47.471188
2312,775,39.726173
2344,475,31.453449
2341,478,84.474396
2381,479,36.093384
2390,479,52.563385
2446,479,46.012081
2363,491,44.884415
2364,491,48.479538
2397,497,54.722458
2401,497,39.563705
2407,497,43.502377
2405,498,32.010246
2274,503,34.0037
2374,503,80.156052
2274,504,31.382912
2276,504,50.861279
2277,504,40.617691
2282,504,81.048798
2284,504,32.899605
2278,505,32.169991
2279,505,32.611034
2282,505,46.487679
2284,505,31.519714
2373,506,38.55217
2374,506,98.39682
2371,507,39.625977
2375,507,92.719536
2442,507,89.598465
2321,508,30.678482
2374,508,86.239983
2375,508,64.798706
2376,508,45.402771
2332,509,94.966537
2303,510,84.2201
2321,510,77.944572
2331,510,65.440056
2371,510,60.573601
2304,511,41.581379
2331,511,78.88723
2371,511,58.827
2304,512,33.825344
2331,512,70.796043
2370,512,45.22665
2414,513,53.562607
2321,514,31.360613
2331,515,99.176201
2445,517,43.96785
2446,517,66.625275
2447,517,52.277828
2342,518,32.938858
2301,521,46.201469
2294,522,75.060013
2295,522,56.392784
2296,522,54.221596
2405,525,43.50827
2406,525,50.217148
2413,525,36.200947
2414,525,63.978779
2415,525,36.279266
2420,525,69.418137
2421,525,47.536148
2424,525,67.931381
2414,526,65.284271
2416,526,60.665909
2417,526,89.858444
2418,526,48.214249
2419,526,45.73275
2420,526,46.035023
2421,526,43.479515
2422,526,42.918915
2424,526,36.460186
2425,526,64.101936
