2323,1811,58.0
2216,1825,56.281986
2227,1825,91.825089
2228,1825,73.879425
2230,1825,68.084427
2231,1825,73.635719
2232,1825,39.954525
2234,1825,35.019768
2223,1826,88.611122
2224,1826,90.634476
2225,1826,88.690994
2226,1826,44.142643
2227,1826,37.880943
2228,1826,40.569649
2219,1827,45.853672
2220,1827,48.057495
2222,1827,32.073776
2223,1827,31.167559
2219,1831,37.795631
2220,1831,83.373398
2221,1831,83.891266
2222,1831,42.678192
2223,1831,40.799225
2221,1832,80.853676
2222,1832,76.294449
2223,1832,59.991623
2224,1832,33.488487
2228,1832,73.734505
2229,1832,68.234512
2230,1832,68.234512
2251,1833,33.920395
2254,1834,33.114807
2255,1834,70.279968
2255,1835,54.995552
2256,1835,61.377983
2258,1835,89.113617
2235,1836,31.160334
2258,1836,40.384304
2259,1836,81.242081
2260,1836,91.015808
2261,1836,99.911568
2262,1836,59.908524
2263,1836,70.496674
2265,1837,71.41851
2267,1837,41.283699
2268,1837,41.283699
2272,1837,68.372894
2211,1889,68.234512
2223,1889,63.178146
2211,1890,38.049225
2212,1890,51.888485
2228,1890,37.750008
2211,1891,85.507607
2212,1893,75.041466
2430,1690,41.495968
2432,1690,53.684174
2456,1703,72.795212
2457,1703,53.927013
2226,1704,94.837135
2415,1704,39.929619
2418,1704,58.499161
2419,1704,77.847641
2421,1704,47.99968
2423,1704,47.928341
2425,1704,52.116772
2426,1704,41.214798
2427,1704,48.001114
2428,1704,47.229328
2429,1704,74.687431
2430,1704,63.261295
2431,1704,64.079338
2433,1704,63.102737
2434,1704,63.178196
2453,1704,43.480743
2229,1705,31.286682
2412,1705,87.599861
2415,1705,98.125031
2416,1705,77.924812
2417,1705,81.441048
2418,1705,91.625343
2419,1705,64.353279
2412,1706,75.473396
2380,1716,75.803322
2300,1724,36.215389
2222,1776,45.596649
2216,1778,88.786179
