669,223,68.723083
625,229,30.098499
624,230,31.675024
669,230,57.789875
695,230,54.262283
698,230,37.246365
669,231,33.872581
670,231,61.478714
701,231,32.162613
670,232,34.521927
703,232,35.807232
704,233,37.956783
608,234,65.29879
609,234,33.037548
708,234,30.497873
609,235,31.553101
672,236,30.411119
609,237,31.112532
608,238,93.366844
610,238,65.576172
611,239,56.032059
612,239,33.88916
613,239,42.108276
672,239,46.997639
612,240,56.979137
692,240,34.458332
831,240,32.354652
833,241,55.747044
712,243,71.0625
724,243,56.167423
732,243,40.581112
728,244,58.573223
673,249,59.650593
674,249,42.850681
705,250,36.336842
706,250,45.520023
707,250,30.228966
707,251,44.106544
708,251,32.094101
675,254,46.379894
672,255,43.194473
675,255,70.686836
667,256,62.712856
725,256,35.216347
721,257,57.552704
721,260,45.977867
697,265,67.232849
721,265,49.274712
700,266,53.799019
702,266,77.528282
703,266,91.98732
704,266,36.011856
702,267,62.939919
705,267,66.444633
707,267,57.494072
721,267,61.344051
706,268,89.588554
707,268,37.084286
708,268,38.95372
709,268,57.085632
710,268,66.533318
712,268,37.169197
721,268,34.61097
710,269,46.902225
711,269,36.264347
712,269,58.583984
713,269,47.477299
714,269,54.87141
722,269,88.277641
714,270,57.373398
715,270,71.237183
716,270,47.352299
722,270,77.912888
723,270,35.039986
723,271,35.049679
723,272,32.124168
644,273,36.676876
674,274,61.72966
609,275,33.489342
674,275,69.557037
675,275,91.186577
676,275,60.202133
649,276,45.226402
655,276,53.764614
656,276,46.69389
657,276,31.033571
671,276,40.983727
674,276,31.870342
678,276,96.701683
679,276,87.74736
680,276,95.555786
682,276,67.087105
683,276,74.177399
636,277,31.920105
645,277,40.761955
648,277,52.389294
649,277,82.10038
665,277,33.41597
667,277,55.557259
668,277,30.640799
669,277,38.384819
676,277,33.373528
679,277,43.442535
680,277,54.953926
681,277,68.372383
682,277,43.979874
683,277,74.459091
684,277,42.448906
799,277,61.196892
844,277,87.94474
630,278,52.889786
632,278,30.546274
633,278,31.862999
634,278,50.968151
635,278,43.14595
636,278,70.553902
637,278,50.823498
641,278,82.419632
646,278,48.027134
647,278,33.002953
665,278,70.87384
668,278,58.128433
799,278,60.330837
626,279,63.838619
631,279,35.439064
632,279,35.439064
608,280,32.990242
798,280,51.93605
609,281,52.233879
610,281,60.648598
611,281,31.672308
812,284,64.649521
726,300,35.384796
726,301,36.621338
726,302,34.219173
726,303,35.1506
726,304,52.045101
727,304,45.163368
609,305,34.66423
727,305,75.057159
731,305,48.350971
732,305,46.520809
733,305,37.369942
727,306,79.842186
728,306,90.498474
729,306,57.458069
606,307,40.715466
624,307,48.020988
708,311,46.08699
766,313,33.937157
661,314,35.543739
662,314,32.45385
666,314,32.366341
667,314,31.224087
766,314,30.393309
662,315,36.951717
708,316,33.346951
709,316,30.264393
711,316,32.880863
675,318,43.496471
678,318,37.189434
680,318,58.275566
743,318,30.983849
756,318,59.83704
672,319,31.12092
673,319,51.14185
674,319,46.133823
679,319,40.598301
762,321,35.400864
765,321,80.447075
765,322,57.826881
766,323,51.611973
770,323,72.543098
756,324,58.689098
701,325,43.727581
703,325,31.112583
647,328,30.614492
679,331,38.16914
661,332,81.357719
661,333,38.085922
663,333,57.893784
756,333,40.864414
757,333,54.705654
759,333,32.141029
743,334,59.893082
756,334,42.074806
757,334,85.490532
721,20,71.813637
722,20,38.845402
725,20,34.717167
729,20,55.313572
734,336,36.215469
723,338,38.776855
673,339,50.466774
674,339,46.013367
676,339,44.578873
679,339,90.501122
659,340,43.031738
660,340,39.358578
661,340,47.013931
662,340,60.585342
663,340,30.285234
664,340,63.544975
669,340,33.400127
670,340,32.528839
671,340,33.218185
673,340,47.869789
674,340,93.657867
679,340,36.697044
680,340,57.927269
795,25,53.660034
655,341,33.477787
711,342,74.629341
717,342,93.391342
718,342,66.743843
719,342,53.902748
721,342,31.711567
787,26,72.590569
801,26,53.788605
789,27,42.80669
790,27,32.70668
777,28,69.618477
729,344,32.096283
729,346,34.588127
730,346,66.528885
667,349,53.477264
672,350,35.454567
699,350,33.606487
700,350,81.224182
701,350,97.313438
702,350,68.233948
658,351,41.257484
698,351,99.092186
699,351,34.306694
700,351,51.656395
698,352,86.104454
700,352,95.037766
732,352,36.576714
679,40,44.823284
699,40,61.54187
738,356,39.497524
733,357,38.782494
742,358,67.335052
659,359,53.999931
733,359,44.052536
743,359,40.096485
744,359,61.209541
660,360,55.033798
661,360,62.08419
663,360,88.760651
747,361,44.176151
750,361,55.912861
750,362,65.099396
751,362,71.716011
752,362,39.469723
755,362,35.604248
757,362,41.973656
759,362,55.642311
760,362,69.230225
649,363,47.001427
750,363,56.315994
754,363,83.476273
759,363,54.417122
760,363,69.000099
652,370,78.303276
721,370,76.193344
722,370,66.750076
723,370,45.001064
725,370,44.665329
652,371,70.643158
728,372,83.061356
679,63,56.506706
680,63,82.234985
681,63,37.813641
647,376,31.659771
635,377,36.774849
679,64,47.19606
684,64,69.692955
685,64,93.2733
688,64,32.534386
692,64,48.29723
681,65,31.942879
683,65,72.249138
690,65,47.98193
691,65,34.913609
681,66,68.561607
682,66,42.471138
683,66,86.50222
689,66,89.027122
690,66,75.713829
691,66,59.069351
856,66,69.442688
772,379,77.759872
773,379,77.759872
774,379,99.915123
676,67,31.001587
681,67,48.055511
703,67,53.701607
836,67,66.952034
837,67,50.537868
838,67,74.261192
839,67,64.551933
840,67,54.694458
841,67,55.031921
842,67,55.050697
843,67,61.831329
844,67,82.418007
845,67,44.07917
846,67,90.874825
847,67,65.603638
848,67,38.531898
849,67,75.253754
854,67,74.045883
630,68,38.730785
666,68,42.768761
676,68,71.277603
680,68,32.440548
681,68,72.067513
691,68,78.042374
703,68,92.290314
756,68,85.338959
836,68,96.319092
838,68,50.827511
839,68,48.147869
846,68,36.30064
847,68,60.246792
848,68,52.452522
773,380,89.903122
633,69,45.911491
665,69,34.674282
666,69,43.658077
669,69,39.978424
671,69,32.889668
672,69,31.290623
675,69,37.474003
676,69,59.868347
680,69,30.865318
681,69,34.035027
691,69,66.616219
756,69,58.968975
759,69,69.267982
765,69,99.249474
850,69,51.158306
627,70,90.910072
631,70,40.297306
638,70,58.667892
667,70,68.635284
668,70,48.113556
671,70,58.426773
672,70,80.116768
676,70,52.993877
679,70,60.071533
680,70,48.478649
681,70,38.058311
693,70,88.979546
625,71,35.048939
673,71,62.357296
716,71,33.369495
673,72,58.311413
676,72,57.271927
676,73,37.149128
667,74,30.66474
674,74,43.793152
675,74,39.422359
676,74,49.773911
675,75,42.256828
676,75,83.251297
673,76,43.404198
674,76,50.668259
675,76,56.844261
672,77,71.531624
673,77,43.611099
674,77,42.349152
675,77,89.078964
673,78,53.473923
674,78,56.37899
829,79,47.606285
682,97,77.37571
748,97,44.533356
749,97,75.851974
751,97,95.30938
752,97,63.5144
753,97,33.986191
755,97,43.096436
756,97,45.492504
758,97,69.531769
759,97,41.079441
761,97,65.515648
762,97,75.162811
786,97,45.107204
787,97,60.08606
788,97,54.675713
789,97,57.782253
792,97,67.220825
795,97,47.941189
817,97,48.068184
818,97,57.96595
821,97,66.760063
823,97,31.588942
752,98,47.369064
753,98,61.247864
754,98,46.001518
755,98,41.568657
756,98,75.345001
761,98,79.850418
791,98,46.574291
798,98,49.300182
746,123,88.71489
747,123,87.700172
747,124,89.817146
748,124,60.025017
742,125,35.597153
743,125,93.576759
745,125,98.062553
754,125,99.839165
751,126,33.458282
752,126,36.5839
753,126,35.312675
754,126,33.894489
755,126,38.376957
744,127,46.159321
745,127,46.493988
748,127,31.242437
758,127,46.711117
770,127,31.918425
743,128,67.635643
744,128,81.791245
770,128,62.724586
771,128,93.885323
769,129,63.40995
770,129,76.502777
771,129,73.999672
835,129,33.610691
745,130,70.768295
757,130,30.359703
758,130,36.704651
765,130,30.164124
767,130,80.635063
758,131,53.067505
744,132,39.641205
750,132,33.047829
753,132,54.53167
744,133,72.268234
745,133,46.988113
745,134,31.023453
746,134,42.393391
776,134,49.890694
833,134,31.170818
776,135,61.767216
777,135,51.688934
782,135,37.043617
776,136,96.678482
684,138,51.611393
685,140,39.181862
675,143,72.318199
673,145,47.94677
672,146,40.63316
671,147,93.891129
722,148,38.994377
665,149,31.681042
687,149,90.603569
715,149,31.852922
682,150,76.027069
713,150,36.69022
725,150,46.749901
690,151,84.376808
725,151,31.622177
689,152,90.941284
690,152,63.948677
658,153,67.034241
690,153,89.443161
669,155,74.852592
690,155,81.307999
667,156,64.677956
690,156,66.736961
664,157,64.302917
682,158,90.272018
657,159,79.644424
716,159,54.745281
703,160,83.773651
704,160,83.930115
712,160,70.431366
713,160,54.59388
709,161,40.160107
703,162,56.901356
796,169,88.28891
797,170,52.596855
781,171,38.094589
781,172,36.506142
780,173,57.082916
782,177,37.776882
