2081,851,60.214828
2121,854,90.97142
2124,858,66.435638
2136,859,46.163734
2125,860,37.198029
2125,861,51.130726
2076,862,58.032795
2127,862,36.773777
2076,863,41.55611
2076,864,30.050169
2084,864,62.56599
2093,864,51.648952
2094,864,32.520878
2095,864,32.306286
2076,865,36.240578
2132,865,35.380669
2076,866,63.652363
2077,866,41.80093
2076,867,53.945061
2124,867,81.732384
2125,867,33.976353
2078,868,43.989815
2156,870,37.035324
2135,871,49.614258
2136,871,47.347069
2137,871,34.543785
2152,871,52.324295
2130,872,57.736965
2127,875,70.754745
2128,875,30.451061
2132,875,48.084858
2134,876,37.942238
2135,876,76.911118
2121,878,55.306332
2143,878,53.598812
2232,878,51.651211
2132,879,40.891788
2231,879,38.179508
2121,880,36.196064
2121,883,76.403793
2215,883,74.748459
2129,884,55.721813
2128,885,35.564728
2132,885,78.240242
2133,885,76.205872
2135,885,73.926895
2137,885,35.152119
2213,885,77.869545
2142,886,38.844513
2148,886,79.905785
2217,886,30.778147
2220,886,31.988394
2206,888,40.354771
2217,888,46.236877
2217,889,92.176781
2217,890,38.253971
2176,891,31.365541
2217,891,47.603706
2216,892,48.448505
2175,905,67.549004
2187,906,70.485626
2175,907,36.355385
2219,907,67.33168
2046,944,42.905006
2179,944,82.3172
2180,945,55.046494
2181,945,52.216019
2176,946,79.892349
2181,946,65.098473
2182,946,52.30891
2175,947,49.967869
2176,947,39.63047
2179,947,47.015236
2223,947,55.071804
2224,947,48.418934
2175,948,56.392086
2179,948,39.32621
2173,949,44.291164
2066,950,43.338516
2068,951,46.989193
2176,951,37.050976
2215,951,39.734749
2061,952,46.069202
2061,953,92.54567
2063,953,97.475853
2064,953,65.860413
2065,953,67.210312
2070,953,38.979557
2061,954,91.54567
2176,954,41.845333
2177,954,35.966515
2178,954,39.878807
2176,955,47.061897
2179,955,34.232639
2215,955,40.050575
2187,958,40.75016
2214,958,35.448391
2216,959,42.897575
2229,961,41.430126
2116,962,74.450348
2117,962,37.482765
2175,962,79.25132
2222,962,32.491405
2229,962,50.235889
2117,963,66.830345
2116,964,88.962639
2117,964,96.233894
2184,964,61.547199
2188,964,36.500629
2189,964,34.166275
2191,964,33.40836
2117,965,89.752106
2125,967,61.490089
2125,968,51.689522
2134,969,51.040356
2185,969,77.433334
2187,969,79.343788
2228,969,38.576145
2141,970,57.482105
2146,970,45.747242
2137,971,84.290184
2138,971,37.263275
2143,971,68.767242
2134,972,58.834015
2137,972,72.212234
2138,972,50.45182
2144,972,46.648117
2146,972,53.457809
2231,972,32.634483
2121,973,56.144272
2122,973,76.495018
2124,973,46.153801
2231,974,89.495277
2133,976,32.414207
2229,977,85.255501
2230,980,31.664459
2230,982,87.6353
2231,982,68.904884
2231,985,57.360096
2231,986,94.520378
2230,989,33.451775
2230,991,34.825829
2230,992,48.731068
2230,995,36.293148
2230,996,31.941189
2230,997,85.971588
2064,998,66.891434
2230,998,31.070383
2230,999,43.929684
2174,1000,59.869709
2216,1005,47.116055
2229,1006,44.274452
2222,1008,38.84576
2229,1019,55.684452
2218,1022,32.763191
2219,1023,53.659824
2227,1024,34.06459
2228,1024,86.427963
2186,1028,48.270233
2186,1031,48.057129
2218,1034,31.588282
2219,1035,41.465408
2183,1036,38.450394
2184,1036,59.249493
2219,1036,40.719864
2185,1037,91.807518
2186,1037,62.852196
2186,1038,43.121937
2218,1038,69.053062
2187,1039,61.944813
2188,1040,50.333012
2218,1040,48.332825
2191,1050,56.758816
2194,1054,58.45657
2220,1055,41.546204
2199,1056,85.228043
2218,1057,75.319427
2192,1059,47.859966
2198,1060,39.842602
2200,1060,56.906979
2201,1060,44.240417
2198,1061,36.57024
2199,1061,50.576988
2203,1061,42.744614
2204,1061,55.078854
2205,1061,36.799698
2206,1061,39.968441
2207,1061,60.394142
2208,1061,37.800907
2209,1061,56.123154
2218,1063,34.127659
2179,1065,81.026672
2175,1066,57.786427
2197,1069,41.890404
2186,1074,33.86887
2185,1075,30.50852
2181,1077,39.45805
2173,1079,86.449371
2175,1079,71.386253
2207,1079,36.323425
2170,1080,43.267349
2171,1080,51.575436
2172,1080,30.599323
2173,1080,37.015923
2178,1080,57.936623
2208,1081,34.498146
2175,1082,31.783167
2167,1084,46.670006
2167,1086,71.695061
2167,1087,72.211945
2167,1088,60.680222
2175,1090,47.551296
2176,1090,90.717949
2177,1090,76.921623
2178,1090,32.070724
2169,1091,70.240608
2170,1091,59.839756
2171,1091,40.163086
2172,1091,49.611732
2173,1091,39.940037
2220,1091,38.170166
2221,1091,83.531845
2170,1092,42.03157
2171,1092,38.165794
2217,1092,35.812172
2169,1093,91.540085
2170,1093,35.445244
2208,1093,34.217587
2169,1094,61.018845
2169,1095,53.661377
2169,1096,52.61898
2170,1096,30.038195
2169,1097,57.195621
2169,1102,60.547493
2173,1102,33.29818
2182,1103,35.355591
2182,1104,47.499519
2182,1105,40.27927
2063,1112,42.682331
2219,1123,38.483963
2046,1124,62.844601
2046,1125,54.323082
2117,1125,61.005699
2219,1131,72.988976
2220,1131,34.531742
2120,1153,79.659676
2121,1153,42.75943
