2274,2447,70.230019
2276,2447,71.371605
2288,2447,34.099987
2289,2447,62.784447
2276,2448,72.045723
2271,2449,64.622826
2276,2449,55.382854
2269,2450,95.790985
2271,2450,68.383698
2263,2451,50.659058
2263,2452,56.12566
2264,2452,43.615673
2271,2452,30.142937
2273,2452,38.011772
2254,2453,38.299286
2257,2453,30.348398
2278,2453,48.239689
2268,2454,86.53624
2270,2458,36.27319
2238,2462,48.938622
2239,2462,59.223911
2237,2463,37.760715
2241,2463,51.034351
2262,2466,37.709049
2241,2467,38.392036
2262,2467,63.842937
2256,2471,52.919044
2256,2472,58.19286
2257,2472,32.396717
2258,2472,60.894531
2259,2472,66.942352
2260,2472,61.619335
2235,2473,77.580971
2236,2473,38.150795
2257,2473,38.697693
2258,2473,35.685196
2259,2473,35.156319
2260,2473,71.400871
2261,2473,46.793873
2262,2473,49.000542
2235,2474,54.534019
2236,2474,61.386574
2262,2474,38.229416
2262,2475,67.547043
2273,2424,35.435089
2284,2442,53.709312
