0,948,2
0,1232,2
0,2381,2
1,992,2
2,86,2
2,1072,2
2,1268,2
4,1279,2
5,1208,2
5,1352,2
5,1817,2
6,1877,2
6,2496,2
7,1579,2
7,1701,2
7,1751,2
7,2452,2
8,1737,3
9,1675,2
14,141,2
17,988,3
17,2217,2
22,2467,2
24,1958,2
27,600,3
28,921,2
28,1278,2
29,2483,2
30,989,2
32,886,2
33,2277,2
33,2453,2
34,744,2
34,1160,2
34,2199,2
35,1019,2
35,2295,2
36,582,2
36,1757,2
37,1660,2
41,918,2
42,131,2
42,1375,2
46,2482,2
47,1122,2
47,1620,2
47,2246,2
48,792,2
48,1585,2
49,2453,2
51,157,2
51,765,2
51,858,2
51,1559,2
52,567,3
54,1386,2
56,1456,2
56,1644,2
57,1013,2
58,994,2
58,1179,2
58,1360,2
59,101,2
59,539,2
59,1062,2
59,1281,2
59,2378,3
61,1600,3
61,2423,2
63,567,3
63,823,2
64,150,2
64,585,2
65,798,2
66,269,2
66,1309,2
66,1486,2
66,1685,2
66,1735,2
69,1890,3
70,36,2
70,1746,2
71,1051,2
71,1795,2
72,1355,2
73,1518,2
74,1286,3
74,2254,2
75,1165,2
75,1762,2
77,775,2
77,1265,3
77,1370,2
79,132,3
79,1390,2
79,1608,2
79,1679,2
79,1886,2
80,2024,2
81,143,2
81,798,2
81,1048,2
81,1312,2
81,1620,2
81,1898,3
82,619,2
82,1358,3
82,2464,2
83,1182,2
85,2195,2
86,2426,2
87,124,2
87,1267,2
87,1367,3
88,548,2
88,900,3
88,1761,2
89,134,3
89,874,2
90,1516,3
91,802,3
92,859,2
93,638,2
95,970,3
97,589,3
98,1022,2
98,1143,2
98,2286,2
100,67,2
100,133,3
101,789,2
101,994,2
102,1919,2
103,1423,2
103,2272,3
104,1909,2
104,2262,2
105,97,3
105,1634,2
106,1191,2
106,1363,2
107,587,2
107,1886,2
108,1444,2
109,32,2
109,128,2
109,1236,2
109,2455,2
110,1049,2
110,1735,2
110,2210,2
111,2196,2
112,804,2
112,1417,2
113,837,2
114,1151,2
115,94,2
115,711,2
116,82,2
117,1110,2
119,997,2
121,210,2
122,1274,2
122,1760,2
124,782,2
124,961,2
124,1447,2
127,802,2
127,1710,2
127,1790,3
129,946,2
129,1051,2
130,1015,2
131,204,3
131,819,2
131,1248,2
132,1237,2
133,585,2
134,2276,2
136,2339,2
137,929,2
138,2356,2
139,1763,2
140,194,2
140,1668,3
141,736,2
143,586,3
145,138,2
145,213,2
145,1360,2
146,2013,2
147,1239,2
149,1311,2
150,2398,2
151,432,3
152,979,2
154,2332,3
155,1460,2
155,2200,2
155,2389,2
156,202,2
156,1417,2
156,1649,2
158,877,2
158,1004,2
158,1805,2
159,929,2
159,1701,3
160,1795,3
161,2427,2
162,1365,2
163,1401,2
165,1122,2
166,1228,2
166,1484,2
167,1132,3
167,1990,2
168,1017,2
169,1007,3
169,2004,2
170,919,2
171,38,2
171,1298,2
171,1355,2
171,1747,2
173,1247,2
173,1403,3
174,2280,2
176,1713,2
177,1804,2
178,1392,2
178,1600,2
179,1447,2
179,1465,2
180,887,2
180,1659,2
181,1364,2
182,440,2
183,973,2
183,1317,3
184,1155,2
186,2324,2
190,1309,2
191,807,2
191,2190,2
192,1121,2
192,1237,3
197,2323,2
198,1384,2
200,894,2
200,2394,2
201,1707,2
201,1731,2
201,2365,2
202,1753,2
202,1926,2
203,1059,2
205,1252,2
206,859,2
206,967,3
206,1765,2
206,2471,2
207,929,2
207,2321,2
208,914,2
208,2188,2
209,401,2
209,1574,2
210,1271,2
211,1116,2
211,1790,2
215,1376,2
215,1953,2
216,107,2
216,2419,2
217,949,2
217,1396,2
217,1813,2
217,2392,2
220,1057,2
220,1167,2
221,19,2
221,2267,2
223,585,2
223,1866,2
224,443,2
224,1269,2
225,209,2
225,777,3
225,788,2
225,1182,2
226,928,2
226,1067,2
226,1627,2
227,410,2
227,1719,2
227,2330,3
232,1017,2
233,2361,2
234,108,3
234,1924,2
235,13,3
236,925,3
236,1881,2
236,2409,2
237,364,2
237,847,2
239,99,3
240,28,2
241,743,2
241,1249,2
241,1265,2
242,283,3
242,331,2
242,1036,3
242,2389,2
243,2399,3
244,110,2
244,386,3
244,891,2
244,1493,2
244,2427,2
245,1062,2
247,396,3
247,420,2
247,599,2
247,787,2
247,978,2
247,2141,3
249,2197,3
251,1291,2
251,2414,2
251,2478,2
252,1031,2
252,2460,3
253,223,2
253,2262,2
254,1004,2
254,2356,2
254,2494,2
256,461,3
257,57,2
257,240,2
257,898,2
257,1239,2
257,2140,2
257,2189,2
259,292,2
259,401,2
259,1556,2
260,32,2
260,976,2
260,1055,2
261,871,2
261,1268,2
261,2475,3
262,273,2
263,1226,3
264,654,2
265,212,3
265,555,2
265,672,2
266,579,2
268,919,2
268,2483,2
269,2388,2
270,258,3
270,1061,2
270,1620,2
270,1927,2
272,590,2
272,1269,2
275,180,2
275,204,2
275,399,2
275,978,2
276,628,2
276,2356,2
276,2428,2
277,1566,2
278,1810,2
278,1866,2
279,218,2
279,239,2
280,1207,2
281,933,2
282,656,2
283,376,2
283,2419,2
284,847,2
284,1122,2
284,1483,2
285,765,2
285,2065,3
285,2465,2
286,863,2
286,2360,3
287,1804,3
288,674,2
288,754,3
288,1056,2
288,1081,2
289,554,2
290,1566,3
290,1777,2
291,1006,3
291,2105,2
292,57,3
293,743,2
293,834,2
293,2417,2
295,2067,2
296,569,3
296,1430,2
299,902,2
299,2238,2
300,659,2
300,996,2
300,1081,2
300,1564,2
301,2358,2
305,595,2
308,75,2
309,89,2
309,740,2
309,1617,2
310,660,3
310,1078,2
312,1382,2
314,899,3
318,41,3
320,849,2
320,2490,2
321,890,2
321,2434,2
322,1188,2
323,2330,2
323,2480,3
324,2456,2
325,77,2
326,377,2
327,537,2
327,1673,2
328,932,2
328,1631,2
330,608,2
330,895,2
331,2260,2
332,994,2
334,2451,3
335,1100,2
335,1456,2
335,2419,2
340,181,2
340,2325,2
341,2476,2
342,1952,2
342,2256,2
343,1781,2
343,2019,2
343,2162,2
344,73,2
344,383,2
344,1920,2
344,2136,2
344,2395,2
345,412,3
346,2433,2
348,886,2
349,478,2
350,1353,2
350,1500,2
351,1572,2
351,2449,2
352,1992,2
352,2407,2
353,52,3
353,285,3
355,1435,2
356,174,2
357,1407,2
358,2483,2
361,1353,2
361,1490,2
361,2347,2
362,1297,2
363,1568,2
365,54,2
367,1262,2
367,1313,2
368,515,2
368,1213,2
368,1226,2
368,1498,2
368,2430,3
369,2313,2
370,2373,2
372,2406,2
373,1072,2
374,1990,3
375,1520,2
378,55,2
378,1495,2
378,2076,2
381,1188,2
382,752,2
382,2368,2
383,33,2
383,1140,2
384,1453,2
384,2007,2
384,2446,2
384,2497,2
385,1596,2
386,935,2
386,1011,2
386,1647,2
386,1929,2
387,532,2
387,1024,2
388,2390,2
389,511,2
389,910,2
389,1236,2
389,1408,2
390,808,2
391,762,2
391,780,2
391,832,2
391,1205,2
391,1293,2
393,2139,2
393,2253,2
394,2236,3
395,2071,2
395,2369,2
395,2399,2
398,1025,2
398,2389,3
399,1369,3
400,2424,2
401,536,2
402,1189,2
402,2476,2
404,1069,2
406,624,2
406,904,2
406,2020,2
407,1050,2
408,1398,2
409,1205,2
410,956,2
411,53,2
411,823,2
411,2136,2
412,1011,2
413,2399,2
414,792,2
415,2051,2
415,2257,2
417,100,2
417,2111,2
418,389,3
418,1160,3
419,977,2
419,997,3
419,1187,2
421,112,3
421,1642,2
423,1257,2
426,713,3
428,598,2
428,1102,2
428,1974,2
429,632,2
429,951,2
429,2189,3
430,2088,2
431,997,2
432,106,2
432,1575,2
432,2109,2
433,983,3
433,1623,2
433,2040,2
437,191,2
437,1344,2
438,820,2
438,1386,2
438,1411,2
439,227,2
439,640,2
439,2077,2
440,402,3
440,764,3
440,914,2
440,1998,2
441,679,2
441,2421,2
443,1009,2
444,1976,2
444,2147,3
447,623,2
448,1593,2
448,2050,2
449,790,2
449,1044,2
450,229,2
451,940,2
451,1215,2
452,1129,3
452,1386,2
453,603,2
453,1034,2
453,1268,2
453,2317,2
454,552,3
454,997,2
455,2139,2
456,977,2
456,1152,2
457,624,3
457,1118,2
457,2357,2
460,954,2
462,1041,2
463,2053,2
463,2260,2
463,2278,2
463,2423,2
464,669,3
464,1424,2
465,2127,2
467,635,3
469,608,2
469,761,2
469,1021,2
471,31,2
471,2251,2
471,2325,2
473,1219,2
473,2261,3
475,598,2
476,626,2
476,935,2
477,74,2
479,736,2
479,2132,2
480,1983,2
481,1300,2
482,746,3
483,2105,2
484,243,3
484,759,2
484,1264,2
486,2322,3
486,2399,2
488,2432,2
489,223,2
491,2186,2
491,2269,2
492,260,3
492,623,2
494,2000,2
494,2237,2
498,103,2
498,666,2
498,1050,2
498,2044,2
502,35,2
502,55,2
502,759,2
502,2318,2
504,79,2
504,727,2
505,2480,2
506,2079,2
507,44,3
507,2232,2
508,602,2
510,747,2
511,919,2
512,53,3
512,421,2
512,946,2
512,2044,3
515,1062,2
515,1987,2
516,802,2
519,38,2
519,215,2
519,1011,2
520,2241,2
521,982,2
522,56,2
522,422,3
522,663,2
524,2337,2
526,2180,2
526,2265,2
527,1364,2
529,2042,2
531,1487,2
534,217,2
534,2086,2
536,2132,2
537,1961,2
538,1024,3
539,891,2
539,1221,2
540,262,2
540,1254,2
544,746,2
549,1024,3
550,842,2
552,443,2
553,810,3
553,1061,2
556,939,2
557,956,2
557,1621,2
558,917,2
558,1014,2
558,2167,2
559,1897,2
560,868,2
561,747,3
562,1222,2
563,991,2
563,1243,2
563,1934,2
563,2395,2
564,810,2
564,1143,2
564,2141,2
565,945,3
566,732,2
566,1034,2
566,2017,2
566,2474,2
567,823,2
567,848,2
567,1977,2
568,2259,2
569,838,3
570,1102,2
570,1181,2
572,2101,2
573,657,2
574,1356,2
574,2353,2
574,2406,2
575,1284,2
576,642,2
577,888,2
577,937,2
578,604,2
578,825,2
578,947,3
579,579,2
579,594,3
579,2064,2
580,803,2
580,957,2
583,658,3
583,757,3
585,1636,2
586,747,2
586,848,2
586,2358,2
587,1299,2
587,2178,2
591,1171,2
592,827,2
595,802,2
596,2081,2
597,1100,2
597,2261,2
597,2488,2
599,576,2
600,1078,2
601,1033,2
603,986,2
603,1264,2
606,770,2
608,238,2
608,281,2
609,805,2
609,954,2
610,1114,2
612,1034,3
614,1242,2
615,1208,2
615,2094,2
616,790,2
618,1090,2
619,862,2
619,2450,2
620,830,2
626,70,2
628,1042,2
629,2206,2
632,6,2
633,278,2
633,2434,2
637,2476,2
639,2415,2
646,235,2
648,375,2
653,275,3
656,2323,2
657,2477,2
658,2339,2
660,2368,2
661,155,2
662,360,2
663,278,2
664,74,3
664,333,2
665,2383,2
667,579,3
668,2433,2
669,255,2
670,234,2
672,2452,2
673,350,2
674,76,2
674,329,3
675,1957,2
677,1157,2
678,277,2
679,67,3
679,338,2
679,1973,2
680,1226,2
680,1531,2
681,1267,2
683,158,2
683,1067,2
683,2197,2
684,97,2
685,2391,2
686,1292,2
688,954,2
689,279,3
689,2486,2
691,68,2
691,1036,3
692,855,2
692,1148,2
693,876,2
693,1171,2
695,1087,2
696,1064,2
699,2014,2
700,337,2
703,71,2
703,266,2
703,2493,2
705,160,2
706,1085,2
708,346,2
708,1118,2
709,792,3
709,874,2
710,856,2
711,243,2
711,259,3
711,454,2
711,2470,2
712,468,2
713,645,2
716,583,2
716,609,2
716,1218,2
718,1114,3
719,794,2
721,264,2
721,370,2
724,671,2
725,20,2
726,356,2
727,304,2
729,876,2
730,919,2
731,41,2
731,852,2
733,217,3
733,997,2
734,821,2
736,681,2
736,965,2
736,1758,2
738,243,2
740,274,2
740,359,2
742,537,2
742,648,2
743,612,2
746,127,2
746,150,3
746,2288,2
748,1145,2
748,2326,2
748,2357,2
749,1250,2
750,1100,3
752,2423,2
753,97,2
753,596,2
753,1297,2
754,578,2
754,1223,2
755,119,3
755,958,2
757,68,2
757,877,2
758,333,2
758,362,2
760,1101,2
761,898,2
765,379,2
767,323,2
769,129,2
770,594,2
770,912,2
771,552,2
775,903,3
776,583,2
776,893,3
777,2388,2
778,2378,2
781,639,2
782,1351,2
784,184,2
786,26,2
787,563,2
787,880,2
789,118,2
791,610,3
793,576,2
794,171,2
796,909,2
797,281,2
798,1244,2
798,1262,2
803,814,3
804,1302,2
805,358,2
807,65,2
809,992,2
810,98,2
810,1089,2
811,607,2
813,903,2
814,1076,2
815,644,2
817,559,2
818,1104,2
822,595,3
824,670,2
827,969,2
827,1551,2
828,2476,2
829,81,2
829,98,2
831,583,2
831,684,2
832,196,2
832,757,2
833,1085,2
833,1194,2
835,1215,2
837,1182,3
837,1859,2
838,634,2
839,644,2
840,562,2
840,624,2
840,955,2
841,1054,2
842,67,2
843,760,3
843,1962,2
844,599,2
847,1857,2
848,681,2
851,201,2
851,904,2
851,1159,2
852,153,2
852,610,2
854,1929,2
856,551,2
857,286,2
861,2094,2
862,875,2
862,2186,2
864,2012,2
865,935,2
865,2438,2
869,2292,2
870,914,2
870,1960,2
871,900,3
871,1155,2
872,583,2
872,1166,2
873,800,2
875,1015,2
879,2475,2
880,440,2
882,382,2
882,780,2
882,900,2
884,1176,2
887,217,2
887,956,2
887,1128,2
887,2454,2
888,1254,2
889,663,2
890,123,2
890,468,2
891,133,3
891,444,3
892,2001,2
893,161,2
894,457,2
894,1147,2
895,603,2
898,893,2
900,437,2
902,2399,2
903,1118,2
904,454,3
904,1128,3
906,2082,2
907,1108,2
907,2466,2
908,151,2
908,464,2
910,1050,2
911,971,2
913,1017,2
913,1091,2
913,1765,2
917,317,2
918,238,2
920,2076,2
922,1155,2
922,2481,2
925,669,2
925,1088,2
925,2454,2
926,114,2
926,1194,2
928,491,2
928,1169,2
928,1804,2
931,237,2
931,596,2
931,808,2
932,2210,2
935,1665,2
938,204,2
938,1085,2
939,152,2
939,222,3
939,782,2
940,2439,2
944,231,2
944,676,3
944,811,2
948,164,3
948,1098,2
951,1151,2
953,173,2
953,1168,2
955,696,2
957,30,2
958,224,2
958,869,2
960,496,2
961,477,2
964,175,3
964,445,2
964,808,3
967,2415,2
969,433,2
970,667,2
971,1655,2
972,1238,2
975,489,2
977,155,2
978,178,2
981,1094,2
981,1256,2
984,1149,2
988,792,2
989,999,2
991,631,2
991,675,2
991,2480,2
994,1084,2
994,2083,2
995,1109,2
995,1155,2
996,2489,2
998,640,2
999,610,2
999,1858,2
1001,655,3
1001,2388,2
1004,671,2
1006,381,2
1006,469,2
1006,1080,2
1007,479,3
1007,683,2
1010,1156,2
1012,1548,2
1012,2481,2
1013,876,2
1017,642,3
1018,934,2
1018,1144,2
1019,1593,2
1020,264,2
1021,470,2
1022,405,2
1023,137,2
1025,176,2
1025,784,2
1025,1515,2
1025,2462,2
1026,1550,2
1027,279,2
1028,505,2
1028,1223,2
1030,1634,2
1031,856,2
1032,220,2
1032,267,2
1032,297,2
1040,279,2
1040,1293,2
1040,1586,2
1040,1868,2
1041,147,2
1042,2229,3
1042,2492,2
1045,100,2
1045,1626,2
1048,288,3
1049,1642,2
1050,1157,2
1052,920,3
1052,1182,2
1053,279,2
1053,787,2
1053,1004,2
1054,138,2
1055,1195,2
1056,38,2
1060,82,2
1060,1861,2
1061,483,2
1063,1078,2
1064,303,3
1066,103,2
1066,291,2
1066,500,2
1068,138,2
1069,175,2
1069,724,2
1071,1862,2
1075,2379,2
1077,666,2
1079,145,2
1079,320,2
1079,487,2
1079,2483,2
1080,177,3
1080,296,2
1080,1587,2
1080,1869,2
1081,1125,2
1082,99,2
1085,227,3
1085,246,2
1085,873,2
1086,391,2
1086,504,3
1087,642,2
1088,592,2
1089,413,2
1090,462,2
1090,1628,2
1091,441,2
1091,826,2
1092,304,2
1093,559,2
1094,43,2
1094,2435,2
1095,651,2
1095,727,2
1096,502,2
1096,959,2
1096,1658,2
1097,799,2
1099,416,3
1099,809,3
1099,910,2
1099,1681,2
1100,28,2
1100,1864,2
1100,2309,2
1101,2403,2
1102,102,2
1102,1066,2
1104,1125,2
1105,715,3
1105,2438,2
1107,335,2
1108,55,3
1108,68,2
1108,561,2
1108,580,2
1109,812,3
1109,948,2
1110,496,2
1111,609,2
1111,904,2
1113,88,2
1113,313,2
1115,456,3
1115,549,2
1117,219,2
1117,719,2
1118,35,2
1118,102,2
1118,402,2
1118,734,2
1119,140,2
1119,420,2
1119,709,3
1121,586,3
1123,167,2
1123,289,2
1126,1015,2
1127,596,3
1127,2439,2
1128,572,2
1129,454,2
1130,984,2
1131,907,2
1135,822,2
1135,1631,2
1137,599,2
1137,1015,2
1139,718,2
1140,37,2
1142,612,2
1144,801,2
1146,1117,2
1147,929,2
1148,489,2
1148,735,2
1148,1005,2
1149,957,2
1150,2439,2
1152,2382,2
1153,149,2
1153,2485,2
1155,1888,2
1156,1024,2
1158,719,2
1158,908,2
1158,966,3
1160,1852,2
1160,1863,3
1162,45,2
1162,614,2
1162,1107,2
1163,475,2
1163,2418,2
1164,852,2
1165,1007,2
1165,2466,2
1168,964,2
1169,949,2
1170,982,2
1171,603,2
1171,815,2
1171,1571,2
1171,2389,2
1172,1802,2
1173,338,2
1175,1067,2
1176,885,3
1177,640,2
1179,352,2
1181,0,2
1181,324,3
1183,2427,2
1183,2498,2
1184,706,2
1185,341,3
1185,898,2
1187,109,3
1187,1106,2
1187,2309,2
1188,2290,2
1188,2330,2
1190,352,2
1190,867,2
1190,2406,2
1193,2469,2
1200,2328,2
1204,437,2
1204,2315,2
1205,2488,2
1210,577,2
1213,1977,2
1213,2198,3
1215,810,2
1217,72,2
1217,201,2
1217,1017,2
1218,240,2
1219,1894,2
1220,1060,2
1221,1095,2
1224,936,2
1224,2028,2
1225,1477,2
1226,966,2
1228,241,2
1232,1080,2
1232,1542,2
1233,700,2
1233,1509,2
1234,225,3
1234,722,2
1234,2445,2
1236,2488,2
1239,2258,2
1240,207,2
1240,1494,2
1242,472,2
1243,704,3
1244,144,2
1245,714,3
1245,1068,2
1246,244,2
1248,2455,2
1251,812,3
1251,987,2
1251,2315,2
1252,2406,2
1253,647,2
1255,2369,2
1256,103,2
1258,1465,2
1259,1010,2
1260,89,2
1260,1870,2
1261,1803,2
1263,649,3
1264,969,2
1268,986,2
1269,328,2
1269,359,2
1269,951,2
1269,2013,2
1274,929,2
1275,174,2
1275,347,3
1276,2334,2
1278,911,2
1280,889,2
1281,962,2
1283,18,3
1284,2321,2
1286,202,2
1287,902,2
1288,914,3
1290,930,2
1290,1013,2
1291,2242,2
1293,994,2
1293,1572,3
1295,196,3
1295,1126,2
1296,158,2
1296,907,3
1296,1782,2
1296,2417,2
1298,1021,2
1298,1154,2
1299,394,2
1301,173,2
1301,1335,3
1302,436,2
1310,198,2
1310,2471,2
1311,925,2
1311,2005,2
1312,1335,2
1314,113,2
1314,906,2
1314,1125,2
1314,2397,2
1315,1045,2
1315,1367,2
1317,282,2
1317,496,2
1317,1984,2
1317,2362,2
1318,424,2
1319,1183,2
1319,1386,2
1319,1955,2
1321,248,2
1321,293,2
1322,1474,2
1322,2184,2
1323,936,2
1323,1028,2
1326,277,2
1326,732,2
1327,766,3
1329,2495,2
1331,350,2
1332,1652,2
1332,2326,2
1335,2206,2
1336,1638,2
1337,1984,2
1337,2392,2
1338,418,2
1338,1124,2
1339,515,2
1339,1394,2
1339,2137,2
1340,2474,2
1341,393,2
1342,36,2
1342,2412,2
1345,82,2
1346,165,2
1346,1467,2
1347,102,2
1347,2450,2
1348,123,2
1349,2353,2
1349,2371,2
1351,200,2
1351,2295,2
1352,1535,2
1353,2410,2
1355,172,3
1356,2220,2
1356,2236,2
1356,2271,2
1357,1086,2
1358,484,2
1358,2430,2
1360,150,2
1360,1555,2
1360,2492,2
1361,140,3
1363,2302,2
1364,1523,2
1364,2474,2
1365,284,2
1367,165,2
1367,1501,2
1368,1026,2
1368,1850,2
1369,2335,2
1370,296,2
1370,319,3
1372,309,3
1373,1146,2
1373,1176,2
1376,1409,2
1377,1556,2
1377,2312,2
1378,278,2
1378,1737,2
1380,230,2
1380,1513,2
1381,1167,2
1381,1439,2
1382,1127,2
1383,256,2
1383,414,2
1383,547,3
1384,2323,2
1385,429,2
1385,479,2
1385,1496,2
1385,2489,2
1386,493,3
1390,209,2
1390,1421,2
1393,990,2
1393,1161,2
1393,1482,2
1394,268,3
1394,1798,2
1395,1299,2
1396,141,2
1396,1772,2
1397,282,2
1397,399,2
1397,512,2
1400,982,2
1401,588,2
1401,1469,2
1402,1757,2
1403,181,2
1405,257,2
1406,961,2
1407,1596,2
1409,1218,2
1409,1274,2
1409,1369,2
1410,306,2
1410,336,2
1410,1412,2
1411,131,2
1414,1571,2
1416,1483,2
1416,2303,2
1417,323,2
1420,584,2
1422,1423,2
1423,283,2
1423,970,2
1427,616,2
1427,1705,2
1429,420,3
1429,494,2
1432,545,2
1434,317,2
1435,1592,2
1436,436,2
1439,1482,2
1440,1418,2
1440,1451,2
1441,1375,2
1441,1766,2
1443,143,2
1443,2320,2
1444,122,2
1444,590,2
1444,1514,2
1446,1527,2
1447,514,2
1448,214,2
1450,8,2
1450,224,2
1451,316,2
1451,1553,3
1454,560,2
1455,1240,2
1457,732,2
1457,1569,2
1458,233,3
1460,1704,2
1461,141,2
1463,694,2
1463,1690,2
1464,126,2
1465,1203,2
1467,554,2
1469,329,2
1469,468,2
1470,1447,2
1472,287,2
1475,691,2
1475,1165,2
1478,1376,2
1483,1348,2
1484,58,2
1484,1490,2
1489,1228,2
1489,1587,2
1490,1537,2
1492,449,2
1493,474,2
1494,124,2
1494,252,2
1495,139,2
1495,462,2
1495,1029,2
1497,1515,2
1499,180,2
1499,1581,2
1501,1595,2
1502,1360,2
1502,1503,2
1505,439,2
1505,1540,2
1506,235,2
1506,1125,2
1507,275,3
1509,616,2
1509,1070,2
1509,1260,2
1510,1392,2
1514,1338,2
1516,1378,3
1517,476,2
1519,1049,2
1520,1325,3
1521,1488,2
1523,1252,2
1523,1352,2
1524,492,2
1526,1530,2
1528,1388,2
1529,2401,2
1530,524,2
1531,285,2
1533,271,2
1533,1306,2
1535,1476,2
1536,575,2
1536,1546,2
1537,491,2
1537,1174,2
1540,510,2
1540,1151,2
1540,1274,2
1541,555,2
1542,699,2
1543,1499,2
1545,181,2
1546,474,2
1547,202,2
1547,722,2
1547,1605,2
1548,522,3
1548,1555,2
1549,450,2
1550,20,2
1550,1382,2
1551,491,2
1554,705,2
1555,1368,2
1557,508,3
1559,362,2
1559,1388,2
1560,17,2
1560,176,3
1560,1581,2
1561,454,2
1563,497,2
1564,440,2
1564,474,2
1564,1677,2
1564,2293,2
1565,395,2
1566,522,2
1566,1441,2
1567,976,2
1568,425,2
1569,1201,2
1571,1312,2
1571,1606,2
1574,2299,2
1575,115,2
1575,241,2
1576,1443,3
1576,1692,2
1577,420,3
1579,474,2
1579,1654,2
1580,531,2
1581,746,2
1582,1151,2
1582,1454,2
1583,16,2
1583,2132,2
1584,409,2
1584,2108,2
1585,76,2
1587,1244,2
1587,1370,2
1587,1607,2
1587,2377,2
1593,1541,2
1593,2315,2
1594,1319,2
1595,48,3
1595,229,2
1595,709,2
1596,1492,2
1597,391,2
1597,1270,2
1598,1385,3
1598,2381,2
1601,672,2
1602,1464,3
1603,682,3
1603,1349,2
1604,422,2
1604,1610,2
1605,105,2
1607,1449,2
1608,266,2
1608,501,2
1608,1319,2
1608,1397,2
1611,712,2
1611,2233,2
1612,2428,2
1613,1464,2
1614,357,2
1614,889,2
1614,1751,2
1615,1681,2
1616,1488,2
1616,1653,2
1617,2415,2
1618,346,2
1618,1247,2
1619,1568,2
1619,2458,2
1621,120,2
1621,2394,2
1622,842,2
1623,1599,2
1624,211,2
1624,328,2
1624,2491,2
1625,1236,2
1625,1528,2
1626,303,2
1626,413,2
1627,890,2
1628,1047,2
1628,1743,3
1630,1667,2
1631,1652,2
1632,1687,2
1633,233,2
1633,2419,2
1634,1260,2
1635,522,2
1635,561,2
1635,1427,2
1635,2223,2
1636,581,2
1637,534,2
1637,1471,2
1638,300,2
1639,1205,2
1639,1526,2
1640,1152,2
1641,16,2
1641,503,2
1641,1563,2
1643,1314,2
1643,2195,2
1643,2324,2
1644,1177,2
1644,1358,2
1644,1506,2
1645,606,2
1645,665,3
1647,1074,2
1647,2391,2
1648,923,2
1648,1581,2
1650,625,2
1651,212,2
1651,228,3
1651,585,2
1651,2067,2
1652,860,2
1652,910,2
1653,2057,2
1655,87,3
1657,193,2
1657,2396,2
1658,236,2
1658,1206,2
1659,15,2
1659,458,2
1659,634,3
1659,1459,2
1659,1692,2
1661,1173,2
1662,1156,2
1664,266,2
1664,295,2
1664,1240,2
1665,570,2
1665,860,2
1666,91,2
1667,339,2
1670,215,2
1670,1191,2
1671,1437,2
1672,51,2
1672,184,2
1673,477,2
1673,1171,2
1673,1936,2
1674,1504,2
1675,2418,2
1677,499,2
1680,266,3
1680,1132,2
1680,1458,2
1681,391,2
1682,126,3
1684,1084,2
1684,1192,2
1685,1210,2
1686,185,2
1686,216,2
1686,357,2
1686,744,2
1688,325,3
1688,1221,2
1688,2191,2
1689,1279,3
1690,267,2
1690,1010,2
1691,1052,2
1693,492,2
1693,633,2
1694,236,2
1694,348,2
1694,461,2
1695,316,2
1695,522,2
1696,1131,2
1697,293,2
1697,471,3
1697,902,2
1698,1284,2
1699,1155,2
1700,1230,2
1702,1119,2
1705,738,2
1706,2024,2
1707,1488,2
1707,1526,2
1708,877,3
1708,1566,2
1708,2225,2
1710,1509,2
1711,847,2
1711,862,2
1711,894,2
1711,1196,2
1712,214,2
1712,607,2
1712,654,2
1713,242,2
1713,1426,2
1713,2180,2
1713,2210,2
1714,259,2
1714,1113,3
1714,1416,2
1714,1465,2
1715,667,2
1716,495,3
1716,2460,2
1717,1451,2
1718,472,2
1720,1154,2
1721,290,2
1721,1056,2
1721,2429,2
1722,637,2
1723,208,2
1723,1256,2
1724,310,2
1724,1083,2
1725,0,2
1725,1416,3
1725,2184,3
1726,1170,2
1726,1205,2
1726,1220,2
1728,1393,2
1730,180,2
1730,1119,2
1731,327,2
1731,341,2
1731,643,3
1734,351,2
1734,1194,2
1734,2260,3
1736,893,2
1736,1500,2
1737,2197,2
1739,251,2
1739,439,2
1740,1439,2
1740,2453,2
1741,23,2
1741,236,2
1742,2211,2
1743,471,2
1745,12,2
1746,2243,2
1746,2478,2
1747,1951,2
1748,116,2
1748,199,2
1748,1477,2
1748,2414,2
1749,343,2
1751,244,2
1751,2037,2
1751,2253,2
1752,1466,2
1755,9,3
1756,821,2
1757,1457,3
1757,2196,2
1758,1535,2
1759,177,2
1761,1349,2
1761,1390,2
1762,100,2
1763,1324,2
1763,2067,2
1764,73,2
1766,1135,3
1768,2168,2
1769,2317,2
1771,2425,2
1774,1127,2
1774,1142,2
1778,1370,2
1779,1396,2
1780,2186,2
1780,2404,2
1781,2437,2
1782,2252,2
1783,1172,2
1783,1499,2
1785,1449,2
1787,1309,2
1790,2452,2
1795,513,2
1795,1061,2
1795,2128,2
1797,609,2
1797,637,2
1797,2074,2
1798,2102,2
1799,430,2
1799,2340,2
1800,581,2
1801,440,2
1807,263,2
1807,606,3
1807,636,2
1807,2381,2
1808,866,2
1808,1364,3
1810,585,2
1811,616,2
1811,1021,2
1812,415,2
1813,1184,2
1814,846,2
1816,1273,2
1816,2365,2
1820,986,2
1821,353,2
1821,2341,2
1822,636,2
1822,2258,2
1822,2473,2
1823,603,2
1824,505,2
1824,869,2
1824,2247,2
1826,679,2
1826,884,2
1826,1358,2
1828,1308,2
1828,1945,2
1828,2135,2
1829,2051,2
1829,2069,2
1829,2195,2
1830,944,2
1830,1267,2
1830,2101,2
1831,853,2
1831,1332,2
1832,1024,2
1833,771,2
1834,1005,2
1834,2495,2
1835,686,2
1836,1285,3
1838,2460,2
1841,2339,2
1841,2484,2
1842,1294,2
1842,1448,2
1842,2389,2
1843,1582,2
1844,976,2
1844,2259,2
1846,2144,3
1847,2370,2
1848,1055,2
1849,2074,2
1850,2064,3
1850,2447,2
1851,630,2
1852,1028,2
1852,1960,2
1855,1275,2
1855,2328,3
1856,275,2
1857,109,2
1857,412,3
1857,948,2
1858,522,2
1859,1674,2
1859,2340,2
1860,2365,2
1861,857,2
1861,1355,2
1861,2054,2
1861,2214,3
1861,2416,2
1862,892,2
1862,2353,2
1863,2376,2
1863,2435,2
1864,1416,2
1866,773,2
1866,2263,2
1868,2146,2
1869,553,2
1869,1954,2
1869,2069,2
1870,871,2
1871,33,2
1871,2215,2
1871,2300,3
1872,602,2
1872,1054,2
1872,2290,2
1872,2445,3
1873,1044,3
1873,1706,2
1874,694,2
1874,2435,2
1875,1353,2
1875,1416,2
1875,1807,2
1875,2023,2
1876,359,2
1876,1728,3
1877,932,2
1877,2337,2
1879,578,2
1879,1599,2
1880,851,2
1880,1335,3
1881,89,2
1881,880,2
1882,559,2
1883,2493,2
1884,1735,2
1884,2048,2
1884,2454,2
1888,590,2
1888,2439,2
1889,1709,2
1889,2265,2
1890,894,2
1890,1094,2
1891,2414,2
1892,337,2
1892,404,2
1892,693,2
1892,1417,2
1894,1512,2
1895,703,3
1895,2296,2
1897,1671,2
1899,1555,2
1900,525,2
1900,1806,2
1900,2000,2
1900,2256,2
1901,892,3
1901,1613,2
1902,619,2
1902,2117,2
1903,691,2
1903,710,2
1904,98,2
1904,124,2
1904,199,2
1904,313,2
1905,516,2
1905,2107,2
1905,2222,2
1906,2246,2
1907,1792,2
1908,161,3
1908,2038,2
1910,85,2
1910,115,3
1910,1987,2
1910,2096,2
1912,214,2
1912,1353,2
1913,546,2
1913,1431,2
1914,333,2
1915,867,2
1916,1892,2
1917,1312,2
1918,304,2
1918,679,2
1922,349,2
1922,842,2
1923,585,2
1924,554,3
1924,1030,2
1924,1431,2
1924,1523,2
1925,117,2
1925,395,2
1925,544,2
1929,193,2
1929,2261,2
1930,489,2
1930,1617,2
1930,2296,2
1930,2417,2
1931,853,2
1931,1551,2
1931,2286,2
1932,1293,2
1932,1320,2
1932,2447,2
1933,650,2
1934,2233,2
1935,511,2
1936,1342,2
1937,2089,2
1938,530,2
1938,1588,2
1938,2008,2
1940,356,2
1940,640,3
1940,1664,2
1940,2270,2
1941,625,2
1941,783,2
1941,2302,2
1942,2314,2
1942,2467,2
1943,2109,2
1944,556,2
1944,2292,2
1945,215,3
1945,2212,2
1946,797,2
1946,2123,2
1947,1313,2
1947,1915,2
1948,1958,2
1949,1367,2
1949,1676,2
1950,981,2
1951,677,2
1951,2281,2
1952,363,2
1954,961,3
1954,1333,2
1954,1472,2
1955,522,2
1956,568,2
1956,2403,2
1957,201,3
1958,2360,2
1959,352,2
1959,468,2
1959,1291,2
1959,1617,2
1959,1716,2
1959,2161,2
1960,1443,2
1960,2050,2
1960,2197,2
1961,1901,2
1961,1982,2
1961,2220,2
1961,2295,2
1961,2498,2
1962,2273,2
1965,1315,2
1965,2431,3
1966,865,2
1966,1340,3
1966,2173,3
1968,1601,2
1968,2364,3
1969,1568,2
1969,2163,3
1970,1512,2
1971,1385,2
1971,1725,2
1973,509,2
1975,798,2
1975,1335,2
1977,303,2
1977,1988,2
1979,1301,2
1979,1496,2
1979,1537,2
1981,1432,2
1981,1523,2
1981,2054,2
1982,1707,2
1983,1603,2
1983,2359,2
1984,1619,2
1985,2156,3
1986,361,2
1986,1481,2
1986,1951,2
1986,2235,3
1987,1372,2
1987,2399,2
1989,1352,2
1990,698,2
1991,301,2
1991,1906,3
1992,107,2
1993,1916,2
1995,914,2
1996,1301,2
1996,1948,3
1996,2239,2
1998,489,3
1999,322,2
1999,2181,2
2000,1528,2
2001,1375,2
2003,1434,2
2005,219,2
2007,454,2
2007,910,2
2007,1961,2
2008,1347,2
2008,1495,2
2009,2404,3
2009,2427,2
2010,120,2
2010,1264,2
2010,1608,2
2011,1291,2
2011,1311,2
2011,1536,2
2011,1993,2
2012,355,2
2013,1356,3
2013,1742,2
2014,319,2
2014,1477,2
2015,605,2
2015,862,2
2016,1331,2
2017,1424,2
2018,1513,2
2020,877,2
2020,1458,2
2021,2173,2
2022,312,2
2024,34,2
2025,592,2
2025,2193,2
2026,605,2
2027,457,2
2027,994,2
2027,1425,2
2030,1069,2
2030,2227,2
2031,131,2
2033,2207,2
2037,2285,2
2038,623,2
2040,1068,2
2040,2148,2
2041,604,2
2042,2194,2
2047,746,2
2047,1124,2
2048,1770,2
2049,590,2
2049,618,2
2050,657,2
2050,1583,2
2051,334,2
2051,1964,2
2052,453,2
2052,755,3
2052,1563,2
2053,1492,2
2053,1689,2
2054,1451,2
2058,261,2
2059,1301,2
2060,191,2
2061,91,2
2061,2012,2
2062,674,2
2062,952,2
2062,1921,2
2064,19,2
2064,361,2
2064,685,2
2065,998,2
2065,1270,2
2066,2488,3
2067,9,3
2068,1400,2
2068,2126,2
2069,1497,3
2070,220,2
2071,648,2
2071,1452,2
2072,82,2
2072,661,2
2074,483,2
2078,1569,2
2079,759,2
2079,1291,2
2081,873,2
2082,942,3
2084,653,2
2084,1578,2
2084,2101,3
2085,76,2
2086,94,2
2086,105,2
2086,1480,2
2087,2208,2
2088,1427,3
2089,596,2
2090,780,2
2091,498,2
2093,697,2
2094,2102,2
2098,2400,2
2099,1300,2
2099,2386,2
2100,2022,2
2101,772,2
2101,2466,2
2102,2344,2
2102,2367,2
2103,510,2
2103,671,2
2103,2210,2
2105,705,2
2105,1814,2
2106,964,2
2106,1677,2
2107,753,2
2107,1503,2
2108,225,2
2108,801,2
2108,1329,2
2109,442,2
2109,1696,3
2110,2099,2
2111,525,2
2111,736,2
2112,132,2
2114,25,2
2116,66,2
2116,97,2
2116,722,2
2118,2292,2
2119,651,2
2119,2204,2
2120,854,2
2120,968,3
2121,1824,2
2122,1357,2
2123,872,3
2125,787,2
2126,98,3
2126,1470,2
2127,2238,3
2128,552,2
2128,1453,2
2128,2189,2
2129,21,3
2129,766,2
2129,1903,2
2130,971,2
2131,1985,2
2132,616,3
2133,1407,2
2134,1966,2
2136,2461,2
2137,868,2
2139,2211,2
2140,707,2
2140,1908,3
2140,2015,3
2141,812,2
2142,577,2
2144,1299,2
2145,88,2
2148,560,2
2148,1350,2
2148,2024,2
2148,2497,2
2149,198,2
2149,623,2
2149,2175,2
2149,2365,2
2150,709,3
2151,2091,3
2152,133,2
2152,576,3
2153,699,2
2154,2200,2
2155,600,2
2156,519,3
2157,1492,2
2157,2143,2
2158,1354,3
2158,2062,2
2159,1617,2
2160,1307,2
2161,6,2
2161,951,3
2161,2366,3
2162,575,2
2163,624,2
2163,1248,2
2164,1402,2
2165,171,2
2166,518,2
2168,209,3
2168,495,2
2168,703,2
2168,1704,2
2169,747,2
2169,1618,3
2170,1690,2
2170,2361,2
2172,1090,2
2175,1289,2
2175,1605,2
2176,281,2
2176,901,2
2177,143,3
2177,1325,2
2179,214,2
2180,107,2
2180,814,2
2180,954,2
2180,2168,2
2181,2157,2
2181,2222,2
2182,1107,2
2183,401,2
2183,1075,3
2184,186,2
2184,2025,2
2184,2183,2
2184,2377,2
2186,2146,2
2188,741,2
2189,2055,2
2189,2475,2
2190,114,2
2190,2465,3
2193,92,2
2193,1077,2
2194,519,2
2195,75,2
2195,1087,3
2196,2201,2
2196,2315,2
2197,130,2
2197,747,3
2198,1059,2
2199,2026,2
2199,2187,2
2200,201,2
2200,854,2
2200,2228,3
2200,2345,2
2201,2164,2
2202,1498,2
2202,2375,2
2203,1562,2
2206,696,2
2206,986,3
2206,1550,2
2206,2142,2
2207,753,2
2207,1676,2
2207,2125,2
2209,110,2
2209,772,2
2209,2391,2
2210,1322,2
2210,1891,2
2211,2415,3
2212,1065,2
2212,1459,2
2212,2378,2
2213,542,2
2214,2027,2
2215,1522,2
2216,8,2
2216,552,3
2216,1474,2
2216,1565,2
2216,2146,3
2216,2205,2
2218,122,2
2218,885,2
2218,1036,2
2218,1350,2
2219,1302,2
2219,1790,2
2219,2171,2
2219,2234,2
2221,1507,2
2222,1825,2
2223,584,2
2223,1966,2
2225,495,2
2225,1613,2
2225,1889,2
2227,1704,2
2228,1005,2
2228,1316,2
2229,43,3
2229,885,3
2230,986,2
2231,1304,2
2232,535,2
2232,1828,3
2233,2158,2
2234,112,2
2235,1484,2
2235,2418,2
2237,1339,2
2237,2473,2
2238,1788,2
2240,1195,2
2243,2121,3
2243,2240,2
2245,1565,2
2246,1235,2
2246,1344,3
2247,1290,2
2248,1012,2
2248,2302,2
2249,1453,2
2249,1493,2
2250,416,2
2251,1270,2
2252,1512,2
2253,1413,2
2253,1657,2
2253,2249,2
2254,960,2
2254,1469,3
2254,1580,2
2255,2157,2
2255,2374,2
2256,1362,2
2257,1438,2
2257,2185,2
2258,2473,2
2260,1213,3
2260,2460,3
2261,1550,2
2262,936,2
2262,1595,2
2264,1456,2
2264,1472,2
2264,1576,3
2264,1835,2
2266,1020,3
2267,1279,2
2267,1975,2
2271,519,2
2271,1512,2
2271,1958,2
2272,226,2
2272,2307,2
2274,418,2
2275,2,2
2276,904,3
2277,2448,2
2278,1550,2
2278,2286,2
2279,1451,2
2282,153,2
2282,546,2
2282,683,2
2282,1207,2
2282,1225,2
2282,1572,2
2283,173,2
2283,773,2
2283,1396,2
2284,1521,3
2284,1985,2
2284,2267,3
2285,37,2
2286,1325,2
2288,1928,2
2289,965,2
2290,612,2
2290,1189,2
2291,2097,2
2292,87,2
2292,568,2
2293,2161,2
2294,1558,2
2295,1790,3
2297,71,2
2297,1581,2
2297,1962,2
2298,1535,2
2298,2315,2
2299,2122,2
2300,228,2
2301,1615,2
2302,1944,2
2305,2046,2
2306,1798,2
2307,1496,2
2307,1957,3
2308,614,2
2308,1464,2
2308,1574,2
2310,2286,3
2312,773,2
2313,2307,2
2313,2478,2
2314,37,2
2314,1168,2
2314,1200,2
2314,2152,2
2315,13,2
2315,326,2
2315,1031,2
2316,368,2
2316,696,2
2316,1561,2
2317,686,2
2318,1593,2
2318,2215,2
2318,2263,2
2319,2023,3
2320,1535,2
2322,431,2
2322,2033,3
2323,733,2
2323,1658,2
2324,345,2
2324,1809,2
2325,663,2
2325,1567,3
2326,2483,3
2328,1174,2
2329,247,2
2330,709,2
2331,86,2
2331,228,2
2331,424,2
2331,511,2
2331,540,2
2331,2454,3
2332,1354,3
2334,117,2
2336,1136,3
2336,1340,2
2337,737,2
2337,768,2
2337,2486,2
2338,1544,2
2338,1810,2
2338,2052,2
2339,2030,2
2340,546,3
2341,2353,2
2342,1600,2
2342,2339,2
2344,1583,2
2345,1029,2
2345,1365,2
2346,1138,2
2346,2230,2
2348,261,2
2348,752,2
2348,1659,2
2348,2000,2
2349,2053,2
2349,2120,3
2350,271,3
2351,370,2
2351,386,2
2351,1207,2
2352,14,2
2352,1421,3
2353,603,2
2353,981,3
2353,1051,2
2353,2289,2
2354,225,2
2355,914,2
2355,1929,2
2356,25,2
2357,1505,2
2358,1521,2
2360,349,2
2361,1816,2
2362,1600,2
2363,2451,2
2363,2486,2
2364,1670,2
2365,136,2
2365,939,3
2366,1181,3
2366,2237,2
2368,367,2
2368,761,2
2368,1487,2
2368,2344,2
2369,508,2
2369,583,3
2369,2220,2
2369,2475,3
2370,1553,2
2370,1564,2
2371,241,2
2372,192,3
2372,346,2
2372,985,2
2372,1535,2
2372,2114,2
2373,2286,2
2374,1682,3
2374,2459,2
2376,225,2
2376,2041,2
2376,2368,2
2377,1344,2
2377,2301,3
2378,136,2
2378,1286,2
2379,2406,2
2380,491,2
2380,1714,2
2381,197,2
2381,609,2
2381,970,3
2382,2384,3
2382,2496,2
2383,2021,2
2383,2486,3
2384,527,2
2384,2287,3
2385,1413,2
2386,2076,3
2387,2212,2
2387,2373,2
2388,184,3
2388,2049,2
2388,2307,2
2388,2448,2
2389,2296,2
2390,232,2
2390,2159,2
2392,2382,2
2393,133,2
2394,1264,2
2395,2010,2
2395,2282,2
2395,2416,3
2397,1534,2
2397,1570,2
2398,2111,2
2399,1556,2
2399,1933,2
2399,2165,3
2399,2208,2
2400,2227,2
2400,2390,2
2401,956,2
2401,2097,2
2403,2084,2
2404,1448,2
2405,1908,2
2405,2186,2
2405,2378,2
2407,971,2
2407,1468,3
2407,2023,2
2407,2432,2
2408,1785,2
2408,2061,3
2408,2160,2
2408,2363,2
2409,431,2
2409,2209,3
2410,1585,2
2410,1899,3
2411,2265,2
2412,766,2
2413,1242,2
2413,1808,3
2415,2309,2
2416,1345,2
2416,1596,2
2420,16,2
2420,1454,2
2421,1704,2
2421,1910,2
2422,583,2
2423,525,2
2423,2372,2
2425,2405,2
2427,592,3
2428,2361,3
2429,1499,2
2429,2207,3
2430,192,2
2431,2243,2
2433,1482,2
2434,570,2
2434,2158,2
2434,2253,2
2434,2350,2
2435,142,2
2435,1697,2
2436,65,2
2440,280,2
2440,1221,2
2440,1905,2
2440,2413,2
2442,125,2
2442,1842,3
2442,2099,2
2444,435,2
2444,1289,3
2444,2151,2
2445,1453,2
2445,1783,2
2445,1926,2
2445,2141,2
2447,67,2
2447,2219,2
2448,1300,2
2448,2455,2
2449,264,2
2449,2266,2
2451,2005,3
2451,2385,2
2452,1101,3
2452,1483,2
2453,1795,2
2453,2322,3
2454,1527,3
2454,2312,2
2455,856,2
2455,1602,2
2456,866,3
2456,2412,3
2458,1703,2
2458,2463,2
2459,2269,2
2459,2486,2
2460,1555,2
2462,2120,3
2464,1400,2
2464,1528,2
2465,850,2
2466,31,2
2466,134,2
2467,1542,3
2467,1842,2
2467,1964,2
2467,2258,2
2468,2286,3
2469,2487,3
2470,697,2
2470,729,2
2470,1423,2
2470,1496,2
2470,2127,2
2471,1897,2
2471,2406,2
2472,1485,2
2472,2267,2
2473,617,2
2473,2352,2
2474,146,2
2474,2111,2
2474,2369,2
2475,674,2
2476,2424,2
2477,18,2
2477,1259,2
2477,1457,2
2477,1580,2
2478,272,2
2478,1565,2
2479,742,3
2479,1471,2
2481,575,3
2481,697,2
2481,2044,2
2482,732,2
2483,585,2
2483,1410,2
2483,1817,2
2483,2063,2
2485,643,2
2485,717,2
2486,64,3
2486,1117,2
2487,40,2
2487,1540,2
2488,1568,2
2489,1206,2
2491,685,2
2491,2153,2
2492,30,2
2492,748,2
2492,1452,2
2492,1588,2
2492,1672,3
2492,2052,2
2493,1246,2
2493,1816,3
2495,2226,3
2495,2396,2
2496,1483,2
2496,2212,2
2497,1556,2
